2013.02.06 06:00:04.264,0.8416,0.84201,1.35,1.73
2013.02.06 06:00:12.112,0.84157,0.842,1.58,1.58
2013.02.06 06:00:14.929,0.84157,0.842,1.58,2.33
2013.02.06 06:00:21.699,0.84162,0.84195,1.73,1.73
2013.02.06 06:00:22.019,0.84162,0.84195,1.73,1.50
2013.02.06 06:00:56.649,0.84161,0.84197,1.73,1.50
2013.02.06 06:00:56.889,0.84161,0.84197,1.73,1.73
2013.02.06 06:01:21.640,0.84159,0.84189,2.48,1.13
2013.02.06 06:01:51.488,0.84161,0.842,2.63,2.10
2013.02.06 06:01:52.459,0.84161,0.84197,1.13,1.50
2013.02.06 06:02:17.410,0.84161,0.84195,1.50,1.50
2013.02.06 06:02:17.947,0.84161,0.84196,1.50,1.13
2013.02.06 06:02:23.521,0.84161,0.84199,1.50,1.73
2013.02.06 06:02:26.639,0.84161,0.8419,1.50,1.13
2013.02.06 06:02:32.602,0.84158,0.84189,1.50,1.13
2013.02.06 06:02:52.170,0.84156,0.84196,1.13,1.35
2013.02.06 06:02:52.977,0.84156,0.84196,1.13,1.35
2013.02.06 06:02:57.498,0.84157,0.84196,1.13,1.35
2013.02.06 06:02:57.709,0.84157,0.84195,1.13,1.35
2013.02.06 06:03:06.840,0.84154,0.84195,1.50,1.35
2013.02.06 06:03:07.129,0.84154,0.84189,1.50,1.13
2013.02.06 06:03:08.119,0.84151,0.84188,1.13,1.50
2013.02.06 06:03:17.360,0.84153,0.84188,1.50,1.88
2013.02.06 06:03:21.469,0.84152,0.84187,1.50,1.13
2013.02.06 06:03:30.879,0.84151,0.84188,1.50,1.13
2013.02.06 06:03:31.309,0.84148,0.8418,1.50,1.13
2013.02.06 06:03:47.559,0.84149,0.84187,1.50,1.13
2013.02.06 06:03:48.960,0.84155,0.84189,1.50,1.50
2013.02.06 06:03:54.899,0.84151,0.84188,1.50,1.13
2013.02.06 06:03:59.178,0.84148,0.84187,1.13,1.88
2013.02.06 06:04:07.869,0.8415,0.84179,1.50,1.13
2013.02.06 06:04:08.238,0.84147,0.8418,1.50,1.13
2013.02.06 06:04:12.919,0.84149,0.8418,1.50,1.13
2013.02.06 06:04:19.587,0.84147,0.8418,1.50,1.13
2013.02.06 06:04:39.517,0.84145,0.8418,1.13,1.13
2013.02.06 06:04:57.864,0.84146,0.8418,1.50,1.13
2013.02.06 06:04:58.468,0.84146,0.8418,1.50,1.13
2013.02.06 06:04:59.571,0.84146,0.8418,1.88,1.13
2013.02.06 06:05:00.497,0.84147,0.8418,1.13,1.13
2013.02.06 06:05:06.200,0.84146,0.8418,1.13,1.13
2013.02.06 06:05:19.662,0.84144,0.84184,1.13,1.13
2013.02.06 06:05:23.002,0.84144,0.84184,1.50,1.13
2013.02.06 06:05:23.671,0.84146,0.84182,1.13,1.50
2013.02.06 06:05:31.431,0.84147,0.84179,2.10,1.13
2013.02.06 06:05:33.456,0.84147,0.84179,1.13,1.13
2013.02.06 06:05:47.421,0.84141,0.84173,1.13,1.50
2013.02.06 06:05:47.601,0.84141,0.84174,1.13,1.50
2013.02.06 06:05:47.993,0.84136,0.84173,1.88,1.50
2013.02.06 06:05:48.171,0.84137,0.84174,1.50,1.50
2013.02.06 06:05:48.530,0.84136,0.84173,1.88,1.50
2013.02.06 06:05:48.590,0.84136,0.84174,1.88,1.50
2013.02.06 06:05:48.951,0.84136,0.84173,1.88,1.50
2013.02.06 06:05:49.150,0.84137,0.84173,1.50,1.50
2013.02.06 06:05:49.352,0.84137,0.84173,1.50,1.50
2013.02.06 06:05:49.692,0.84137,0.84174,2.25,1.50
2013.02.06 06:05:50.051,0.84136,0.84173,1.88,1.50
2013.02.06 06:05:50.691,0.84139,0.84173,1.50,1.50
2013.02.06 06:05:51.050,0.84136,0.84173,2.63,1.50
2013.02.06 06:05:51.591,0.84136,0.84173,2.63,1.50
2013.02.06 06:05:52.131,0.84138,0.84173,1.50,2.25
2013.02.06 06:05:52.491,0.84136,0.84174,1.88,1.50
2013.02.06 06:05:52.681,0.84139,0.84174,1.50,1.50
2013.02.06 06:05:52.990,0.84136,0.84174,1.13,1.50
2013.02.06 06:05:53.110,0.84139,0.84174,1.50,1.50
2013.02.06 06:05:57.971,0.84141,0.84179,1.50,1.50
2013.02.06 06:05:58.151,0.84144,0.84179,1.13,1.50
2013.02.06 06:05:58.411,0.84141,0.84179,1.50,1.50
2013.02.06 06:05:58.531,0.8414,0.84179,2.25,1.50
2013.02.06 06:05:59.210,0.84142,0.84179,1.50,1.50
2013.02.06 06:05:59.522,0.8414,0.84179,2.25,1.50
2013.02.06 06:06:08.362,0.8414,0.84178,1.88,1.13
2013.02.06 06:06:08.720,0.8414,0.84178,1.88,1.13
2013.02.06 06:06:09.083,0.8414,0.84178,1.88,1.13
2013.02.06 06:06:09.391,0.8414,0.84178,1.88,1.13
2013.02.06 06:06:09.871,0.8414,0.84178,1.88,1.13
2013.02.06 06:06:10.231,0.8414,0.84178,1.50,1.13
2013.02.06 06:06:10.410,0.8414,0.84178,1.50,1.13
2013.02.06 06:06:10.721,0.8414,0.84178,1.50,1.13
2013.02.06 06:06:12.645,0.84136,0.84172,1.50,1.13
2013.02.06 06:06:20.850,0.84133,0.84169,1.50,1.50
2013.02.06 06:06:26.951,0.8414,0.84178,1.50,1.50
2013.02.06 06:06:37.671,0.84145,0.84183,1.88,1.88
2013.02.06 06:06:41.241,0.84145,0.84182,1.13,1.50
2013.02.06 06:07:27.621,0.84142,0.84179,2.25,1.50
2013.02.06 06:07:27.981,0.84144,0.84175,1.13,1.50
2013.02.06 06:07:28.171,0.84141,0.84175,1.50,1.50
2013.02.06 06:07:28.411,0.84144,0.84175,1.13,1.50
2013.02.06 06:07:28.972,0.84142,0.84174,1.50,1.50
2013.02.06 06:07:29.091,0.84141,0.84174,1.50,1.50
2013.02.06 06:07:29.211,0.84141,0.84174,1.50,1.50
2013.02.06 06:07:29.422,0.84141,0.84174,1.50,1.50
2013.02.06 06:07:29.731,0.84138,0.84174,1.50,1.50
2013.02.06 06:07:39.651,0.84142,0.84174,1.13,1.50
2013.02.06 06:07:39.890,0.84141,0.84174,1.50,1.50
2013.02.06 06:07:41.441,0.8414,0.84174,1.13,1.50
2013.02.06 06:07:42.042,0.84137,0.84174,3.00,1.50
2013.02.06 06:07:42.698,0.84137,0.84174,2.25,1.50
2013.02.06 06:07:44.173,0.84136,0.8417,1.13,1.50
2013.02.06 06:07:44.531,0.84137,0.84174,1.50,1.50
2013.02.06 06:07:45.481,0.84133,0.84169,1.50,1.50
2013.02.06 06:07:45.661,0.84136,0.84169,1.13,1.50
2013.02.06 06:07:45.931,0.84133,0.84169,1.50,1.50
2013.02.06 06:07:46.050,0.84132,0.84169,3.00,1.50
2013.02.06 06:07:46.172,0.84134,0.84169,1.50,1.50
2013.02.06 06:07:46.373,0.84133,0.84169,1.50,1.50
2013.02.06 06:07:46.611,0.84134,0.84169,1.50,1.50
2013.02.06 06:07:46.951,0.84132,0.84169,1.50,1.50
2013.02.06 06:07:47.191,0.84132,0.84169,1.50,1.50
2013.02.06 06:07:47.371,0.84129,0.84169,1.88,2.25
2013.02.06 06:07:47.491,0.84129,0.84164,1.13,1.50
2013.02.06 06:07:47.671,0.84129,0.84164,1.13,1.50
2013.02.06 06:07:47.871,0.84127,0.84164,2.25,1.50
2013.02.06 06:07:48.871,0.84127,0.84163,1.50,1.50
2013.02.06 06:07:48.991,0.84126,0.84163,1.13,1.50
2013.02.06 06:07:49.171,0.84127,0.84163,1.50,1.50
2013.02.06 06:07:49.411,0.84126,0.84163,1.13,1.50
2013.02.06 06:07:49.672,0.84126,0.84164,1.88,1.88
2013.02.06 06:07:49.970,0.84126,0.84163,1.13,1.50
2013.02.06 06:07:50.181,0.84126,0.84164,1.88,1.88
2013.02.06 06:07:51.828,0.84127,0.84164,1.13,1.50
2013.02.06 06:07:58.208,0.84127,0.84164,1.13,1.50
2013.02.06 06:07:58.451,0.84132,0.84164,1.50,1.50
2013.02.06 06:08:11.001,0.84132,0.8417,2.63,1.13
2013.02.06 06:08:11.612,0.84129,0.84165,1.50,1.50
2013.02.06 06:08:11.942,0.84131,0.84165,1.50,1.50
2013.02.06 06:08:12.201,0.84128,0.84165,2.25,1.50
2013.02.06 06:08:12.451,0.84132,0.84165,1.13,1.50
2013.02.06 06:08:13.822,0.84129,0.84165,1.50,1.50
2013.02.06 06:08:15.431,0.84132,0.84165,1.50,1.50
2013.02.06 06:08:15.790,0.84128,0.84166,1.13,1.50
2013.02.06 06:08:16.191,0.84127,0.84164,1.50,1.50
2013.02.06 06:08:16.370,0.84122,0.84161,2.25,1.88
2013.02.06 06:08:16.430,0.84122,0.84161,3.00,1.88
2013.02.06 06:08:16.671,0.84122,0.84161,2.25,1.88
2013.02.06 06:08:16.971,0.84124,0.84161,1.50,1.88
2013.02.06 06:08:17.170,0.84122,0.84161,3.00,1.88
2013.02.06 06:08:17.491,0.84125,0.84161,1.50,1.88
2013.02.06 06:08:17.850,0.84123,0.8416,1.50,1.50
2013.02.06 06:08:17.971,0.84124,0.8416,1.50,1.50
2013.02.06 06:08:18.211,0.84122,0.8416,2.25,1.50
2013.02.06 06:08:18.390,0.84123,0.8416,1.50,1.50
2013.02.06 06:08:18.630,0.84128,0.8416,1.50,1.50
2013.02.06 06:08:18.751,0.84126,0.8416,1.50,1.50
2013.02.06 06:08:18.810,0.84127,0.84166,1.50,1.50
2013.02.06 06:08:18.931,0.84128,0.84166,1.50,1.50
2013.02.06 06:08:19.201,0.84126,0.84166,2.25,1.50
2013.02.06 06:08:19.560,0.84128,0.84166,1.50,1.50
2013.02.06 06:08:19.753,0.84126,0.84166,1.50,1.50
2013.02.06 06:08:19.941,0.84128,0.84166,1.50,1.50
2013.02.06 06:08:20.191,0.84126,0.84166,1.50,1.50
2013.02.06 06:08:20.371,0.84128,0.84166,1.50,1.50
2013.02.06 06:08:20.731,0.84126,0.84166,1.50,1.50
2013.02.06 06:08:20.911,0.84128,0.84162,1.50,1.13
2013.02.06 06:08:21.131,0.84126,0.84162,1.50,1.13
2013.02.06 06:08:21.431,0.84127,0.84162,2.25,1.13
2013.02.06 06:08:21.691,0.84126,0.84162,2.25,1.13
2013.02.06 06:08:22.000,0.84127,0.84162,2.25,1.13
2013.02.06 06:08:22.121,0.84126,0.84162,1.50,1.13
2013.02.06 06:08:22.461,0.84127,0.84162,2.25,1.13
2013.02.06 06:08:22.701,0.84126,0.84162,1.50,1.13
2013.02.06 06:08:22.892,0.8413,0.84163,1.50,1.13
2013.02.06 06:08:23.191,0.84128,0.84162,1.50,1.13
2013.02.06 06:08:23.491,0.8413,0.84163,1.50,1.13
2013.02.06 06:08:23.671,0.84128,0.84162,1.50,1.13
2013.02.06 06:08:23.880,0.84129,0.84164,1.50,1.50
2013.02.06 06:08:24.003,0.84129,0.84166,1.88,1.50
2013.02.06 06:08:24.241,0.84129,0.84166,1.13,1.50
2013.02.06 06:08:24.542,0.84131,0.84166,1.50,1.50
2013.02.06 06:08:25.126,0.84132,0.84165,1.50,1.50
2013.02.06 06:08:27.401,0.84132,0.84169,1.13,1.50
2013.02.06 06:08:27.961,0.84128,0.84164,1.50,1.50
2013.02.06 06:08:28.021,0.84126,0.84163,1.50,1.13
2013.02.06 06:08:29.421,0.84128,0.84163,1.50,1.13
2013.02.06 06:08:31.192,0.84131,0.84169,1.50,2.25
2013.02.06 06:08:44.462,0.84131,0.84167,1.50,1.13
2013.02.06 06:08:44.641,0.84131,0.84167,1.50,1.13
2013.02.06 06:08:44.952,0.84131,0.84167,1.50,1.13
2013.02.06 06:08:45.278,0.8413,0.84167,1.50,1.13
2013.02.06 06:08:45.581,0.8413,0.84167,1.50,1.13
2013.02.06 06:08:46.153,0.8413,0.84167,1.50,1.13
2013.02.06 06:08:46.542,0.8413,0.84167,1.50,1.13
2013.02.06 06:08:46.661,0.8413,0.84167,2.25,1.13
2013.02.06 06:08:46.901,0.8413,0.84167,1.50,1.13
2013.02.06 06:08:47.250,0.8413,0.84165,1.50,1.13
2013.02.06 06:08:47.431,0.8413,0.84165,1.50,1.13
2013.02.06 06:08:47.761,0.84129,0.84164,1.50,1.50
2013.02.06 06:08:48.084,0.84128,0.84164,1.50,1.50
2013.02.06 06:08:48.142,0.8413,0.84164,1.50,1.50
2013.02.06 06:08:48.431,0.84127,0.84164,1.50,1.50
2013.02.06 06:08:48.761,0.84127,0.84164,1.50,1.50
2013.02.06 06:08:49.061,0.84126,0.84163,1.50,1.50
2013.02.06 06:08:49.747,0.84125,0.8416,1.13,1.50
2013.02.06 06:08:55.201,0.84121,0.8416,2.25,1.50
2013.02.06 06:08:55.543,0.84121,0.84154,1.50,1.50
2013.02.06 06:08:55.721,0.84119,0.84154,1.50,1.50
2013.02.06 06:08:55.961,0.84122,0.84155,1.50,1.50
2013.02.06 06:08:56.271,0.8412,0.84154,1.50,1.50
2013.02.06 06:08:56.631,0.84122,0.84155,1.50,1.50
2013.02.06 06:09:00.402,0.84122,0.8416,2.25,1.50
2013.02.06 06:09:00.701,0.84124,0.8416,1.13,1.50
2013.02.06 06:09:00.881,0.84122,0.84154,1.50,1.50
2013.02.06 06:09:01.252,0.84124,0.84154,1.13,1.50
2013.02.06 06:09:01.461,0.84122,0.84154,1.50,1.50
2013.02.06 06:09:01.661,0.84124,0.84154,1.13,1.50
2013.02.06 06:09:01.901,0.84121,0.84154,1.50,1.50
2013.02.06 06:09:02.122,0.84121,0.84159,1.50,1.50
2013.02.06 06:09:02.181,0.84124,0.84159,1.50,1.50
2013.02.06 06:09:09.272,0.84126,0.84159,1.50,1.50
2013.02.06 06:09:13.041,0.84126,0.84164,1.13,1.50
2013.02.06 06:09:15.972,0.84126,0.84164,1.13,1.50
2013.02.06 06:09:19.052,0.84124,0.84164,2.63,1.88
2013.02.06 06:09:29.652,0.84121,0.84159,1.50,1.50
2013.02.06 06:09:29.771,0.8412,0.84159,2.25,1.50
2013.02.06 06:09:29.902,0.8412,0.84159,2.25,1.50
2013.02.06 06:09:30.221,0.8412,0.84159,1.50,1.50
2013.02.06 06:09:30.522,0.84121,0.84159,1.50,1.50
2013.02.06 06:09:30.831,0.84122,0.84159,1.50,1.50
2013.02.06 06:09:30.890,0.84122,0.84159,1.50,1.50
2013.02.06 06:09:31.191,0.8412,0.84159,1.50,1.50
2013.02.06 06:09:31.441,0.84121,0.84159,1.50,1.50
2013.02.06 06:09:31.661,0.8412,0.84159,1.50,1.50
2013.02.06 06:09:32.021,0.84121,0.84159,1.50,1.50
2013.02.06 06:09:32.201,0.8412,0.84159,1.50,1.50
2013.02.06 06:09:32.885,0.84122,0.84159,1.50,1.50
2013.02.06 06:09:32.955,0.84121,0.84154,1.50,1.50
2013.02.06 06:09:33.191,0.84117,0.84154,1.13,1.50
2013.02.06 06:09:33.694,0.84117,0.84153,1.88,1.50
2013.02.06 06:09:34.133,0.84117,0.84153,1.13,1.50
2013.02.06 06:09:34.191,0.84117,0.84153,1.13,1.50
2013.02.06 06:09:34.431,0.84118,0.84148,1.50,1.50
2013.02.06 06:09:34.951,0.84118,0.84154,1.50,1.13
2013.02.06 06:09:35.131,0.84119,0.84154,1.50,1.13
2013.02.06 06:09:35.191,0.84123,0.84154,1.50,1.13
2013.02.06 06:09:35.581,0.84127,0.84163,1.50,1.13
2013.02.06 06:09:44.668,0.84127,0.84161,1.50,1.50
2013.02.06 06:09:45.237,0.84125,0.84161,1.13,1.50
2013.02.06 06:09:50.191,0.84124,0.84161,1.50,1.50
2013.02.06 06:09:50.432,0.84124,0.84161,1.50,1.88
2013.02.06 06:09:50.671,0.84122,0.84161,1.50,1.88
2013.02.06 06:09:50.911,0.84124,0.84161,1.50,1.88
2013.02.06 06:09:51.091,0.84122,0.84161,1.50,1.88
2013.02.06 06:09:51.431,0.84124,0.84161,1.50,1.88
2013.02.06 06:09:51.671,0.84122,0.84161,1.50,1.88
2013.02.06 06:09:51.862,0.84124,0.84161,1.50,1.88
2013.02.06 06:09:52.222,0.84122,0.84161,1.50,1.88
2013.02.06 06:09:52.462,0.84124,0.84161,1.50,1.88
2013.02.06 06:10:03.154,0.84124,0.8416,1.50,1.50
2013.02.06 06:10:06.341,0.84123,0.84161,1.50,1.88
2013.02.06 06:10:06.640,0.84123,0.8416,1.50,1.50
2013.02.06 06:10:09.401,0.84122,0.84157,1.50,1.50
2013.02.06 06:10:09.713,0.84122,0.84158,1.50,1.13
2013.02.06 06:10:09.962,0.84121,0.84158,1.50,1.88
2013.02.06 06:10:10.141,0.84123,0.84158,1.50,1.13
2013.02.06 06:10:10.321,0.84122,0.84158,1.50,1.13
2013.02.06 06:10:10.691,0.84117,0.84154,1.50,1.50
2013.02.06 06:10:10.931,0.84118,0.84156,1.50,1.13
2013.02.06 06:10:11.451,0.84117,0.84155,1.50,1.50
2013.02.06 06:10:11.691,0.84119,0.84156,1.50,1.88
2013.02.06 06:10:12.141,0.84117,0.84156,1.50,2.63
2013.02.06 06:10:12.441,0.84119,0.84156,1.50,1.88
2013.02.06 06:10:14.171,0.8412,0.84156,1.50,2.63
2013.02.06 06:10:20.372,0.8412,0.84156,1.13,1.50
2013.02.06 06:10:20.691,0.8412,0.84156,1.88,1.50
2013.02.06 06:10:21.141,0.8412,0.84156,1.13,1.50
2013.02.06 06:10:21.441,0.8412,0.84156,1.88,1.50
2013.02.06 06:10:32.401,0.84122,0.8416,1.50,1.13
2013.02.06 06:10:32.524,0.8412,0.84157,1.13,1.50
2013.02.06 06:10:32.642,0.8412,0.84157,1.13,1.50
2013.02.06 06:10:33.669,0.84122,0.84157,1.50,1.50
2013.02.06 06:10:34.161,0.84123,0.84157,1.50,1.50
2013.02.06 06:10:34.662,0.8412,0.84157,1.50,1.50
2013.02.06 06:10:34.852,0.84121,0.84157,1.50,1.50
2013.02.06 06:10:35.403,0.84119,0.84157,1.88,1.50
2013.02.06 06:10:36.231,0.84119,0.84157,1.50,1.50
2013.02.06 06:10:36.471,0.84122,0.84157,1.50,1.50
2013.02.06 06:10:36.852,0.84121,0.84157,1.50,1.50
2013.02.06 06:10:37.211,0.84123,0.84157,1.50,1.50
2013.02.06 06:10:37.661,0.84119,0.84157,1.50,1.50
2013.02.06 06:10:37.981,0.84123,0.84157,1.50,1.50
2013.02.06 06:10:38.343,0.84121,0.84157,1.50,1.50
2013.02.06 06:10:38.401,0.8412,0.84157,1.50,1.50
2013.02.06 06:10:38.652,0.84122,0.84157,1.50,1.50
2013.02.06 06:10:39.211,0.8412,0.84157,1.50,1.50
2013.02.06 06:10:39.391,0.84122,0.84157,1.50,1.50
2013.02.06 06:10:39.932,0.8412,0.84157,1.50,1.50
2013.02.06 06:10:40.261,0.84123,0.84157,1.50,1.50
2013.02.06 06:10:40.732,0.84119,0.84157,1.88,1.50
2013.02.06 06:10:41.233,0.84122,0.84157,1.50,1.50
2013.02.06 06:10:41.703,0.84127,0.8416,1.50,1.13
2013.02.06 06:10:42.078,0.84129,0.84163,1.50,1.50
2013.02.06 06:10:42.141,0.84127,0.84162,1.50,1.50
2013.02.06 06:10:42.381,0.84129,0.84164,1.50,1.50
2013.02.06 06:10:42.741,0.84128,0.84162,1.50,1.50
2013.02.06 06:10:42.951,0.8413,0.84164,1.50,1.50
2013.02.06 06:10:43.280,0.8413,0.84162,1.50,1.50
2013.02.06 06:10:43.591,0.84128,0.84163,1.50,1.50
2013.02.06 06:10:43.672,0.84128,0.84162,1.50,1.50
2013.02.06 06:10:43.910,0.8413,0.84163,1.50,1.50
2013.02.06 06:10:44.152,0.84127,0.84161,1.50,1.50
2013.02.06 06:10:44.451,0.8413,0.84164,1.50,1.50
2013.02.06 06:10:44.761,0.8413,0.84161,1.13,1.50
2013.02.06 06:10:45.071,0.8413,0.84164,1.88,1.50
2013.02.06 06:10:45.131,0.8413,0.84161,1.13,1.50
2013.02.06 06:10:45.491,0.8413,0.84164,1.13,1.50
2013.02.06 06:10:46.031,0.8413,0.84164,1.88,1.50
2013.02.06 06:10:46.391,0.84129,0.84162,1.13,1.50
2013.02.06 06:10:46.451,0.8413,0.84164,1.13,1.50
2013.02.06 06:10:46.691,0.8413,0.84162,1.13,1.50
2013.02.06 06:10:46.871,0.8413,0.84164,1.88,1.50
2013.02.06 06:10:47.231,0.8413,0.84161,1.13,1.50
2013.02.06 06:10:47.562,0.8413,0.84163,1.88,1.50
2013.02.06 06:10:47.681,0.8413,0.84162,1.13,1.50
2013.02.06 06:10:47.861,0.8413,0.84163,1.13,1.50
2013.02.06 06:10:48.162,0.8413,0.84162,1.13,1.50
2013.02.06 06:10:48.412,0.8413,0.84163,1.13,1.50
2013.02.06 06:10:48.592,0.8413,0.84162,1.13,1.50
2013.02.06 06:10:49.031,0.8413,0.84163,1.88,1.50
2013.02.06 06:10:49.341,0.84127,0.84161,1.50,1.50
2013.02.06 06:10:50.993,0.84125,0.84161,1.88,1.50
2013.02.06 06:10:56.342,0.84124,0.84161,1.13,1.50
2013.02.06 06:10:56.701,0.84124,0.84161,1.88,1.50
2013.02.06 06:10:57.171,0.84122,0.8416,1.50,1.13
2013.02.06 06:10:57.292,0.84124,0.8416,1.50,1.13
2013.02.06 06:10:57.839,0.84123,0.8416,1.50,1.13
2013.02.06 06:10:58.141,0.84124,0.8416,1.50,1.13
2013.02.06 06:10:58.691,0.84121,0.84159,1.88,1.50
2013.02.06 06:10:58.931,0.84124,0.8416,1.50,1.88
2013.02.06 06:11:00.461,0.84128,0.84161,1.50,1.50
2013.02.06 06:11:01.852,0.84129,0.84166,1.50,1.50
2013.02.06 06:11:02.191,0.84127,0.8416,1.50,1.13
2013.02.06 06:11:02.451,0.84122,0.8416,1.88,1.13
2013.02.06 06:11:02.631,0.84123,0.8416,1.50,1.88
2013.02.06 06:11:03.151,0.84126,0.8416,1.50,2.63
2013.02.06 06:11:03.391,0.84134,0.8417,1.88,1.50
2013.02.06 06:11:03.451,0.84132,0.84167,1.50,1.50
2013.02.06 06:11:04.193,0.84125,0.84163,1.50,1.50
2013.02.06 06:11:14.863,0.84132,0.84166,1.50,1.13
2013.02.06 06:11:24.292,0.84136,0.84167,1.50,1.13
2013.02.06 06:11:27.107,0.84136,0.8417,1.88,1.50
2013.02.06 06:11:39.861,0.84133,0.8417,1.50,1.50
2013.02.06 06:11:55.451,0.84136,0.84166,1.13,1.35
2013.02.06 06:11:58.424,0.84137,0.84166,1.50,1.35
2013.02.06 06:12:02.083,0.84141,0.84171,1.50,1.35
2013.02.06 06:12:03.913,0.84142,0.84174,1.50,1.13
2013.02.06 06:13:04.885,0.8414,0.84176,1.50,2.10
2013.02.06 06:13:08.438,0.8414,0.84176,1.13,2.10
2013.02.06 06:13:23.371,0.84141,0.84179,1.50,1.35
2013.02.06 06:13:27.124,0.84143,0.84179,1.13,1.35
2013.02.06 06:13:34.002,0.84143,0.84179,1.50,1.35
2013.02.06 06:13:39.213,0.84144,0.84178,1.13,1.35
2013.02.06 06:13:41.628,0.84147,0.84182,1.50,2.10
2013.02.06 06:13:41.931,0.84156,0.84187,1.50,2.10
2013.02.06 06:13:41.991,0.84158,0.8419,1.50,1.50
2013.02.06 06:14:03.883,0.84166,0.84196,1.50,1.50
2013.02.06 06:14:11.233,0.84166,0.84193,1.50,1.50
2013.02.06 06:14:18.481,0.84166,0.84193,1.50,1.50
2013.02.06 06:14:22.861,0.84166,0.84193,1.50,1.50
2013.02.06 06:14:24.071,0.84165,0.84193,1.50,1.50
2013.02.06 06:14:42.225,0.84163,0.84197,1.13,1.35
2013.02.06 06:14:44.222,0.84161,0.842,2.25,1.13
2013.02.06 06:14:44.871,0.84161,0.84199,2.25,1.13
2013.02.06 06:14:52.933,0.84161,0.84195,1.50,2.10
2013.02.06 06:14:55.295,0.84161,0.84195,1.50,2.10
2013.02.06 06:15:05.283,0.84162,0.84196,1.50,1.35
2013.02.06 06:15:06.082,0.84162,0.84196,1.50,1.35
2013.02.06 06:15:09.302,0.84162,0.84196,1.50,1.35
2013.02.06 06:15:16.830,0.84163,0.84196,1.13,1.35
2013.02.06 06:15:19.225,0.84163,0.84196,1.50,1.35
2013.02.06 06:15:29.247,0.84159,0.84196,1.73,1.35
2013.02.06 06:15:42.061,0.84162,0.84195,1.88,2.10
2013.02.06 06:15:47.769,0.84162,0.84198,1.50,2.10
2013.02.06 06:15:47.846,0.84161,0.84198,1.50,1.35
2013.02.06 06:15:48.212,0.84161,0.84193,1.13,1.35
2013.02.06 06:16:13.972,0.84158,0.84196,1.50,2.85
2013.02.06 06:16:17.243,0.84162,0.84196,1.50,2.85
2013.02.06 06:16:29.023,0.8416,0.84196,1.50,3.60
2013.02.06 06:16:29.081,0.8416,0.84194,1.50,1.35
2013.02.06 06:16:38.181,0.84158,0.84193,1.13,1.35
2013.02.06 06:16:38.876,0.84158,0.84192,1.13,1.35
2013.02.06 06:16:48.890,0.84157,0.84196,1.50,1.88
2013.02.06 06:16:50.671,0.84156,0.84194,1.50,1.88
2013.02.06 06:17:39.242,0.84158,0.84198,1.13,1.13
2013.02.06 06:17:53.100,0.84158,0.84196,1.13,1.50
2013.02.06 06:18:05.182,0.84161,0.84195,1.13,1.35
2013.02.06 06:18:07.702,0.84161,0.84196,1.13,1.50
2013.02.06 06:18:08.241,0.8416,0.84194,2.10,1.50
2013.02.06 06:18:08.860,0.8416,0.84194,1.50,2.10
2013.02.06 06:18:11.293,0.8416,0.84194,1.13,2.10
2013.02.06 06:18:29.254,0.8416,0.84193,1.13,1.35
2013.02.06 06:18:32.261,0.84161,0.84197,1.50,1.35
2013.02.06 06:18:33.353,0.84161,0.84193,2.25,1.50
2013.02.06 06:18:33.672,0.84163,0.84194,1.13,3.00
2013.02.06 06:18:36.192,0.84163,0.84194,1.13,1.50
2013.02.06 06:18:36.503,0.84164,0.84198,1.50,2.25
2013.02.06 06:19:05.422,0.84169,0.84199,1.50,1.13
2013.02.06 06:19:05.672,0.8417,0.84201,1.50,1.50
2013.02.06 06:19:13.462,0.84164,0.84195,1.88,1.50
2013.02.06 06:19:13.773,0.84167,0.84199,1.50,2.10
2013.02.06 06:19:38.413,0.84167,0.84199,1.50,2.25
2013.02.06 06:19:38.682,0.84166,0.84197,1.50,1.35
2013.02.06 06:19:46.695,0.84164,0.84195,1.13,1.50
2013.02.06 06:20:46.697,0.8416,0.84198,1.50,1.50
2013.02.06 06:20:52.043,0.84161,0.84197,1.13,1.50
2013.02.06 06:20:53.433,0.84162,0.84197,1.13,1.50
2013.02.06 06:20:53.492,0.84162,0.84196,1.88,1.50
2013.02.06 06:20:53.824,0.84166,0.84199,1.50,1.50
2013.02.06 06:20:53.973,0.84166,0.84203,2.25,2.25
2013.02.06 06:20:56.337,0.84169,0.842,1.50,1.13
2013.02.06 06:20:56.392,0.84167,0.84195,1.50,1.50
2013.02.06 06:20:56.452,0.84166,0.84195,1.50,1.50
2013.02.06 06:21:03.352,0.84158,0.84187,2.63,1.35
2013.02.06 06:21:07.653,0.84161,0.84187,1.50,1.35
2013.02.06 06:21:09.346,0.84161,0.84187,1.50,1.35
2013.02.06 06:21:11.363,0.84162,0.84189,1.50,2.10
2013.02.06 06:21:11.425,0.84162,0.84189,1.50,1.50
2013.02.06 06:21:39.162,0.84161,0.84191,1.50,1.50
2013.02.06 06:21:39.869,0.84162,0.84189,1.50,1.50
2013.02.06 06:21:40.925,0.84163,0.84192,1.50,1.50
2013.02.06 06:21:41.732,0.84162,0.84193,1.35,1.50
2013.02.06 06:22:23.203,0.84169,0.84201,1.50,1.35
2013.02.06 06:22:23.263,0.84172,0.84203,1.50,1.88
2013.02.06 06:22:23.412,0.84171,0.84202,2.25,1.50
2013.02.06 06:22:23.982,0.84171,0.84195,1.50,1.50
2013.02.06 06:22:50.464,0.84172,0.84197,1.50,1.35
2013.02.06 06:23:08.423,0.84172,0.84203,1.50,2.10
2013.02.06 06:23:08.603,0.84172,0.84204,1.50,1.50
2013.02.06 06:23:08.663,0.84172,0.84204,1.50,1.50
2013.02.06 06:23:08.973,0.84173,0.84204,1.50,1.50
2013.02.06 06:23:09.645,0.84175,0.84204,1.50,1.50
2013.02.06 06:23:09.851,0.84176,0.84204,1.50,1.50
2013.02.06 06:23:09.973,0.84179,0.84209,1.50,1.50
2013.02.06 06:23:10.153,0.84176,0.84206,1.50,1.50
2013.02.06 06:23:10.704,0.84178,0.84206,1.13,1.50
2013.02.06 06:23:19.393,0.84176,0.84205,1.50,1.50
2013.02.06 06:23:29.935,0.84176,0.84205,1.50,1.50
2013.02.06 06:23:41.363,0.84179,0.8421,1.50,1.50
2013.02.06 06:23:41.745,0.84182,0.8421,1.50,1.50
2013.02.06 06:23:42.163,0.84182,0.84214,1.50,2.85
2013.02.06 06:23:43.582,0.84183,0.84214,1.50,1.50
2013.02.06 06:23:56.253,0.84185,0.84214,1.50,1.50
2013.02.06 06:24:12.050,0.8418,0.84214,1.50,1.50
2013.02.06 06:24:12.203,0.8418,0.8421,1.50,1.50
2013.02.06 06:25:12.225,0.84179,0.84214,1.50,1.13
2013.02.06 06:25:18.596,0.84177,0.84214,1.50,1.13
2013.02.06 06:25:20.303,0.84179,0.84214,1.50,1.13
2013.02.06 06:25:23.832,0.84177,0.84214,1.50,1.13
2013.02.06 06:25:36.104,0.84177,0.8421,1.50,1.50
2013.02.06 06:25:36.403,0.84176,0.84205,1.50,1.50
2013.02.06 06:25:38.383,0.84176,0.84205,1.50,1.50
2013.02.06 06:25:43.890,0.84174,0.84205,1.50,1.50
2013.02.06 06:26:03.873,0.84175,0.84204,1.50,1.50
2013.02.06 06:26:04.853,0.8417,0.84204,1.50,1.50
2013.02.06 06:26:04.973,0.84169,0.84201,2.63,1.50
2013.02.06 06:26:05.364,0.84171,0.84203,1.50,1.50
2013.02.06 06:26:05.734,0.84171,0.84202,1.50,1.50
2013.02.06 06:26:05.973,0.84172,0.84203,1.50,1.50
2013.02.06 06:26:16.703,0.84172,0.84203,1.50,2.48
2013.02.06 06:26:16.943,0.84166,0.84198,2.25,1.50
2013.02.06 06:26:25.083,0.84166,0.84198,2.25,1.50
2013.02.06 06:26:32.214,0.84166,0.84198,1.50,1.50
2013.02.06 06:27:16.938,0.84166,0.84201,1.50,1.50
2013.02.06 06:27:33.983,0.84166,0.84201,1.50,1.50
2013.02.06 06:27:44.115,0.84166,0.84202,1.50,1.50
2013.02.06 06:27:53.968,0.84165,0.84202,1.50,1.88
2013.02.06 06:27:57.603,0.84165,0.84202,1.50,1.50
2013.02.06 06:27:58.645,0.84165,0.84203,1.50,2.63
2013.02.06 06:27:59.233,0.84166,0.84204,1.13,1.50
2013.02.06 06:27:59.352,0.84168,0.84204,1.50,1.50
2013.02.06 06:28:02.623,0.84168,0.84204,1.13,1.50
2013.02.06 06:28:04.061,0.84168,0.84204,1.13,1.50
2013.02.06 06:28:04.124,0.8417,0.84203,1.50,1.50
2013.02.06 06:28:04.483,0.84174,0.84205,1.50,1.50
2013.02.06 06:28:40.143,0.84171,0.84204,1.50,2.25
2013.02.06 06:28:40.443,0.84167,0.84201,1.13,1.50
2013.02.06 06:28:40.504,0.84166,0.84198,3.00,1.50
2013.02.06 06:28:42.013,0.84166,0.84198,2.25,1.50
2013.02.06 06:28:59.200,0.84166,0.84197,1.50,1.50
2013.02.06 06:29:06.593,0.84165,0.84195,1.50,1.50
2013.02.06 06:29:15.172,0.84164,0.84194,1.50,1.50
2013.02.06 06:29:17.284,0.84164,0.84195,1.50,1.50
2013.02.06 06:29:17.894,0.84164,0.84194,1.50,1.50
2013.02.06 06:29:19.257,0.84164,0.84195,1.88,1.50
2013.02.06 06:29:41.030,0.84163,0.84198,1.13,1.50
2013.02.06 06:30:00.222,0.84165,0.84198,1.50,1.50
2013.02.06 06:30:00.663,0.84165,0.84201,1.50,1.88
2013.02.06 06:30:03.879,0.84165,0.84202,1.50,1.88
2013.02.06 06:30:10.985,0.84165,0.84199,1.13,1.50
2013.02.06 06:30:22.060,0.84163,0.84199,1.50,1.50
2013.02.06 06:30:26.694,0.84164,0.84199,1.50,1.50
2013.02.06 06:30:28.108,0.84164,0.84199,1.50,1.50
2013.02.06 06:30:28.835,0.84165,0.84198,1.50,1.50
2013.02.06 06:30:29.238,0.84165,0.84198,1.50,1.50
2013.02.06 06:30:29.696,0.84164,0.842,1.50,1.50
2013.02.06 06:30:34.114,0.84165,0.84201,1.13,1.50
2013.02.06 06:30:44.464,0.84164,0.842,2.25,1.50
2013.02.06 06:30:44.974,0.84164,0.842,1.50,1.50
2013.02.06 06:30:45.604,0.84164,0.842,1.50,1.50
2013.02.06 06:30:45.672,0.84164,0.842,1.50,1.50
2013.02.06 06:30:46.297,0.84164,0.84199,1.50,1.50
2013.02.06 06:31:00.415,0.84164,0.842,1.50,1.50
2013.02.06 06:31:00.509,0.84164,0.84199,1.50,1.50
2013.02.06 06:31:00.576,0.84165,0.84199,1.50,1.50
2013.02.06 06:31:00.884,0.84169,0.84201,2.25,1.13
2013.02.06 06:31:01.063,0.84177,0.84208,1.50,2.25
2013.02.06 06:31:01.183,0.84177,0.84204,1.50,1.50
2013.02.06 06:31:07.124,0.84176,0.84208,1.50,1.50
2013.02.06 06:31:07.244,0.84177,0.84208,1.50,1.50
2013.02.06 06:31:09.069,0.84178,0.84208,1.50,1.50
2013.02.06 06:31:09.813,0.84177,0.84207,1.50,1.50
2013.02.06 06:31:10.595,0.84176,0.84205,1.50,1.50
2013.02.06 06:31:47.812,0.84177,0.84208,1.50,1.50
2013.02.06 06:31:48.113,0.8418,0.84208,1.50,1.50
2013.02.06 06:31:48.974,0.84176,0.84205,2.25,1.50
2013.02.06 06:31:49.313,0.84176,0.84204,1.50,1.50
2013.02.06 06:32:11.414,0.84175,0.84205,1.50,1.50
2013.02.06 06:32:30.024,0.84176,0.84205,1.50,1.50
2013.02.06 06:32:51.264,0.84174,0.8421,1.50,2.25
2013.02.06 06:33:29.233,0.84173,0.8421,1.88,2.25
2013.02.06 06:33:32.195,0.84175,0.8421,1.50,2.25
2013.02.06 06:33:33.023,0.84175,0.84211,1.50,1.88
2013.02.06 06:33:36.313,0.84175,0.84211,1.50,1.50
2013.02.06 06:33:41.283,0.84175,0.8421,1.50,1.13
2013.02.06 06:33:47.615,0.84176,0.8421,1.50,1.13
2013.02.06 06:33:48.244,0.84172,0.84208,1.13,1.50
2013.02.06 06:33:48.873,0.84171,0.84207,3.38,1.50
2013.02.06 06:34:59.237,0.84174,0.84209,1.50,1.50
2013.02.06 06:35:06.254,0.84174,0.84209,1.50,1.50
2013.02.06 06:35:26.865,0.84174,0.84209,1.50,1.50
2013.02.06 06:35:27.374,0.84173,0.84199,1.13,1.50
2013.02.06 06:35:27.906,0.84171,0.84203,2.25,1.50
2013.02.06 06:35:29.356,0.84171,0.84203,1.50,1.50
2013.02.06 06:35:41.065,0.8417,0.84203,2.25,1.50
2013.02.06 06:35:41.755,0.84169,0.84199,1.50,1.50
2013.02.06 06:35:48.145,0.84169,0.84199,1.50,1.50
2013.02.06 06:36:09.343,0.84168,0.842,1.50,1.50
2013.02.06 06:36:29.995,0.84169,0.84198,1.50,1.50
2013.02.06 06:36:35.874,0.84166,0.84198,1.88,1.50
2013.02.06 06:36:36.466,0.84165,0.84196,1.50,1.50
2013.02.06 06:36:36.537,0.84167,0.84198,2.25,1.50
2013.02.06 06:36:36.605,0.84166,0.84198,1.50,1.50
2013.02.06 06:36:36.955,0.84165,0.84196,1.50,1.50
2013.02.06 06:36:37.154,0.84167,0.84199,1.50,1.50
2013.02.06 06:36:37.344,0.84163,0.84198,1.50,1.50
2013.02.06 06:36:37.675,0.84161,0.84193,1.50,1.50
2013.02.06 06:36:38.104,0.84159,0.8419,1.50,1.50
2013.02.06 06:36:39.195,0.84159,0.8419,2.25,1.50
2013.02.06 06:36:39.705,0.84162,0.84192,1.50,1.50
2013.02.06 06:36:53.975,0.84163,0.84195,1.50,1.50
2013.02.06 06:36:54.124,0.84163,0.84196,1.50,1.50
2013.02.06 06:36:54.184,0.84166,0.84196,1.50,1.50
2013.02.06 06:36:54.394,0.84162,0.84194,2.25,1.50
2013.02.06 06:36:55.055,0.84162,0.84193,2.25,1.50
2013.02.06 06:36:55.664,0.84164,0.84193,1.50,1.50
2013.02.06 06:36:55.944,0.84166,0.84197,1.88,1.50
2013.02.06 06:36:58.387,0.84167,0.84197,1.50,1.50
2013.02.06 06:36:58.934,0.84166,0.84195,1.13,1.50
2013.02.06 06:36:59.115,0.84166,0.84195,1.88,1.50
2013.02.06 06:37:00.082,0.84166,0.84196,2.25,1.50
2013.02.06 06:37:11.053,0.84166,0.84197,2.63,1.50
2013.02.06 06:37:11.237,0.84168,0.84197,1.50,1.50
2013.02.06 06:37:11.618,0.84166,0.84194,1.50,1.50
2013.02.06 06:37:11.675,0.84162,0.84188,1.50,1.50
2013.02.06 06:37:12.191,0.84162,0.84188,1.50,1.50
2013.02.06 06:37:12.674,0.84157,0.84185,1.50,1.50
2013.02.06 06:37:12.854,0.84157,0.84186,1.50,1.50
2013.02.06 06:37:13.214,0.84155,0.84185,1.50,1.50
2013.02.06 06:37:13.454,0.84156,0.84185,2.25,1.50
2013.02.06 06:37:13.805,0.84156,0.84187,3.00,1.50
2013.02.06 06:37:14.387,0.84158,0.84187,1.50,1.50
2013.02.06 06:37:14.504,0.84164,0.84194,1.50,2.25
2013.02.06 06:37:14.784,0.84164,0.84194,1.50,1.50
2013.02.06 06:37:18.184,0.84164,0.84194,1.50,2.25
2013.02.06 06:37:18.464,0.84165,0.84194,1.13,2.25
2013.02.06 06:37:19.474,0.84166,0.84198,1.50,2.25
2013.02.06 06:37:20.326,0.84166,0.84198,1.88,2.25
2013.02.06 06:37:20.989,0.84163,0.84192,1.50,1.50
2013.02.06 06:37:21.316,0.84157,0.84185,1.88,1.50
2013.02.06 06:37:21.436,0.84159,0.84188,1.50,1.50
2013.02.06 06:37:21.555,0.8416,0.84189,1.50,1.50
2013.02.06 06:37:24.803,0.84162,0.84195,2.25,2.25
2013.02.06 06:37:25.135,0.84164,0.84195,1.50,1.50
2013.02.06 06:37:26.167,0.84167,0.84197,1.50,1.13
2013.02.06 06:37:26.737,0.84168,0.84198,1.50,1.50
2013.02.06 06:37:27.355,0.84167,0.84198,1.50,1.50
2013.02.06 06:37:27.687,0.84168,0.84199,1.50,1.50
2013.02.06 06:37:28.734,0.84167,0.84198,1.50,1.50
2013.02.06 06:37:29.591,0.84169,0.84198,1.50,1.50
2013.02.06 06:37:30.204,0.84166,0.84198,2.25,1.50
2013.02.06 06:37:30.264,0.84166,0.84195,2.25,1.50
2013.02.06 06:37:31.417,0.84166,0.84195,2.25,1.50
2013.02.06 06:37:39.779,0.84166,0.84195,1.50,1.50
2013.02.06 06:37:49.305,0.84164,0.84195,1.50,1.50
2013.02.06 06:37:49.424,0.84164,0.84193,1.50,1.50
2013.02.06 06:37:49.855,0.84162,0.84191,1.50,1.50
2013.02.06 06:37:50.394,0.84161,0.84191,1.50,1.50
2013.02.06 06:37:56.885,0.84162,0.84192,1.50,1.50
2013.02.06 06:37:59.694,0.84167,0.84194,1.50,1.50
2013.02.06 06:38:02.605,0.84167,0.84197,1.35,1.50
2013.02.06 06:38:02.964,0.84167,0.84195,1.50,1.50
2013.02.06 06:38:15.938,0.84163,0.84193,1.13,1.50
2013.02.06 06:38:27.720,0.84162,0.84191,2.25,1.50
2013.02.06 06:38:30.295,0.84162,0.84192,1.50,1.50
2013.02.06 06:38:36.126,0.84161,0.84192,1.50,1.50
2013.02.06 06:38:49.546,0.84162,0.84192,1.50,1.13
2013.02.06 06:38:49.885,0.84164,0.84193,1.50,1.50
2013.02.06 06:38:51.369,0.84164,0.84194,1.50,1.88
2013.02.06 06:39:29.172,0.84163,0.84194,1.50,1.88
2013.02.06 06:39:51.615,0.84162,0.84194,1.50,1.13
2013.02.06 06:39:59.274,0.84162,0.84194,1.50,1.13
2013.02.06 06:40:06.944,0.84162,0.84193,2.25,1.50
2013.02.06 06:40:07.004,0.84162,0.84191,2.25,1.50
2013.02.06 06:40:16.406,0.84162,0.84193,2.25,1.50
2013.02.06 06:40:16.524,0.84163,0.84194,1.50,1.50
2013.02.06 06:40:16.646,0.84167,0.84197,1.50,1.88
2013.02.06 06:40:24.314,0.84167,0.84198,1.50,1.50
2013.02.06 06:40:33.965,0.84167,0.84198,1.50,1.50
2013.02.06 06:40:34.468,0.84167,0.84198,1.50,1.50
2013.02.06 06:40:37.532,0.84167,0.84198,1.50,1.50
2013.02.06 06:40:42.425,0.84161,0.84192,1.88,1.50
2013.02.06 06:40:42.610,0.84162,0.84193,1.50,2.25
2013.02.06 06:40:42.915,0.84164,0.84193,1.50,2.25
2013.02.06 06:40:45.275,0.84162,0.84192,1.50,1.50
2013.02.06 06:40:45.937,0.84162,0.84192,1.50,1.50
2013.02.06 06:40:46.136,0.84162,0.84194,1.50,2.25
2013.02.06 06:40:46.229,0.84163,0.84194,1.50,2.25
2013.02.06 06:40:50.184,0.84166,0.84197,1.50,1.50
2013.02.06 06:40:50.304,0.84166,0.84198,1.50,1.50
2013.02.06 06:40:54.158,0.84166,0.84197,1.50,1.50
2013.02.06 06:40:54.476,0.84166,0.84195,1.50,1.50
2013.02.06 06:40:57.905,0.84164,0.84192,1.50,1.35
2013.02.06 06:40:57.965,0.8416,0.84191,1.50,2.25
2013.02.06 06:41:38.548,0.8416,0.84191,1.35,1.50
2013.02.06 06:41:39.255,0.84159,0.84188,1.13,1.50
2013.02.06 06:41:45.295,0.84159,0.84188,1.50,1.50
2013.02.06 06:41:45.415,0.84166,0.84194,1.50,1.50
2013.02.06 06:41:46.166,0.84166,0.84194,1.50,1.50
2013.02.06 06:41:49.352,0.84163,0.84192,1.50,1.35
2013.02.06 06:41:49.475,0.84165,0.84195,1.50,1.50
2013.02.06 06:41:49.595,0.84162,0.84195,1.50,1.50
2013.02.06 06:41:50.177,0.84162,0.84194,1.50,1.50
2013.02.06 06:41:51.427,0.84163,0.84194,1.50,1.50
2013.02.06 06:41:54.286,0.84162,0.84194,1.50,1.50
2013.02.06 06:41:59.270,0.84162,0.84193,1.50,1.50
2013.02.06 06:42:00.813,0.84162,0.84195,1.50,1.50
2013.02.06 06:42:00.906,0.84165,0.84195,1.50,1.50
2013.02.06 06:42:01.204,0.84161,0.84193,1.88,1.50
2013.02.06 06:42:03.305,0.84162,0.84193,1.13,1.50
2013.02.06 06:42:04.866,0.84163,0.84194,1.13,1.50
2013.02.06 06:42:06.249,0.84165,0.84196,1.50,2.25
2013.02.06 06:42:07.135,0.84168,0.84197,1.50,1.50
2013.02.06 06:42:10.415,0.8417,0.84199,1.50,1.50
2013.02.06 06:42:27.116,0.84167,0.84199,1.50,1.50
2013.02.06 06:43:08.426,0.84166,0.842,1.50,1.50
2013.02.06 06:43:27.785,0.84162,0.842,1.13,1.13
2013.02.06 06:43:29.245,0.84165,0.84194,1.50,1.50
2013.02.06 06:43:30.095,0.84165,0.84194,1.50,2.25
2013.02.06 06:43:33.175,0.84165,0.84194,1.50,1.50
2013.02.06 06:43:33.295,0.84172,0.84202,1.50,1.50
2013.02.06 06:43:33.425,0.84169,0.84198,1.50,2.25
2013.02.06 06:43:33.646,0.84169,0.84202,1.50,1.50
2013.02.06 06:43:33.885,0.84173,0.84202,1.50,1.50
2013.02.06 06:43:37.876,0.84172,0.84201,1.50,1.50
2013.02.06 06:43:38.506,0.84169,0.84198,1.50,1.50
2013.02.06 06:43:41.550,0.84167,0.84198,1.50,1.50
2013.02.06 06:43:41.665,0.84167,0.84197,1.50,1.50
2013.02.06 06:43:42.166,0.84164,0.84193,1.50,1.50
2013.02.06 06:43:42.225,0.84163,0.84193,1.88,1.50
2013.02.06 06:43:56.105,0.84162,0.84193,1.50,2.63
2013.02.06 06:43:56.225,0.8416,0.84191,1.50,1.50
2013.02.06 06:43:59.970,0.84153,0.84184,1.50,1.50
2013.02.06 06:44:00.095,0.84155,0.84185,1.13,2.25
2013.02.06 06:44:00.214,0.84156,0.84185,1.50,2.25
2013.02.06 06:44:01.077,0.84156,0.84184,1.50,1.50
2013.02.06 06:44:01.195,0.84151,0.84183,1.50,2.25
2013.02.06 06:44:01.435,0.84153,0.84183,1.50,1.50
2013.02.06 06:44:01.615,0.84152,0.84183,1.50,2.25
2013.02.06 06:44:01.941,0.84156,0.84184,1.50,2.25
2013.02.06 06:44:02.185,0.84151,0.84182,1.50,1.50
2013.02.06 06:44:02.486,0.84155,0.84183,1.50,1.50
2013.02.06 06:44:02.845,0.84152,0.84183,1.50,2.25
2013.02.06 06:44:02.965,0.84156,0.84183,1.50,1.50
2013.02.06 06:44:05.635,0.84154,0.84183,1.50,2.25
2013.02.06 06:44:05.695,0.84152,0.84182,1.88,1.50
2013.02.06 06:44:05.875,0.84154,0.84182,1.50,1.50
2013.02.06 06:44:06.115,0.84152,0.84183,1.50,1.50
2013.02.06 06:44:06.175,0.84152,0.84182,1.50,2.25
2013.02.06 06:44:06.475,0.84152,0.84183,1.50,1.50
2013.02.06 06:44:06.835,0.84152,0.84182,1.50,1.50
2013.02.06 06:44:06.895,0.84155,0.84184,1.50,1.50
2013.02.06 06:44:07.142,0.84151,0.84183,1.50,1.50
2013.02.06 06:44:07.205,0.84151,0.84181,1.50,1.50
2013.02.06 06:44:07.360,0.84151,0.84183,1.50,1.50
2013.02.06 06:44:07.485,0.84156,0.84183,1.50,1.50
2013.02.06 06:44:07.665,0.84151,0.84182,1.50,1.50
2013.02.06 06:44:07.855,0.84151,0.84183,1.50,1.50
2013.02.06 06:44:07.915,0.84156,0.84184,1.50,2.25
2013.02.06 06:44:08.095,0.84151,0.84182,1.50,1.50
2013.02.06 06:44:08.155,0.84151,0.84182,1.50,2.25
2013.02.06 06:44:08.475,0.84154,0.84184,1.50,2.25
2013.02.06 06:44:08.655,0.84152,0.84182,1.50,2.25
2013.02.06 06:44:08.955,0.84155,0.84183,1.50,1.50
2013.02.06 06:44:09.215,0.84152,0.84182,1.50,1.50
2013.02.06 06:44:09.415,0.84156,0.84183,1.50,1.50
2013.02.06 06:44:09.662,0.84151,0.84182,1.50,2.25
2013.02.06 06:44:11.107,0.84149,0.84179,1.50,1.50
2013.02.06 06:44:11.225,0.84148,0.84179,1.50,1.50
2013.02.06 06:44:29.172,0.84147,0.84178,1.50,2.25
2013.02.06 06:44:30.047,0.84147,0.84177,1.50,1.50
2013.02.06 06:44:32.925,0.84143,0.84174,1.50,1.50
2013.02.06 06:44:33.024,0.84143,0.84174,1.50,2.25
2013.02.06 06:44:33.205,0.84144,0.84174,1.50,2.25
2013.02.06 06:44:33.721,0.84141,0.84169,1.50,1.13
2013.02.06 06:44:34.036,0.84137,0.84169,2.25,1.13
2013.02.06 06:44:35.396,0.84137,0.84169,1.50,1.13
2013.02.06 06:44:35.455,0.84137,0.84166,1.50,1.50
2013.02.06 06:44:36.881,0.84132,0.84165,1.50,1.50
2013.02.06 06:44:37.099,0.84132,0.84168,1.50,2.25
2013.02.06 06:44:37.215,0.84136,0.84168,1.50,2.25
2013.02.06 06:44:38.862,0.84136,0.84167,1.50,1.50
2013.02.06 06:44:49.232,0.84136,0.84168,1.50,2.25
2013.02.06 06:44:50.547,0.84136,0.84171,2.25,1.13
2013.02.06 06:44:50.707,0.8414,0.84171,1.50,1.88
2013.02.06 06:44:51.185,0.84142,0.84174,1.50,1.50
2013.02.06 06:44:51.496,0.84142,0.84174,1.50,1.50
2013.02.06 06:44:51.855,0.84144,0.84176,1.50,3.00
2013.02.06 06:44:52.475,0.84141,0.84173,1.50,1.50
2013.02.06 06:44:56.985,0.84144,0.84175,1.50,1.50
2013.02.06 06:44:57.336,0.84141,0.84174,2.25,1.50
2013.02.06 06:44:57.455,0.84146,0.84175,1.50,1.50
2013.02.06 06:44:57.635,0.84142,0.84174,2.25,1.50
2013.02.06 06:44:57.946,0.84145,0.84175,1.50,1.50
2013.02.06 06:44:58.156,0.84142,0.84174,1.50,1.50
2013.02.06 06:44:58.435,0.84146,0.84176,1.50,1.50
2013.02.06 06:44:58.615,0.84143,0.84175,1.50,2.25
2013.02.06 06:44:58.926,0.84147,0.84176,1.50,2.25
2013.02.06 06:44:59.185,0.84142,0.84174,1.50,1.50
2013.02.06 06:44:59.425,0.84146,0.84175,1.50,1.50
2013.02.06 06:44:59.725,0.84142,0.84174,1.13,1.50
2013.02.06 06:44:59.975,0.84146,0.84175,1.50,1.50
2013.02.06 06:45:00.095,0.84145,0.84175,1.50,2.25
2013.02.06 06:45:00.215,0.84143,0.84175,1.50,2.25
2013.02.06 06:45:00.395,0.84147,0.84175,1.50,1.50
2013.02.06 06:45:00.648,0.84143,0.84175,1.50,1.50
2013.02.06 06:45:00.946,0.84147,0.84175,1.50,1.50
2013.02.06 06:45:03.636,0.84145,0.84176,1.50,1.50
2013.02.06 06:45:03.935,0.84141,0.84173,2.25,1.50
2013.02.06 06:45:04.059,0.84145,0.84174,1.50,1.50
2013.02.06 06:45:04.130,0.84146,0.84175,1.50,1.50
2013.02.06 06:45:04.810,0.84147,0.84176,1.50,2.63
2013.02.06 06:45:05.136,0.84145,0.84174,1.50,1.50
2013.02.06 06:45:05.435,0.84141,0.84172,2.25,1.50
2013.02.06 06:45:05.736,0.84145,0.84175,1.50,2.25
2013.02.06 06:45:06.106,0.84141,0.84171,1.50,1.50
2013.02.06 06:45:06.585,0.84141,0.84175,2.25,2.25
2013.02.06 06:45:06.645,0.84145,0.84175,1.50,1.50
2013.02.06 06:45:06.705,0.84145,0.84174,1.50,1.50
2013.02.06 06:45:06.965,0.84138,0.84169,1.50,1.13
2013.02.06 06:45:07.175,0.84139,0.84169,1.50,1.13
2013.02.06 06:45:07.235,0.84146,0.84172,1.50,1.50
2013.02.06 06:45:07.415,0.84141,0.84169,1.50,1.13
2013.02.06 06:45:07.605,0.84141,0.84169,1.50,1.13
2013.02.06 06:45:07.846,0.84142,0.84169,1.50,1.13
2013.02.06 06:45:08.395,0.8414,0.84168,1.50,1.50
2013.02.06 06:45:08.455,0.84138,0.84168,1.50,1.50
2013.02.06 06:45:10.327,0.84136,0.84169,1.50,1.88
2013.02.06 06:45:10.385,0.84141,0.84169,1.50,1.88
2013.02.06 06:45:17.806,0.84141,0.84172,1.50,1.50
2013.02.06 06:45:38.865,0.84145,0.84173,1.50,1.50
2013.02.06 06:45:39.176,0.84142,0.84174,1.50,1.50
2013.02.06 06:45:39.295,0.84142,0.84173,1.50,2.25
2013.02.06 06:45:50.588,0.84138,0.84169,1.50,1.50
2013.02.06 06:45:50.765,0.84137,0.84165,1.50,1.50
2013.02.06 06:45:50.826,0.84137,0.84165,2.25,1.50
2013.02.06 06:46:10.836,0.84137,0.84169,1.50,1.50
2013.02.06 06:46:11.550,0.84141,0.84171,1.50,1.50
2013.02.06 06:46:12.486,0.84141,0.84174,1.50,2.85
2013.02.06 06:46:13.536,0.84141,0.84172,1.50,1.50
2013.02.06 06:46:14.876,0.8414,0.8417,1.50,1.50
2013.02.06 06:46:20.715,0.84139,0.84167,1.50,1.50
2013.02.06 06:46:23.746,0.84136,0.84166,1.50,1.50
2013.02.06 06:46:23.956,0.84134,0.84164,1.50,1.50
2013.02.06 06:46:24.425,0.84131,0.84164,3.38,1.50
2013.02.06 06:46:24.666,0.84137,0.84165,1.50,1.50
2013.02.06 06:46:24.995,0.84132,0.84164,1.50,1.50
2013.02.06 06:46:25.504,0.84131,0.84166,3.38,1.50
2013.02.06 06:46:25.807,0.8414,0.84166,1.50,1.50
2013.02.06 06:46:26.198,0.84137,0.84167,1.50,1.50
2013.02.06 06:46:26.316,0.84137,0.84167,1.50,2.25
2013.02.06 06:46:26.675,0.84132,0.84163,2.25,1.50
2013.02.06 06:46:26.945,0.84135,0.84164,1.50,1.50
2013.02.06 06:46:27.186,0.84132,0.84165,1.50,1.50
2013.02.06 06:46:27.246,0.84132,0.84164,1.50,1.50
2013.02.06 06:46:27.306,0.84132,0.84165,1.50,1.50
2013.02.06 06:46:27.366,0.84136,0.84165,1.50,1.50
2013.02.06 06:46:27.886,0.84135,0.84164,1.50,1.50
2013.02.06 06:46:27.947,0.84131,0.84163,2.25,1.50
2013.02.06 06:46:28.148,0.84136,0.84165,1.50,2.25
2013.02.06 06:46:28.386,0.84132,0.84164,1.50,1.50
2013.02.06 06:46:28.446,0.84131,0.84162,1.50,1.50
2013.02.06 06:46:28.626,0.84135,0.84163,1.50,1.50
2013.02.06 06:46:28.946,0.84132,0.84161,1.50,1.50
2013.02.06 06:46:29.126,0.84133,0.84163,1.50,1.50
2013.02.06 06:46:29.386,0.84131,0.84164,2.25,1.50
2013.02.06 06:46:29.625,0.84134,0.84164,1.50,2.25
2013.02.06 06:46:29.987,0.84132,0.84162,1.50,2.25
2013.02.06 06:46:30.306,0.84134,0.84162,1.50,1.50
2013.02.06 06:46:30.666,0.84124,0.84146,1.50,1.50
2013.02.06 06:46:30.726,0.84118,0.84146,1.50,1.50
2013.02.06 06:46:30.846,0.84117,0.84146,1.13,1.50
2013.02.06 06:46:30.905,0.84119,0.8415,1.50,1.50
2013.02.06 06:46:30.965,0.84122,0.84153,1.50,1.50
2013.02.06 06:46:31.026,0.84123,0.84153,1.50,1.50
2013.02.06 06:46:31.859,0.84122,0.84154,1.50,2.25
2013.02.06 06:46:32.227,0.84121,0.8415,1.50,1.50
2013.02.06 06:46:34.496,0.84121,0.84149,1.88,1.50
2013.02.06 06:46:35.420,0.84121,0.8415,1.88,1.50
2013.02.06 06:46:36.189,0.84121,0.84149,1.50,1.50
2013.02.06 06:46:37.486,0.84121,0.84149,1.50,1.50
2013.02.06 06:46:37.696,0.84117,0.84145,2.63,1.50
2013.02.06 06:46:37.895,0.84118,0.84149,1.50,2.25
2013.02.06 06:46:38.077,0.84116,0.84145,1.88,1.50
2013.02.06 06:46:38.609,0.84116,0.84144,1.50,1.50
2013.02.06 06:46:38.916,0.84113,0.84137,1.13,1.50
2013.02.06 06:46:39.947,0.84108,0.84138,1.50,1.50
2013.02.06 06:46:44.944,0.84108,0.84138,1.50,1.50
2013.02.06 06:47:05.127,0.84108,0.84138,1.50,1.50
2013.02.06 06:47:23.286,0.84109,0.84137,1.50,1.50
2013.02.06 06:47:23.894,0.84108,0.8414,1.50,1.50
2013.02.06 06:47:29.265,0.84108,0.84139,1.50,1.50
2013.02.06 06:47:38.897,0.84108,0.84142,1.50,1.50
2013.02.06 06:47:39.404,0.84108,0.84142,1.50,1.50
2013.02.06 06:47:42.058,0.84108,0.84139,1.50,2.10
2013.02.06 06:47:42.467,0.84106,0.84136,1.50,2.10
2013.02.06 06:47:52.916,0.84104,0.84134,2.25,1.50
2013.02.06 06:48:05.198,0.84104,0.84134,2.25,1.50
2013.02.06 06:48:06.936,0.84111,0.84138,1.50,1.88
2013.02.06 06:48:07.614,0.84111,0.84138,1.50,1.50
2013.02.06 06:48:11.726,0.84111,0.84138,1.50,1.50
2013.02.06 06:48:17.806,0.84111,0.84139,1.50,1.50
2013.02.06 06:48:31.760,0.8411,0.8414,1.50,2.25
2013.02.06 06:48:33.216,0.84112,0.8414,1.50,1.50
2013.02.06 06:48:33.769,0.84109,0.84139,1.50,1.50
2013.02.06 06:49:14.376,0.84111,0.84139,1.50,1.50
2013.02.06 06:49:27.386,0.84106,0.84136,1.50,1.50
2013.02.06 06:49:27.446,0.84105,0.84133,1.50,1.50
2013.02.06 06:49:33.847,0.84104,0.84134,1.50,2.25
2013.02.06 06:49:36.176,0.84106,0.84137,1.50,1.50
2013.02.06 06:49:36.295,0.84105,0.84133,1.50,1.50
2013.02.06 06:49:44.646,0.84106,0.84138,1.13,2.85
2013.02.06 06:49:44.706,0.84112,0.84138,1.50,1.50
2013.02.06 06:49:47.565,0.84111,0.84139,1.50,2.25
2013.02.06 06:50:15.581,0.84116,0.84143,1.50,1.50
2013.02.06 06:50:15.717,0.84117,0.84146,1.50,1.13
2013.02.06 06:50:15.777,0.84117,0.84146,1.50,1.13
2013.02.06 06:50:15.955,0.84116,0.84144,1.50,1.50
2013.02.06 06:50:20.622,0.84114,0.84147,1.50,1.50
2013.02.06 06:50:20.688,0.84122,0.84152,1.50,1.50
2013.02.06 06:50:22.706,0.84126,0.84155,1.50,1.13
2013.02.06 06:50:31.357,0.84126,0.84154,1.50,1.50
2013.02.06 06:50:32.037,0.84125,0.84153,1.50,1.50
2013.02.06 06:50:40.305,0.84119,0.8415,1.50,2.10
2013.02.06 06:50:40.366,0.84118,0.84148,1.50,1.50
2013.02.06 06:50:40.726,0.8412,0.84148,1.50,2.25
2013.02.06 06:50:40.846,0.84116,0.84146,1.50,1.50
2013.02.06 06:50:41.026,0.84116,0.84145,1.50,1.50
2013.02.06 06:50:59.155,0.84116,0.84144,1.50,1.50
2013.02.06 06:51:06.876,0.84114,0.84144,1.50,1.50
2013.02.06 06:51:10.127,0.84115,0.84144,1.50,1.50
2013.02.06 06:51:13.116,0.84115,0.84144,1.50,1.50
2013.02.06 06:51:26.211,0.84116,0.84146,2.25,1.50
2013.02.06 06:51:35.895,0.84117,0.84149,2.25,1.50
2013.02.06 06:51:35.957,0.84118,0.8415,1.50,2.25
2013.02.06 06:51:36.567,0.84117,0.84149,2.25,1.50
2013.02.06 06:51:36.627,0.84117,0.84146,1.50,1.50
2013.02.06 06:51:39.227,0.84118,0.8415,1.50,1.50
2013.02.06 06:51:39.826,0.84117,0.8415,2.25,1.50
2013.02.06 06:51:40.186,0.84119,0.84148,1.50,1.50
2013.02.06 06:51:40.486,0.84116,0.84146,1.50,1.50
2013.02.06 06:51:43.617,0.84116,0.84148,1.50,1.50
2013.02.06 06:51:43.736,0.84118,0.84149,1.50,1.50
2013.02.06 06:51:44.118,0.84116,0.84149,1.50,1.50
2013.02.06 06:51:44.888,0.84116,0.84146,2.25,1.50
2013.02.06 06:51:45.147,0.84117,0.84146,1.35,1.50
2013.02.06 06:51:45.559,0.84121,0.84153,1.50,3.00
2013.02.06 06:51:46.207,0.84121,0.84153,1.50,2.25
2013.02.06 06:51:49.236,0.84124,0.84153,1.50,2.25
2013.02.06 06:51:50.334,0.84126,0.84153,1.50,1.50
2013.02.06 06:51:50.456,0.84126,0.84158,1.50,1.88
2013.02.06 06:51:50.664,0.84128,0.84158,1.50,1.50
2013.02.06 06:51:54.966,0.84124,0.84154,1.50,1.50
2013.02.06 06:52:03.216,0.84122,0.84153,1.50,1.50
2013.02.06 06:52:03.476,0.84121,0.84149,1.50,1.50
2013.02.06 06:52:04.029,0.8412,0.84149,1.50,1.50
2013.02.06 06:52:04.206,0.84118,0.84145,1.50,1.50
2013.02.06 06:52:04.926,0.84118,0.84145,1.50,1.50
2013.02.06 06:52:05.246,0.84116,0.84144,2.25,1.50
2013.02.06 06:52:06.659,0.84116,0.84144,1.50,1.50
2013.02.06 06:52:32.819,0.84116,0.84148,2.25,1.50
2013.02.06 06:52:32.936,0.84117,0.84149,1.50,2.25
2013.02.06 06:52:34.655,0.84117,0.84149,1.50,1.50
2013.02.06 06:52:41.637,0.84121,0.84153,1.50,2.48
2013.02.06 06:52:41.815,0.84121,0.84153,1.50,1.73
2013.02.06 06:52:45.103,0.84121,0.84153,1.50,1.50
2013.02.06 06:52:51.158,0.84119,0.84149,1.50,1.35
2013.02.06 06:53:13.917,0.84124,0.84154,1.50,2.25
2013.02.06 06:53:20.146,0.84124,0.84151,1.50,1.50
2013.02.06 06:53:20.357,0.84121,0.84154,1.50,2.25
2013.02.06 06:53:21.188,0.84124,0.84154,1.50,2.25
2013.02.06 06:53:40.156,0.84125,0.84154,1.50,1.88
2013.02.06 06:53:40.789,0.84127,0.84154,1.50,1.13
2013.02.06 06:53:41.640,0.84127,0.84156,1.50,1.50
2013.02.06 06:53:44.918,0.84127,0.84158,1.50,1.50
2013.02.06 06:53:54.446,0.84124,0.84156,1.50,2.10
2013.02.06 06:53:54.506,0.84124,0.84154,1.50,1.50
2013.02.06 06:53:55.143,0.84124,0.84156,2.10,1.50
2013.02.06 06:53:55.206,0.84126,0.84156,1.50,1.50
2013.02.06 06:53:55.747,0.84129,0.84156,1.50,1.50
2013.02.06 06:53:57.096,0.84129,0.84156,1.50,2.85
2013.02.06 06:54:01.278,0.84122,0.84153,1.50,1.50
2013.02.06 06:54:01.396,0.84122,0.84151,1.50,1.50
2013.02.06 06:54:02.353,0.84118,0.84149,1.73,1.50
2013.02.06 06:54:06.457,0.84115,0.84144,1.50,1.50
2013.02.06 06:54:08.877,0.84115,0.84144,1.50,1.50
2013.02.06 06:54:12.406,0.84113,0.8414,2.25,1.50
2013.02.06 06:54:27.510,0.84114,0.84143,1.50,2.25
2013.02.06 06:54:29.381,0.84115,0.84143,1.50,1.50
2013.02.06 06:54:31.196,0.84112,0.84143,1.50,1.50
2013.02.06 06:54:31.316,0.84115,0.84145,1.50,1.50
2013.02.06 06:54:37.938,0.8412,0.84147,1.50,2.10
2013.02.06 06:54:37.997,0.84121,0.84149,1.13,1.35
2013.02.06 06:54:38.956,0.84121,0.84148,1.13,1.50
2013.02.06 06:54:46.330,0.84117,0.84148,2.25,1.50
2013.02.06 06:54:47.271,0.84121,0.84149,1.50,1.50
2013.02.06 06:54:47.344,0.84126,0.84154,1.50,1.50
2013.02.06 06:55:00.080,0.84126,0.84156,1.50,1.50
2013.02.06 06:55:19.977,0.84123,0.84153,1.50,1.88
2013.02.06 06:55:20.104,0.84127,0.84155,1.50,1.50
2013.02.06 06:55:24.629,0.84127,0.84153,1.50,1.50
2013.02.06 06:55:24.687,0.84127,0.84152,1.50,1.50
2013.02.06 06:55:46.107,0.84121,0.84149,1.50,2.63
2013.02.06 06:55:48.447,0.84121,0.84152,1.50,1.88
2013.02.06 06:55:48.507,0.84125,0.84152,1.50,1.88
2013.02.06 06:55:50.537,0.84125,0.84154,1.50,2.25
2013.02.06 06:55:54.000,0.84123,0.84153,1.50,1.50
2013.02.06 06:55:55.677,0.84126,0.84155,1.50,1.88
2013.02.06 06:55:57.894,0.84126,0.84157,1.50,2.25
2013.02.06 06:55:57.977,0.84123,0.84157,2.48,2.25
2013.02.06 06:55:58.096,0.84123,0.84152,2.10,1.50
2013.02.06 06:55:58.216,0.84123,0.84149,1.35,2.25
2013.02.06 06:55:58.938,0.84119,0.84144,1.13,1.50
2013.02.06 06:55:59.146,0.84115,0.84144,2.10,2.25
2013.02.06 06:55:59.206,0.84114,0.84143,1.50,1.50
2013.02.06 06:56:02.078,0.84114,0.84144,1.13,2.25
2013.02.06 06:56:02.206,0.84114,0.84138,1.13,1.50
2013.02.06 06:56:02.952,0.84114,0.84138,1.13,2.25
2013.02.06 06:56:04.727,0.8411,0.84139,1.50,1.50
2013.02.06 06:56:15.056,0.84109,0.84138,1.13,1.50
2013.02.06 06:56:15.177,0.84108,0.84137,2.85,1.50
2013.02.06 06:56:15.502,0.84106,0.84135,1.50,1.50
2013.02.06 06:56:25.198,0.84109,0.84138,1.50,2.25
2013.02.06 06:56:26.122,0.84109,0.84138,1.50,1.50
2013.02.06 06:56:28.387,0.84114,0.84142,1.50,1.50
2013.02.06 06:56:28.747,0.84115,0.84141,1.50,1.50
2013.02.06 06:56:28.928,0.84115,0.84142,1.50,1.35
2013.02.06 06:56:29.148,0.84116,0.84143,1.50,1.50
2013.02.06 06:56:29.418,0.84115,0.84144,1.50,2.10
2013.02.06 06:56:29.477,0.84115,0.84144,1.50,1.50
2013.02.06 06:56:30.199,0.8412,0.84146,1.13,1.50
2013.02.06 06:56:30.589,0.84121,0.84148,1.50,1.50
2013.02.06 06:56:32.452,0.8412,0.84149,1.13,2.25
2013.02.06 06:56:32.577,0.84123,0.84149,1.50,1.50
2013.02.06 06:56:33.147,0.8412,0.84148,1.88,1.50
2013.02.06 06:56:33.652,0.8412,0.84149,1.88,1.50
2013.02.06 06:56:34.436,0.84125,0.84154,1.50,2.48
2013.02.06 06:56:39.558,0.84135,0.84162,1.50,1.35
2013.02.06 06:56:39.885,0.84137,0.84165,1.50,1.35
2013.02.06 06:56:42.168,0.84136,0.84164,1.88,1.73
2013.02.06 06:56:42.407,0.84137,0.84165,1.50,1.73
2013.02.06 06:56:42.527,0.84137,0.84165,1.50,1.73
2013.02.06 06:56:42.697,0.84137,0.84165,1.50,2.48
2013.02.06 06:56:42.757,0.84136,0.84163,1.88,1.73
2013.02.06 06:56:44.487,0.84136,0.84163,1.50,1.73
2013.02.06 06:56:44.827,0.84133,0.84159,1.88,1.73
2013.02.06 06:56:44.957,0.84133,0.84163,1.88,2.48
2013.02.06 06:56:45.417,0.84133,0.84158,1.13,2.48
2013.02.06 06:56:45.927,0.84127,0.84157,1.50,1.73
2013.02.06 06:56:46.128,0.84128,0.84157,1.13,1.73
2013.02.06 06:56:46.187,0.84129,0.84158,1.50,1.73
2013.02.06 06:56:46.467,0.84127,0.84157,1.50,1.73
2013.02.06 06:56:46.527,0.84127,0.84157,1.50,1.73
2013.02.06 06:56:46.838,0.84128,0.84157,1.13,1.73
2013.02.06 06:56:46.898,0.84127,0.84157,1.50,2.48
2013.02.06 06:56:46.957,0.84127,0.84157,1.50,2.48
2013.02.06 06:56:47.358,0.8413,0.84158,1.50,1.73
2013.02.06 06:56:47.477,0.84127,0.84153,1.50,1.73
2013.02.06 06:56:47.717,0.84129,0.84159,1.50,2.85
2013.02.06 06:56:47.897,0.84127,0.84156,1.50,1.73
2013.02.06 06:56:47.957,0.84127,0.84156,1.50,1.73
2013.02.06 06:56:48.387,0.84129,0.84158,1.50,1.73
2013.02.06 06:56:48.448,0.84127,0.84154,1.50,1.73
2013.02.06 06:56:48.582,0.84127,0.84154,1.50,1.73
2013.02.06 06:56:48.887,0.84127,0.84155,1.13,1.73
2013.02.06 06:56:48.947,0.84127,0.84156,1.13,1.73
2013.02.06 06:56:49.277,0.84128,0.84158,1.50,2.48
2013.02.06 06:56:49.457,0.84127,0.84158,1.88,2.48
2013.02.06 06:56:49.517,0.84127,0.84154,1.88,1.73
2013.02.06 06:56:49.681,0.84127,0.84155,1.88,2.48
2013.02.06 06:56:49.928,0.84122,0.8415,1.50,1.50
2013.02.06 06:56:50.258,0.84124,0.84154,1.50,2.85
2013.02.06 06:56:50.317,0.84124,0.84154,1.73,2.85
2013.02.06 06:56:50.377,0.84124,0.84154,1.73,2.85
2013.02.06 06:56:50.687,0.84125,0.84153,1.50,1.50
2013.02.06 06:56:51.109,0.84126,0.8415,1.50,1.50
2013.02.06 06:56:51.169,0.84127,0.84154,1.50,2.70
2013.02.06 06:56:51.287,0.84127,0.84154,1.50,2.70
2013.02.06 06:56:51.417,0.84124,0.84154,1.73,3.45
2013.02.06 06:56:51.737,0.84124,0.84154,1.73,3.23
2013.02.06 06:56:52.079,0.84123,0.84149,1.50,1.50
2013.02.06 06:56:52.969,0.84125,0.84153,1.50,2.48
2013.02.06 06:56:53.487,0.84126,0.84153,1.50,1.73
2013.02.06 06:56:53.546,0.84126,0.84153,1.50,1.50
2013.02.06 06:56:53.667,0.84125,0.84152,1.50,1.73
2013.02.06 06:56:53.868,0.84125,0.84153,1.50,1.73
2013.02.06 06:56:53.987,0.84125,0.84154,1.50,2.10
2013.02.06 06:56:54.227,0.84125,0.84153,1.50,2.85
2013.02.06 06:56:54.370,0.84125,0.84153,1.50,2.85
2013.02.06 06:56:54.488,0.84126,0.84153,1.50,1.88
2013.02.06 06:56:54.638,0.84125,0.84152,1.50,1.50
2013.02.06 06:56:54.877,0.84122,0.84153,1.73,1.88
2013.02.06 06:56:55.227,0.84125,0.84153,1.50,2.85
2013.02.06 06:56:56.055,0.84123,0.84148,1.50,1.35
2013.02.06 06:56:56.247,0.8412,0.84147,1.50,1.35
2013.02.06 06:56:56.309,0.84118,0.84146,1.88,1.73
2013.02.06 06:56:58.338,0.84118,0.84147,1.50,1.58
2013.02.06 06:56:58.399,0.84118,0.84147,1.50,1.58
2013.02.06 06:57:04.807,0.84123,0.84153,1.50,2.85
2013.02.06 06:57:18.437,0.84121,0.84148,1.50,1.50
2013.02.06 06:57:18.497,0.84121,0.84148,1.50,1.73
2013.02.06 06:57:18.802,0.84123,0.84152,1.50,1.73
2013.02.06 06:57:24.187,0.8412,0.84149,1.50,2.48
2013.02.06 06:57:30.641,0.84124,0.84151,1.13,1.73
2013.02.06 06:57:30.827,0.84124,0.84152,1.88,1.73
2013.02.06 06:57:31.027,0.84124,0.84152,2.10,1.50
2013.02.06 06:57:31.087,0.84124,0.84151,1.35,1.50
2013.02.06 06:57:31.207,0.84124,0.84149,1.35,1.50
2013.02.06 06:57:34.893,0.84119,0.84149,1.73,2.48
2013.02.06 06:57:49.195,0.84118,0.84149,1.73,2.85
2013.02.06 06:57:51.413,0.84118,0.84148,1.73,1.50
2013.02.06 06:57:53.240,0.84118,0.84148,1.50,1.73
2013.02.06 06:58:21.827,0.84118,0.84146,1.50,1.73
2013.02.06 06:58:21.962,0.84118,0.84146,1.50,1.73
2013.02.06 06:58:26.417,0.84114,0.84142,1.50,1.73
2013.02.06 06:58:26.479,0.84114,0.84142,1.50,1.73
2013.02.06 06:58:29.050,0.84106,0.84136,1.35,1.58
2013.02.06 06:58:29.408,0.84106,0.84136,1.35,1.58
2013.02.06 06:58:29.918,0.84106,0.84136,1.35,1.58
2013.02.06 06:58:30.239,0.84106,0.84133,1.13,1.73
2013.02.06 06:58:30.418,0.841,0.84129,1.73,1.50
2013.02.06 06:58:30.717,0.84101,0.84124,1.13,2.48
2013.02.06 06:58:30.958,0.84096,0.84121,1.50,1.50
2013.02.06 06:58:31.137,0.84098,0.84123,1.50,1.73
2013.02.06 06:58:31.317,0.84094,0.84123,1.50,1.73
2013.02.06 06:58:31.377,0.84093,0.84123,1.13,1.73
2013.02.06 06:58:31.498,0.84093,0.84122,1.88,1.73
2013.02.06 06:58:31.678,0.84091,0.84119,1.13,1.73
2013.02.06 06:58:31.868,0.84092,0.84119,1.13,1.73
2013.02.06 06:58:31.927,0.84093,0.84119,1.13,1.73
2013.02.06 06:58:34.149,0.84092,0.84119,1.50,1.73
2013.02.06 06:58:35.175,0.8409,0.84116,1.13,1.73
2013.02.06 06:59:35.010,0.84085,0.84119,1.13,2.48
2013.02.06 06:59:42.427,0.84084,0.84111,1.13,1.50
2013.02.06 06:59:42.487,0.84081,0.84109,1.73,1.50
2013.02.06 06:59:42.547,0.8408,0.84104,1.13,1.50
2013.02.06 06:59:42.608,0.8408,0.84104,1.13,1.50
2013.02.06 06:59:42.930,0.84077,0.84101,1.50,1.73
2013.02.06 06:59:43.107,0.8407,0.84099,1.50,1.73
2013.02.06 06:59:43.167,0.8407,0.84097,1.50,1.32
2013.02.06 06:59:43.287,0.84067,0.84091,1.50,1.73
2013.02.06 06:59:44.050,0.84063,0.84091,1.50,1.73
2013.02.06 06:59:51.638,0.84061,0.84088,1.50,1.73
2013.02.06 06:59:51.897,0.8406,0.84085,2.25,1.73
2013.02.06 06:59:52.298,0.84054,0.84085,1.88,1.73
2013.02.06 06:59:54.337,0.84052,0.84082,1.50,1.73
2013.02.06 06:59:54.477,0.84051,0.84079,2.63,1.73
2013.02.06 06:59:54.857,0.84051,0.8408,1.88,1.58
2013.02.06 06:59:54.977,0.84052,0.8408,1.50,1.58
2013.02.06 06:59:55.420,0.84056,0.84084,1.50,2.10
2013.02.06 06:59:55.927,0.84057,0.84086,1.88,1.73
2013.02.06 06:59:57.438,0.8406,0.84089,1.50,1.50
2013.02.06 06:59:57.498,0.84061,0.84089,1.50,1.50
2013.02.06 06:59:57.829,0.84061,0.84089,1.50,1.73
2013.02.06 06:59:58.197,0.84063,0.84092,2.25,3.60
2013.02.06 06:59:58.558,0.84062,0.8409,1.50,1.73
2013.02.06 06:59:59.508,0.84062,0.8409,1.13,1.73
2013.02.06 06:59:59.817,0.8406,0.8408,1.50,1.50
2013.02.06 06:59:59.937,0.84062,0.84083,1.13,2.25
