2013.06.27 18:00:00.285,0.81588,0.81617,1.50,1.69
2013.06.27 18:00:00.644,0.81591,0.81623,1.50,1.54
2013.06.27 18:00:00.884,0.81591,0.8162,1.69,2.29
2013.06.27 18:00:01.404,0.81591,0.81618,1.69,1.35
2013.06.27 18:00:04.798,0.81588,0.81617,1.50,1.54
2013.06.27 18:00:07.105,0.81586,0.81616,1.69,1.54
2013.06.27 18:00:07.465,0.81585,0.81614,1.50,1.69
2013.06.27 18:00:10.165,0.81585,0.8161,1.50,2.29
2013.06.27 18:00:10.665,0.81583,0.81615,2.44,1.69
2013.06.27 18:00:10.905,0.81583,0.81615,1.69,1.69
2013.06.27 18:00:11.905,0.81581,0.81614,2.44,1.69
2013.06.27 18:00:12.695,0.81581,0.81609,2.44,1.35
2013.06.27 18:00:13.304,0.81581,0.81609,2.44,1.35
2013.06.27 18:00:13.901,0.81581,0.81609,2.44,1.35
2013.06.27 18:00:14.945,0.81581,0.81609,1.69,1.54
2013.06.27 18:00:15.394,0.81584,0.8161,1.13,2.29
2013.06.27 18:00:15.454,0.81584,0.81616,2.67,1.69
2013.06.27 18:00:15.634,0.81587,0.81616,1.50,1.69
2013.06.27 18:00:15.694,0.81585,0.81613,1.69,3.04
2013.06.27 18:00:16.035,0.81582,0.81612,1.69,1.54
2013.06.27 18:00:20.185,0.81581,0.81609,1.69,2.29
2013.06.27 18:00:20.306,0.81576,0.81608,1.69,1.69
2013.06.27 18:00:21.485,0.81576,0.81607,1.69,2.44
2013.06.27 18:00:21.664,0.81574,0.81603,2.07,3.60
2013.06.27 18:00:21.784,0.81574,0.81602,1.13,1.54
2013.06.27 18:00:24.965,0.8157,0.81603,1.69,4.17
2013.06.27 18:00:26.944,0.81573,0.81603,1.69,4.17
2013.06.27 18:00:34.454,0.81575,0.81608,1.69,2.07
2013.06.27 18:00:35.964,0.81575,0.81606,2.44,1.69
2013.06.27 18:00:41.477,0.81573,0.81606,1.69,1.69
2013.06.27 18:00:43.081,0.81576,0.81607,1.69,2.07
2013.06.27 18:00:44.884,0.81573,0.81606,1.69,1.69
2013.06.27 18:00:49.604,0.81576,0.81607,1.69,2.44
2013.06.27 18:00:51.624,0.81575,0.81606,1.69,1.69
2013.06.27 18:01:02.845,0.81576,0.81606,1.69,1.32
2013.06.27 18:01:10.174,0.81574,0.81604,1.69,2.10
2013.06.27 18:01:10.294,0.81574,0.81602,1.69,2.10
2013.06.27 18:01:11.894,0.81571,0.81599,1.69,1.35
2013.06.27 18:01:12.014,0.81568,0.81599,1.69,1.54
2013.06.27 18:01:12.981,0.81569,0.81599,1.69,1.54
2013.06.27 18:01:18.401,0.81567,0.81599,1.69,2.67
2013.06.27 18:01:18.704,0.81567,0.81598,1.69,1.69
2013.06.27 18:01:21.164,0.81564,0.81598,1.69,3.19
2013.06.27 18:01:21.448,0.81564,0.81596,1.69,1.32
2013.06.27 18:01:22.922,0.81565,0.81594,1.69,1.13
2013.06.27 18:01:25.428,0.81564,0.81595,1.69,1.69
2013.06.27 18:01:26.954,0.81565,0.81596,1.69,1.32
2013.06.27 18:01:27.014,0.81565,0.81593,1.69,2.10
2013.06.27 18:01:30.754,0.81565,0.81594,1.69,1.32
2013.06.27 18:01:37.374,0.81565,0.81597,1.69,2.07
2013.06.27 18:01:46.198,0.81564,0.81594,1.69,1.32
2013.06.27 18:01:49.207,0.81565,0.81595,1.69,1.32
2013.06.27 18:01:52.025,0.81565,0.81594,1.69,1.32
2013.06.27 18:01:58.139,0.81563,0.81594,1.69,2.07
2013.06.27 18:02:03.258,0.81562,0.81594,1.69,2.44
2013.06.27 18:02:06.725,0.81565,0.81594,1.69,1.69
2013.06.27 18:02:08.422,0.81566,0.81594,1.69,1.69
2013.06.27 18:02:08.545,0.81567,0.81598,1.69,2.07
2013.06.27 18:02:08.665,0.81569,0.81601,1.32,1.69
2013.06.27 18:02:09.114,0.81574,0.81609,1.69,3.04
2013.06.27 18:02:09.695,0.81579,0.81608,1.69,1.17
2013.06.27 18:02:10.249,0.81576,0.81608,1.69,1.17
2013.06.27 18:02:10.406,0.81572,0.81608,1.32,2.29
2013.06.27 18:02:10.764,0.8157,0.81599,1.69,1.69
2013.06.27 18:02:12.843,0.81573,0.81599,1.69,1.50
2013.06.27 18:02:13.901,0.81573,0.81599,1.69,2.25
2013.06.27 18:02:15.104,0.81573,0.81599,1.69,1.50
2013.06.27 18:02:15.766,0.81574,0.81603,1.69,1.69
2013.06.27 18:02:18.075,0.81577,0.81605,1.69,1.50
2013.06.27 18:02:20.544,0.81577,0.81602,1.69,1.50
2013.06.27 18:02:23.694,0.81576,0.81602,2.44,1.50
2013.06.27 18:02:26.024,0.81578,0.81606,1.69,1.69
2013.06.27 18:02:27.584,0.81578,0.81607,1.69,1.69
2013.06.27 18:02:27.764,0.81584,0.81613,1.69,3.00
2013.06.27 18:02:27.884,0.81584,0.81611,1.69,1.13
2013.06.27 18:02:38.894,0.81581,0.81609,1.69,1.13
2013.06.27 18:02:40.909,0.81581,0.81608,1.69,1.13
2013.06.27 18:02:41.700,0.8158,0.81608,1.69,1.32
2013.06.27 18:02:46.217,0.81577,0.81608,1.69,1.32
2013.06.27 18:02:50.235,0.81579,0.81606,1.69,1.13
2013.06.27 18:02:51.684,0.81581,0.81606,1.69,1.13
2013.06.27 18:02:58.935,0.8158,0.81606,1.69,1.13
2013.06.27 18:03:02.584,0.8158,0.81609,1.69,1.13
2013.06.27 18:03:03.124,0.81585,0.8161,1.50,1.50
2013.06.27 18:03:04.034,0.81584,0.81614,1.69,2.07
2013.06.27 18:03:09.037,0.81585,0.81615,1.69,1.32
2013.06.27 18:03:09.554,0.81587,0.81615,2.44,1.50
2013.06.27 18:03:10.205,0.81591,0.81618,1.69,1.13
2013.06.27 18:03:10.366,0.81592,0.81621,2.44,1.50
2013.06.27 18:03:10.634,0.81592,0.81623,2.44,1.50
2013.06.27 18:03:10.694,0.81594,0.81626,1.69,2.07
2013.06.27 18:03:12.265,0.81597,0.81626,1.69,2.07
2013.06.27 18:03:21.694,0.81597,0.81628,1.69,1.69
2013.06.27 18:03:21.914,0.81599,0.81629,1.69,1.69
2013.06.27 18:03:22.585,0.81601,0.81632,1.69,1.32
2013.06.27 18:03:26.514,0.81598,0.81629,1.69,1.69
2013.06.27 18:03:26.574,0.81596,0.81624,1.69,2.25
2013.06.27 18:03:26.705,0.81595,0.81624,1.69,2.25
2013.06.27 18:03:27.260,0.81593,0.81624,1.69,3.00
2013.06.27 18:03:31.644,0.81594,0.81624,1.69,2.07
2013.06.27 18:03:37.227,0.81595,0.81624,1.69,2.44
2013.06.27 18:03:43.069,0.81595,0.81622,1.69,1.32
2013.06.27 18:03:47.448,0.81593,0.81622,1.69,1.32
2013.06.27 18:03:47.884,0.81591,0.81622,1.69,1.69
2013.06.27 18:03:51.966,0.81591,0.8162,1.69,1.88
2013.06.27 18:03:53.005,0.81591,0.8162,1.69,2.07
2013.06.27 18:03:54.585,0.8159,0.8162,1.69,2.07
2013.06.27 18:03:58.886,0.81591,0.81619,1.69,1.69
2013.06.27 18:04:00.597,0.81591,0.81617,1.69,1.13
2013.06.27 18:04:01.824,0.81594,0.81622,1.69,1.13
2013.06.27 18:04:01.944,0.81594,0.81622,1.69,1.13
2013.06.27 18:04:02.556,0.81596,0.81624,1.69,2.25
2013.06.27 18:04:03.764,0.81596,0.81626,1.69,1.32
2013.06.27 18:04:04.295,0.81598,0.81626,1.69,1.32
2013.06.27 18:04:05.305,0.81598,0.81626,1.69,1.32
2013.06.27 18:04:13.205,0.81596,0.81626,1.69,2.44
2013.06.27 18:04:16.194,0.81595,0.81625,1.69,1.32
2013.06.27 18:04:27.182,0.81596,0.81625,1.69,2.44
2013.06.27 18:04:28.263,0.81593,0.81625,1.69,2.44
2013.06.27 18:04:29.325,0.81594,0.81625,1.69,3.19
2013.06.27 18:04:30.195,0.81592,0.81623,1.69,1.69
2013.06.27 18:04:30.314,0.81589,0.8162,1.32,1.69
2013.06.27 18:04:30.994,0.81589,0.81619,1.32,1.32
2013.06.27 18:04:31.235,0.81591,0.81619,1.69,1.13
2013.06.27 18:04:31.832,0.81595,0.8162,1.69,1.50
2013.06.27 18:04:31.901,0.81595,0.81624,1.69,1.69
2013.06.27 18:04:42.204,0.81595,0.81624,1.69,1.69
2013.06.27 18:04:51.295,0.81594,0.81626,1.69,1.32
2013.06.27 18:04:57.824,0.81595,0.81625,1.69,1.69
2013.06.27 18:04:57.884,0.81594,0.81625,1.69,1.69
2013.06.27 18:05:01.022,0.81592,0.81621,2.44,1.32
2013.06.27 18:05:04.644,0.81592,0.81621,2.44,1.13
2013.06.27 18:05:04.705,0.81595,0.81623,1.69,2.44
2013.06.27 18:05:05.335,0.81595,0.81625,1.69,1.32
2013.06.27 18:05:06.494,0.81596,0.81625,1.69,1.13
2013.06.27 18:05:14.494,0.81597,0.81626,1.69,1.54
2013.06.27 18:05:15.634,0.81597,0.81623,1.69,1.50
2013.06.27 18:05:15.795,0.81593,0.81623,1.69,1.69
2013.06.27 18:05:16.043,0.81593,0.8162,1.69,1.50
2013.06.27 18:05:16.164,0.81588,0.81618,1.69,1.13
2013.06.27 18:05:16.225,0.81589,0.81618,1.69,1.32
2013.06.27 18:05:16.864,0.81589,0.81618,1.69,2.07
2013.06.27 18:05:21.974,0.81586,0.81614,1.69,1.50
2013.06.27 18:05:22.194,0.81586,0.81615,1.69,1.32
2013.06.27 18:05:22.885,0.81582,0.81615,1.69,2.07
2013.06.27 18:05:22.945,0.81582,0.81614,1.69,1.69
2013.06.27 18:05:23.499,0.81582,0.81615,1.69,2.07
2013.06.27 18:05:25.905,0.81582,0.81614,1.69,1.69
2013.06.27 18:05:26.144,0.81583,0.81614,1.69,1.69
2013.06.27 18:05:27.803,0.81585,0.81615,1.69,1.32
2013.06.27 18:05:29.555,0.81587,0.81615,1.69,1.32
2013.06.27 18:05:29.615,0.81582,0.81614,1.69,1.69
2013.06.27 18:05:29.916,0.81582,0.81608,1.69,1.50
2013.06.27 18:05:30.035,0.81577,0.81608,1.69,1.50
2013.06.27 18:05:33.355,0.81578,0.81608,1.69,1.92
2013.06.27 18:05:33.414,0.81578,0.81608,1.69,1.17
2013.06.27 18:05:33.475,0.81581,0.81609,1.69,2.48
2013.06.27 18:05:33.901,0.81578,0.8161,1.69,2.44
2013.06.27 18:05:34.024,0.8158,0.8161,1.69,2.44
2013.06.27 18:05:41.906,0.81583,0.81608,1.69,1.50
2013.06.27 18:05:45.025,0.81581,0.81609,1.69,1.13
2013.06.27 18:05:54.008,0.81582,0.81611,1.32,1.69
2013.06.27 18:05:57.815,0.81582,0.81613,1.32,1.32
2013.06.27 18:06:01.625,0.81582,0.81611,1.32,1.32
2013.06.27 18:06:03.484,0.81582,0.81611,1.32,1.32
2013.06.27 18:06:09.155,0.81582,0.81612,1.32,1.69
2013.06.27 18:06:27.188,0.81581,0.8161,2.07,1.32
2013.06.27 18:06:31.155,0.81581,0.81607,2.07,2.10
2013.06.27 18:06:31.515,0.81581,0.81611,1.32,1.69
2013.06.27 18:06:31.574,0.81581,0.81611,1.32,1.69
2013.06.27 18:06:34.944,0.81581,0.8161,1.13,1.69
2013.06.27 18:06:35.185,0.81577,0.81609,2.44,2.44
2013.06.27 18:06:36.716,0.81576,0.81605,1.69,1.69
2013.06.27 18:06:41.525,0.81577,0.81605,1.69,1.50
2013.06.27 18:06:43.034,0.81577,0.81605,1.69,1.50
2013.06.27 18:06:43.214,0.8158,0.81609,1.69,1.50
2013.06.27 18:06:43.274,0.81581,0.81609,1.69,1.50
2013.06.27 18:06:44.015,0.81581,0.81609,1.69,1.50
2013.06.27 18:06:44.455,0.81583,0.81612,1.69,1.69
2013.06.27 18:06:44.635,0.81582,0.81613,1.69,2.07
2013.06.27 18:06:56.586,0.81583,0.81614,1.69,2.82
2013.06.27 18:06:59.974,0.81583,0.81615,1.69,2.82
2013.06.27 18:07:00.035,0.81584,0.81615,1.69,2.82
2013.06.27 18:07:00.156,0.81587,0.81615,1.69,1.88
2013.06.27 18:07:00.276,0.81589,0.81618,1.32,1.50
2013.06.27 18:07:02.185,0.81591,0.81621,1.69,1.32
2013.06.27 18:07:03.394,0.81591,0.81619,2.07,1.69
2013.06.27 18:07:03.515,0.81591,0.81617,1.32,1.50
2013.06.27 18:07:07.856,0.81586,0.81615,1.69,1.50
2013.06.27 18:07:13.544,0.81586,0.81614,1.69,1.50
2013.06.27 18:07:15.284,0.81586,0.81614,1.69,1.50
2013.06.27 18:07:19.174,0.81589,0.81614,1.32,1.50
2013.06.27 18:07:19.355,0.8159,0.8162,1.69,1.50
2013.06.27 18:07:20.018,0.8159,0.81622,1.69,1.50
2013.06.27 18:07:20.556,0.8159,0.81622,1.69,1.50
2013.06.27 18:07:22.877,0.81595,0.81622,1.13,1.69
2013.06.27 18:07:30.587,0.81592,0.8162,1.69,1.69
2013.06.27 18:07:30.704,0.8159,0.81619,1.32,1.69
2013.06.27 18:07:33.414,0.8159,0.81619,1.32,1.69
2013.06.27 18:07:39.234,0.81589,0.81619,2.07,1.69
2013.06.27 18:07:41.575,0.81591,0.81619,2.44,1.69
2013.06.27 18:07:44.474,0.81591,0.81619,1.32,1.69
2013.06.27 18:07:45.455,0.81591,0.81619,1.13,1.69
2013.06.27 18:07:46.794,0.81591,0.81619,1.13,2.44
2013.06.27 18:07:47.756,0.81591,0.81619,1.13,2.44
2013.06.27 18:07:50.164,0.81591,0.81619,1.13,2.44
2013.06.27 18:07:51.136,0.81589,0.81619,1.32,1.69
2013.06.27 18:07:55.296,0.81589,0.81619,1.32,2.44
2013.06.27 18:07:56.209,0.81589,0.81619,2.07,2.44
2013.06.27 18:08:02.116,0.81589,0.81619,1.32,3.19
2013.06.27 18:08:02.174,0.81587,0.81619,2.07,2.44
2013.06.27 18:08:02.487,0.81589,0.81622,1.32,2.44
2013.06.27 18:08:02.725,0.81589,0.81619,1.32,1.69
2013.06.27 18:08:03.459,0.81592,0.81619,1.50,1.69
2013.06.27 18:08:03.575,0.81592,0.81619,1.50,1.69
2013.06.27 18:08:04.810,0.81592,0.81619,1.69,1.69
2013.06.27 18:08:06.085,0.81591,0.81619,1.69,1.69
2013.06.27 18:08:06.205,0.8159,0.81619,1.32,1.69
2013.06.27 18:08:06.444,0.81592,0.81621,1.32,2.44
2013.06.27 18:08:06.645,0.8159,0.81621,1.32,2.44
2013.06.27 18:08:06.884,0.81592,0.81621,1.32,1.69
2013.06.27 18:08:07.250,0.8159,0.81615,1.32,1.50
2013.06.27 18:08:07.434,0.81592,0.81621,1.32,2.44
2013.06.27 18:08:07.636,0.81591,0.8162,1.32,1.69
2013.06.27 18:08:08.845,0.81591,0.81619,1.69,1.69
2013.06.27 18:08:13.454,0.8159,0.81619,2.07,1.69
2013.06.27 18:08:13.694,0.8159,0.81619,1.32,1.69
2013.06.27 18:08:13.895,0.8159,0.81617,2.07,1.35
2013.06.27 18:08:14.084,0.8159,0.81619,2.07,1.69
2013.06.27 18:08:24.971,0.81591,0.81619,1.69,1.69
2013.06.27 18:08:26.395,0.8159,0.81619,1.69,1.50
2013.06.27 18:08:30.317,0.81591,0.81619,2.07,1.50
2013.06.27 18:08:33.698,0.81591,0.81619,1.32,1.69
2013.06.27 18:08:37.604,0.8159,0.81619,1.32,1.69
2013.06.27 18:08:41.618,0.8159,0.81619,1.32,1.69
2013.06.27 18:08:45.228,0.81591,0.81619,1.69,1.50
2013.06.27 18:08:53.556,0.81591,0.81619,2.44,1.50
2013.06.27 18:08:56.849,0.81592,0.81619,1.69,1.69
2013.06.27 18:08:59.498,0.8159,0.81619,1.69,2.07
2013.06.27 18:08:59.615,0.81588,0.81614,1.32,1.35
2013.06.27 18:08:59.679,0.81587,0.81614,1.69,1.35
2013.06.27 18:08:59.738,0.81586,0.81614,1.69,1.35
2013.06.27 18:09:00.535,0.81586,0.81613,1.50,1.35
2013.06.27 18:09:01.188,0.81582,0.81613,1.69,1.35
2013.06.27 18:09:03.900,0.81586,0.81613,1.13,1.54
2013.06.27 18:09:04.137,0.81586,0.81608,1.13,2.10
2013.06.27 18:09:04.375,0.81586,0.81612,1.13,2.29
2013.06.27 18:09:04.879,0.81587,0.8161,1.13,1.35
2013.06.27 18:09:05.284,0.81587,0.8161,1.13,1.35
2013.06.27 18:09:05.345,0.8159,0.81614,1.50,1.54
2013.06.27 18:09:05.884,0.81587,0.81614,1.32,1.35
2013.06.27 18:09:06.734,0.81585,0.81612,1.69,1.32
2013.06.27 18:09:10.137,0.81585,0.81608,1.69,2.10
2013.06.27 18:09:11.296,0.81583,0.81608,1.69,2.10
2013.06.27 18:09:11.866,0.81581,0.81608,2.07,2.10
2013.06.27 18:09:11.927,0.81581,0.81609,2.07,2.10
2013.06.27 18:09:11.986,0.81581,0.81609,2.07,2.10
2013.06.27 18:09:12.175,0.81581,0.81609,1.32,2.29
2013.06.27 18:09:14.947,0.81581,0.81609,1.32,1.54
2013.06.27 18:09:15.006,0.81583,0.81613,1.69,1.69
2013.06.27 18:09:15.245,0.81586,0.81617,1.13,1.69
2013.06.27 18:09:15.305,0.81588,0.81617,1.32,1.69
2013.06.27 18:09:15.386,0.81589,0.81618,1.69,1.69
2013.06.27 18:09:15.504,0.81592,0.8162,1.69,2.63
2013.06.27 18:09:25.328,0.81592,0.81615,1.69,2.10
2013.06.27 18:09:27.004,0.81586,0.81614,2.07,1.35
2013.06.27 18:09:33.188,0.81586,0.81614,2.07,1.35
2013.06.27 18:09:34.995,0.81587,0.81614,1.32,1.35
2013.06.27 18:09:38.000,0.81587,0.81614,1.32,1.35
2013.06.27 18:09:40.010,0.81587,0.81614,1.32,1.35
2013.06.27 18:09:40.167,0.81589,0.81618,1.69,1.50
2013.06.27 18:09:40.225,0.81589,0.81619,1.69,1.69
2013.06.27 18:09:43.530,0.81592,0.81619,1.32,1.69
2013.06.27 18:09:48.640,0.81592,0.81621,1.32,1.69
2013.06.27 18:10:00.276,0.81591,0.81619,1.69,1.69
2013.06.27 18:10:06.194,0.81592,0.8162,1.69,1.50
2013.06.27 18:10:07.596,0.81592,0.8162,1.69,1.50
2013.06.27 18:10:14.927,0.81592,0.81621,1.69,1.50
2013.06.27 18:10:16.036,0.81592,0.81621,1.32,1.50
2013.06.27 18:10:17.094,0.81592,0.81621,1.32,1.69
2013.06.27 18:10:18.049,0.8159,0.81621,1.69,1.69
2013.06.27 18:10:19.046,0.81591,0.81621,1.69,1.69
2013.06.27 18:10:22.356,0.81592,0.81621,1.69,1.69
2013.06.27 18:10:28.225,0.81592,0.81619,1.69,1.50
2013.06.27 18:10:28.585,0.81596,0.81625,1.69,1.54
2013.06.27 18:10:28.705,0.81598,0.81626,1.69,1.13
2013.06.27 18:10:31.052,0.816,0.81628,1.69,1.69
2013.06.27 18:10:33.646,0.81601,0.81628,1.69,1.50
2013.06.27 18:10:38.167,0.81602,0.81628,1.69,1.50
2013.06.27 18:10:41.486,0.81599,0.81628,1.69,1.50
2013.06.27 18:10:43.449,0.81598,0.81628,1.32,1.69
2013.06.27 18:10:44.705,0.81596,0.81625,1.13,1.13
2013.06.27 18:10:45.395,0.81589,0.81616,1.69,1.50
2013.06.27 18:10:45.455,0.81589,0.81616,1.69,1.50
2013.06.27 18:10:45.735,0.81586,0.81613,1.69,1.13
2013.06.27 18:10:48.116,0.81587,0.81613,1.69,1.13
2013.06.27 18:10:48.639,0.81587,0.81613,1.69,1.13
2013.06.27 18:10:50.416,0.81583,0.81613,2.07,1.13
2013.06.27 18:10:51.427,0.81586,0.81613,1.69,1.32
2013.06.27 18:10:52.109,0.81586,0.81613,1.69,1.32
2013.06.27 18:10:53.536,0.81586,0.81612,1.69,1.13
2013.06.27 18:10:54.932,0.81587,0.81613,1.69,1.88
2013.06.27 18:10:55.087,0.81587,0.81613,1.69,1.13
2013.06.27 18:10:55.314,0.81587,0.81616,1.69,2.44
2013.06.27 18:10:57.121,0.81589,0.81616,1.69,2.25
2013.06.27 18:10:57.247,0.8159,0.81621,1.32,2.07
2013.06.27 18:10:57.307,0.8159,0.81623,1.32,1.69
2013.06.27 18:10:57.845,0.81594,0.81621,1.69,1.13
2013.06.27 18:10:58.146,0.8159,0.81619,2.07,1.50
2013.06.27 18:10:58.266,0.81591,0.81619,1.69,2.44
2013.06.27 18:10:58.326,0.81591,0.81619,1.69,2.44
2013.06.27 18:10:58.695,0.8159,0.81619,1.32,1.69
2013.06.27 18:10:59.536,0.8159,0.81619,1.32,1.69
2013.06.27 18:11:00.516,0.81588,0.81619,1.69,1.69
2013.06.27 18:11:00.587,0.81588,0.81619,1.69,1.69
2013.06.27 18:11:00.646,0.81588,0.81621,1.69,2.07
2013.06.27 18:11:02.875,0.81592,0.81618,1.13,1.69
2013.06.27 18:11:03.057,0.81592,0.81618,1.13,1.69
2013.06.27 18:11:03.381,0.81592,0.81623,2.07,3.19
2013.06.27 18:11:03.770,0.81592,0.81623,2.07,3.19
2013.06.27 18:11:08.116,0.81592,0.81618,2.07,1.50
2013.06.27 18:11:08.295,0.81592,0.81618,2.07,1.50
2013.06.27 18:11:09.315,0.81592,0.81618,1.13,1.69
2013.06.27 18:11:10.387,0.81589,0.81613,1.32,1.50
2013.06.27 18:11:10.447,0.81587,0.81613,1.32,1.50
2013.06.27 18:11:10.625,0.81587,0.81613,1.32,1.50
2013.06.27 18:11:11.075,0.81585,0.81609,1.69,1.50
2013.06.27 18:11:13.805,0.81585,0.81609,1.69,1.50
2013.06.27 18:11:21.156,0.81592,0.81617,1.13,1.69
2013.06.27 18:11:21.706,0.81592,0.81618,1.13,1.69
2013.06.27 18:11:23.546,0.81592,0.81618,1.13,1.69
2013.06.27 18:11:28.247,0.81587,0.81609,1.50,1.50
2013.06.27 18:11:28.305,0.81587,0.81611,1.50,1.50
2013.06.27 18:11:28.461,0.81586,0.81611,1.13,1.50
2013.06.27 18:11:31.226,0.81586,0.81611,1.32,1.50
2013.06.27 18:11:33.776,0.81584,0.81609,1.69,1.50
2013.06.27 18:11:36.938,0.81584,0.81609,1.32,1.50
2013.06.27 18:11:43.506,0.81585,0.8161,1.32,1.50
2013.06.27 18:11:45.976,0.81588,0.81616,1.69,1.69
2013.06.27 18:11:46.547,0.81588,0.81618,1.69,1.69
2013.06.27 18:11:47.192,0.81591,0.81618,1.69,1.69
2013.06.27 18:11:47.315,0.81591,0.81621,1.69,1.69
2013.06.27 18:11:47.437,0.81593,0.81624,1.32,1.69
2013.06.27 18:11:48.271,0.81594,0.81624,1.69,1.69
2013.06.27 18:11:48.335,0.81594,0.81625,1.69,2.07
2013.06.27 18:11:48.515,0.81596,0.81625,1.50,1.32
2013.06.27 18:11:48.907,0.81598,0.81633,1.13,2.82
2013.06.27 18:11:50.206,0.81602,0.81633,1.50,2.44
2013.06.27 18:11:53.547,0.81601,0.81632,1.69,2.44
2013.06.27 18:11:53.661,0.81601,0.81632,1.69,2.44
2013.06.27 18:11:59.375,0.81601,0.81628,1.69,1.50
2013.06.27 18:11:59.495,0.81601,0.81628,1.69,1.50
2013.06.27 18:12:00.639,0.81599,0.81628,1.69,1.50
2013.06.27 18:12:03.446,0.81599,0.81628,1.69,1.50
2013.06.27 18:12:05.446,0.81602,0.81628,1.69,1.50
2013.06.27 18:12:05.625,0.81602,0.81634,1.69,1.69
2013.06.27 18:12:05.985,0.81609,0.8164,1.50,1.69
2013.06.27 18:12:06.106,0.81609,0.8164,1.88,1.69
2013.06.27 18:12:06.345,0.81613,0.81641,1.50,1.13
2013.06.27 18:12:10.486,0.81615,0.81638,1.69,1.50
2013.06.27 18:12:11.595,0.81615,0.8164,1.69,1.50
2013.06.27 18:12:12.705,0.81613,0.8164,2.07,1.50
2013.06.27 18:12:12.825,0.81613,0.8164,2.07,1.50
2013.06.27 18:12:13.566,0.81613,0.8164,2.07,1.50
2013.06.27 18:12:16.285,0.81612,0.81641,1.69,1.69
2013.06.27 18:12:21.996,0.81609,0.81637,1.32,1.50
2013.06.27 18:12:25.335,0.8161,0.81639,1.69,1.69
2013.06.27 18:12:25.455,0.81608,0.81637,1.69,1.50
2013.06.27 18:12:25.516,0.81608,0.81637,1.69,1.50
2013.06.27 18:12:31.387,0.81607,0.81633,1.69,1.50
2013.06.27 18:12:31.507,0.81607,0.81632,1.50,1.50
2013.06.27 18:12:32.080,0.81599,0.8163,1.69,1.50
2013.06.27 18:12:32.615,0.81599,0.8163,1.69,1.50
2013.06.27 18:12:38.065,0.81601,0.81633,1.69,2.82
2013.06.27 18:12:43.340,0.816,0.81633,1.69,3.19
2013.06.27 18:12:47.968,0.81602,0.81633,2.82,1.69
2013.06.27 18:12:48.097,0.81602,0.81633,2.82,1.69
2013.06.27 18:12:48.159,0.81606,0.81633,1.50,1.69
2013.06.27 18:12:48.336,0.81606,0.81634,1.69,1.69
2013.06.27 18:12:48.396,0.81607,0.81636,1.50,1.69
2013.06.27 18:12:49.146,0.81607,0.81638,2.44,1.69
2013.06.27 18:12:49.205,0.81607,0.8164,2.44,2.07
2013.06.27 18:12:53.480,0.81607,0.81638,2.44,1.32
2013.06.27 18:12:53.829,0.81607,0.81636,2.44,1.13
2013.06.27 18:13:02.975,0.81606,0.81631,1.69,1.50
2013.06.27 18:13:03.276,0.81605,0.81634,2.29,1.13
2013.06.27 18:13:03.586,0.81605,0.81637,2.29,1.32
2013.06.27 18:13:05.361,0.81605,0.81638,2.67,2.44
2013.06.27 18:13:07.126,0.81605,0.81637,2.67,1.69
2013.06.27 18:13:09.737,0.81607,0.81637,1.69,1.69
2013.06.27 18:13:10.195,0.81605,0.81637,2.82,2.29
2013.06.27 18:13:11.036,0.81605,0.81637,2.44,2.07
2013.06.27 18:13:11.716,0.81609,0.81639,1.69,1.69
2013.06.27 18:13:12.145,0.81609,0.81639,1.50,3.19
2013.06.27 18:13:12.205,0.81608,0.81635,1.13,1.69
2013.06.27 18:13:12.715,0.81608,0.81635,1.13,1.69
2013.06.27 18:13:12.835,0.81608,0.81635,1.13,1.69
2013.06.27 18:13:13.235,0.81611,0.81641,1.50,1.69
2013.06.27 18:13:13.475,0.81617,0.81643,1.13,1.50
2013.06.27 18:13:13.595,0.81617,0.81647,1.13,1.69
2013.06.27 18:13:13.655,0.81617,0.81649,1.88,1.13
2013.06.27 18:13:13.895,0.81617,0.81649,1.88,1.50
2013.06.27 18:13:14.134,0.81617,0.81647,1.32,1.32
2013.06.27 18:13:14.710,0.81616,0.81644,1.69,1.13
2013.06.27 18:13:15.728,0.81616,0.81644,1.69,1.32
2013.06.27 18:13:15.965,0.81611,0.81643,1.32,1.32
2013.06.27 18:13:16.286,0.8161,0.81641,1.69,1.69
2013.06.27 18:13:17.575,0.8161,0.81637,1.69,1.13
2013.06.27 18:13:17.876,0.8161,0.81637,1.69,1.13
2013.06.27 18:13:18.015,0.8161,0.81637,1.69,1.13
2013.06.27 18:13:18.756,0.8161,0.81637,1.69,1.13
2013.06.27 18:13:20.745,0.81613,0.81638,1.50,1.69
2013.06.27 18:13:20.805,0.81616,0.81642,1.50,1.32
2013.06.27 18:13:23.555,0.81616,0.81644,1.69,1.69
2013.06.27 18:13:23.616,0.81616,0.81644,1.69,1.69
2013.06.27 18:13:24.086,0.81616,0.81645,1.69,1.32
2013.06.27 18:13:24.206,0.81615,0.81643,1.69,1.50
2013.06.27 18:13:25.356,0.81613,0.81643,1.69,1.69
2013.06.27 18:13:26.006,0.8161,0.81641,1.69,1.32
2013.06.27 18:13:26.365,0.81614,0.81641,1.69,1.13
2013.06.27 18:13:26.545,0.81611,0.81641,1.69,1.32
2013.06.27 18:13:26.775,0.81611,0.81641,1.69,1.32
2013.06.27 18:13:33.635,0.81612,0.81643,1.69,1.69
2013.06.27 18:13:34.139,0.81612,0.81643,1.69,1.69
2013.06.27 18:13:35.019,0.8161,0.8164,2.07,1.32
2013.06.27 18:13:43.096,0.81615,0.81643,1.50,1.32
2013.06.27 18:13:43.215,0.81617,0.81643,1.50,1.32
2013.06.27 18:13:43.395,0.81617,0.81643,2.44,1.13
2013.06.27 18:13:43.996,0.81619,0.81643,2.44,1.13
2013.06.27 18:13:44.157,0.81619,0.81649,2.44,1.69
2013.06.27 18:13:44.617,0.81625,0.81652,1.50,1.69
2013.06.27 18:13:44.736,0.81629,0.81655,1.50,1.32
2013.06.27 18:13:44.947,0.81631,0.81655,1.50,1.32
2013.06.27 18:13:47.508,0.81629,0.81658,1.69,1.69
2013.06.27 18:13:53.626,0.81629,0.81658,1.69,1.69
2013.06.27 18:13:55.985,0.81628,0.81661,1.69,1.69
2013.06.27 18:13:56.047,0.81628,0.81661,1.69,1.69
2013.06.27 18:13:56.186,0.81628,0.81661,1.69,1.69
2013.06.27 18:13:59.083,0.81631,0.81662,1.69,1.69
2013.06.27 18:14:00.205,0.81631,0.81662,1.69,1.69
2013.06.27 18:14:01.278,0.81631,0.81662,1.69,1.69
2013.06.27 18:14:01.865,0.81626,0.81657,1.69,1.32
2013.06.27 18:14:02.076,0.81624,0.81657,1.69,2.07
2013.06.27 18:14:02.395,0.81624,0.81657,1.69,2.07
2013.06.27 18:14:02.455,0.81622,0.81653,1.32,1.69
2013.06.27 18:14:02.515,0.81622,0.81653,1.32,1.69
2013.06.27 18:14:03.476,0.81627,0.81654,1.50,1.69
2013.06.27 18:14:06.009,0.81627,0.81654,1.50,1.69
2013.06.27 18:14:06.385,0.81622,0.81651,1.69,1.69
2013.06.27 18:14:06.745,0.81622,0.81648,1.50,1.32
2013.06.27 18:14:06.805,0.81622,0.81648,1.50,2.07
2013.06.27 18:14:06.865,0.81625,0.81648,1.50,2.07
2013.06.27 18:14:07.492,0.81627,0.81648,1.50,2.07
2013.06.27 18:14:07.997,0.81626,0.8165,1.50,1.69
2013.06.27 18:14:08.116,0.81626,0.81654,1.50,1.69
2013.06.27 18:14:08.235,0.81622,0.81649,1.50,1.69
2013.06.27 18:14:08.725,0.81622,0.81648,1.50,1.69
2013.06.27 18:14:09.056,0.81622,0.81648,1.50,1.69
2013.06.27 18:14:09.355,0.81611,0.81644,1.69,1.69
2013.06.27 18:14:10.256,0.81611,0.81641,1.69,1.69
2013.06.27 18:14:10.748,0.81617,0.81644,1.50,1.69
2013.06.27 18:14:13.157,0.81617,0.81644,1.50,1.69
2013.06.27 18:14:13.545,0.81621,0.81647,1.50,1.32
2013.06.27 18:14:13.614,0.81621,0.81648,1.50,1.32
2013.06.27 18:14:14.017,0.81621,0.81649,1.50,2.44
2013.06.27 18:14:14.928,0.81621,0.8165,1.50,1.32
2013.06.27 18:14:15.307,0.81617,0.8165,2.44,1.32
2013.06.27 18:14:15.495,0.81618,0.81649,1.69,1.69
2013.06.27 18:14:16.236,0.81617,0.81648,1.69,1.69
2013.06.27 18:14:17.246,0.81617,0.81648,1.69,1.69
2013.06.27 18:14:17.336,0.81622,0.81648,1.50,1.69
2013.06.27 18:14:17.457,0.81622,0.81648,1.50,1.69
2013.06.27 18:14:18.986,0.81622,0.81649,1.50,2.07
2013.06.27 18:14:20.165,0.81622,0.81649,1.69,1.13
2013.06.27 18:14:20.345,0.81626,0.81654,1.50,2.07
2013.06.27 18:14:20.746,0.81621,0.81649,1.50,1.69
2013.06.27 18:14:22.176,0.81621,0.81649,1.50,3.19
2013.06.27 18:14:23.486,0.81621,0.81649,1.50,3.19
2013.06.27 18:14:23.795,0.81613,0.81645,1.69,1.69
2013.06.27 18:14:23.915,0.81621,0.81646,1.50,1.69
2013.06.27 18:14:23.976,0.81619,0.81646,1.50,1.69
2013.06.27 18:14:24.156,0.81616,0.81646,1.50,1.69
2013.06.27 18:14:24.295,0.81616,0.81646,1.50,1.69
2013.06.27 18:14:24.415,0.81621,0.81649,1.50,3.57
2013.06.27 18:14:24.715,0.81621,0.81649,1.50,3.57
2013.06.27 18:14:26.606,0.81621,0.81646,1.50,1.32
2013.06.27 18:14:31.005,0.81621,0.81649,1.50,2.44
2013.06.27 18:14:31.555,0.81614,0.81646,1.69,1.69
2013.06.27 18:14:31.675,0.81614,0.81646,1.69,2.44
2013.06.27 18:14:32.529,0.81614,0.81643,1.69,1.32
2013.06.27 18:14:33.592,0.81612,0.81643,1.69,2.07
2013.06.27 18:14:42.376,0.81611,0.81642,1.69,1.69
2013.06.27 18:14:53.855,0.81616,0.81642,1.50,1.69
2013.06.27 18:14:55.825,0.81616,0.81644,1.50,2.44
2013.06.27 18:14:55.945,0.81616,0.81644,1.50,1.69
2013.06.27 18:14:56.185,0.81616,0.81644,1.50,1.69
2013.06.27 18:14:56.306,0.81613,0.81641,1.69,1.69
2013.06.27 18:14:56.815,0.81611,0.81641,1.69,2.44
2013.06.27 18:14:58.075,0.81611,0.81639,1.69,1.69
2013.06.27 18:14:58.136,0.81611,0.81639,1.69,2.44
2013.06.27 18:14:58.455,0.81608,0.81638,1.69,1.69
2013.06.27 18:14:58.575,0.81607,0.81637,1.69,1.69
2013.06.27 18:14:58.996,0.81608,0.81637,1.69,1.32
2013.06.27 18:14:59.116,0.81608,0.81637,1.69,1.32
2013.06.27 18:14:59.657,0.81602,0.81633,1.69,2.44
2013.06.27 18:15:02.286,0.81602,0.81632,1.69,1.69
2013.06.27 18:15:02.878,0.81602,0.81632,1.69,1.69
2013.06.27 18:15:03.075,0.81602,0.81632,1.69,1.69
2013.06.27 18:15:03.195,0.81607,0.81632,1.50,1.69
2013.06.27 18:15:03.386,0.81607,0.81632,1.50,1.69
2013.06.27 18:15:03.776,0.81601,0.81633,1.69,1.69
2013.06.27 18:15:04.766,0.81601,0.81632,1.69,1.69
2013.06.27 18:15:08.975,0.81601,0.81634,1.69,1.69
2013.06.27 18:15:09.365,0.81601,0.81633,1.69,1.69
2013.06.27 18:15:09.441,0.81601,0.81635,1.69,1.32
2013.06.27 18:15:09.746,0.81606,0.81639,1.69,2.44
2013.06.27 18:15:11.336,0.81606,0.81638,1.69,1.32
2013.06.27 18:15:11.726,0.81606,0.81639,1.69,3.19
2013.06.27 18:15:17.117,0.81606,0.81638,1.69,1.69
2013.06.27 18:15:18.156,0.81606,0.81639,1.69,3.19
2013.06.27 18:15:23.216,0.81608,0.81638,1.69,1.69
2013.06.27 18:15:23.635,0.81608,0.81637,1.69,1.13
2013.06.27 18:15:25.144,0.81609,0.81635,1.69,1.13
2013.06.27 18:15:25.205,0.81609,0.81635,1.69,1.13
2013.06.27 18:15:25.445,0.81609,0.81635,1.69,1.13
2013.06.27 18:15:25.505,0.81609,0.81635,1.69,1.13
2013.06.27 18:15:30.093,0.81605,0.81636,1.69,1.69
2013.06.27 18:15:30.218,0.81607,0.8164,2.44,2.44
2013.06.27 18:15:30.276,0.81613,0.8164,1.69,1.50
2013.06.27 18:15:30.335,0.81612,0.81639,1.69,1.13
2013.06.27 18:15:30.467,0.81607,0.81638,3.19,1.50
2013.06.27 18:15:30.646,0.81604,0.8163,1.32,1.50
2013.06.27 18:15:30.705,0.81602,0.8163,2.07,1.50
2013.06.27 18:15:30.945,0.81599,0.8163,1.69,1.88
2013.06.27 18:15:31.126,0.81594,0.81624,1.69,1.50
2013.06.27 18:15:31.657,0.8159,0.81624,1.69,1.50
2013.06.27 18:15:32.606,0.8159,0.81619,1.69,1.50
2013.06.27 18:15:32.847,0.8159,0.81619,1.69,1.50
2013.06.27 18:15:33.157,0.81591,0.81622,1.69,1.69
2013.06.27 18:15:33.215,0.81591,0.81622,1.69,1.69
2013.06.27 18:15:33.555,0.81591,0.81622,1.69,1.69
2013.06.27 18:15:36.905,0.81589,0.81618,1.69,1.69
2013.06.27 18:15:36.965,0.81589,0.81618,1.69,1.69
2013.06.27 18:15:37.105,0.81589,0.8162,1.69,1.69
2013.06.27 18:15:37.375,0.81589,0.8162,1.69,1.69
2013.06.27 18:15:43.727,0.81592,0.81623,1.69,2.44
2013.06.27 18:15:48.062,0.81592,0.81618,1.69,1.50
2013.06.27 18:15:48.275,0.81592,0.81618,1.69,1.50
2013.06.27 18:15:50.346,0.8159,0.81618,1.69,1.50
2013.06.27 18:15:50.716,0.81586,0.81617,2.07,1.69
2013.06.27 18:15:53.626,0.81586,0.81618,2.07,1.69
2013.06.27 18:15:54.197,0.81586,0.81618,2.07,1.69
2013.06.27 18:15:56.635,0.81587,0.81618,2.44,2.07
2013.06.27 18:15:56.755,0.8159,0.81618,1.69,1.32
2013.06.27 18:15:59.063,0.81591,0.81619,1.69,1.50
2013.06.27 18:15:59.186,0.81591,0.81619,1.69,1.50
2013.06.27 18:15:59.426,0.81588,0.81619,1.69,1.69
2013.06.27 18:15:59.605,0.81588,0.81619,2.29,1.69
2013.06.27 18:15:59.665,0.81588,0.81619,2.29,1.69
2013.06.27 18:15:59.845,0.81591,0.8162,1.69,1.13
2013.06.27 18:16:01.591,0.81591,0.81622,1.69,2.44
2013.06.27 18:16:01.775,0.81592,0.81622,1.69,1.69
2013.06.27 18:16:02.097,0.81592,0.81622,1.69,1.69
2013.06.27 18:16:02.159,0.81592,0.81622,1.69,1.69
2013.06.27 18:16:02.796,0.81593,0.81624,1.69,1.69
2013.06.27 18:16:03.606,0.81593,0.81628,1.69,3.19
2013.06.27 18:16:04.435,0.81595,0.81629,1.69,1.69
2013.06.27 18:16:06.103,0.81596,0.81629,1.69,1.69
2013.06.27 18:16:07.866,0.81597,0.81629,1.69,1.69
2013.06.27 18:16:23.506,0.81595,0.81629,2.44,1.69
2013.06.27 18:16:26.786,0.81598,0.81629,1.69,1.69
2013.06.27 18:16:27.766,0.81597,0.81629,1.69,1.69
2013.06.27 18:16:37.158,0.81596,0.81629,1.69,1.69
2013.06.27 18:16:37.418,0.81595,0.81629,1.69,1.69
2013.06.27 18:16:38.876,0.81595,0.81629,1.69,3.19
2013.06.27 18:16:42.686,0.81595,0.81629,2.44,1.69
2013.06.27 18:16:43.556,0.81595,0.81628,2.44,1.69
2013.06.27 18:16:45.907,0.81597,0.81628,1.69,1.69
2013.06.27 18:16:45.966,0.81597,0.81628,1.69,1.69
2013.06.27 18:16:46.087,0.81597,0.81628,1.69,1.69
2013.06.27 18:16:46.206,0.81591,0.81619,1.69,1.50
2013.06.27 18:16:46.446,0.81591,0.81619,2.44,1.69
2013.06.27 18:16:46.947,0.81591,0.81619,2.44,1.69
2013.06.27 18:16:47.516,0.81591,0.81619,1.50,1.69
2013.06.27 18:16:48.157,0.81591,0.81619,1.50,1.69
2013.06.27 18:16:49.900,0.81592,0.81619,1.69,1.50
2013.06.27 18:16:53.436,0.81591,0.81619,2.44,1.69
2013.06.27 18:16:54.529,0.81593,0.81619,1.69,1.50
2013.06.27 18:16:54.646,0.81593,0.81619,1.69,1.50
2013.06.27 18:16:55.734,0.81591,0.81619,1.69,1.69
2013.06.27 18:17:03.636,0.81591,0.81619,1.69,1.69
2013.06.27 18:17:04.857,0.81592,0.81619,1.69,1.50
2013.06.27 18:17:08.147,0.81591,0.81619,1.69,1.50
2013.06.27 18:17:14.905,0.81591,0.81619,1.69,1.88
2013.06.27 18:17:16.066,0.81591,0.81619,2.44,1.88
2013.06.27 18:17:34.626,0.8159,0.81619,1.69,1.50
2013.06.27 18:17:37.845,0.81591,0.81619,1.69,1.50
2013.06.27 18:17:42.237,0.81591,0.81619,1.69,1.50
2013.06.27 18:17:50.395,0.81589,0.81621,1.69,1.69
2013.06.27 18:17:51.256,0.81589,0.81621,1.69,1.69
2013.06.27 18:17:52.347,0.81589,0.81621,1.69,1.69
2013.06.27 18:17:53.528,0.81586,0.81621,3.19,1.69
2013.06.27 18:17:53.886,0.81591,0.81618,1.69,1.50
2013.06.27 18:17:54.066,0.81594,0.81618,1.69,1.50
2013.06.27 18:18:03.547,0.81591,0.81621,1.69,1.69
2013.06.27 18:18:08.742,0.81592,0.81615,1.69,1.50
2013.06.27 18:18:09.176,0.81587,0.81613,2.07,1.50
2013.06.27 18:18:09.416,0.81582,0.81613,1.32,1.50
2013.06.27 18:18:09.475,0.81581,0.81609,1.69,2.25
2013.06.27 18:18:09.625,0.8158,0.81605,1.69,1.13
2013.06.27 18:18:09.685,0.81575,0.81603,1.69,1.50
2013.06.27 18:18:09.865,0.81575,0.81603,1.69,1.50
2013.06.27 18:18:13.575,0.81575,0.81603,2.44,1.50
2013.06.27 18:18:20.715,0.81577,0.81603,1.69,1.50
2013.06.27 18:18:20.997,0.81575,0.81603,2.44,1.50
2013.06.27 18:18:21.055,0.81575,0.81603,2.44,1.50
2013.06.27 18:18:22.101,0.81576,0.81603,1.69,1.50
2013.06.27 18:18:23.586,0.81576,0.81603,1.69,1.50
2013.06.27 18:18:33.576,0.81576,0.81603,1.69,1.50
2013.06.27 18:18:33.687,0.81576,0.81603,1.69,1.50
2013.06.27 18:18:43.395,0.81576,0.81603,1.69,1.50
2013.06.27 18:18:47.364,0.81575,0.81603,1.69,1.50
2013.06.27 18:18:48.058,0.81571,0.81603,2.44,1.50
2013.06.27 18:18:51.116,0.81571,0.81599,2.44,1.50
2013.06.27 18:18:51.175,0.81571,0.81599,1.69,1.69
2013.06.27 18:18:51.812,0.81568,0.81597,1.69,1.69
2013.06.27 18:18:52.206,0.81566,0.81591,1.69,1.50
2013.06.27 18:18:52.385,0.8156,0.81591,3.19,2.25
2013.06.27 18:18:52.448,0.8156,0.81588,1.69,1.50
2013.06.27 18:18:52.515,0.81557,0.81588,2.44,1.50
2013.06.27 18:18:52.636,0.81557,0.81588,1.69,1.50
2013.06.27 18:18:52.827,0.81557,0.81586,1.69,1.50
2013.06.27 18:18:53.189,0.81557,0.81584,1.69,1.50
2013.06.27 18:18:53.736,0.81558,0.81584,1.69,1.50
2013.06.27 18:18:54.584,0.81556,0.81584,1.69,2.25
2013.06.27 18:18:56.287,0.81556,0.81584,1.69,2.25
2013.06.27 18:19:00.900,0.81555,0.81584,1.69,2.25
2013.06.27 18:19:04.868,0.81555,0.81581,1.69,1.50
2013.06.27 18:19:05.266,0.81547,0.81578,2.67,1.50
2013.06.27 18:19:08.706,0.81547,0.81577,1.69,1.69
2013.06.27 18:19:10.115,0.81545,0.81574,1.69,1.69
2013.06.27 18:19:14.932,0.81544,0.81574,1.32,2.44
2013.06.27 18:19:16.926,0.81549,0.81574,1.50,1.69
2013.06.27 18:19:16.986,0.81549,0.81575,1.50,1.88
2013.06.27 18:19:17.466,0.81545,0.81575,1.69,2.82
2013.06.27 18:19:23.597,0.81548,0.81574,1.69,1.50
2013.06.27 18:19:35.918,0.81547,0.81574,1.69,1.50
2013.06.27 18:19:36.247,0.81552,0.8158,1.69,1.13
2013.06.27 18:19:36.306,0.81552,0.8158,2.29,1.13
2013.06.27 18:19:36.366,0.81552,0.8158,2.29,1.13
2013.06.27 18:19:36.486,0.81553,0.81581,1.69,1.50
2013.06.27 18:19:36.607,0.81553,0.81581,1.69,1.50
2013.06.27 18:19:36.726,0.81557,0.81588,1.69,1.32
2013.06.27 18:19:36.846,0.81558,0.81588,1.32,1.32
2013.06.27 18:19:36.908,0.81558,0.81589,1.32,2.44
2013.06.27 18:19:36.967,0.81559,0.81589,1.50,2.25
2013.06.27 18:19:37.663,0.81563,0.81597,1.50,1.69
2013.06.27 18:19:47.951,0.81569,0.81599,1.69,2.44
2013.06.27 18:19:53.466,0.81569,0.81599,1.69,2.44
2013.06.27 18:19:53.936,0.81567,0.81599,1.69,2.44
2013.06.27 18:19:54.869,0.81566,0.81597,1.69,1.69
2013.06.27 18:19:56.874,0.81568,0.81599,1.69,2.44
2013.06.27 18:19:56.937,0.81568,0.81599,1.69,1.69
2013.06.27 18:19:57.056,0.81568,0.81601,1.69,1.69
2013.06.27 18:19:58.284,0.81568,0.81602,1.69,2.44
2013.06.27 18:19:59.280,0.8157,0.81601,1.69,1.69
2013.06.27 18:20:00.708,0.8157,0.81604,1.69,2.07
2013.06.27 18:20:04.167,0.81573,0.81603,1.69,1.50
2013.06.27 18:20:04.286,0.81577,0.81606,1.69,1.88
2013.06.27 18:20:06.254,0.81577,0.81606,1.69,1.13
2013.06.27 18:20:07.208,0.81577,0.81606,1.69,1.13
2013.06.27 18:20:08.127,0.81577,0.81605,1.69,1.32
2013.06.27 18:20:08.786,0.81577,0.81598,1.69,1.50
2013.06.27 18:20:09.027,0.81575,0.81598,1.69,1.50
2013.06.27 18:20:09.108,0.81575,0.816,1.69,1.13
2013.06.27 18:20:09.287,0.81575,0.81601,1.69,1.50
2013.06.27 18:20:09.667,0.81575,0.816,1.69,1.13
2013.06.27 18:20:10.107,0.81575,0.816,1.69,1.13
2013.06.27 18:20:10.477,0.81569,0.81598,1.32,1.88
2013.06.27 18:20:11.256,0.81569,0.81598,1.32,1.13
2013.06.27 18:20:11.456,0.81571,0.81598,1.69,1.13
2013.06.27 18:20:11.576,0.81571,0.81602,1.69,1.32
2013.06.27 18:20:18.288,0.81573,0.81604,1.69,1.69
2013.06.27 18:20:18.795,0.81573,0.81606,2.07,1.69
2013.06.27 18:20:20.755,0.81578,0.81607,1.69,1.69
2013.06.27 18:20:23.895,0.81576,0.81608,1.69,2.44
2013.06.27 18:20:24.186,0.81576,0.81605,1.69,1.69
2013.06.27 18:20:24.406,0.81574,0.81605,1.69,2.44
2013.06.27 18:20:24.466,0.81574,0.81605,1.69,2.44
2013.06.27 18:20:26.273,0.81574,0.81605,1.69,2.44
2013.06.27 18:20:27.555,0.81571,0.81605,2.07,3.19
2013.06.27 18:20:27.736,0.81571,0.81599,1.13,1.50
2013.06.27 18:20:27.807,0.81571,0.81599,1.13,2.25
2013.06.27 18:20:29.796,0.81569,0.81599,1.69,2.44
2013.06.27 18:20:31.284,0.81568,0.81599,1.69,2.44
2013.06.27 18:20:32.816,0.8157,0.81599,1.69,1.50
2013.06.27 18:20:32.936,0.81572,0.81602,1.69,1.88
2013.06.27 18:20:32.997,0.81572,0.81602,1.69,1.13
2013.06.27 18:20:33.258,0.81575,0.81605,1.69,1.50
2013.06.27 18:20:33.328,0.81575,0.81605,1.69,1.50
2013.06.27 18:20:34.666,0.81574,0.81605,1.32,1.69
2013.06.27 18:20:40.346,0.81575,0.81602,1.13,2.07
2013.06.27 18:20:40.526,0.81562,0.81594,1.13,1.69
2013.06.27 18:20:40.907,0.81562,0.8159,1.13,1.50
2013.06.27 18:20:41.026,0.81562,0.81594,1.32,2.44
2013.06.27 18:20:41.177,0.81562,0.81594,1.69,1.69
2013.06.27 18:20:41.237,0.81562,0.81595,2.44,1.32
2013.06.27 18:20:41.871,0.81568,0.81597,1.13,1.69
2013.06.27 18:20:43.456,0.81568,0.81597,1.32,1.69
2013.06.27 18:20:44.466,0.81566,0.81597,1.69,1.69
2013.06.27 18:20:44.526,0.81566,0.81596,1.69,1.69
2013.06.27 18:20:47.154,0.81566,0.81596,1.69,1.69
2013.06.27 18:20:50.686,0.81567,0.81596,1.69,1.69
2013.06.27 18:20:54.406,0.81562,0.8159,1.32,1.50
2013.06.27 18:20:54.957,0.81562,0.8159,1.13,1.69
2013.06.27 18:20:55.076,0.81562,0.8159,1.13,1.69
2013.06.27 18:20:55.985,0.81562,0.8159,1.32,1.50
2013.06.27 18:20:58.200,0.81562,0.81593,1.69,1.69
2013.06.27 18:21:00.686,0.81562,0.81595,1.69,1.69
2013.06.27 18:21:00.805,0.81567,0.81597,1.69,2.07
2013.06.27 18:21:00.986,0.81568,0.81599,2.07,1.69
2013.06.27 18:21:01.246,0.81568,0.816,2.07,1.69
2013.06.27 18:21:01.365,0.81568,0.81598,2.07,1.69
2013.06.27 18:21:02.546,0.81568,0.81598,2.07,1.69
2013.06.27 18:21:02.757,0.81568,0.81599,1.32,2.44
2013.06.27 18:21:03.075,0.81569,0.81599,1.69,1.69
2013.06.27 18:21:03.597,0.81569,0.81599,1.69,1.69
2013.06.27 18:21:06.167,0.8157,0.81601,1.69,1.69
2013.06.27 18:21:08.347,0.81569,0.81597,1.32,1.50
2013.06.27 18:21:08.468,0.81567,0.81594,1.69,1.13
2013.06.27 18:21:08.709,0.81568,0.81594,1.69,1.13
2013.06.27 18:21:08.826,0.81568,0.81595,1.69,1.50
2013.06.27 18:21:08.946,0.81566,0.81595,1.69,1.50
2013.06.27 18:21:09.876,0.81567,0.81598,1.32,1.69
2013.06.27 18:21:10.427,0.81567,0.81598,1.32,2.44
2013.06.27 18:21:12.186,0.81566,0.8159,1.13,2.82
2013.06.27 18:21:12.246,0.81559,0.81587,1.50,1.69
2013.06.27 18:21:12.366,0.81557,0.81584,1.50,1.50
2013.06.27 18:21:12.666,0.81561,0.8159,1.13,1.69
2013.06.27 18:21:12.786,0.81561,0.81588,1.13,2.44
2013.06.27 18:21:14.937,0.81557,0.81588,1.69,2.44
2013.06.27 18:21:14.996,0.81559,0.81588,1.69,1.69
2013.06.27 18:21:15.952,0.81559,0.81589,1.69,1.32
2013.06.27 18:21:16.587,0.8156,0.8159,1.69,1.69
2013.06.27 18:21:17.347,0.8156,0.81588,1.69,1.69
2013.06.27 18:21:19.337,0.8156,0.81588,1.69,1.69
2013.06.27 18:21:21.061,0.8156,0.81589,1.69,1.32
2013.06.27 18:21:21.237,0.81561,0.81595,1.69,2.44
2013.06.27 18:21:21.296,0.81561,0.81595,1.69,2.44
2013.06.27 18:21:23.437,0.81563,0.81595,1.69,1.69
2013.06.27 18:21:25.371,0.81566,0.81595,1.69,1.69
2013.06.27 18:21:27.556,0.81563,0.81595,1.69,1.69
2013.06.27 18:21:28.483,0.81565,0.81595,1.69,1.69
2013.06.27 18:21:30.390,0.81565,0.81595,1.69,1.69
2013.06.27 18:21:33.776,0.81565,0.81598,1.69,1.69
2013.06.27 18:21:34.103,0.81563,0.81595,2.07,1.69
2013.06.27 18:21:41.626,0.81564,0.81597,1.69,1.69
2013.06.27 18:21:41.887,0.81562,0.81594,1.69,1.69
2013.06.27 18:21:41.946,0.81561,0.81591,1.69,1.69
2013.06.27 18:21:42.126,0.81558,0.81591,1.69,1.69
2013.06.27 18:21:42.446,0.81557,0.81589,2.82,1.69
2013.06.27 18:21:45.407,0.81557,0.8159,2.82,1.69
2013.06.27 18:21:45.526,0.81559,0.81593,1.69,1.69
2013.06.27 18:21:46.436,0.8156,0.81591,1.69,1.69
2013.06.27 18:21:49.847,0.81562,0.81593,1.69,1.69
2013.06.27 18:21:49.966,0.81562,0.81593,1.69,1.69
2013.06.27 18:21:50.676,0.81565,0.81595,1.69,1.69
2013.06.27 18:22:00.856,0.81564,0.81597,1.69,1.69
2013.06.27 18:22:02.676,0.81565,0.81597,1.69,1.69
2013.06.27 18:22:02.736,0.8157,0.81597,1.69,1.50
2013.06.27 18:22:03.446,0.81571,0.81599,1.54,1.32
2013.06.27 18:22:07.307,0.81571,0.81602,1.54,1.69
2013.06.27 18:22:09.601,0.81572,0.81603,1.69,1.69
2013.06.27 18:22:10.807,0.81572,0.81601,2.29,1.32
2013.06.27 18:22:10.926,0.81569,0.81599,2.44,1.88
2013.06.27 18:22:16.624,0.81568,0.81599,1.54,2.82
2013.06.27 18:22:22.618,0.81568,0.81597,1.17,1.69
2013.06.27 18:22:23.170,0.81567,0.81596,1.32,1.69
2013.06.27 18:22:24.297,0.81564,0.81596,1.69,1.69
2013.06.27 18:22:25.567,0.81562,0.81593,2.82,1.69
2013.06.27 18:22:29.267,0.81562,0.81595,2.82,1.69
2013.06.27 18:22:36.117,0.81562,0.81593,2.07,1.69
2013.06.27 18:22:36.705,0.81562,0.81593,1.69,2.44
2013.06.27 18:22:44.560,0.81562,0.81592,2.07,1.69
2013.06.27 18:22:45.887,0.81562,0.81592,1.32,1.69
2013.06.27 18:22:48.136,0.8156,0.81592,1.69,1.69
2013.06.27 18:22:48.198,0.81557,0.8159,2.44,1.69
2013.06.27 18:22:48.676,0.81556,0.81584,1.50,1.69
2013.06.27 18:22:48.996,0.81555,0.81582,1.69,1.69
2013.06.27 18:22:49.396,0.81552,0.81582,1.69,1.69
2013.06.27 18:22:54.337,0.81548,0.81581,2.44,1.69
2013.06.27 18:22:54.466,0.81547,0.81579,1.69,1.32
2013.06.27 18:22:54.586,0.81544,0.81575,1.32,1.50
2013.06.27 18:22:54.706,0.81542,0.81572,1.32,1.50
2013.06.27 18:22:55.677,0.81541,0.81572,2.44,1.50
2013.06.27 18:22:56.096,0.81537,0.81572,2.82,1.50
2013.06.27 18:22:56.157,0.81537,0.8157,2.82,2.44
2013.06.27 18:22:56.457,0.81537,0.81568,1.32,1.69
2013.06.27 18:22:56.858,0.81537,0.81567,1.32,1.69
2013.06.27 18:23:01.988,0.81537,0.81567,1.32,1.69
2013.06.27 18:23:04.958,0.81537,0.81567,1.32,1.69
2013.06.27 18:23:05.079,0.81538,0.81567,2.10,1.69
2013.06.27 18:23:05.378,0.8154,0.8157,2.85,2.07
2013.06.27 18:23:05.980,0.8154,0.8157,2.29,1.32
2013.06.27 18:23:06.226,0.81542,0.81573,1.69,1.50
2013.06.27 18:23:06.286,0.81543,0.81575,1.88,1.32
2013.06.27 18:23:06.406,0.81543,0.81578,2.48,2.82
2013.06.27 18:23:06.766,0.81555,0.81584,1.13,1.69
2013.06.27 18:23:07.531,0.81555,0.81585,1.32,1.69
2013.06.27 18:23:08.628,0.81552,0.81583,1.69,1.69
2013.06.27 18:23:08.976,0.81555,0.81583,1.13,1.69
2013.06.27 18:23:09.156,0.81552,0.81583,1.69,1.69
2013.06.27 18:23:10.406,0.81551,0.81581,2.44,1.69
2013.06.27 18:23:10.586,0.81546,0.8158,1.69,1.69
2013.06.27 18:23:14.446,0.81548,0.81579,1.69,1.69
2013.06.27 18:23:14.799,0.81546,0.81579,2.44,1.69
2013.06.27 18:23:22.888,0.81546,0.81576,2.07,1.69
2013.06.27 18:23:22.947,0.81546,0.81574,2.07,1.50
2013.06.27 18:23:23.186,0.81546,0.81576,2.07,1.69
2013.06.27 18:23:24.466,0.81547,0.81576,1.69,1.69
2013.06.27 18:23:27.216,0.81549,0.81576,1.32,1.50
2013.06.27 18:23:28.787,0.81549,0.81576,1.32,1.50
2013.06.27 18:23:30.157,0.8155,0.81579,1.69,1.69
2013.06.27 18:23:33.707,0.8155,0.81579,1.69,1.69
2013.06.27 18:23:40.415,0.81549,0.81579,1.69,1.69
2013.06.27 18:23:51.137,0.81549,0.81579,1.69,2.44
2013.06.27 18:23:52.216,0.8155,0.81579,1.32,1.69
2013.06.27 18:23:52.578,0.81551,0.81581,1.69,1.13
2013.06.27 18:23:52.642,0.81551,0.81581,1.69,1.13
2013.06.27 18:24:00.166,0.81556,0.81583,1.88,1.69
2013.06.27 18:24:00.467,0.81559,0.8159,1.50,1.32
2013.06.27 18:24:00.539,0.81559,0.8159,1.50,1.32
2013.06.27 18:24:02.397,0.81559,0.8159,1.69,1.32
2013.06.27 18:24:03.751,0.8156,0.81586,1.69,1.50
2013.06.27 18:24:04.047,0.81556,0.81583,1.54,1.13
2013.06.27 18:24:04.168,0.81554,0.81582,1.32,1.50
2013.06.27 18:24:04.335,0.81554,0.81585,1.32,1.50
2013.06.27 18:24:05.116,0.8156,0.81587,1.13,1.69
2013.06.27 18:24:05.176,0.81556,0.81586,2.44,1.69
2013.06.27 18:24:05.497,0.81556,0.81584,1.50,2.44
2013.06.27 18:24:05.617,0.81546,0.81584,1.69,2.44
2013.06.27 18:24:09.279,0.81546,0.81576,1.69,1.69
2013.06.27 18:24:09.711,0.81544,0.81576,2.07,1.69
2013.06.27 18:24:10.066,0.81539,0.81568,1.69,1.50
2013.06.27 18:24:10.188,0.81536,0.81568,1.32,1.50
2013.06.27 18:24:11.796,0.81536,0.81568,1.32,2.44
2013.06.27 18:24:12.728,0.81535,0.81566,1.69,1.69
2013.06.27 18:24:13.617,0.81533,0.81566,2.07,1.69
2013.06.27 18:24:14.566,0.81534,0.81566,1.69,1.69
2013.06.27 18:24:15.676,0.81536,0.81567,2.07,1.69
2013.06.27 18:24:16.757,0.81537,0.81565,1.69,1.50
2013.06.27 18:24:17.056,0.81535,0.81565,1.69,1.50
2013.06.27 18:24:17.177,0.81535,0.81564,1.69,1.50
2013.06.27 18:24:17.537,0.81527,0.81563,1.32,1.69
2013.06.27 18:24:17.656,0.81527,0.8156,1.32,1.69
2013.06.27 18:24:19.777,0.81526,0.81559,2.44,1.69
2013.06.27 18:24:20.416,0.81526,0.81559,1.69,2.44
2013.06.27 18:24:20.876,0.81528,0.81559,2.44,1.50
2013.06.27 18:24:21.186,0.81531,0.81566,1.69,1.32
2013.06.27 18:24:21.326,0.81536,0.81567,1.69,2.44
2013.06.27 18:24:21.386,0.81536,0.81566,1.69,1.13
2013.06.27 18:24:23.889,0.81535,0.81566,1.69,2.44
2013.06.27 18:24:31.716,0.81534,0.81569,1.69,3.94
2013.06.27 18:24:37.737,0.8153,0.81566,1.69,1.32
2013.06.27 18:24:38.096,0.81529,0.81562,1.69,1.32
2013.06.27 18:24:39.542,0.8153,0.81562,1.69,1.32
2013.06.27 18:24:42.356,0.81531,0.81563,1.69,2.44
2013.06.27 18:24:52.388,0.81529,0.81562,1.69,1.32
2013.06.27 18:24:54.791,0.8153,0.81562,1.69,1.32
2013.06.27 18:24:55.437,0.81532,0.81563,1.69,1.69
2013.06.27 18:24:55.677,0.81535,0.81563,1.69,1.50
2013.06.27 18:24:56.036,0.81535,0.8157,1.69,2.07
2013.06.27 18:24:56.337,0.81539,0.8157,1.32,1.32
2013.06.27 18:24:56.677,0.81537,0.8157,1.69,2.07
2013.06.27 18:24:56.976,0.81531,0.81567,2.44,2.44
2013.06.27 18:24:57.256,0.81531,0.81561,1.69,1.50
2013.06.27 18:24:57.376,0.81529,0.8156,2.07,1.13
2013.06.27 18:24:58.620,0.8153,0.81559,1.69,1.69
2013.06.27 18:24:58.967,0.81532,0.81559,1.50,1.69
2013.06.27 18:24:59.528,0.81532,0.81559,1.50,1.69
2013.06.27 18:24:59.829,0.81532,0.8156,1.69,1.32
2013.06.27 18:24:59.946,0.81535,0.81562,1.69,1.69
2013.06.27 18:25:00.487,0.81532,0.8156,1.69,1.13
2013.06.27 18:25:00.716,0.81536,0.81562,1.50,1.69
2013.06.27 18:25:01.017,0.81537,0.81566,1.69,1.13
2013.06.27 18:25:01.785,0.81536,0.81566,1.69,2.07
2013.06.27 18:25:01.906,0.81541,0.81568,1.50,1.32
2013.06.27 18:25:02.086,0.81541,0.81569,1.50,2.44
2013.06.27 18:25:02.146,0.81537,0.81568,1.69,1.32
2013.06.27 18:25:07.337,0.81539,0.81568,1.69,1.13
2013.06.27 18:25:07.396,0.81544,0.81569,1.50,1.32
2013.06.27 18:25:08.367,0.81544,0.81569,2.44,1.13
2013.06.27 18:25:08.426,0.81544,0.81568,1.69,1.13
2013.06.27 18:25:08.486,0.81541,0.81568,1.54,1.13
2013.06.27 18:25:10.356,0.81541,0.81569,1.69,2.25
2013.06.27 18:25:17.219,0.8154,0.81569,1.69,2.25
2013.06.27 18:25:18.018,0.81539,0.81569,1.69,2.44
2013.06.27 18:25:18.876,0.81542,0.81569,1.69,2.25
2013.06.27 18:25:19.356,0.81538,0.81569,1.69,2.25
2013.06.27 18:25:22.034,0.81537,0.81568,1.69,2.44
2013.06.27 18:25:22.096,0.81535,0.81568,1.69,2.44
2013.06.27 18:25:22.276,0.81533,0.81564,1.32,1.69
2013.06.27 18:25:23.981,0.81533,0.81564,2.07,1.69
2013.06.27 18:25:24.420,0.81533,0.81564,2.07,1.69
2013.06.27 18:25:24.907,0.81533,0.81564,1.69,1.69
2013.06.27 18:25:25.206,0.81531,0.81562,1.69,1.69
2013.06.27 18:25:28.909,0.81531,0.81564,2.44,2.07
2013.06.27 18:25:29.629,0.81531,0.81564,2.44,2.07
2013.06.27 18:25:30.568,0.81531,0.81559,1.69,1.32
2013.06.27 18:25:30.628,0.81531,0.81559,1.69,1.32
2013.06.27 18:25:30.808,0.81527,0.81558,2.44,1.69
2013.06.27 18:25:31.047,0.81527,0.81558,1.50,1.69
2013.06.27 18:25:31.107,0.81527,0.81558,1.50,1.69
2013.06.27 18:25:31.407,0.81533,0.8156,1.50,1.69
2013.06.27 18:25:31.527,0.81536,0.8156,1.50,1.69
2013.06.27 18:25:31.949,0.81539,0.81568,1.50,1.69
2013.06.27 18:25:32.009,0.81539,0.81571,1.50,2.44
2013.06.27 18:25:32.128,0.81539,0.81571,1.50,1.69
2013.06.27 18:25:32.188,0.81539,0.81573,2.25,1.69
2013.06.27 18:25:32.377,0.81545,0.81573,1.50,1.50
2013.06.27 18:25:32.928,0.81549,0.8158,1.50,2.07
2013.06.27 18:25:33.355,0.81556,0.8158,2.10,2.07
2013.06.27 18:25:33.598,0.81556,0.81588,1.13,1.13
2013.06.27 18:25:33.718,0.81555,0.81588,1.69,1.32
2013.06.27 18:25:34.027,0.81553,0.81585,1.32,1.50
2013.06.27 18:25:41.708,0.81551,0.81579,1.50,1.69
2013.06.27 18:25:43.855,0.81549,0.81579,1.69,1.69
2013.06.27 18:25:43.918,0.81549,0.81581,1.69,1.69
2013.06.27 18:25:44.157,0.81548,0.81579,1.32,1.69
2013.06.27 18:25:44.518,0.8154,0.81575,1.69,1.69
2013.06.27 18:25:44.957,0.81544,0.81578,1.50,2.07
2013.06.27 18:25:55.297,0.81544,0.81578,1.69,1.69
2013.06.27 18:25:56.748,0.81542,0.81578,1.69,2.44
2013.06.27 18:25:57.848,0.81541,0.81574,1.69,1.69
2013.06.27 18:25:57.967,0.8154,0.81573,1.69,1.69
2013.06.27 18:25:59.837,0.81539,0.8157,1.69,1.32
2013.06.27 18:25:59.897,0.81532,0.81568,1.32,1.69
2013.06.27 18:26:00.078,0.81534,0.8157,2.07,3.57
2013.06.27 18:26:00.208,0.81535,0.8157,1.69,1.32
2013.06.27 18:26:00.801,0.81539,0.8157,1.69,1.32
2013.06.27 18:26:01.017,0.81538,0.81569,1.69,1.69
2013.06.27 18:26:02.888,0.81536,0.81569,1.69,1.69
2013.06.27 18:26:05.154,0.81536,0.81567,1.32,1.69
2013.06.27 18:26:05.398,0.81535,0.81564,1.32,1.69
2013.06.27 18:26:05.927,0.81536,0.81564,1.13,1.69
2013.06.27 18:26:06.472,0.81532,0.81565,1.69,1.69
2013.06.27 18:26:07.865,0.81532,0.81565,1.69,1.69
2013.06.27 18:26:16.447,0.81533,0.81564,1.69,1.69
2013.06.27 18:26:16.648,0.81532,0.81564,1.69,1.69
2013.06.27 18:26:16.719,0.8153,0.81561,2.44,1.69
2013.06.27 18:26:18.837,0.81531,0.81564,1.69,1.69
2013.06.27 18:26:20.000,0.8153,0.81564,1.69,1.69
2013.06.27 18:26:23.820,0.81531,0.81563,2.44,1.69
2013.06.27 18:26:24.329,0.81534,0.81563,1.69,1.69
2013.06.27 18:26:26.669,0.81533,0.81564,1.69,1.69
2013.06.27 18:26:26.998,0.81532,0.81564,1.69,1.69
2013.06.27 18:26:27.732,0.81532,0.81562,1.50,1.69
2013.06.27 18:26:27.859,0.81531,0.81562,1.69,1.69
2013.06.27 18:26:27.917,0.81529,0.81562,2.44,1.69
2013.06.27 18:26:28.157,0.81527,0.81559,1.32,1.69
2013.06.27 18:26:28.217,0.81527,0.81557,1.32,1.32
2013.06.27 18:26:28.777,0.8153,0.81559,1.13,1.69
2013.06.27 18:26:28.839,0.81529,0.81559,1.69,1.69
2013.06.27 18:26:30.630,0.81527,0.81558,1.32,1.69
2013.06.27 18:26:31.892,0.81527,0.81558,2.07,1.69
2013.06.27 18:26:33.114,0.81527,0.81558,2.07,1.69
2013.06.27 18:26:33.973,0.81528,0.81558,1.32,1.69
2013.06.27 18:26:34.451,0.81528,0.81558,1.32,1.69
2013.06.27 18:26:35.492,0.81527,0.81558,1.32,1.69
2013.06.27 18:26:35.553,0.81527,0.81558,1.32,1.69
2013.06.27 18:26:35.887,0.81528,0.81555,1.13,1.69
2013.06.27 18:26:36.067,0.81528,0.81555,1.13,1.69
2013.06.27 18:26:37.075,0.81528,0.81558,2.07,2.07
2013.06.27 18:26:40.249,0.8153,0.81558,1.69,1.32
2013.06.27 18:26:40.427,0.81534,0.81562,1.50,1.69
2013.06.27 18:26:40.889,0.81535,0.81562,1.50,1.69
2013.06.27 18:26:41.068,0.81533,0.81562,1.88,1.69
2013.06.27 18:26:42.398,0.81543,0.8156,1.50,1.69
2013.06.27 18:26:42.458,0.81545,0.81568,1.13,1.69
2013.06.27 18:26:42.517,0.81545,0.81568,1.13,1.69
2013.06.27 18:26:42.637,0.81545,0.81569,1.13,1.69
2013.06.27 18:26:42.697,0.81545,0.81574,1.13,3.19
2013.06.27 18:26:43.204,0.81545,0.81574,1.13,1.69
2013.06.27 18:26:43.667,0.81543,0.81573,2.25,1.69
2013.06.27 18:26:43.847,0.81539,0.81573,1.69,1.69
2013.06.27 18:26:44.539,0.81538,0.81567,1.69,1.69
2013.06.27 18:26:49.938,0.81534,0.81557,1.13,1.69
2013.06.27 18:26:50.227,0.81532,0.81559,1.50,1.69
2013.06.27 18:26:50.838,0.81527,0.81558,1.69,1.69
2013.06.27 18:26:52.038,0.81527,0.81558,1.50,1.69
2013.06.27 18:26:52.606,0.81525,0.81556,2.07,1.69
2013.06.27 18:26:52.967,0.81522,0.81552,1.88,1.69
2013.06.27 18:26:53.598,0.81522,0.81552,1.88,1.69
2013.06.27 18:26:56.151,0.81522,0.8155,1.69,1.69
2013.06.27 18:26:56.563,0.8152,0.8155,1.32,1.69
2013.06.27 18:26:58.219,0.81517,0.81548,1.69,1.69
2013.06.27 18:26:58.778,0.81519,0.8155,1.69,1.69
2013.06.27 18:26:59.137,0.81519,0.8155,1.69,1.69
2013.06.27 18:26:59.257,0.81518,0.81549,1.69,1.69
2013.06.27 18:26:59.377,0.81517,0.81547,1.50,1.69
2013.06.27 18:26:59.648,0.81517,0.81547,2.25,2.07
2013.06.27 18:26:59.707,0.81517,0.81547,2.25,2.07
2013.06.27 18:27:00.467,0.81517,0.81547,2.25,2.07
2013.06.27 18:27:03.847,0.81517,0.81547,2.44,1.32
2013.06.27 18:27:03.908,0.81521,0.81549,1.50,1.69
2013.06.27 18:27:04.087,0.81523,0.81553,1.50,3.19
2013.06.27 18:27:04.267,0.81524,0.81553,1.50,1.69
2013.06.27 18:27:06.249,0.81527,0.81553,1.50,1.69
2013.06.27 18:27:06.307,0.81529,0.81557,1.35,2.07
2013.06.27 18:27:06.427,0.81531,0.81563,1.35,1.32
2013.06.27 18:27:06.547,0.81533,0.81567,1.50,2.07
2013.06.27 18:27:07.637,0.81541,0.81568,1.88,1.69
2013.06.27 18:27:07.817,0.81535,0.81565,1.69,1.69
2013.06.27 18:27:09.549,0.81535,0.81564,1.50,1.69
2013.06.27 18:27:09.932,0.81544,0.81571,3.00,2.44
2013.06.27 18:27:09.998,0.81544,0.81573,3.00,1.69
2013.06.27 18:27:11.037,0.81544,0.81574,3.19,2.44
2013.06.27 18:27:11.108,0.81544,0.81574,3.19,2.44
2013.06.27 18:27:15.487,0.81544,0.81575,2.07,1.69
2013.06.27 18:27:21.268,0.81545,0.81577,2.07,3.19
2013.06.27 18:27:23.197,0.81546,0.81579,1.69,1.69
2013.06.27 18:27:23.888,0.81551,0.81579,3.00,2.44
2013.06.27 18:27:24.484,0.81551,0.8158,3.19,1.69
2013.06.27 18:27:26.762,0.81551,0.8158,3.19,1.69
2013.06.27 18:27:28.703,0.81551,0.81581,3.19,1.69
2013.06.27 18:27:30.467,0.81553,0.81581,1.32,1.69
2013.06.27 18:27:34.588,0.81554,0.81588,1.69,2.44
2013.06.27 18:27:36.025,0.81556,0.81588,1.32,1.69
2013.06.27 18:27:36.387,0.81556,0.8159,1.92,3.19
2013.06.27 18:27:36.687,0.81556,0.81588,2.07,1.69
2013.06.27 18:27:37.189,0.81556,0.81589,2.07,2.44
2013.06.27 18:27:39.428,0.81562,0.81593,1.50,2.44
2013.06.27 18:27:39.487,0.81562,0.81594,1.50,2.07
2013.06.27 18:27:40.228,0.81562,0.81594,1.69,2.07
2013.06.27 18:27:41.348,0.81564,0.81597,1.69,1.32
2013.06.27 18:27:43.188,0.81566,0.81597,1.69,2.07
2013.06.27 18:27:45.268,0.81565,0.81596,2.07,1.69
2013.06.27 18:27:47.168,0.81564,0.81595,2.07,1.69
2013.06.27 18:27:48.208,0.81564,0.81598,2.07,3.19
2013.06.27 18:27:48.387,0.81566,0.81598,1.69,3.19
2013.06.27 18:27:48.447,0.81566,0.81597,1.69,1.69
2013.06.27 18:27:49.007,0.81564,0.81595,1.32,1.69
2013.06.27 18:27:49.918,0.81566,0.81597,1.69,1.69
2013.06.27 18:27:50.399,0.81567,0.81598,1.32,1.69
2013.06.27 18:27:50.517,0.81571,0.81603,1.32,3.19
2013.06.27 18:27:50.817,0.81572,0.81603,1.69,1.69
2013.06.27 18:27:52.128,0.81572,0.81601,1.69,1.50
2013.06.27 18:27:52.247,0.81571,0.81599,1.32,1.50
2013.06.27 18:27:55.203,0.8157,0.81598,1.69,1.69
2013.06.27 18:27:58.537,0.81571,0.81598,1.69,1.50
2013.06.27 18:27:58.959,0.81571,0.81602,1.69,1.69
2013.06.27 18:27:59.427,0.81571,0.81601,2.44,1.69
2013.06.27 18:27:59.727,0.81571,0.81599,2.44,1.50
2013.06.27 18:27:59.907,0.81573,0.81602,1.32,1.69
2013.06.27 18:27:59.967,0.81573,0.81602,1.32,1.69
2013.06.27 18:28:03.648,0.81571,0.81603,1.69,2.82
2013.06.27 18:28:03.738,0.81571,0.81602,1.69,1.69
2013.06.27 18:28:04.673,0.81568,0.81602,1.32,1.69
2013.06.27 18:28:04.741,0.81568,0.81599,1.32,2.44
2013.06.27 18:28:08.197,0.81567,0.81599,1.32,1.69
2013.06.27 18:28:08.709,0.81567,0.81596,1.32,1.69
2013.06.27 18:28:12.387,0.81567,0.81599,1.69,1.69
2013.06.27 18:28:12.758,0.81574,0.81602,1.13,1.69
2013.06.27 18:28:13.188,0.81574,0.81604,1.13,1.69
2013.06.27 18:28:14.379,0.81576,0.81605,1.54,2.44
2013.06.27 18:28:15.729,0.81579,0.81612,1.69,1.69
2013.06.27 18:28:15.789,0.81579,0.81612,1.69,1.69
2013.06.27 18:28:15.848,0.81579,0.81613,2.44,2.07
2013.06.27 18:28:18.737,0.8158,0.81613,2.07,2.82
2013.06.27 18:28:18.898,0.8158,0.81611,1.32,1.69
2013.06.27 18:28:18.958,0.81577,0.81608,3.19,1.54
2013.06.27 18:28:19.198,0.81575,0.81602,1.50,1.69
2013.06.27 18:28:19.257,0.81575,0.81599,1.50,1.50
2013.06.27 18:28:19.578,0.81575,0.81599,1.50,1.50
2013.06.27 18:28:20.616,0.81571,0.816,1.13,1.69
2013.06.27 18:28:21.211,0.81571,0.816,1.32,1.69
2013.06.27 18:28:23.878,0.81571,0.81602,2.07,1.69
2013.06.27 18:28:25.438,0.81571,0.81602,2.07,1.69
2013.06.27 18:28:25.778,0.81577,0.81608,1.13,3.94
2013.06.27 18:28:26.017,0.8158,0.81613,1.69,3.19
2013.06.27 18:28:28.276,0.81582,0.81613,1.32,3.19
2013.06.27 18:28:30.387,0.81582,0.81613,1.13,3.19
2013.06.27 18:28:38.914,0.81581,0.81609,1.32,1.69
2013.06.27 18:28:39.727,0.81587,0.81614,2.25,1.69
2013.06.27 18:28:41.348,0.81587,0.81614,2.25,1.69
2013.06.27 18:28:42.331,0.81587,0.81614,2.25,1.69
2013.06.27 18:28:46.947,0.81585,0.81613,1.13,1.69
2013.06.27 18:28:47.907,0.81583,0.81613,1.69,2.44
2013.06.27 18:28:49.746,0.81579,0.81613,2.44,1.69
2013.06.27 18:28:56.974,0.81582,0.81612,1.69,1.69
2013.06.27 18:29:01.788,0.81584,0.81613,1.13,2.44
2013.06.27 18:29:10.657,0.81582,0.81608,3.00,1.69
2013.06.27 18:29:11.239,0.8158,0.81608,1.69,2.44
2013.06.27 18:29:12.157,0.8158,0.81607,1.50,1.69
2013.06.27 18:29:23.850,0.8158,0.81606,1.13,1.69
2013.06.27 18:29:23.917,0.81579,0.81605,1.13,1.69
2013.06.27 18:29:24.097,0.81577,0.81603,1.88,1.69
2013.06.27 18:29:25.217,0.81577,0.81605,1.13,1.69
2013.06.27 18:29:28.688,0.81576,0.81604,1.13,1.69
2013.06.27 18:29:28.807,0.81576,0.81603,1.13,1.69
2013.06.27 18:29:33.138,0.81576,0.81603,1.13,1.69
2013.06.27 18:29:33.197,0.81579,0.81606,1.13,1.69
2013.06.27 18:29:33.378,0.81581,0.81604,1.50,1.69
2013.06.27 18:29:34.638,0.81579,0.81608,1.32,1.69
2013.06.27 18:29:35.150,0.81582,0.81608,1.50,1.69
2013.06.27 18:29:35.937,0.81589,0.81609,1.50,1.13
2013.06.27 18:29:35.998,0.81589,0.81612,1.50,1.69
2013.06.27 18:29:36.180,0.81585,0.81607,1.13,1.50
2013.06.27 18:29:36.297,0.81582,0.81607,2.44,1.50
2013.06.27 18:29:36.357,0.81582,0.81608,2.44,1.50
2013.06.27 18:29:38.516,0.81582,0.81608,1.50,1.69
2013.06.27 18:29:40.396,0.81582,0.81608,1.50,2.44
2013.06.27 18:29:43.747,0.81582,0.81608,1.50,2.44
2013.06.27 18:29:44.479,0.81582,0.81608,1.50,2.44
2013.06.27 18:29:44.838,0.81578,0.81604,1.50,1.69
2013.06.27 18:29:45.359,0.81577,0.81603,1.88,1.69
2013.06.27 18:29:46.151,0.81577,0.81603,1.13,1.69
2013.06.27 18:29:47.638,0.81575,0.81603,1.88,1.69
2013.06.27 18:29:53.018,0.81575,0.81603,1.88,1.69
2013.06.27 18:30:03.538,0.81577,0.81603,1.50,1.69
2013.06.27 18:30:03.600,0.81576,0.81603,1.88,1.69
2013.06.27 18:30:03.958,0.81576,0.816,1.13,1.69
2013.06.27 18:30:06.958,0.81574,0.816,1.13,1.69
2013.06.27 18:30:07.018,0.81574,0.81604,1.32,2.82
2013.06.27 18:30:07.358,0.81574,0.81603,1.32,1.69
2013.06.27 18:30:07.418,0.81574,0.81603,1.32,1.69
2013.06.27 18:30:10.469,0.81572,0.81599,1.32,1.69
2013.06.27 18:30:33.638,0.81571,0.81599,1.13,1.69
2013.06.27 18:30:37.048,0.81571,0.81599,1.32,1.69
2013.06.27 18:30:37.681,0.81571,0.81599,1.32,1.69
2013.06.27 18:30:37.918,0.81571,0.81602,2.07,1.50
2013.06.27 18:30:43.438,0.81576,0.81602,1.32,1.50
2013.06.27 18:30:44.049,0.81576,0.81603,1.32,1.50
2013.06.27 18:30:44.759,0.81576,0.81606,1.32,1.69
2013.06.27 18:30:46.239,0.81574,0.81607,1.69,1.69
2013.06.27 18:30:46.417,0.81577,0.81609,1.69,1.69
2013.06.27 18:30:46.478,0.81577,0.81611,1.69,1.69
2013.06.27 18:30:47.068,0.81578,0.81614,1.69,1.69
2013.06.27 18:30:47.127,0.81578,0.81615,2.44,1.69
2013.06.27 18:30:50.588,0.81583,0.81616,1.69,1.69
2013.06.27 18:30:51.637,0.81584,0.81615,1.69,1.69
2013.06.27 18:30:52.388,0.81581,0.81614,1.69,1.69
2013.06.27 18:30:52.448,0.81581,0.81609,1.69,1.50
2013.06.27 18:30:52.698,0.81579,0.81609,2.07,1.69
2013.06.27 18:31:00.204,0.81578,0.81609,2.07,1.69
2013.06.27 18:31:00.711,0.81581,0.81609,1.69,1.69
2013.06.27 18:31:00.828,0.81582,0.81613,1.32,1.69
2013.06.27 18:31:00.912,0.81582,0.81615,1.32,1.69
2013.06.27 18:31:01.148,0.81582,0.81615,1.32,1.69
2013.06.27 18:31:02.225,0.81582,0.81614,1.32,1.69
2013.06.27 18:31:03.578,0.81582,0.81613,1.32,1.69
2013.06.27 18:31:04.371,0.81581,0.81613,1.32,2.44
2013.06.27 18:31:04.558,0.81581,0.81613,1.32,2.44
2013.06.27 18:31:04.947,0.81581,0.81613,1.32,1.69
2013.06.27 18:31:05.706,0.81582,0.81611,1.69,1.69
2013.06.27 18:31:12.589,0.81582,0.8161,1.69,1.50
2013.06.27 18:31:14.407,0.81583,0.8161,1.69,1.50
2013.06.27 18:31:17.209,0.81585,0.8161,1.69,1.50
2013.06.27 18:31:18.129,0.81585,0.81608,1.69,1.50
2013.06.27 18:31:18.250,0.81581,0.81607,1.69,1.50
2013.06.27 18:31:18.367,0.81581,0.81608,1.69,1.50
2013.06.27 18:31:18.698,0.81581,0.81608,1.69,1.50
2013.06.27 18:31:23.588,0.81579,0.81607,1.69,1.32
2013.06.27 18:31:25.798,0.81577,0.81608,1.69,1.32
2013.06.27 18:31:28.159,0.81577,0.81606,1.69,1.13
2013.06.27 18:31:30.480,0.81577,0.81607,1.69,1.32
2013.06.27 18:31:31.147,0.81578,0.81607,1.69,1.13
2013.06.27 18:31:33.708,0.81578,0.81607,1.69,1.50
2013.06.27 18:31:37.218,0.81581,0.8161,1.69,1.50
2013.06.27 18:31:41.527,0.81582,0.81611,1.69,1.50
2013.06.27 18:31:43.470,0.81583,0.81611,1.69,1.50
2013.06.27 18:31:43.818,0.81586,0.81613,1.50,1.69
2013.06.27 18:31:45.662,0.81586,0.81613,1.50,1.69
2013.06.27 18:31:52.207,0.81586,0.81611,1.50,1.69
2013.06.27 18:31:53.258,0.8158,0.81611,1.69,1.69
2013.06.27 18:32:02.049,0.81579,0.81611,1.69,1.69
2013.06.27 18:32:02.658,0.81577,0.81607,1.69,1.69
2013.06.27 18:32:05.066,0.81577,0.81607,1.32,2.07
2013.06.27 18:32:07.719,0.81577,0.81607,1.32,1.32
2013.06.27 18:32:08.713,0.81577,0.81607,2.07,1.32
2013.06.27 18:32:17.278,0.81581,0.81617,2.82,2.82
2013.06.27 18:32:17.398,0.81581,0.81617,2.82,1.32
2013.06.27 18:32:17.920,0.81582,0.81617,1.69,1.32
2013.06.27 18:32:18.198,0.81586,0.81617,1.69,1.32
2013.06.27 18:32:19.838,0.81585,0.81619,2.82,1.69
2013.06.27 18:32:22.177,0.81586,0.81619,1.69,1.69
2013.06.27 18:32:23.779,0.81587,0.8162,1.32,1.69
2013.06.27 18:32:25.178,0.81589,0.81624,1.69,1.69
2013.06.27 18:32:25.238,0.81589,0.81624,2.44,1.69
2013.06.27 18:32:27.792,0.81591,0.81623,1.69,1.69
2013.06.27 18:32:31.048,0.81592,0.81624,1.69,1.69
2013.06.27 18:32:33.327,0.81597,0.81623,2.10,1.69
2013.06.27 18:32:33.630,0.81604,0.81633,1.50,1.69
2013.06.27 18:32:34.069,0.81604,0.81628,1.50,1.69
2013.06.27 18:32:34.127,0.81599,0.81628,1.69,2.07
2013.06.27 18:32:34.188,0.81597,0.81624,1.13,1.50
2013.06.27 18:32:34.248,0.81597,0.81624,1.13,1.50
2013.06.27 18:32:34.611,0.81597,0.81624,1.13,2.44
2013.06.27 18:32:36.121,0.81596,0.81627,1.32,2.44
2013.06.27 18:32:36.299,0.81594,0.81624,1.69,1.69
2013.06.27 18:32:36.949,0.81589,0.81623,1.69,1.69
2013.06.27 18:32:39.888,0.81588,0.8162,1.69,1.69
2013.06.27 18:32:39.949,0.81588,0.81619,1.69,1.69
2013.06.27 18:32:40.939,0.81589,0.81619,1.69,2.07
2013.06.27 18:32:44.249,0.81591,0.81618,1.69,1.32
2013.06.27 18:32:44.709,0.81591,0.81615,1.50,1.69
2013.06.27 18:32:46.079,0.81591,0.81615,1.50,1.69
2013.06.27 18:32:49.138,0.81586,0.81614,1.69,1.69
2013.06.27 18:32:49.199,0.81586,0.81614,1.69,1.69
2013.06.27 18:32:49.328,0.81586,0.81614,1.69,1.69
2013.06.27 18:32:51.822,0.81587,0.81615,1.69,2.07
2013.06.27 18:32:52.178,0.81581,0.81609,1.69,1.50
2013.06.27 18:32:52.298,0.81581,0.81609,1.50,1.69
2013.06.27 18:32:52.488,0.81576,0.81604,2.07,1.50
2013.06.27 18:32:52.608,0.81576,0.81604,2.07,1.50
2013.06.27 18:32:53.148,0.81574,0.81603,1.13,1.69
2013.06.27 18:32:53.208,0.81573,0.81602,1.32,1.69
2013.06.27 18:32:53.268,0.81573,0.81602,1.32,1.69
2013.06.27 18:32:53.388,0.81564,0.81593,1.32,1.50
2013.06.27 18:32:53.448,0.81564,0.81593,1.32,1.50
2013.06.27 18:32:53.568,0.81564,0.81593,1.13,1.69
2013.06.27 18:33:06.733,0.81562,0.81593,1.69,1.69
2013.06.27 18:33:06.989,0.81562,0.81593,1.69,1.69
2013.06.27 18:33:07.348,0.81573,0.816,1.50,1.69
2013.06.27 18:33:07.647,0.81575,0.81602,1.50,1.69
2013.06.27 18:33:07.768,0.81577,0.81603,1.50,2.44
2013.06.27 18:33:08.098,0.81576,0.81603,1.50,2.44
2013.06.27 18:33:08.779,0.81576,0.81603,1.50,2.44
2013.06.27 18:33:09.359,0.81576,0.81602,1.50,2.44
2013.06.27 18:33:09.549,0.81571,0.81599,1.50,1.69
2013.06.27 18:33:11.669,0.81571,0.81601,1.69,1.69
2013.06.27 18:33:14.629,0.81571,0.81603,1.69,1.69
2013.06.27 18:33:14.688,0.81573,0.81605,1.69,1.69
2013.06.27 18:33:14.810,0.81577,0.81605,1.50,1.69
2013.06.27 18:33:15.121,0.81573,0.81605,1.69,1.69
2013.06.27 18:33:18.582,0.81577,0.81603,1.50,1.69
2013.06.27 18:33:21.302,0.81577,0.81605,1.50,1.69
2013.06.27 18:33:21.358,0.81577,0.81609,1.50,3.94
2013.06.27 18:33:21.418,0.81581,0.81609,1.50,2.44
2013.06.27 18:33:21.538,0.81581,0.8161,1.50,1.32
2013.06.27 18:33:21.659,0.81581,0.81614,2.25,3.19
2013.06.27 18:33:22.250,0.81586,0.81614,1.50,3.19
2013.06.27 18:33:23.270,0.81586,0.81614,1.50,1.69
2013.06.27 18:33:23.569,0.81586,0.81614,1.50,1.69
2013.06.27 18:33:24.078,0.81586,0.81614,1.50,1.69
2013.06.27 18:33:39.279,0.81586,0.81614,1.50,1.69
2013.06.27 18:33:47.508,0.81586,0.81612,1.50,1.69
2013.06.27 18:33:47.868,0.81576,0.8161,2.44,1.69
2013.06.27 18:33:48.169,0.81576,0.8161,2.44,1.69
2013.06.27 18:33:48.228,0.81576,0.8161,2.44,1.69
2013.06.27 18:33:49.387,0.81578,0.81611,1.69,2.44
2013.06.27 18:33:59.919,0.81578,0.81609,1.69,1.69
2013.06.27 18:34:08.134,0.81578,0.81611,1.69,2.44
2013.06.27 18:34:12.038,0.81578,0.81609,1.69,1.69
2013.06.27 18:34:17.049,0.81578,0.81609,1.69,1.69
2013.06.27 18:34:17.408,0.81577,0.81603,1.50,1.69
2013.06.27 18:34:17.468,0.81577,0.81603,1.50,1.69
2013.06.27 18:34:17.649,0.81573,0.81601,1.32,1.69
2013.06.27 18:34:17.709,0.81573,0.816,1.13,2.44
2013.06.27 18:34:18.298,0.81573,0.81603,1.32,1.69
2013.06.27 18:34:18.478,0.81576,0.81604,1.69,1.50
2013.06.27 18:34:19.189,0.81577,0.81608,1.50,1.32
2013.06.27 18:34:19.368,0.81578,0.81608,1.13,1.32
2013.06.27 18:34:20.628,0.81581,0.81609,1.50,1.69
2013.06.27 18:34:21.321,0.81582,0.81608,1.50,1.69
2013.06.27 18:34:21.748,0.8158,0.81605,1.13,1.50
2013.06.27 18:34:21.928,0.8158,0.81604,1.13,1.69
2013.06.27 18:34:22.228,0.81576,0.81604,1.50,2.07
2013.06.27 18:34:23.975,0.81574,0.81604,1.69,2.07
2013.06.27 18:34:33.698,0.81575,0.81603,1.69,1.32
2013.06.27 18:34:45.129,0.81575,0.81603,1.69,1.32
2013.06.27 18:34:54.501,0.81574,0.81603,1.69,1.32
2013.06.27 18:34:57.443,0.81574,0.81604,1.69,2.07
2013.06.27 18:34:58.028,0.81571,0.81598,1.69,1.50
2013.06.27 18:34:58.579,0.81571,0.81599,2.44,1.50
2013.06.27 18:34:59.771,0.81572,0.81599,1.32,1.50
2013.06.27 18:35:00.920,0.81567,0.81598,2.82,1.69
2013.06.27 18:35:01.038,0.81567,0.81598,2.82,1.69
2013.06.27 18:35:03.179,0.81567,0.81598,2.82,2.44
2013.06.27 18:35:03.528,0.81567,0.81598,2.82,2.44
2013.06.27 18:35:06.318,0.81567,0.81595,2.44,1.32
2013.06.27 18:35:06.378,0.81567,0.81595,1.69,1.32
2013.06.27 18:35:11.358,0.81567,0.81598,1.69,2.44
2013.06.27 18:35:11.419,0.81568,0.81598,1.69,1.69
2013.06.27 18:35:14.241,0.81571,0.81598,1.69,1.69
2013.06.27 18:35:23.668,0.81571,0.81598,1.69,1.69
2013.06.27 18:35:26.809,0.81571,0.81597,1.50,1.32
2013.06.27 18:35:33.639,0.81571,0.81597,1.50,1.69
2013.06.27 18:35:33.967,0.81571,0.81599,1.69,1.69
2013.06.27 18:35:36.188,0.81576,0.81599,1.50,1.50
2013.06.27 18:35:36.538,0.81576,0.81599,1.69,1.50
2013.06.27 18:35:36.598,0.81576,0.81608,1.69,2.07
2013.06.27 18:35:40.189,0.81576,0.81606,1.50,1.69
2013.06.27 18:35:41.019,0.81581,0.81609,1.50,1.69
2013.06.27 18:35:53.659,0.81581,0.81612,1.50,1.69
2013.06.27 18:36:01.740,0.81581,0.81612,1.50,3.19
2013.06.27 18:36:03.339,0.81581,0.81612,1.50,3.19
2013.06.27 18:36:05.168,0.81581,0.81612,1.69,1.69
2013.06.27 18:36:09.561,0.81581,0.81611,1.50,2.44
2013.06.27 18:36:10.499,0.81577,0.81608,1.69,1.69
2013.06.27 18:36:11.142,0.81577,0.81608,1.69,1.69
2013.06.27 18:36:13.388,0.81577,0.81608,1.69,1.69
2013.06.27 18:36:17.798,0.81581,0.81612,1.50,3.19
2013.06.27 18:36:20.690,0.81581,0.81611,1.50,2.44
2013.06.27 18:36:27.711,0.81581,0.81613,1.50,2.44
2013.06.27 18:36:40.648,0.81581,0.8161,1.50,2.44
2013.06.27 18:36:40.768,0.81577,0.81606,1.69,1.69
2013.06.27 18:36:47.638,0.81582,0.81609,1.50,1.69
2013.06.27 18:36:47.698,0.81582,0.81612,1.50,1.32
2013.06.27 18:36:47.818,0.81582,0.81613,2.25,2.07
2013.06.27 18:36:50.270,0.81584,0.81613,1.69,1.32
2013.06.27 18:36:52.448,0.81586,0.81613,1.69,1.32
2013.06.27 18:36:52.508,0.81587,0.81613,1.69,1.32
2013.06.27 18:36:52.969,0.81591,0.81619,1.50,2.82
2013.06.27 18:36:53.730,0.81591,0.81619,1.50,3.94
2013.06.27 18:36:54.892,0.81591,0.81619,1.50,1.69
2013.06.27 18:36:57.286,0.81591,0.81619,1.50,3.19
2013.06.27 18:36:57.408,0.81591,0.81619,1.50,1.69
2013.06.27 18:36:58.548,0.81591,0.81619,1.50,1.69
2013.06.27 18:36:58.788,0.81591,0.81615,1.50,1.69
2013.06.27 18:36:59.028,0.81587,0.81612,1.50,1.32
2013.06.27 18:37:03.601,0.81587,0.81611,1.50,1.32
2013.06.27 18:37:03.929,0.81587,0.81611,1.50,1.32
2013.06.27 18:37:08.438,0.81582,0.81611,1.69,2.07
2013.06.27 18:37:08.558,0.81582,0.8161,1.69,1.69
2013.06.27 18:37:08.978,0.81576,0.81606,1.69,1.69
2013.06.27 18:37:09.038,0.81576,0.81606,1.69,1.69
2013.06.27 18:37:09.158,0.81576,0.81606,1.69,1.69
2013.06.27 18:37:10.318,0.81582,0.81608,1.50,2.07
2013.06.27 18:37:13.529,0.81582,0.81608,1.50,1.69
2013.06.27 18:37:19.338,0.81582,0.81609,1.50,1.69
2013.06.27 18:37:23.609,0.81582,0.81609,1.50,1.69
2013.06.27 18:37:38.979,0.81582,0.81614,1.50,2.07
2013.06.27 18:37:39.038,0.81584,0.81614,1.50,2.07
2013.06.27 18:37:40.819,0.81584,0.81611,1.50,1.69
2013.06.27 18:37:41.322,0.81582,0.81611,1.69,1.69
2013.06.27 18:37:43.629,0.81582,0.81611,1.69,1.69
2013.06.27 18:37:47.695,0.81582,0.8161,1.69,1.69
2013.06.27 18:37:54.959,0.81581,0.8161,1.69,1.69
2013.06.27 18:37:56.115,0.81581,0.81609,1.69,1.69
2013.06.27 18:38:00.330,0.81581,0.81612,1.69,1.69
2013.06.27 18:38:02.635,0.8158,0.8161,1.32,1.69
2013.06.27 18:38:03.759,0.81582,0.8161,1.69,1.69
2013.06.27 18:38:04.288,0.81582,0.8161,1.69,1.69
2013.06.27 18:38:11.158,0.8158,0.81613,1.32,2.44
2013.06.27 18:38:18.779,0.8158,0.81614,1.32,2.82
2013.06.27 18:38:20.438,0.8158,0.81612,1.32,2.44
2013.06.27 18:38:23.668,0.81583,0.81614,1.69,1.69
2013.06.27 18:38:23.908,0.81586,0.81615,1.50,1.69
2013.06.27 18:38:23.968,0.81586,0.81617,1.50,2.44
2013.06.27 18:38:28.537,0.81587,0.81615,1.69,1.32
2013.06.27 18:38:28.828,0.81586,0.81615,1.50,1.32
2013.06.27 18:38:30.470,0.81586,0.81613,1.50,1.69
2013.06.27 18:38:45.150,0.81586,0.81617,1.50,1.32
2013.06.27 18:38:45.208,0.81586,0.81617,1.69,1.32
2013.06.27 18:38:49.738,0.8159,0.81618,1.50,1.13
2013.06.27 18:38:49.858,0.81591,0.81619,1.50,1.69
2013.06.27 18:38:49.919,0.8159,0.81619,1.50,1.69
2013.06.27 18:38:51.519,0.8159,0.81619,1.50,2.44
2013.06.27 18:38:52.506,0.8159,0.81618,1.69,1.69
2013.06.27 18:38:55.318,0.81591,0.81619,1.50,1.69
2013.06.27 18:38:56.462,0.81591,0.81619,1.50,1.69
2013.06.27 18:38:58.929,0.81589,0.81618,1.50,1.69
2013.06.27 18:39:01.629,0.81589,0.81619,1.69,1.69
2013.06.27 18:39:02.389,0.81587,0.81616,1.32,1.50
2013.06.27 18:39:02.448,0.81586,0.81616,1.13,1.69
2013.06.27 18:39:02.509,0.81584,0.81616,1.69,1.69
2013.06.27 18:39:02.631,0.81582,0.81614,1.13,3.19
2013.06.27 18:39:02.749,0.81582,0.81611,1.13,2.44
2013.06.27 18:39:03.831,0.81582,0.81608,1.13,1.69
2013.06.27 18:39:13.854,0.8158,0.81609,1.32,1.69
2013.06.27 18:39:21.408,0.8158,0.81612,1.32,1.69
2013.06.27 18:39:21.468,0.8158,0.81613,1.32,2.44
2013.06.27 18:39:22.572,0.81582,0.81612,1.69,1.69
2013.06.27 18:39:24.939,0.81582,0.81611,1.69,1.69
2013.06.27 18:39:31.397,0.81582,0.81611,1.50,1.69
2013.06.27 18:39:31.458,0.81581,0.81609,1.50,1.69
2013.06.27 18:39:32.459,0.81579,0.81609,1.69,1.69
2013.06.27 18:39:36.820,0.81579,0.8161,1.69,1.69
2013.06.27 18:39:54.156,0.8158,0.81611,1.69,2.07
2013.06.27 18:39:55.341,0.81581,0.81611,1.32,2.07
2013.06.27 18:40:04.178,0.81581,0.81612,1.32,1.69
2013.06.27 18:40:17.369,0.81581,0.81613,2.07,1.32
2013.06.27 18:40:17.608,0.81584,0.81614,2.07,1.69
2013.06.27 18:40:17.669,0.81584,0.81615,2.07,1.32
2013.06.27 18:40:18.370,0.81586,0.81616,1.69,2.07
2013.06.27 18:40:18.488,0.81587,0.81618,1.69,1.69
2013.06.27 18:40:18.668,0.81588,0.81619,1.32,1.54
2013.06.27 18:40:24.119,0.81589,0.81619,1.69,2.29
2013.06.27 18:40:24.479,0.81587,0.81618,1.13,1.69
2013.06.27 18:40:24.539,0.81584,0.81618,1.50,1.69
2013.06.27 18:40:24.599,0.81582,0.81615,1.69,1.13
2013.06.27 18:40:24.840,0.81579,0.81614,1.32,1.69
2013.06.27 18:40:26.711,0.81578,0.81613,1.32,2.44
2013.06.27 18:40:27.809,0.81578,0.8161,2.07,1.69
2013.06.27 18:40:28.713,0.81578,0.8161,1.32,1.69
2013.06.27 18:40:29.719,0.81578,0.81609,2.07,1.69
2013.06.27 18:40:31.723,0.8158,0.81612,1.69,1.69
2013.06.27 18:40:35.478,0.81581,0.81612,1.69,1.69
2013.06.27 18:40:39.159,0.81584,0.81616,1.69,2.82
2013.06.27 18:40:39.279,0.81588,0.81616,1.50,1.32
2013.06.27 18:40:46.859,0.81584,0.81615,1.69,2.07
2013.06.27 18:40:47.218,0.81583,0.8161,1.50,1.32
2013.06.27 18:40:47.278,0.81583,0.8161,1.50,1.32
2013.06.27 18:40:47.398,0.81583,0.8161,1.50,1.32
2013.06.27 18:40:47.458,0.81583,0.81614,1.69,2.44
2013.06.27 18:40:48.240,0.81586,0.81616,1.50,1.32
2013.06.27 18:40:49.730,0.81586,0.81617,1.69,1.32
2013.06.27 18:40:51.259,0.81586,0.81617,1.69,1.69
2013.06.27 18:40:51.379,0.81586,0.81613,1.50,1.69
2013.06.27 18:40:51.499,0.81586,0.81611,1.50,1.69
2013.06.27 18:40:51.618,0.81581,0.81609,1.69,1.69
2013.06.27 18:40:52.090,0.81577,0.8161,2.44,2.82
2013.06.27 18:40:53.758,0.81579,0.81609,1.69,1.69
2013.06.27 18:40:56.119,0.81579,0.81609,1.69,1.32
2013.06.27 18:40:56.180,0.8158,0.81612,1.69,1.69
2013.06.27 18:40:57.151,0.81585,0.81614,1.50,1.69
2013.06.27 18:41:01.680,0.81585,0.81614,1.50,1.69
2013.06.27 18:41:06.678,0.81585,0.81618,1.69,4.32
2013.06.27 18:41:12.603,0.81584,0.81618,1.69,2.44
2013.06.27 18:41:13.938,0.81584,0.81618,1.69,3.94
2013.06.27 18:41:23.136,0.81585,0.81618,1.69,2.82
2013.06.27 18:41:25.009,0.81587,0.81619,1.69,2.07
2013.06.27 18:41:30.453,0.81588,0.81621,1.69,2.44
2013.06.27 18:41:35.689,0.81587,0.8162,2.44,1.69
2013.06.27 18:41:45.587,0.81588,0.8162,2.44,1.69
2013.06.27 18:41:55.709,0.81588,0.81619,1.69,1.69
2013.06.27 18:42:01.625,0.81587,0.81622,1.69,2.44
2013.06.27 18:42:05.639,0.81588,0.81623,1.69,3.57
2013.06.27 18:42:09.769,0.8159,0.81624,2.44,2.07
2013.06.27 18:42:09.889,0.81592,0.81624,1.69,2.07
2013.06.27 18:42:10.998,0.81592,0.81624,1.69,1.32
2013.06.27 18:42:12.060,0.81592,0.81624,1.69,1.69
2013.06.27 18:42:14.171,0.81592,0.81625,1.69,1.69
2013.06.27 18:42:17.849,0.81593,0.81627,1.69,1.32
2013.06.27 18:42:20.985,0.81593,0.81628,2.44,3.19
2013.06.27 18:42:22.790,0.81593,0.81628,2.44,1.69
2013.06.27 18:42:31.116,0.81593,0.81628,1.69,4.32
2013.06.27 18:42:31.539,0.81594,0.81624,1.50,2.07
2013.06.27 18:42:31.660,0.81591,0.81621,1.50,1.69
2013.06.27 18:42:31.839,0.81588,0.81619,2.07,1.69
2013.06.27 18:42:31.960,0.81588,0.81617,2.07,1.69
2013.06.27 18:42:32.319,0.81588,0.81616,1.69,2.44
2013.06.27 18:42:32.652,0.81586,0.81614,1.69,1.13
2013.06.27 18:42:32.859,0.81582,0.81612,2.44,1.50
2013.06.27 18:42:32.979,0.81582,0.81612,1.69,1.50
2013.06.27 18:42:33.899,0.81581,0.81613,1.69,1.32
2013.06.27 18:42:34.140,0.81581,0.81613,2.44,1.32
2013.06.27 18:42:34.260,0.81583,0.81616,1.69,1.69
2013.06.27 18:42:34.579,0.81588,0.8162,1.50,1.32
2013.06.27 18:42:34.699,0.81589,0.81623,1.50,2.44
2013.06.27 18:42:35.155,0.81592,0.81623,2.44,1.69
2013.06.27 18:42:36.270,0.81592,0.81625,2.44,1.69
2013.06.27 18:42:36.790,0.8159,0.81624,1.69,1.69
2013.06.27 18:42:37.965,0.8159,0.81623,1.69,1.69
2013.06.27 18:42:38.971,0.8159,0.81623,2.44,1.69
2013.06.27 18:42:44.185,0.8159,0.81623,2.44,1.69
2013.06.27 18:42:45.924,0.8159,0.8162,1.69,1.69
2013.06.27 18:42:46.993,0.81587,0.8162,2.44,1.69
2013.06.27 18:42:57.620,0.81587,0.81619,2.44,1.69
2013.06.27 18:43:01.124,0.81587,0.81622,2.44,1.69
2013.06.27 18:43:01.239,0.81587,0.81619,1.69,1.69
2013.06.27 18:43:01.599,0.81585,0.81615,1.69,1.13
2013.06.27 18:43:03.069,0.81582,0.81615,3.19,2.07
2013.06.27 18:43:04.281,0.81582,0.81615,3.19,2.07
2013.06.27 18:43:04.682,0.81582,0.81615,3.19,1.69
2013.06.27 18:43:07.742,0.81582,0.81615,3.19,1.69
2013.06.27 18:43:07.860,0.81588,0.81619,1.50,1.69
2013.06.27 18:43:08.421,0.81591,0.81619,1.50,1.13
2013.06.27 18:43:08.901,0.81594,0.81627,1.69,1.54
2013.06.27 18:43:10.170,0.81597,0.81628,2.25,1.69
2013.06.27 18:43:11.080,0.81597,0.81628,2.44,1.69
2013.06.27 18:43:17.179,0.81597,0.81628,1.69,1.69
2013.06.27 18:43:19.091,0.81597,0.81628,1.69,1.69
2013.06.27 18:43:23.193,0.81597,0.81628,1.69,1.69
2013.06.27 18:43:35.759,0.81597,0.81628,2.25,3.19
2013.06.27 18:43:35.819,0.81595,0.81625,1.69,1.69
2013.06.27 18:43:36.221,0.81591,0.81619,2.44,1.50
2013.06.27 18:43:36.960,0.81591,0.81619,2.44,1.69
2013.06.27 18:43:43.155,0.81589,0.81619,1.69,1.69
2013.06.27 18:43:43.771,0.81591,0.8162,1.69,1.69
2013.06.27 18:43:59.194,0.8159,0.8162,1.69,1.69
2013.06.27 18:44:10.425,0.8159,0.81619,2.44,1.32
2013.06.27 18:44:11.643,0.8159,0.81619,1.69,1.32
2013.06.27 18:44:12.591,0.81589,0.81619,1.50,2.07
2013.06.27 18:44:13.160,0.8159,0.81619,1.69,1.32
2013.06.27 18:44:13.541,0.81589,0.8162,1.69,1.69
2013.06.27 18:44:15.430,0.81592,0.8162,1.69,1.69
2013.06.27 18:44:15.740,0.81588,0.81616,1.69,1.13
2013.06.27 18:44:16.491,0.81586,0.81616,1.69,1.32
2013.06.27 18:44:17.189,0.81586,0.81615,1.69,1.69
2013.06.27 18:44:18.309,0.81592,0.81621,1.50,1.13
2013.06.27 18:44:18.369,0.81602,0.81621,2.10,1.13
2013.06.27 18:44:18.610,0.81605,0.81635,1.13,1.54
2013.06.27 18:44:18.910,0.81607,0.81637,1.69,1.13
2013.06.27 18:44:19.511,0.81612,0.81642,1.13,1.32
2013.06.27 18:44:20.200,0.81612,0.81642,1.13,2.07
2013.06.27 18:44:21.200,0.81612,0.81642,1.13,1.32
2013.06.27 18:44:24.211,0.81611,0.8164,1.32,1.69
2013.06.27 18:44:25.670,0.81611,0.8164,1.32,1.69
2013.06.27 18:44:28.370,0.8161,0.81641,1.69,2.07
2013.06.27 18:44:28.900,0.81611,0.81642,2.44,2.07
2013.06.27 18:44:31.521,0.81611,0.81642,2.44,2.07
2013.06.27 18:44:31.759,0.81611,0.8164,1.50,1.54
2013.06.27 18:44:33.240,0.81611,0.81639,1.50,1.32
2013.06.27 18:44:34.232,0.81611,0.81639,1.50,1.32
2013.06.27 18:44:37.272,0.81611,0.81641,1.69,1.17
2013.06.27 18:44:43.531,0.81611,0.8164,1.69,1.17
2013.06.27 18:44:43.590,0.81611,0.8164,1.69,1.92
2013.06.27 18:44:43.650,0.81609,0.81639,3.19,1.32
2013.06.27 18:44:47.770,0.81608,0.81638,1.54,2.44
2013.06.27 18:44:52.179,0.81608,0.81637,1.35,1.32
2013.06.27 18:44:53.000,0.81608,0.81638,1.54,3.19
2013.06.27 18:44:56.280,0.81611,0.81639,1.13,1.69
2013.06.27 18:45:02.510,0.81609,0.8164,1.69,1.32
2013.06.27 18:45:04.982,0.81609,0.81638,1.69,1.50
2013.06.27 18:45:08.041,0.81609,0.81638,1.69,1.13
2013.06.27 18:45:08.263,0.81609,0.81638,1.69,1.88
2013.06.27 18:45:13.541,0.81608,0.81639,1.54,2.82
2013.06.27 18:45:14.253,0.81608,0.81639,2.29,2.07
2013.06.27 18:45:14.620,0.81608,0.81639,1.54,2.07
2013.06.27 18:45:14.680,0.81606,0.81638,2.44,1.69
2013.06.27 18:45:14.799,0.81605,0.81636,1.32,1.69
2013.06.27 18:45:14.919,0.81605,0.81638,1.32,1.69
2013.06.27 18:45:15.361,0.81605,0.81636,1.32,1.69
2013.06.27 18:45:16.216,0.81603,0.81633,1.69,1.69
2013.06.27 18:45:16.520,0.81603,0.81631,1.69,1.50
2013.06.27 18:45:17.121,0.81602,0.81628,1.32,1.13
2013.06.27 18:45:17.180,0.81602,0.81628,1.13,1.13
2013.06.27 18:45:17.419,0.81597,0.81627,1.32,1.32
2013.06.27 18:45:19.282,0.81596,0.81626,1.69,1.32
2013.06.27 18:45:19.651,0.81596,0.81626,1.69,1.32
2013.06.27 18:45:30.101,0.81597,0.81627,1.69,1.32
2013.06.27 18:45:35.322,0.81597,0.81625,1.69,1.32
2013.06.27 18:45:38.130,0.81597,0.81624,1.69,1.13
2013.06.27 18:45:50.450,0.81594,0.81626,1.69,1.32
2013.06.27 18:45:53.255,0.81594,0.81627,2.44,2.07
2013.06.27 18:45:57.800,0.81594,0.81625,1.69,1.32
2013.06.27 18:45:58.039,0.81592,0.81619,1.69,1.13
2013.06.27 18:45:58.160,0.81591,0.81619,2.07,1.88
2013.06.27 18:45:58.219,0.81588,0.81619,1.69,1.88
2013.06.27 18:45:58.279,0.81588,0.81618,1.69,1.50
2013.06.27 18:45:58.998,0.81589,0.81619,1.69,1.13
2013.06.27 18:46:03.131,0.8159,0.81623,1.69,2.07
2013.06.27 18:46:12.411,0.81589,0.81623,1.50,1.69
2013.06.27 18:46:12.611,0.81589,0.8162,1.69,1.69
2013.06.27 18:46:13.150,0.81589,0.81622,1.69,1.69
2013.06.27 18:46:18.418,0.81589,0.81621,1.50,1.69
2013.06.27 18:46:18.660,0.81592,0.81626,1.69,1.32
2013.06.27 18:46:20.159,0.81594,0.81628,1.69,1.69
2013.06.27 18:46:20.421,0.81594,0.81628,2.44,1.69
2013.06.27 18:46:22.640,0.81597,0.81628,1.69,1.69
2013.06.27 18:46:23.236,0.81598,0.81628,1.50,1.69
2013.06.27 18:46:23.562,0.81599,0.81631,1.69,1.69
2013.06.27 18:46:31.656,0.81599,0.81629,1.69,1.69
2013.06.27 18:46:39.270,0.81599,0.8163,2.44,1.69
2013.06.27 18:46:42.403,0.81599,0.81629,1.50,1.69
2013.06.27 18:46:42.520,0.81595,0.81629,1.69,1.69
2013.06.27 18:46:42.700,0.81592,0.81624,2.44,1.69
2013.06.27 18:46:43.871,0.81591,0.81623,1.69,1.32
2013.06.27 18:46:43.930,0.8159,0.81622,1.69,1.32
2013.06.27 18:46:44.250,0.81588,0.81619,2.07,1.69
2013.06.27 18:46:49.574,0.81589,0.8162,1.69,1.69
2013.06.27 18:47:01.383,0.81589,0.8162,1.69,1.69
2013.06.27 18:47:01.620,0.81593,0.81624,1.69,2.07
2013.06.27 18:47:01.680,0.81593,0.81624,1.69,1.32
2013.06.27 18:47:01.800,0.81596,0.81624,1.69,1.32
2013.06.27 18:47:02.870,0.81596,0.81624,2.44,1.32
2013.06.27 18:47:05.650,0.81597,0.81629,1.32,2.07
2013.06.27 18:47:05.830,0.81597,0.8163,2.82,1.69
2013.06.27 18:47:05.951,0.81597,0.8163,2.07,1.69
2013.06.27 18:47:06.521,0.81597,0.81626,1.32,1.69
2013.06.27 18:47:07.581,0.81594,0.81627,1.69,1.69
2013.06.27 18:47:08.891,0.81596,0.81627,1.69,1.69
2013.06.27 18:47:11.871,0.81596,0.81627,1.32,1.69
2013.06.27 18:47:15.698,0.81596,0.81627,2.07,1.69
2013.06.27 18:47:20.110,0.81596,0.81627,1.32,1.69
2013.06.27 18:47:20.240,0.81595,0.81627,2.07,1.69
2013.06.27 18:47:20.460,0.81597,0.81628,1.32,1.69
2013.06.27 18:47:21.102,0.81596,0.81627,1.32,1.69
2013.06.27 18:47:21.877,0.81596,0.81626,1.32,1.69
2013.06.27 18:47:22.464,0.81596,0.81626,1.32,1.69
2013.06.27 18:47:23.272,0.81596,0.81626,1.32,1.69
2013.06.27 18:47:25.940,0.81596,0.81628,2.07,1.69
2013.06.27 18:47:28.545,0.81596,0.81626,1.32,1.69
2013.06.27 18:47:29.601,0.81593,0.81625,1.32,1.69
2013.06.27 18:47:29.960,0.81591,0.81624,1.13,1.69
2013.06.27 18:47:31.120,0.81588,0.81619,1.69,1.69
2013.06.27 18:47:32.013,0.81595,0.81619,1.50,1.69
2013.06.27 18:47:35.202,0.81594,0.81622,2.44,1.69
2013.06.27 18:47:38.220,0.81592,0.81622,1.69,1.69
2013.06.27 18:47:44.231,0.81593,0.81624,2.44,2.07
2013.06.27 18:47:49.640,0.8159,0.81622,1.32,1.69
2013.06.27 18:47:49.821,0.8159,0.8162,1.13,1.69
2013.06.27 18:47:50.180,0.8159,0.8162,1.13,3.19
2013.06.27 18:47:50.722,0.8159,0.81618,1.13,2.44
2013.06.27 18:47:51.261,0.81587,0.81618,1.50,2.44
2013.06.27 18:47:51.931,0.81588,0.81618,1.13,3.57
2013.06.27 18:47:52.751,0.81585,0.81614,1.50,1.69
2013.06.27 18:47:52.870,0.81581,0.81611,1.13,1.35
2013.06.27 18:47:53.050,0.81581,0.81609,1.13,1.50
2013.06.27 18:47:53.170,0.81581,0.81609,1.13,1.50
2013.06.27 18:47:53.852,0.81578,0.81606,1.50,2.07
2013.06.27 18:47:54.384,0.81581,0.81609,1.13,1.69
2013.06.27 18:47:54.440,0.81581,0.8161,1.32,1.50
2013.06.27 18:47:54.570,0.8158,0.8161,1.32,1.50
2013.06.27 18:47:55.140,0.81581,0.81611,1.13,1.69
2013.06.27 18:47:55.262,0.81582,0.81611,1.13,1.69
2013.06.27 18:47:56.271,0.81582,0.81613,1.32,1.69
2013.06.27 18:47:56.660,0.8158,0.81611,1.32,1.69
2013.06.27 18:47:56.900,0.81577,0.81607,2.07,1.69
2013.06.27 18:47:57.080,0.81577,0.81607,2.07,1.69
2013.06.27 18:47:58.948,0.81577,0.81606,1.88,1.69
2013.06.27 18:48:00.252,0.81577,0.81606,1.50,1.69
2013.06.27 18:48:01.764,0.81577,0.81608,1.69,1.69
2013.06.27 18:48:02.521,0.81577,0.81608,1.69,1.69
2013.06.27 18:48:03.041,0.81577,0.81608,1.69,1.69
2013.06.27 18:48:03.100,0.81581,0.81609,1.50,1.69
2013.06.27 18:48:03.844,0.81581,0.8161,1.50,1.69
2013.06.27 18:48:03.901,0.81581,0.81611,1.69,1.32
2013.06.27 18:48:04.023,0.81581,0.81612,2.44,1.32
2013.06.27 18:48:04.085,0.81585,0.81613,1.69,1.32
2013.06.27 18:48:04.402,0.81587,0.8162,1.69,1.32
2013.06.27 18:48:04.680,0.81591,0.81622,1.69,1.92
2013.06.27 18:48:04.741,0.81592,0.81623,1.69,1.32
2013.06.27 18:48:05.098,0.81591,0.81622,1.69,1.32
2013.06.27 18:48:05.168,0.81587,0.81621,1.69,1.69
2013.06.27 18:48:05.451,0.81581,0.81617,1.69,1.50
2013.06.27 18:48:06.622,0.81581,0.81615,1.69,1.69
2013.06.27 18:48:07.852,0.81581,0.81614,1.69,1.69
2013.06.27 18:48:08.030,0.81579,0.81614,1.32,1.69
2013.06.27 18:48:08.200,0.81579,0.81614,1.32,1.69
2013.06.27 18:48:08.981,0.81579,0.81614,1.32,1.69
2013.06.27 18:48:09.331,0.81579,0.81611,1.32,1.50
2013.06.27 18:48:09.570,0.81576,0.81611,1.69,1.69
2013.06.27 18:48:10.170,0.81576,0.81611,1.69,1.69
2013.06.27 18:48:10.591,0.81576,0.81613,1.69,1.69
2013.06.27 18:48:10.950,0.81577,0.81608,1.69,1.69
2013.06.27 18:48:11.562,0.81577,0.81611,1.69,2.44
2013.06.27 18:48:11.911,0.81576,0.81608,2.07,2.07
2013.06.27 18:48:12.090,0.81576,0.81608,1.32,2.07
2013.06.27 18:48:12.740,0.81576,0.81608,2.07,2.07
2013.06.27 18:48:13.374,0.81576,0.81606,2.07,1.69
2013.06.27 18:48:15.340,0.81576,0.81607,2.82,1.69
2013.06.27 18:48:16.647,0.81576,0.81607,2.82,1.69
2013.06.27 18:48:18.810,0.81577,0.81607,1.69,1.32
2013.06.27 18:48:19.910,0.81582,0.81611,1.13,3.04
2013.06.27 18:48:19.970,0.81582,0.81611,1.13,1.54
2013.06.27 18:48:20.090,0.81582,0.81614,1.13,3.42
2013.06.27 18:48:20.410,0.81587,0.81614,3.00,2.48
2013.06.27 18:48:20.470,0.81588,0.81616,1.35,1.50
2013.06.27 18:48:20.660,0.81588,0.81616,1.35,1.50
2013.06.27 18:48:20.780,0.81591,0.81623,1.69,1.69
2013.06.27 18:48:23.078,0.81593,0.81623,1.69,1.69
2013.06.27 18:48:25.586,0.81594,0.81626,1.69,1.69
2013.06.27 18:48:27.580,0.81597,0.81627,1.50,1.69
2013.06.27 18:48:29.900,0.81598,0.81628,1.50,1.32
2013.06.27 18:48:32.706,0.81598,0.8163,1.69,1.69
2013.06.27 18:48:33.310,0.81599,0.8163,1.69,1.69
2013.06.27 18:48:34.450,0.81599,0.81626,1.69,1.54
2013.06.27 18:48:34.630,0.81599,0.81624,1.69,1.13
2013.06.27 18:48:34.930,0.81599,0.81624,1.69,1.13
2013.06.27 18:48:35.050,0.81594,0.81624,1.69,1.13
2013.06.27 18:48:36.021,0.81593,0.81624,1.69,2.07
2013.06.27 18:48:48.245,0.81595,0.81626,1.69,2.44
2013.06.27 18:48:56.170,0.81593,0.81624,1.69,2.44
2013.06.27 18:49:02.334,0.81593,0.81624,1.69,1.69
2013.06.27 18:49:02.690,0.81596,0.8163,2.07,1.69
2013.06.27 18:49:02.990,0.81598,0.81633,1.69,2.07
2013.06.27 18:49:03.151,0.81598,0.8163,1.69,1.69
2013.06.27 18:49:03.272,0.81601,0.8163,1.69,1.69
2013.06.27 18:49:04.373,0.816,0.8163,1.69,1.69
2013.06.27 18:49:05.078,0.816,0.81633,1.69,2.82
2013.06.27 18:49:07.130,0.81607,0.81633,1.13,1.69
2013.06.27 18:49:07.190,0.81607,0.81636,1.13,1.69
2013.06.27 18:49:10.450,0.81607,0.81636,2.07,2.07
2013.06.27 18:49:11.201,0.81604,0.81632,1.69,1.50
2013.06.27 18:49:11.620,0.81601,0.81631,2.44,1.69
2013.06.27 18:49:12.340,0.81603,0.81632,1.32,1.32
2013.06.27 18:49:12.951,0.81603,0.81633,1.32,1.69
2013.06.27 18:49:16.689,0.81608,0.81635,1.13,1.69
2013.06.27 18:49:16.756,0.81608,0.81639,1.13,2.44
2013.06.27 18:49:20.110,0.81607,0.81638,3.19,1.69
2013.06.27 18:49:20.410,0.81604,0.81632,2.44,1.13
2013.06.27 18:49:20.590,0.81601,0.81632,2.07,1.92
2013.06.27 18:49:20.650,0.81601,0.81629,1.32,1.69
2013.06.27 18:49:21.168,0.81598,0.81628,1.50,1.50
2013.06.27 18:49:21.650,0.81601,0.8163,1.13,1.32
2013.06.27 18:49:22.190,0.81598,0.81629,1.69,1.69
2013.06.27 18:49:22.310,0.81596,0.81627,1.32,2.44
2013.06.27 18:49:23.800,0.81596,0.81627,1.32,1.69
2013.06.27 18:49:31.667,0.81596,0.81627,2.07,1.69
2013.06.27 18:49:35.379,0.81596,0.81626,1.32,1.69
2013.06.27 18:49:43.001,0.81596,0.81627,1.69,1.69
2013.06.27 18:49:45.411,0.81596,0.81626,1.69,1.69
2013.06.27 18:49:47.614,0.81595,0.81626,1.69,1.69
2013.06.27 18:49:53.220,0.81594,0.81626,1.69,1.69
2013.06.27 18:49:55.425,0.81594,0.81625,1.32,1.69
2013.06.27 18:50:04.350,0.81595,0.81625,1.32,1.69
2013.06.27 18:50:07.090,0.81595,0.81626,1.69,1.69
2013.06.27 18:50:08.872,0.81596,0.81627,1.69,1.69
2013.06.27 18:50:13.673,0.81593,0.81625,1.69,1.69
2013.06.27 18:50:14.977,0.81593,0.81624,1.69,1.69
2013.06.27 18:50:20.430,0.81596,0.81628,1.50,1.69
2013.06.27 18:50:22.896,0.81596,0.8163,1.69,1.32
2013.06.27 18:50:23.898,0.81596,0.8163,1.69,2.82
2013.06.27 18:50:24.902,0.81595,0.8163,1.69,1.32
2013.06.27 18:50:46.655,0.81593,0.81628,2.07,2.44
2013.06.27 18:50:50.530,0.81594,0.81629,2.07,2.44
2013.06.27 18:50:52.676,0.81596,0.8163,1.32,1.32
2013.06.27 18:50:53.380,0.81596,0.8163,1.32,1.32
2013.06.27 18:51:00.950,0.81596,0.81631,1.69,2.82
2013.06.27 18:51:04.301,0.81596,0.81628,1.69,2.07
2013.06.27 18:51:04.840,0.81591,0.81621,2.07,1.69
2013.06.27 18:51:04.927,0.81591,0.81621,2.07,1.69
2013.06.27 18:51:07.681,0.81591,0.81621,1.69,2.07
2013.06.27 18:51:08.202,0.81591,0.81621,1.69,2.07
2013.06.27 18:51:10.061,0.81591,0.81621,2.44,1.32
2013.06.27 18:51:11.772,0.81591,0.81621,1.69,1.32
2013.06.27 18:51:12.991,0.81591,0.81621,1.69,2.07
2013.06.27 18:51:14.084,0.81591,0.8162,1.69,1.69
2013.06.27 18:51:18.004,0.81591,0.8162,1.50,1.69
2013.06.27 18:51:21.203,0.81591,0.81621,1.69,1.69
2013.06.27 18:51:21.929,0.81591,0.8162,1.50,1.69
2013.06.27 18:51:23.008,0.81591,0.8162,1.50,1.69
2013.06.27 18:51:27.741,0.81591,0.8162,1.50,1.69
2013.06.27 18:51:31.644,0.81591,0.81621,1.69,1.69
2013.06.27 18:51:33.852,0.81591,0.81622,1.69,1.32
2013.06.27 18:51:34.121,0.81591,0.81623,1.69,1.69
2013.06.27 18:51:34.490,0.81596,0.81624,1.50,1.32
2013.06.27 18:51:35.161,0.81597,0.81624,1.69,1.13
2013.06.27 18:51:35.869,0.81597,0.81627,1.69,1.32
2013.06.27 18:51:36.451,0.81596,0.81627,1.32,1.32
2013.06.27 18:51:56.038,0.81594,0.81623,1.69,1.69
2013.06.27 18:52:06.232,0.81593,0.81623,1.69,1.69
2013.06.27 18:52:08.741,0.81593,0.81625,1.69,2.44
2013.06.27 18:52:15.869,0.81595,0.81625,1.69,1.69
2013.06.27 18:52:25.888,0.81597,0.81628,1.69,2.44
2013.06.27 18:52:31.704,0.81597,0.81628,1.69,1.69
2013.06.27 18:52:33.207,0.81596,0.81628,1.69,1.69
2013.06.27 18:52:34.303,0.81593,0.81629,1.32,2.07
2013.06.27 18:52:34.422,0.81598,0.81629,1.69,1.32
2013.06.27 18:52:39.233,0.816,0.8163,2.07,1.69
2013.06.27 18:52:51.756,0.81601,0.8163,1.69,1.69
2013.06.27 18:52:55.171,0.81596,0.81627,2.44,1.69
2013.06.27 18:53:01.694,0.81596,0.81627,1.69,1.69
2013.06.27 18:53:04.362,0.81592,0.81627,2.82,1.69
2013.06.27 18:53:04.420,0.81592,0.81622,1.32,1.50
2013.06.27 18:53:04.660,0.81588,0.81622,1.69,1.50
2013.06.27 18:53:04.960,0.81588,0.81619,1.50,1.50
2013.06.27 18:53:05.140,0.81588,0.81618,1.69,1.69
2013.06.27 18:53:05.765,0.81586,0.81618,2.07,1.69
2013.06.27 18:53:09.040,0.81584,0.81617,1.69,1.69
2013.06.27 18:53:14.027,0.81584,0.81614,1.32,1.32
2013.06.27 18:53:14.452,0.81581,0.81614,2.44,1.32
2013.06.27 18:53:14.650,0.81584,0.81615,1.13,1.32
2013.06.27 18:53:15.232,0.81584,0.81617,2.07,2.44
2013.06.27 18:53:19.520,0.81585,0.81614,1.32,1.32
2013.06.27 18:53:20.141,0.81584,0.81613,1.69,1.69
2013.06.27 18:53:20.676,0.81585,0.81614,1.32,1.32
2013.06.27 18:53:24.453,0.81584,0.81614,1.69,1.32
2013.06.27 18:53:26.054,0.81586,0.81613,1.69,1.32
2013.06.27 18:53:35.772,0.81583,0.81616,1.69,1.69
2013.06.27 18:53:39.342,0.81583,0.81616,1.69,1.69
2013.06.27 18:53:49.602,0.8158,0.81613,1.69,2.07
2013.06.27 18:53:50.910,0.81577,0.81613,1.69,2.07
2013.06.27 18:53:53.012,0.81577,0.81613,1.69,1.32
2013.06.27 18:53:54.010,0.81577,0.81612,1.69,1.32
2013.06.27 18:53:56.210,0.8158,0.81612,1.69,1.32
2013.06.27 18:54:07.634,0.81581,0.81612,1.69,1.69
2013.06.27 18:54:09.342,0.81581,0.81612,1.69,1.69
2013.06.27 18:54:17.762,0.81581,0.81612,1.69,1.69
2013.06.27 18:54:23.171,0.81581,0.81613,1.69,1.32
2013.06.27 18:54:33.973,0.81582,0.81613,1.69,1.32
2013.06.27 18:54:34.151,0.81581,0.81614,1.69,1.13
2013.06.27 18:54:34.795,0.81583,0.81619,1.32,1.69
2013.06.27 18:54:35.211,0.81583,0.81613,1.32,1.50
2013.06.27 18:54:35.609,0.81583,0.81613,1.32,1.50
2013.06.27 18:54:35.912,0.81583,0.81617,1.32,1.69
2013.06.27 18:54:35.971,0.81583,0.81618,1.32,1.69
2013.06.27 18:54:36.291,0.81582,0.81613,2.07,1.69
2013.06.27 18:54:46.338,0.81582,0.81613,1.69,1.69
2013.06.27 18:54:49.752,0.81582,0.81613,1.69,1.69
2013.06.27 18:54:54.457,0.81582,0.81613,2.07,1.69
2013.06.27 18:54:55.291,0.81581,0.81613,2.07,1.69
2013.06.27 18:54:55.421,0.81581,0.81617,2.07,1.69
2013.06.27 18:54:55.541,0.81581,0.81617,2.07,1.69
2013.06.27 18:54:56.272,0.81582,0.81619,2.44,1.69
2013.06.27 18:54:57.465,0.81583,0.81619,2.44,1.69
2013.06.27 18:55:01.112,0.81583,0.81619,2.82,1.69
2013.06.27 18:55:01.779,0.81583,0.81619,1.32,1.69
2013.06.27 18:55:02.231,0.81583,0.81615,1.32,1.69
2013.06.27 18:55:02.701,0.81582,0.81613,2.07,1.69
2013.06.27 18:55:05.486,0.81582,0.81613,2.07,2.07
2013.06.27 18:55:10.634,0.81582,0.81613,1.32,2.82
2013.06.27 18:55:11.900,0.81582,0.81611,1.32,1.69
2013.06.27 18:55:19.919,0.81579,0.81613,1.69,4.32
2013.06.27 18:55:20.670,0.81577,0.81613,1.32,1.69
2013.06.27 18:55:27.941,0.81577,0.81613,1.32,1.69
2013.06.27 18:55:28.292,0.81577,0.81611,1.50,1.32
2013.06.27 18:55:28.472,0.81574,0.81611,1.69,1.32
2013.06.27 18:55:28.533,0.81574,0.81611,1.69,1.32
2013.06.27 18:55:29.042,0.81576,0.81613,1.69,2.82
2013.06.27 18:55:29.471,0.81572,0.81609,1.69,1.69
2013.06.27 18:55:29.711,0.81574,0.8161,1.50,1.69
2013.06.27 18:55:31.668,0.81574,0.8161,1.50,2.07
2013.06.27 18:55:32.371,0.81574,0.8161,1.50,1.32
2013.06.27 18:55:36.483,0.81574,0.8161,2.25,1.32
2013.06.27 18:55:47.422,0.81574,0.81609,1.50,1.32
2013.06.27 18:55:48.011,0.81574,0.81609,1.50,1.32
2013.06.27 18:55:49.517,0.81574,0.81609,1.50,1.32
2013.06.27 18:55:50.778,0.81574,0.81609,1.50,1.32
2013.06.27 18:55:58.201,0.81574,0.81609,1.50,1.32
2013.06.27 18:55:59.042,0.81574,0.81609,1.50,1.32
2013.06.27 18:56:15.024,0.81576,0.81607,1.50,1.32
2013.06.27 18:56:21.582,0.81576,0.81607,1.50,1.32
2013.06.27 18:56:25.122,0.81572,0.81608,1.32,1.32
2013.06.27 18:56:29.652,0.81571,0.81607,1.50,1.69
2013.06.27 18:56:32.253,0.81571,0.81607,1.50,2.07
2013.06.27 18:56:32.842,0.81576,0.81608,1.50,1.32
2013.06.27 18:56:33.692,0.81576,0.81608,1.50,1.32
2013.06.27 18:56:34.525,0.81576,0.81608,1.50,1.32
2013.06.27 18:56:35.939,0.81576,0.81608,1.50,2.07
2013.06.27 18:56:43.291,0.81576,0.81609,1.50,2.07
2013.06.27 18:56:46.671,0.81574,0.81606,1.13,1.69
2013.06.27 18:56:47.031,0.81579,0.81607,1.50,1.69
2013.06.27 18:56:47.091,0.81579,0.81608,1.50,1.32
2013.06.27 18:56:51.051,0.81579,0.81609,1.50,1.32
2013.06.27 18:56:52.094,0.81577,0.81609,1.32,2.07
2013.06.27 18:56:52.211,0.81577,0.81609,1.32,2.07
2013.06.27 18:56:52.571,0.81572,0.81603,1.13,1.50
2013.06.27 18:56:52.921,0.8157,0.81596,1.50,1.13
2013.06.27 18:56:53.951,0.81564,0.81596,1.88,1.32
2013.06.27 18:56:55.721,0.81564,0.81594,1.50,1.32
2013.06.27 18:56:58.873,0.81564,0.81594,1.69,1.32
2013.06.27 18:56:58.932,0.81566,0.81594,1.50,1.13
2013.06.27 18:57:00.951,0.81569,0.81598,1.50,2.07
2013.06.27 18:57:01.071,0.81569,0.81598,1.50,1.32
2013.06.27 18:57:01.511,0.81573,0.81605,1.13,1.69
2013.06.27 18:57:13.361,0.81572,0.81606,2.44,1.50
2013.06.27 18:57:14.567,0.81572,0.81606,1.69,1.50
2013.06.27 18:57:16.331,0.81574,0.81606,1.69,1.50
2013.06.27 18:57:17.911,0.8157,0.81606,1.32,1.50
2013.06.27 18:57:17.971,0.81569,0.81606,1.32,1.50
2013.06.27 18:57:18.373,0.81572,0.81608,1.69,1.69
2013.06.27 18:57:18.614,0.81577,0.81609,1.13,1.32
2013.06.27 18:57:20.931,0.81577,0.81609,2.07,1.32
2013.06.27 18:57:22.719,0.81578,0.81609,2.07,1.32
2013.06.27 18:57:31.753,0.81581,0.81609,1.32,1.13
2013.06.27 18:57:34.111,0.8158,0.81609,1.13,1.13
2013.06.27 18:57:39.873,0.8158,0.8161,1.69,1.32
2013.06.27 18:57:41.770,0.81578,0.8161,1.32,2.07
2013.06.27 18:57:44.001,0.81579,0.81612,1.69,1.69
2013.06.27 18:57:45.587,0.81581,0.8161,1.69,1.69
2013.06.27 18:57:46.386,0.81582,0.81614,1.69,1.32
2013.06.27 18:57:46.453,0.81583,0.81615,1.13,2.07
2013.06.27 18:57:46.756,0.81585,0.81615,1.13,1.32
2013.06.27 18:57:51.302,0.81587,0.81615,1.32,2.07
2013.06.27 18:57:51.941,0.81583,0.81611,1.13,1.69
2013.06.27 18:57:52.532,0.81581,0.81607,1.13,1.69
2013.06.27 18:57:52.711,0.81582,0.81612,1.13,1.69
2013.06.27 18:57:52.892,0.81586,0.81612,1.13,1.69
2013.06.27 18:57:52.951,0.81586,0.81616,1.13,1.13
2013.06.27 18:57:53.071,0.81586,0.81622,1.13,1.69
2013.06.27 18:57:53.452,0.81588,0.81624,1.50,2.44
2013.06.27 18:57:54.571,0.81595,0.81624,1.69,1.69
2013.06.27 18:57:54.691,0.81595,0.81627,1.69,2.07
2013.06.27 18:57:55.493,0.81595,0.81627,1.69,2.07
2013.06.27 18:57:55.672,0.81591,0.81623,1.69,1.69
2013.06.27 18:57:55.931,0.81589,0.81621,1.32,1.69
2013.06.27 18:57:57.452,0.81589,0.81624,2.07,1.69
2013.06.27 18:57:58.473,0.8159,0.81626,2.44,1.69
2013.06.27 18:57:59.842,0.81591,0.81626,1.69,1.69
2013.06.27 18:58:00.932,0.81591,0.81626,1.69,1.69
2013.06.27 18:58:03.581,0.81591,0.81626,1.69,1.69
2013.06.27 18:58:03.882,0.81594,0.81628,1.69,3.19
2013.06.27 18:58:05.252,0.81595,0.81626,1.69,1.69
2013.06.27 18:58:08.152,0.81594,0.81627,1.50,1.69
2013.06.27 18:58:08.461,0.81591,0.81625,1.13,1.32
2013.06.27 18:58:08.581,0.81584,0.81617,1.32,1.13
2013.06.27 18:58:08.701,0.8158,0.81617,1.69,1.88
2013.06.27 18:58:08.892,0.8158,0.81617,1.50,1.88
2013.06.27 18:58:11.622,0.8158,0.81617,1.50,2.07
2013.06.27 18:58:14.221,0.81583,0.81618,1.50,1.32
2013.06.27 18:58:14.521,0.81583,0.81619,2.25,1.69
2013.06.27 18:58:16.191,0.81589,0.81624,1.50,1.69
2013.06.27 18:58:16.311,0.8159,0.81627,1.13,1.69
2013.06.27 18:58:16.390,0.8159,0.81625,1.13,1.69
2013.06.27 18:58:16.750,0.81591,0.81626,1.69,1.69
2013.06.27 18:58:18.362,0.81591,0.81626,1.69,1.69
2013.06.27 18:58:18.712,0.81596,0.81628,1.69,2.07
2013.06.27 18:58:19.331,0.81596,0.81625,1.69,1.32
2013.06.27 18:58:19.841,0.81597,0.81624,1.69,1.13
2013.06.27 18:58:20.361,0.81597,0.81628,1.69,2.44
2013.06.27 18:58:23.091,0.81597,0.81629,1.69,1.69
2013.06.27 18:58:25.262,0.81598,0.81629,1.69,1.69
2013.06.27 18:58:26.941,0.816,0.8163,1.69,1.69
2013.06.27 18:58:27.001,0.816,0.81632,1.69,1.32
2013.06.27 18:58:27.061,0.81602,0.81635,1.69,1.69
2013.06.27 18:58:29.829,0.81605,0.81636,1.69,1.69
2013.06.27 18:58:30.402,0.81605,0.81636,1.69,1.32
2013.06.27 18:58:31.162,0.81606,0.81639,2.82,1.69
2013.06.27 18:58:32.321,0.81606,0.81638,1.69,2.44
2013.06.27 18:58:32.441,0.81602,0.81635,2.07,1.13
2013.06.27 18:58:32.501,0.81602,0.81635,1.32,2.07
2013.06.27 18:58:35.462,0.81599,0.81634,1.69,1.69
2013.06.27 18:58:37.862,0.81603,0.81637,1.32,2.07
2013.06.27 18:58:38.857,0.81603,0.81637,1.32,2.07
2013.06.27 18:58:40.121,0.81599,0.81634,1.69,1.69
2013.06.27 18:58:40.891,0.81602,0.81638,1.88,1.32
2013.06.27 18:58:40.951,0.81602,0.8164,1.88,2.07
2013.06.27 18:58:41.452,0.81607,0.81643,1.50,2.44
2013.06.27 18:58:41.571,0.81607,0.81644,1.50,1.69
2013.06.27 18:58:42.341,0.81609,0.81645,1.50,1.69
2013.06.27 18:58:42.482,0.81611,0.81647,1.50,1.32
2013.06.27 18:58:43.396,0.81611,0.81649,1.69,2.82
2013.06.27 18:58:44.483,0.81611,0.81647,1.50,1.32
2013.06.27 18:58:47.471,0.81611,0.81645,1.50,1.69
2013.06.27 18:58:48.941,0.81607,0.81643,1.50,1.32
2013.06.27 18:58:49.121,0.81607,0.81639,1.50,1.50
2013.06.27 18:58:49.971,0.81602,0.81638,1.69,2.44
2013.06.27 18:58:51.983,0.81601,0.81637,1.69,1.13
2013.06.27 18:58:52.132,0.81599,0.81637,1.69,1.32
2013.06.27 18:58:53.471,0.81599,0.81637,1.69,1.32
2013.06.27 18:58:53.981,0.816,0.81637,1.69,1.32
2013.06.27 18:58:54.481,0.81603,0.81643,2.07,2.82
2013.06.27 18:58:55.937,0.81603,0.81642,2.82,1.69
2013.06.27 18:58:57.940,0.81605,0.81642,1.32,1.69
2013.06.27 18:58:58.951,0.81604,0.81641,1.32,1.69
2013.06.27 18:58:59.447,0.81603,0.81641,1.32,1.69
2013.06.27 18:59:01.202,0.81603,0.8164,1.69,1.69
2013.06.27 18:59:07.261,0.81603,0.8164,3.19,1.69
2013.06.27 18:59:07.632,0.81607,0.81641,1.32,1.69
2013.06.27 18:59:08.381,0.81608,0.81643,1.13,1.69
2013.06.27 18:59:08.441,0.81608,0.81644,1.32,2.07
2013.06.27 18:59:08.681,0.8161,0.81644,1.50,1.69
2013.06.27 18:59:09.184,0.81612,0.81644,1.69,1.69
2013.06.27 18:59:10.191,0.81614,0.81647,1.32,1.69
2013.06.27 18:59:10.889,0.81614,0.81643,1.32,1.69
2013.06.27 18:59:11.251,0.81609,0.81641,1.32,1.50
2013.06.27 18:59:11.899,0.81609,0.81641,1.32,1.50
2013.06.27 18:59:12.199,0.81608,0.81642,1.32,1.69
2013.06.27 18:59:12.741,0.81609,0.81642,1.32,1.69
2013.06.27 18:59:13.380,0.81611,0.81645,1.69,1.69
2013.06.27 18:59:14.131,0.81613,0.81645,1.69,1.69
2013.06.27 18:59:15.151,0.81614,0.81647,1.32,1.32
2013.06.27 18:59:17.092,0.81613,0.81645,1.32,1.69
2013.06.27 18:59:17.664,0.81616,0.81648,1.69,1.13
2013.06.27 18:59:17.736,0.81621,0.81652,1.13,1.69
2013.06.27 18:59:19.926,0.81621,0.81653,2.07,2.44
2013.06.27 18:59:20.281,0.81621,0.81653,1.32,2.44
2013.06.27 18:59:20.461,0.81617,0.81653,1.69,1.69
2013.06.27 18:59:20.702,0.81614,0.8165,2.44,1.50
2013.06.27 18:59:20.853,0.81619,0.8165,1.13,1.50
2013.06.27 18:59:21.437,0.8162,0.81656,1.69,1.69
2013.06.27 18:59:24.549,0.81622,0.81653,1.13,1.50
2013.06.27 18:59:25.582,0.81621,0.81654,1.32,1.50
2013.06.27 18:59:27.271,0.81619,0.81649,1.69,1.50
2013.06.27 18:59:27.391,0.81616,0.81649,2.44,1.50
2013.06.27 18:59:27.452,0.81616,0.81648,1.69,1.50
2013.06.27 18:59:27.966,0.81614,0.81645,1.32,1.13
2013.06.27 18:59:29.782,0.81616,0.81647,1.69,1.13
2013.06.27 18:59:30.323,0.81616,0.81648,1.69,1.50
2013.06.27 18:59:30.441,0.81614,0.81648,2.07,1.50
2013.06.27 18:59:30.642,0.81614,0.81647,1.32,1.50
2013.06.27 18:59:31.283,0.81614,0.81644,1.32,1.50
2013.06.27 18:59:31.584,0.81616,0.81644,1.69,2.25
2013.06.27 18:59:31.701,0.81609,0.81641,1.69,1.13
2013.06.27 18:59:33.197,0.81608,0.81641,2.07,1.13
2013.06.27 18:59:33.541,0.81612,0.81643,1.32,1.88
2013.06.27 18:59:34.441,0.81612,0.81643,1.32,1.88
2013.06.27 18:59:34.751,0.81614,0.81647,1.69,1.50
2013.06.27 18:59:35.107,0.81612,0.81643,2.07,1.13
2013.06.27 18:59:35.234,0.81612,0.81643,1.32,1.13
2013.06.27 18:59:35.351,0.81612,0.81647,1.32,1.50
2013.06.27 18:59:35.531,0.8161,0.81648,1.69,1.69
2013.06.27 18:59:35.591,0.8161,0.81648,1.69,1.69
2013.06.27 18:59:35.711,0.81611,0.8165,1.69,2.44
2013.06.27 18:59:35.952,0.81611,0.81647,1.50,1.69
2013.06.27 18:59:36.441,0.81607,0.81644,1.32,1.50
2013.06.27 18:59:36.516,0.81607,0.81645,2.07,1.50
2013.06.27 18:59:36.691,0.81607,0.81645,2.07,2.44
2013.06.27 18:59:37.003,0.81607,0.81645,2.82,1.69
2013.06.27 18:59:37.163,0.81607,0.81645,2.07,1.69
2013.06.27 18:59:38.152,0.81608,0.81644,1.69,1.69
2013.06.27 18:59:39.192,0.81611,0.81644,1.69,1.50
2013.06.27 18:59:39.374,0.81605,0.81643,2.44,1.50
2013.06.27 18:59:40.164,0.81607,0.81643,1.69,1.69
2013.06.27 18:59:40.692,0.8161,0.81642,1.69,1.50
2013.06.27 18:59:40.872,0.8161,0.81643,1.69,1.88
2013.06.27 18:59:41.232,0.8161,0.81643,1.69,1.88
2013.06.27 18:59:41.733,0.81606,0.81639,1.69,1.50
2013.06.27 18:59:41.882,0.81606,0.81639,1.69,1.50
2013.06.27 18:59:42.483,0.81606,0.81639,1.69,1.50
2013.06.27 18:59:42.663,0.81606,0.81639,1.69,2.25
2013.06.27 18:59:43.352,0.81607,0.81639,1.69,3.19
2013.06.27 18:59:43.674,0.81611,0.81642,1.69,2.44
2013.06.27 18:59:44.032,0.81611,0.81642,1.69,2.44
2013.06.27 18:59:44.561,0.81611,0.81645,1.69,2.07
2013.06.27 18:59:46.060,0.8161,0.81645,1.69,2.07
2013.06.27 18:59:46.182,0.8161,0.81645,1.69,2.07
2013.06.27 18:59:46.543,0.81612,0.8164,1.69,1.50
2013.06.27 18:59:47.044,0.81612,0.8164,1.69,1.50
2013.06.27 18:59:47.643,0.8161,0.8164,1.69,1.50
2013.06.27 18:59:48.813,0.81608,0.81638,1.69,1.13
2013.06.27 18:59:50.289,0.81608,0.81641,1.69,1.50
2013.06.27 18:59:50.652,0.8161,0.81648,1.69,1.13
2013.06.27 18:59:51.012,0.8161,0.81648,1.69,1.13
2013.06.27 18:59:51.372,0.81612,0.81638,1.69,1.50
2013.06.27 18:59:52.034,0.81613,0.81638,1.69,1.50
2013.06.27 18:59:52.152,0.81615,0.81647,1.69,1.50
2013.06.27 18:59:53.333,0.81617,0.81653,1.69,2.07
2013.06.27 18:59:53.882,0.81617,0.81653,1.69,1.88
2013.06.27 18:59:55.362,0.81616,0.81653,1.69,2.07
2013.06.27 18:59:55.793,0.81616,0.81647,1.69,1.13
2013.06.27 18:59:56.343,0.81607,0.81646,1.69,1.32
2013.06.27 18:59:56.993,0.8161,0.81647,1.50,1.32
2013.06.27 18:59:57.504,0.8161,0.81645,1.50,1.50
2013.06.27 18:59:59.652,0.81608,0.81644,1.69,1.50
2013.06.27 18:59:59.892,0.81605,0.81638,1.50,1.50
