2011.09.19 10:00:00.419,0.80696,0.80744,1.50,1.13
2011.09.19 10:00:00.770,0.80702,0.80746,2.25,3.00
2011.09.19 10:00:00.892,0.80694,0.80744,1.35,1.50
2011.09.19 10:00:01.227,0.80694,0.80743,2.25,1.50
2011.09.19 10:00:01.336,0.80684,0.80743,3.98,1.50
2011.09.19 10:00:01.780,0.80691,0.80743,2.25,1.50
2011.09.19 10:00:02.116,0.8069,0.80734,3.38,1.13
2011.09.19 10:00:03.009,0.8069,0.80735,3.00,3.00
2011.09.19 10:00:04.442,0.80691,0.80734,2.25,3.00
2011.09.19 10:00:04.560,0.80684,0.80731,1.35,1.50
2011.09.19 10:00:04.679,0.80684,0.80734,1.35,3.75
2011.09.19 10:00:04.796,0.80681,0.80724,1.13,1.13
2011.09.19 10:00:06.604,0.80679,0.80724,1.35,1.50
2011.09.19 10:00:06.828,0.80681,0.8073,2.25,1.50
2011.09.19 10:00:08.097,0.80681,0.80729,3.00,1.13
2011.09.19 10:00:08.426,0.8068,0.80723,2.63,1.13
2011.09.19 10:00:09.350,0.80682,0.80723,1.13,1.13
2011.09.19 10:00:09.936,0.80682,0.80717,1.13,2.25
2011.09.19 10:00:10.266,0.80681,0.80724,1.13,1.13
2011.09.19 10:00:10.669,0.80681,0.80724,1.13,1.13
2011.09.19 10:00:11.046,0.8068,0.8072,3.00,1.13
2011.09.19 10:00:11.437,0.80677,0.8072,3.23,2.63
2011.09.19 10:00:11.765,0.80678,0.8072,1.73,2.63
2011.09.19 10:00:13.356,0.8068,0.8072,1.13,2.85
2011.09.19 10:00:13.881,0.80681,0.80719,3.38,1.35
2011.09.19 10:00:15.256,0.80681,0.80724,3.38,3.38
2011.09.19 10:00:16.786,0.80685,0.80724,1.50,3.38
2011.09.19 10:00:16.895,0.80681,0.80724,4.13,3.38
2011.09.19 10:00:17.011,0.80686,0.80724,1.50,3.38
2011.09.19 10:00:17.510,0.80686,0.80726,1.13,1.35
2011.09.19 10:00:18.500,0.80688,0.80729,3.00,1.13
2011.09.19 10:00:18.617,0.80688,0.80729,2.25,1.73
2011.09.19 10:00:18.753,0.80685,0.80729,1.13,1.73
2011.09.19 10:00:19.047,0.80686,0.80732,1.88,5.10
2011.09.19 10:00:21.599,0.80686,0.80728,1.13,1.73
2011.09.19 10:00:21.715,0.80682,0.80728,3.75,1.73
2011.09.19 10:00:23.242,0.80682,0.80724,1.50,2.63
2011.09.19 10:00:25.225,0.80686,0.80728,3.38,3.98
2011.09.19 10:00:25.832,0.80687,0.80728,1.73,3.38
2011.09.19 10:00:26.127,0.80687,0.80728,1.35,3.38
2011.09.19 10:00:26.518,0.80687,0.80724,2.10,2.63
2011.09.19 10:00:26.698,0.80687,0.80724,2.10,2.63
2011.09.19 10:00:28.900,0.80687,0.80728,1.13,3.23
2011.09.19 10:00:29.016,0.80686,0.80728,3.75,3.60
2011.09.19 10:00:31.161,0.80687,0.80712,1.50,2.25
2011.09.19 10:00:31.496,0.80675,0.80712,1.50,2.25
2011.09.19 10:00:31.827,0.80675,0.80712,1.50,2.25
2011.09.19 10:00:31.937,0.80675,0.80718,1.50,1.35
2011.09.19 10:00:32.049,0.80675,0.80718,1.50,2.10
2011.09.19 10:00:32.439,0.80675,0.80716,1.50,2.63
2011.09.19 10:00:33.640,0.80674,0.80714,1.50,1.13
2011.09.19 10:00:34.231,0.80674,0.80716,1.50,2.63
2011.09.19 10:00:34.518,0.80676,0.80716,1.13,2.25
2011.09.19 10:00:34.627,0.80678,0.80718,1.50,2.85
2011.09.19 10:00:36.373,0.80678,0.80718,1.50,2.25
2011.09.19 10:00:36.648,0.80678,0.80718,1.50,2.25
2011.09.19 10:00:36.866,0.80682,0.80725,1.88,3.98
2011.09.19 10:00:37.197,0.80675,0.80708,1.50,2.85
2011.09.19 10:00:37.540,0.80672,0.80718,1.88,1.50
2011.09.19 10:00:38.535,0.80672,0.80714,1.88,2.63
2011.09.19 10:00:39.770,0.80674,0.80714,1.50,1.13
2011.09.19 10:00:41.379,0.80671,0.80714,3.38,1.88
2011.09.19 10:00:46.078,0.80676,0.80714,2.10,1.13
2011.09.19 10:00:46.296,0.80676,0.80715,3.98,2.25
2011.09.19 10:00:46.409,0.80682,0.80727,3.00,1.50
2011.09.19 10:00:46.636,0.80682,0.80722,3.00,1.73
2011.09.19 10:00:47.317,0.80677,0.80719,1.13,2.63
2011.09.19 10:00:47.536,0.80677,0.80719,1.88,2.63
2011.09.19 10:00:49.319,0.80677,0.80719,1.88,2.63
2011.09.19 10:00:51.447,0.80677,0.80719,1.88,2.63
2011.09.19 10:00:51.899,0.80677,0.80718,1.88,1.13
2011.09.19 10:00:52.016,0.80677,0.80718,1.88,1.13
2011.09.19 10:00:52.413,0.80677,0.80719,1.13,3.00
2011.09.19 10:00:52.639,0.8068,0.80722,1.13,2.85
2011.09.19 10:00:56.257,0.8068,0.8072,1.13,1.35
2011.09.19 10:00:57.168,0.80683,0.80724,1.50,3.98
2011.09.19 10:00:57.335,0.80681,0.8072,1.50,1.35
2011.09.19 10:00:57.856,0.80676,0.80722,1.50,3.23
2011.09.19 10:00:58.246,0.80681,0.80722,1.13,2.63
2011.09.19 10:00:59.458,0.80677,0.80716,1.50,2.63
2011.09.19 10:01:05.438,0.80675,0.80714,1.50,1.13
2011.09.19 10:01:07.378,0.80675,0.80716,1.50,2.63
2011.09.19 10:01:10.771,0.80672,0.80713,1.88,1.13
2011.09.19 10:01:11.048,0.80672,0.80713,1.13,1.13
2011.09.19 10:01:11.377,0.80671,0.80718,1.50,2.85
2011.09.19 10:01:11.862,0.80672,0.80718,1.13,3.60
2011.09.19 10:01:12.187,0.80685,0.80729,3.00,3.60
2011.09.19 10:01:12.406,0.80686,0.80735,3.60,1.50
2011.09.19 10:01:12.593,0.80686,0.80735,3.60,1.50
2011.09.19 10:01:13.468,0.80687,0.80735,1.50,1.50
2011.09.19 10:01:15.613,0.80689,0.80736,1.50,1.50
2011.09.19 10:01:17.018,0.80687,0.80735,1.13,1.50
2011.09.19 10:01:17.305,0.8069,0.80735,3.00,1.50
2011.09.19 10:01:17.416,0.8069,0.80739,3.00,1.35
2011.09.19 10:01:18.237,0.80693,0.80739,3.00,1.35
2011.09.19 10:01:18.928,0.80695,0.80735,1.13,1.13
2011.09.19 10:01:19.036,0.80695,0.80735,1.13,1.13
2011.09.19 10:01:20.469,0.80695,0.80735,1.13,1.13
2011.09.19 10:01:21.530,0.80695,0.80735,1.13,1.13
2011.09.19 10:01:22.549,0.80695,0.80735,1.13,1.13
2011.09.19 10:01:24.385,0.80696,0.80735,1.50,1.13
2011.09.19 10:01:24.936,0.80695,0.80734,1.35,3.38
2011.09.19 10:01:25.308,0.80681,0.80725,1.35,2.10
2011.09.19 10:01:25.657,0.80679,0.80725,2.85,2.10
2011.09.19 10:01:27.849,0.80679,0.80729,3.00,2.10
2011.09.19 10:01:28.051,0.80679,0.80729,2.25,2.10
2011.09.19 10:01:28.387,0.80679,0.80729,3.00,2.10
2011.09.19 10:01:30.739,0.80679,0.80729,3.00,2.10
2011.09.19 10:01:31.357,0.80679,0.80728,3.00,1.50
2011.09.19 10:01:31.468,0.80682,0.80729,1.50,2.10
2011.09.19 10:01:31.906,0.80679,0.80729,3.75,1.35
2011.09.19 10:01:32.390,0.80679,0.80728,3.75,1.50
2011.09.19 10:01:32.775,0.80679,0.80729,3.00,2.10
2011.09.19 10:01:34.486,0.80679,0.80729,3.38,2.10
2011.09.19 10:01:34.926,0.80678,0.80729,3.00,2.10
2011.09.19 10:01:35.326,0.8068,0.80729,1.50,1.35
2011.09.19 10:01:36.776,0.80682,0.8073,1.50,1.35
2011.09.19 10:01:36.996,0.80684,0.8073,1.50,1.35
2011.09.19 10:01:37.298,0.80683,0.80716,2.25,1.13
2011.09.19 10:01:37.407,0.80672,0.80714,3.38,2.25
2011.09.19 10:01:37.516,0.80676,0.80714,1.73,2.25
2011.09.19 10:01:37.628,0.80683,0.8073,3.00,1.35
2011.09.19 10:01:37.737,0.80683,0.80716,2.25,1.13
2011.09.19 10:01:37.846,0.80673,0.80713,3.75,2.25
2011.09.19 10:01:37.957,0.80673,0.80713,3.75,2.25
2011.09.19 10:01:38.067,0.80676,0.80722,1.50,2.10
2011.09.19 10:01:38.176,0.80672,0.80722,3.75,2.10
2011.09.19 10:01:38.286,0.80681,0.80723,2.63,1.50
2011.09.19 10:01:39.418,0.80669,0.80717,1.50,1.35
2011.09.19 10:01:39.530,0.80666,0.80708,2.25,1.13
2011.09.19 10:01:39.918,0.80662,0.80708,3.38,3.38
2011.09.19 10:01:40.138,0.80663,0.80701,1.35,2.25
2011.09.19 10:01:40.556,0.80664,0.80701,1.35,2.25
2011.09.19 10:01:40.887,0.80668,0.80709,1.13,2.10
2011.09.19 10:01:40.997,0.80664,0.80721,1.35,2.85
2011.09.19 10:01:42.229,0.80667,0.80718,1.50,3.60
2011.09.19 10:01:42.458,0.80666,0.80702,2.25,1.13
2011.09.19 10:01:42.676,0.8066,0.80698,1.13,2.25
2011.09.19 10:01:44.409,0.8066,0.80698,1.13,2.25
2011.09.19 10:01:45.682,0.80656,0.80698,3.75,2.63
2011.09.19 10:01:46.216,0.8065,0.80687,1.35,2.48
2011.09.19 10:01:46.330,0.80644,0.8068,1.35,2.10
2011.09.19 10:01:46.451,0.80644,0.8068,1.35,2.48
2011.09.19 10:01:47.227,0.80646,0.80679,1.35,2.25
2011.09.19 10:01:47.336,0.80646,0.80686,1.35,4.73
2011.09.19 10:01:47.556,0.80647,0.80686,1.35,2.10
2011.09.19 10:01:47.777,0.80646,0.80694,1.50,2.85
2011.09.19 10:01:48.353,0.80646,0.80694,1.50,2.85
2011.09.19 10:01:48.696,0.80647,0.8069,1.88,2.63
2011.09.19 10:01:49.320,0.80651,0.8069,1.13,2.25
2011.09.19 10:01:49.522,0.80651,0.80692,1.13,1.73
2011.09.19 10:01:49.989,0.80651,0.80693,1.13,3.23
2011.09.19 10:01:53.414,0.80653,0.80693,1.50,3.23
2011.09.19 10:01:54.476,0.80659,0.80698,1.13,1.50
2011.09.19 10:01:54.587,0.80658,0.80699,2.63,1.35
2011.09.19 10:01:54.696,0.80659,0.80699,1.13,1.35
2011.09.19 10:01:55.757,0.80659,0.807,1.13,1.73
2011.09.19 10:01:56.646,0.80658,0.807,2.63,1.73
2011.09.19 10:01:56.756,0.80658,0.80691,2.25,1.35
2011.09.19 10:01:56.985,0.80651,0.80689,1.13,2.25
2011.09.19 10:01:59.168,0.80651,0.80689,1.13,3.00
2011.09.19 10:01:59.276,0.8065,0.80685,3.00,2.10
2011.09.19 10:01:59.629,0.80652,0.80685,1.13,2.10
2011.09.19 10:01:59.737,0.80651,0.80685,1.13,2.10
2011.09.19 10:02:01.168,0.80649,0.80685,1.13,4.35
2011.09.19 10:02:01.277,0.80649,0.80685,1.73,2.25
2011.09.19 10:02:01.386,0.80649,0.8069,3.98,2.85
2011.09.19 10:02:02.678,0.80649,0.8069,3.98,2.85
2011.09.19 10:02:03.382,0.8065,0.8069,1.50,2.85
2011.09.19 10:02:05.237,0.80654,0.8069,1.13,2.85
2011.09.19 10:02:07.941,0.80654,0.80686,1.13,2.25
2011.09.19 10:02:08.508,0.80653,0.80692,3.00,2.10
2011.09.19 10:02:12.018,0.80661,0.80697,3.23,2.10
2011.09.19 10:02:12.256,0.80662,0.80702,2.48,2.10
2011.09.19 10:02:13.227,0.80661,0.80705,3.98,1.13
2011.09.19 10:02:13.929,0.80661,0.80704,4.13,2.85
2011.09.19 10:02:14.369,0.80663,0.80703,1.13,1.35
2011.09.19 10:02:16.458,0.80663,0.80704,1.13,2.10
2011.09.19 10:02:18.226,0.80663,0.80703,1.13,1.35
2011.09.19 10:02:18.788,0.80665,0.80704,1.50,2.10
2011.09.19 10:02:18.899,0.80665,0.80707,1.35,2.25
2011.09.19 10:02:19.712,0.80663,0.8071,2.10,3.00
2011.09.19 10:02:20.861,0.8066,0.8071,1.50,3.00
2011.09.19 10:02:21.507,0.8066,0.8071,1.50,3.00
2011.09.19 10:02:22.047,0.80661,0.8071,1.50,3.00
2011.09.19 10:02:22.506,0.80661,0.80707,1.50,2.25
2011.09.19 10:02:23.609,0.80657,0.80707,2.10,3.00
2011.09.19 10:02:23.716,0.80657,0.80707,2.10,3.00
2011.09.19 10:02:23.936,0.8066,0.80711,1.50,3.00
2011.09.19 10:02:24.425,0.8066,0.80707,1.50,2.25
2011.09.19 10:02:25.307,0.8066,0.80707,1.50,2.25
2011.09.19 10:02:25.416,0.80663,0.80714,2.25,2.10
2011.09.19 10:02:26.446,0.80663,0.80714,3.00,2.10
2011.09.19 10:02:26.996,0.80663,0.8071,3.00,1.13
2011.09.19 10:02:29.989,0.80654,0.80706,3.00,1.35
2011.09.19 10:02:31.530,0.80654,0.80705,3.00,1.13
2011.09.19 10:02:31.661,0.80654,0.80705,3.00,1.13
2011.09.19 10:02:32.107,0.80652,0.80694,1.35,3.00
2011.09.19 10:02:32.218,0.80643,0.80694,3.00,3.00
2011.09.19 10:02:32.850,0.80643,0.80694,3.00,3.00
2011.09.19 10:02:33.539,0.80643,0.80694,3.00,3.00
2011.09.19 10:02:34.479,0.80643,0.80694,3.00,3.00
2011.09.19 10:02:35.029,0.80643,0.80694,3.00,3.00
2011.09.19 10:02:35.571,0.80647,0.80694,1.50,2.25
2011.09.19 10:02:36.841,0.8065,0.80694,1.50,2.25
2011.09.19 10:02:36.958,0.8065,0.80699,1.50,1.35
2011.09.19 10:02:37.218,0.80654,0.80701,1.50,3.60
2011.09.19 10:02:39.387,0.80654,0.80701,1.50,2.25
2011.09.19 10:02:41.408,0.80654,0.80701,1.50,2.25
2011.09.19 10:02:44.457,0.80656,0.80701,1.50,2.25
2011.09.19 10:02:49.959,0.80656,0.80701,1.50,2.25
2011.09.19 10:02:52.351,0.80656,0.80701,1.50,2.25
2011.09.19 10:02:52.796,0.80653,0.80699,1.50,2.25
2011.09.19 10:02:53.128,0.80656,0.80702,1.50,2.25
2011.09.19 10:02:53.364,0.80657,0.80702,1.50,2.25
2011.09.19 10:02:53.586,0.80657,0.80699,1.50,2.25
2011.09.19 10:02:54.031,0.80657,0.80702,1.50,2.25
2011.09.19 10:02:54.174,0.80657,0.80702,1.50,2.25
2011.09.19 10:02:54.840,0.8066,0.80702,1.50,2.63
2011.09.19 10:02:55.257,0.80656,0.80699,1.50,2.25
2011.09.19 10:02:55.371,0.80656,0.80703,1.50,2.25
2011.09.19 10:02:55.619,0.80656,0.80703,1.50,2.25
2011.09.19 10:02:55.887,0.80656,0.80703,1.50,2.25
2011.09.19 10:02:56.107,0.80657,0.80703,1.50,2.25
2011.09.19 10:02:56.465,0.80657,0.80703,1.50,2.25
2011.09.19 10:02:56.930,0.80657,0.80703,1.50,2.25
2011.09.19 10:02:58.461,0.80658,0.80703,1.50,2.25
2011.09.19 10:02:58.966,0.80657,0.80703,1.50,3.00
2011.09.19 10:02:59.730,0.80658,0.80703,1.50,2.25
2011.09.19 10:03:00.718,0.80656,0.80703,1.50,3.00
2011.09.19 10:03:00.939,0.80658,0.80703,1.50,2.25
2011.09.19 10:03:03.970,0.8066,0.80703,1.50,2.25
2011.09.19 10:03:06.248,0.8066,0.80703,1.50,2.25
2011.09.19 10:03:06.357,0.80656,0.80699,1.50,2.25
2011.09.19 10:03:06.577,0.80656,0.80702,1.50,2.25
2011.09.19 10:03:06.966,0.80658,0.80702,1.50,2.25
2011.09.19 10:03:08.439,0.80658,0.80702,1.50,2.25
2011.09.19 10:03:08.696,0.80658,0.80702,1.50,2.63
2011.09.19 10:03:09.219,0.80655,0.80702,1.50,2.25
2011.09.19 10:03:09.828,0.80658,0.80702,1.50,2.25
2011.09.19 10:03:10.377,0.80658,0.80702,1.50,2.25
2011.09.19 10:03:11.486,0.80658,0.80702,1.50,2.63
2011.09.19 10:03:11.596,0.80654,0.80699,1.50,2.25
2011.09.19 10:03:11.815,0.80654,0.80703,1.50,2.25
2011.09.19 10:03:14.358,0.80658,0.80703,1.50,2.25
2011.09.19 10:03:29.109,0.80658,0.80703,1.50,2.63
2011.09.19 10:03:29.288,0.80658,0.80703,1.50,2.63
2011.09.19 10:03:29.396,0.80654,0.80698,1.50,2.25
2011.09.19 10:03:29.616,0.80654,0.80702,1.50,2.25
2011.09.19 10:03:29.948,0.80659,0.80702,1.50,2.25
2011.09.19 10:03:31.610,0.80659,0.80702,1.50,2.25
2011.09.19 10:03:32.286,0.80654,0.80698,1.50,2.25
2011.09.19 10:03:32.558,0.80654,0.80703,1.50,2.25
2011.09.19 10:03:35.608,0.80658,0.80703,1.50,2.25
2011.09.19 10:03:45.227,0.80662,0.80712,1.50,2.25
2011.09.19 10:03:45.336,0.80669,0.80718,2.25,2.85
2011.09.19 10:03:45.670,0.80669,0.80721,3.00,1.50
2011.09.19 10:03:46.365,0.80672,0.80722,1.50,1.35
2011.09.19 10:03:47.352,0.80672,0.80722,1.50,1.35
2011.09.19 10:03:49.133,0.80675,0.80722,1.50,1.35
2011.09.19 10:03:49.650,0.80675,0.80723,1.50,3.98
2011.09.19 10:03:50.131,0.80675,0.80718,1.50,2.25
2011.09.19 10:03:50.358,0.80666,0.80727,3.75,2.85
2011.09.19 10:03:50.466,0.80666,0.80727,3.75,2.10
2011.09.19 10:03:51.328,0.80673,0.80719,1.50,2.25
2011.09.19 10:03:52.377,0.80673,0.80719,1.50,2.25
2011.09.19 10:03:54.718,0.80673,0.80719,1.50,3.00
2011.09.19 10:03:55.160,0.80676,0.80722,1.50,2.85
2011.09.19 10:03:56.318,0.80676,0.80722,1.50,2.85
2011.09.19 10:03:57.379,0.80681,0.80722,1.50,2.85
2011.09.19 10:04:01.267,0.80676,0.80722,1.50,2.85
2011.09.19 10:04:02.510,0.80676,0.80719,1.50,2.25
2011.09.19 10:04:05.173,0.80676,0.80719,1.50,3.00
2011.09.19 10:04:06.329,0.80676,0.80719,1.50,3.00
2011.09.19 10:04:06.808,0.80669,0.80724,1.50,1.35
2011.09.19 10:04:06.916,0.80669,0.80724,1.50,1.35
2011.09.19 10:04:07.248,0.80671,0.80724,1.50,1.35
2011.09.19 10:04:09.668,0.80674,0.80723,1.50,1.35
2011.09.19 10:04:12.727,0.8067,0.80719,1.50,2.25
2011.09.19 10:04:14.401,0.80666,0.80719,1.50,2.25
2011.09.19 10:04:14.745,0.80666,0.80719,1.50,2.85
2011.09.19 10:04:15.061,0.80666,0.80719,1.50,2.85
2011.09.19 10:04:17.268,0.80665,0.80719,1.50,3.23
2011.09.19 10:04:17.620,0.80661,0.80715,1.50,2.25
2011.09.19 10:04:17.737,0.80661,0.80719,1.50,1.35
2011.09.19 10:04:18.598,0.80662,0.80724,3.00,3.00
2011.09.19 10:04:18.757,0.80667,0.80724,1.50,3.00
2011.09.19 10:04:19.373,0.80666,0.80724,1.50,3.00
2011.09.19 10:04:19.486,0.80669,0.80724,1.50,3.00
2011.09.19 10:04:20.142,0.80669,0.80724,1.50,2.25
2011.09.19 10:04:21.686,0.80671,0.80724,1.50,3.00
2011.09.19 10:04:22.017,0.8068,0.80723,2.25,2.25
2011.09.19 10:04:22.128,0.80669,0.80713,1.13,2.25
2011.09.19 10:04:22.238,0.80672,0.80713,1.13,2.25
2011.09.19 10:04:22.456,0.80676,0.80717,1.13,2.85
2011.09.19 10:04:22.690,0.80674,0.8072,1.13,1.35
2011.09.19 10:04:23.581,0.80676,0.80716,1.50,2.63
2011.09.19 10:04:24.318,0.80676,0.80716,1.50,2.63
2011.09.19 10:04:25.148,0.80676,0.80716,1.50,2.63
2011.09.19 10:04:25.467,0.80677,0.80716,1.50,2.63
2011.09.19 10:04:25.749,0.80677,0.80716,1.50,2.63
2011.09.19 10:04:26.178,0.80672,0.80713,1.50,3.00
2011.09.19 10:04:26.505,0.8067,0.80708,2.10,2.63
2011.09.19 10:04:26.679,0.8067,0.80708,2.10,2.63
2011.09.19 10:04:27.753,0.8067,0.80708,2.10,2.63
2011.09.19 10:04:28.777,0.80671,0.80708,1.50,2.25
2011.09.19 10:04:28.886,0.8067,0.80712,1.73,2.63
2011.09.19 10:04:31.440,0.80671,0.80712,1.50,2.63
2011.09.19 10:04:33.907,0.80671,0.80712,1.50,2.63
2011.09.19 10:04:34.017,0.80673,0.80716,2.63,2.63
2011.09.19 10:04:34.126,0.80677,0.80716,1.13,2.25
2011.09.19 10:04:34.476,0.80677,0.80723,1.88,1.13
2011.09.19 10:04:36.289,0.80682,0.80723,1.13,1.13
2011.09.19 10:04:36.637,0.80682,0.80724,1.13,2.63
2011.09.19 10:04:37.236,0.80686,0.80724,1.13,2.25
2011.09.19 10:04:38.381,0.80686,0.80729,1.13,3.98
2011.09.19 10:04:40.179,0.80686,0.80727,1.13,1.13
2011.09.19 10:04:40.821,0.80687,0.80728,1.50,1.73
2011.09.19 10:04:40.948,0.80686,0.80728,1.13,1.73
2011.09.19 10:04:41.169,0.80685,0.80728,2.85,1.35
2011.09.19 10:04:41.773,0.80684,0.80722,1.35,2.25
2011.09.19 10:04:43.399,0.80686,0.80722,1.35,2.25
2011.09.19 10:04:47.409,0.80683,0.80722,2.85,2.25
2011.09.19 10:04:48.729,0.80686,0.80722,1.35,2.25
2011.09.19 10:04:49.341,0.80684,0.80722,1.35,2.25
2011.09.19 10:04:49.727,0.80689,0.80726,1.13,2.85
2011.09.19 10:04:50.948,0.80694,0.80733,1.35,1.73
2011.09.19 10:04:51.469,0.80695,0.80733,1.35,1.35
2011.09.19 10:04:51.719,0.80694,0.80734,1.35,3.00
2011.09.19 10:04:51.827,0.80694,0.80736,3.60,2.63
2011.09.19 10:04:51.937,0.80694,0.80736,3.60,2.63
2011.09.19 10:04:53.391,0.80694,0.80736,3.60,3.38
2011.09.19 10:04:53.705,0.80694,0.80734,3.60,1.13
2011.09.19 10:04:54.817,0.80694,0.80732,1.35,2.63
2011.09.19 10:04:55.439,0.80694,0.80731,1.35,1.13
2011.09.19 10:04:57.397,0.80694,0.80731,1.35,1.13
2011.09.19 10:04:59.001,0.80694,0.80732,1.35,3.00
2011.09.19 10:04:59.608,0.80696,0.80736,1.13,3.00
2011.09.19 10:04:59.722,0.807,0.80736,1.35,2.25
2011.09.19 10:04:59.948,0.807,0.8074,1.35,3.00
2011.09.19 10:05:00.278,0.80686,0.80739,3.00,3.00
2011.09.19 10:05:00.389,0.80677,0.80738,3.00,2.85
2011.09.19 10:05:01.067,0.80679,0.80735,3.00,1.35
2011.09.19 10:05:02.252,0.8068,0.80735,1.13,1.35
2011.09.19 10:05:02.777,0.80677,0.80734,3.75,1.50
2011.09.19 10:05:02.997,0.80677,0.80734,3.00,1.50
2011.09.19 10:05:04.336,0.80677,0.80734,3.00,1.50
2011.09.19 10:05:05.195,0.80677,0.80735,3.00,1.35
2011.09.19 10:05:06.489,0.80677,0.80735,3.75,1.35
2011.09.19 10:05:06.826,0.80677,0.80735,3.75,1.35
2011.09.19 10:05:07.819,0.80682,0.80735,1.50,1.35
2011.09.19 10:05:08.950,0.80686,0.80735,1.50,1.35
2011.09.19 10:05:09.682,0.80682,0.80741,1.50,1.35
2011.09.19 10:05:11.164,0.80682,0.80741,1.50,1.35
2011.09.19 10:05:11.928,0.80682,0.80741,1.50,1.35
2011.09.19 10:05:12.590,0.80685,0.80741,1.50,1.35
2011.09.19 10:05:14.778,0.80687,0.80741,1.50,1.35
2011.09.19 10:05:15.008,0.80688,0.80744,1.50,1.73
2011.09.19 10:05:15.341,0.80687,0.80741,1.50,1.35
2011.09.19 10:05:17.746,0.80688,0.80741,3.00,1.35
2011.09.19 10:05:18.509,0.80688,0.80741,3.00,1.35
2011.09.19 10:05:18.617,0.80688,0.80743,3.00,1.35
2011.09.19 10:05:19.478,0.8069,0.80744,1.50,2.10
2011.09.19 10:05:20.469,0.80691,0.80744,1.50,2.10
2011.09.19 10:05:24.228,0.80691,0.80744,1.50,2.10
2011.09.19 10:05:25.466,0.80691,0.80743,1.50,1.35
2011.09.19 10:05:26.729,0.80691,0.80744,1.50,1.35
2011.09.19 10:05:27.406,0.80691,0.80744,1.50,2.10
2011.09.19 10:05:28.447,0.80691,0.80744,1.50,1.35
2011.09.19 10:05:29.808,0.80691,0.80744,1.50,2.10
2011.09.19 10:05:31.789,0.80691,0.80744,1.50,2.10
2011.09.19 10:05:32.888,0.80691,0.80744,1.50,1.35
2011.09.19 10:05:33.501,0.80688,0.80741,3.00,1.35
2011.09.19 10:05:33.977,0.80686,0.80741,1.50,1.35
2011.09.19 10:05:34.539,0.80688,0.80741,3.38,1.35
2011.09.19 10:05:35.479,0.80692,0.80741,1.50,1.35
2011.09.19 10:05:36.467,0.80688,0.80741,3.38,1.35
2011.09.19 10:05:37.427,0.80688,0.80741,3.38,1.35
2011.09.19 10:05:38.639,0.80688,0.80741,3.38,1.35
2011.09.19 10:05:39.578,0.8069,0.80741,1.13,1.35
2011.09.19 10:05:39.917,0.80695,0.80741,3.00,1.35
2011.09.19 10:05:40.136,0.80695,0.80746,3.00,1.50
2011.09.19 10:05:41.040,0.80695,0.80747,3.00,3.00
2011.09.19 10:05:41.519,0.80695,0.80747,3.00,3.00
2011.09.19 10:05:42.548,0.80695,0.80747,3.00,4.13
2011.09.19 10:05:43.911,0.80695,0.80747,3.00,3.00
2011.09.19 10:05:44.648,0.80696,0.80747,1.50,3.00
2011.09.19 10:05:44.869,0.80696,0.80742,1.50,2.25
2011.09.19 10:05:46.257,0.80696,0.80742,1.50,2.25
2011.09.19 10:05:46.369,0.80696,0.80748,1.50,3.00
2011.09.19 10:05:46.862,0.80694,0.80748,3.00,3.00
2011.09.19 10:05:48.454,0.80696,0.80748,1.50,3.00
2011.09.19 10:05:48.737,0.80694,0.80748,3.00,4.13
2011.09.19 10:05:49.486,0.80693,0.80742,1.35,3.00
2011.09.19 10:05:49.596,0.80694,0.80748,3.00,3.00
2011.09.19 10:05:52.706,0.80696,0.80748,1.50,3.00
2011.09.19 10:05:54.075,0.80699,0.8075,3.00,1.35
2011.09.19 10:05:56.436,0.80702,0.8075,1.50,1.35
2011.09.19 10:05:57.964,0.80704,0.8075,1.50,1.35
2011.09.19 10:06:01.713,0.80701,0.8075,1.50,1.35
2011.09.19 10:06:01.930,0.80701,0.8075,1.50,1.35
2011.09.19 10:06:02.048,0.80701,0.8075,1.50,3.60
2011.09.19 10:06:02.838,0.80697,0.8075,1.50,3.60
2011.09.19 10:06:04.326,0.80696,0.8075,1.50,3.60
2011.09.19 10:06:07.567,0.80696,0.8075,1.50,3.60
2011.09.19 10:06:08.038,0.80699,0.8075,3.00,1.35
2011.09.19 10:06:09.359,0.80702,0.8075,1.50,1.35
2011.09.19 10:06:14.537,0.80706,0.8075,1.50,1.35
2011.09.19 10:06:15.967,0.80704,0.8075,1.50,1.35
2011.09.19 10:06:26.566,0.80701,0.8075,1.50,1.35
2011.09.19 10:06:26.677,0.80704,0.8075,1.50,1.35
2011.09.19 10:06:37.547,0.80704,0.80751,1.50,2.85
2011.09.19 10:06:40.029,0.80704,0.80751,1.50,2.25
2011.09.19 10:06:43.648,0.80704,0.80751,1.50,3.00
2011.09.19 10:06:57.141,0.80701,0.80751,1.50,3.75
2011.09.19 10:06:57.730,0.80701,0.80751,1.50,3.00
2011.09.19 10:07:00.259,0.80702,0.80751,1.50,3.00
2011.09.19 10:07:05.250,0.80702,0.80751,1.50,3.00
2011.09.19 10:07:05.459,0.80702,0.80751,1.50,3.00
2011.09.19 10:07:06.007,0.80701,0.80751,1.50,3.00
2011.09.19 10:07:06.799,0.80701,0.80751,1.50,3.75
2011.09.19 10:07:09.764,0.80701,0.80751,1.50,3.00
2011.09.19 10:07:10.922,0.80704,0.80751,1.50,3.00
2011.09.19 10:07:11.180,0.80701,0.80751,1.50,3.00
2011.09.19 10:07:11.520,0.80704,0.80751,1.50,3.00
2011.09.19 10:07:14.489,0.80702,0.80751,1.50,3.00
2011.09.19 10:07:14.700,0.80704,0.80751,1.50,3.00
2011.09.19 10:07:24.168,0.80699,0.80748,3.75,1.50
2011.09.19 10:07:24.659,0.80699,0.80742,1.50,2.25
2011.09.19 10:07:28.576,0.80694,0.80738,1.50,2.25
2011.09.19 10:07:30.796,0.80693,0.80741,1.50,3.00
2011.09.19 10:07:31.091,0.80693,0.80741,1.50,3.00
2011.09.19 10:07:31.770,0.80694,0.80741,1.50,2.25
2011.09.19 10:07:31.918,0.80694,0.80741,1.50,3.00
2011.09.19 10:07:45.087,0.80692,0.8074,1.50,1.35
2011.09.19 10:07:46.391,0.80692,0.80737,1.13,3.38
2011.09.19 10:07:46.617,0.80691,0.80738,1.50,1.50
2011.09.19 10:07:46.728,0.80692,0.80737,1.13,1.13
2011.09.19 10:07:46.947,0.80696,0.80739,2.25,1.88
2011.09.19 10:07:47.369,0.80696,0.80739,2.63,1.50
2011.09.19 10:07:47.937,0.80699,0.80741,2.63,1.13
2011.09.19 10:07:49.503,0.807,0.80743,1.88,1.13
2011.09.19 10:07:51.468,0.807,0.80743,1.88,1.88
2011.09.19 10:07:51.798,0.80697,0.80743,1.50,1.50
2011.09.19 10:07:53.289,0.80697,0.80743,1.50,1.50
2011.09.19 10:07:53.682,0.807,0.80743,1.50,2.10
2011.09.19 10:07:54.680,0.80696,0.80739,1.50,1.35
2011.09.19 10:07:54.796,0.80696,0.80739,1.50,1.35
2011.09.19 10:07:58.149,0.80696,0.80739,1.50,1.35
2011.09.19 10:07:58.257,0.80696,0.80742,1.50,1.35
2011.09.19 10:08:03.528,0.80696,0.80739,1.50,1.35
2011.09.19 10:08:03.751,0.80692,0.80739,1.50,1.35
2011.09.19 10:08:08.043,0.80696,0.80739,1.50,1.35
2011.09.19 10:08:10.401,0.807,0.80739,2.25,1.35
2011.09.19 10:08:11.679,0.807,0.80744,3.00,6.23
2011.09.19 10:08:12.629,0.807,0.80739,3.00,1.35
2011.09.19 10:08:13.618,0.807,0.80743,3.00,1.73
2011.09.19 10:08:17.970,0.807,0.80739,2.25,1.35
2011.09.19 10:08:19.407,0.807,0.80744,3.00,6.23
2011.09.19 10:08:21.461,0.807,0.80742,3.00,1.35
2011.09.19 10:08:21.688,0.80697,0.80743,1.35,2.85
2011.09.19 10:08:22.480,0.807,0.80745,3.00,1.50
2011.09.19 10:08:22.597,0.807,0.80749,3.00,2.10
2011.09.19 10:08:22.969,0.807,0.80749,3.00,2.10
2011.09.19 10:08:24.359,0.807,0.80749,3.00,1.35
2011.09.19 10:08:25.459,0.80701,0.80749,1.50,1.35
2011.09.19 10:08:26.580,0.80701,0.80749,1.50,1.35
2011.09.19 10:08:27.231,0.80707,0.80749,2.63,1.35
2011.09.19 10:08:27.983,0.80707,0.80751,3.38,1.73
2011.09.19 10:08:28.392,0.80708,0.80751,1.50,1.73
2011.09.19 10:08:29.369,0.80709,0.80751,1.35,1.13
2011.09.19 10:08:30.134,0.80708,0.80751,1.50,3.23
2011.09.19 10:08:33.407,0.80708,0.80751,1.50,3.23
2011.09.19 10:08:37.616,0.80708,0.80751,2.10,1.13
2011.09.19 10:08:38.132,0.80708,0.80753,2.10,3.75
2011.09.19 10:08:38.250,0.80711,0.80761,1.35,3.60
2011.09.19 10:08:38.362,0.80711,0.80761,1.35,2.85
2011.09.19 10:08:38.699,0.8071,0.80762,1.50,3.00
2011.09.19 10:08:40.032,0.80712,0.8076,1.50,1.50
2011.09.19 10:08:40.889,0.80711,0.80764,1.50,1.35
2011.09.19 10:08:41.162,0.80713,0.80763,1.13,1.35
2011.09.19 10:08:41.279,0.80715,0.80764,2.63,1.73
2011.09.19 10:08:41.388,0.80718,0.8076,2.25,1.13
2011.09.19 10:08:41.798,0.80714,0.80757,3.00,2.48
2011.09.19 10:08:42.146,0.8071,0.80753,3.00,1.73
2011.09.19 10:08:42.257,0.8071,0.80753,3.38,1.35
2011.09.19 10:08:42.778,0.80714,0.80757,1.13,2.48
2011.09.19 10:08:42.901,0.80713,0.80759,3.00,3.00
2011.09.19 10:08:43.020,0.80719,0.80764,1.73,1.50
2011.09.19 10:08:43.358,0.80724,0.80764,2.25,1.13
2011.09.19 10:08:44.189,0.80723,0.80764,2.63,1.13
2011.09.19 10:08:45.367,0.80723,0.80764,2.25,1.88
2011.09.19 10:08:45.506,0.8072,0.80763,3.00,2.63
2011.09.19 10:08:47.064,0.8072,0.80762,3.00,1.73
2011.09.19 10:08:48.438,0.8072,0.80759,3.00,1.35
2011.09.19 10:08:49.767,0.80722,0.80763,1.13,3.60
2011.09.19 10:08:50.381,0.80723,0.80763,2.25,1.35
2011.09.19 10:08:50.647,0.80723,0.80762,2.25,1.35
2011.09.19 10:08:51.019,0.80711,0.80758,1.50,4.35
2011.09.19 10:08:51.647,0.80715,0.80757,3.98,1.13
2011.09.19 10:08:52.325,0.80715,0.80757,3.98,1.13
2011.09.19 10:08:52.659,0.80715,0.8076,4.73,3.38
2011.09.19 10:08:52.918,0.80715,0.80759,4.73,1.13
2011.09.19 10:08:53.265,0.80715,0.8076,4.73,3.38
2011.09.19 10:08:54.680,0.80715,0.8076,4.35,3.00
2011.09.19 10:08:54.798,0.80717,0.80763,3.75,1.35
2011.09.19 10:08:54.917,0.80717,0.80757,2.25,1.13
2011.09.19 10:08:55.073,0.80715,0.80757,2.85,1.13
2011.09.19 10:08:56.511,0.80715,0.80757,3.60,1.13
2011.09.19 10:08:58.060,0.80716,0.80757,1.50,1.13
2011.09.19 10:08:58.229,0.80716,0.80759,1.50,1.88
2011.09.19 10:08:59.850,0.80716,0.80759,1.50,1.13
2011.09.19 10:09:02.928,0.80715,0.80759,4.35,1.13
2011.09.19 10:09:05.718,0.80715,0.80757,2.85,1.13
2011.09.19 10:09:06.257,0.80715,0.80757,3.60,1.13
2011.09.19 10:09:09.122,0.80715,0.80757,3.60,1.13
2011.09.19 10:09:09.757,0.80716,0.80759,1.50,1.13
2011.09.19 10:09:10.185,0.80717,0.8076,1.50,3.75
2011.09.19 10:09:11.410,0.80723,0.80762,2.25,1.35
2011.09.19 10:09:14.988,0.80723,0.80759,2.25,1.88
2011.09.19 10:09:15.097,0.80721,0.80759,2.25,1.88
2011.09.19 10:09:15.207,0.80721,0.80759,3.00,1.13
2011.09.19 10:09:15.426,0.80715,0.80759,1.35,1.13
2011.09.19 10:09:15.536,0.80715,0.80753,1.35,2.25
2011.09.19 10:09:15.868,0.80716,0.80753,2.25,2.10
2011.09.19 10:09:19.291,0.80716,0.80754,5.10,1.35
2011.09.19 10:09:25.848,0.80716,0.80754,3.00,1.35
2011.09.19 10:09:28.161,0.80717,0.80754,1.50,1.35
2011.09.19 10:09:30.648,0.80716,0.80754,2.25,1.35
2011.09.19 10:09:30.758,0.80716,0.80754,2.25,1.35
2011.09.19 10:09:31.199,0.80716,0.80754,3.00,1.35
2011.09.19 10:09:31.917,0.80717,0.80758,1.50,1.13
2011.09.19 10:09:35.864,0.80718,0.80759,1.13,3.00
2011.09.19 10:09:36.086,0.80718,0.80761,1.13,1.73
2011.09.19 10:09:36.196,0.80717,0.8076,1.13,1.73
2011.09.19 10:09:36.526,0.80715,0.80758,2.63,1.13
2011.09.19 10:09:36.667,0.80715,0.80759,2.63,1.50
2011.09.19 10:09:36.776,0.80718,0.8076,1.13,3.23
2011.09.19 10:09:38.358,0.80718,0.8076,1.13,1.73
2011.09.19 10:09:38.735,0.80715,0.80758,3.00,2.10
2011.09.19 10:09:38.846,0.80712,0.80755,3.75,2.63
2011.09.19 10:09:39.246,0.80715,0.80758,2.63,1.35
2011.09.19 10:09:39.643,0.80717,0.8076,1.13,1.13
2011.09.19 10:09:40.150,0.80717,0.80762,1.13,1.13
2011.09.19 10:09:41.052,0.80717,0.8076,1.13,1.13
2011.09.19 10:09:41.687,0.80716,0.80759,3.00,2.25
2011.09.19 10:09:41.905,0.80712,0.80755,3.38,2.25
2011.09.19 10:09:42.127,0.80716,0.80756,2.25,1.35
2011.09.19 10:09:42.235,0.80716,0.80759,3.00,3.98
2011.09.19 10:09:42.647,0.80716,0.80756,3.00,1.35
2011.09.19 10:09:44.578,0.80717,0.80758,1.50,1.73
2011.09.19 10:09:45.418,0.80716,0.80756,3.75,1.35
2011.09.19 10:09:46.501,0.80716,0.80756,3.00,1.35
2011.09.19 10:09:47.526,0.80716,0.80753,2.25,1.73
2011.09.19 10:09:47.823,0.80712,0.80753,3.00,1.73
2011.09.19 10:09:51.337,0.80712,0.80753,3.00,1.73
2011.09.19 10:09:51.445,0.80712,0.80753,3.75,1.73
2011.09.19 10:09:51.930,0.80712,0.80753,3.75,1.73
2011.09.19 10:09:53.418,0.80712,0.80753,3.75,1.73
2011.09.19 10:09:55.158,0.80712,0.80753,3.75,1.73
2011.09.19 10:10:06.108,0.80712,0.80753,3.75,1.73
2011.09.19 10:10:07.310,0.80712,0.80755,3.75,3.23
2011.09.19 10:10:09.677,0.80712,0.80754,3.00,1.73
2011.09.19 10:10:13.111,0.80712,0.80753,2.25,1.73
2011.09.19 10:10:13.722,0.80712,0.80748,2.25,1.13
2011.09.19 10:10:15.757,0.80708,0.80749,3.00,1.13
2011.09.19 10:10:16.159,0.80708,0.80736,3.00,2.10
2011.09.19 10:10:16.276,0.80702,0.80736,1.13,4.35
2011.09.19 10:10:16.387,0.80699,0.80736,1.50,4.73
2011.09.19 10:10:16.496,0.80696,0.80736,2.10,4.35
2011.09.19 10:10:17.031,0.80698,0.80736,2.25,2.10
2011.09.19 10:10:18.188,0.80698,0.80736,3.00,2.10
2011.09.19 10:10:20.425,0.80703,0.8074,2.85,1.35
2011.09.19 10:10:20.658,0.80703,0.80743,3.60,3.23
2011.09.19 10:10:22.359,0.80708,0.80743,2.25,2.10
2011.09.19 10:10:23.446,0.80708,0.80743,3.00,2.10
2011.09.19 10:10:23.867,0.80711,0.80748,1.35,1.73
2011.09.19 10:10:24.088,0.80708,0.80745,3.00,2.10
2011.09.19 10:10:24.308,0.8071,0.80748,1.35,1.73
2011.09.19 10:10:25.178,0.80708,0.80743,2.25,2.10
2011.09.19 10:10:25.768,0.80705,0.80741,3.23,1.35
2011.09.19 10:10:25.886,0.80709,0.80743,2.25,2.10
2011.09.19 10:10:26.000,0.80705,0.80743,2.85,2.10
2011.09.19 10:10:26.917,0.80705,0.80741,3.60,1.35
2011.09.19 10:10:27.237,0.80705,0.80745,3.60,3.38
2011.09.19 10:10:27.346,0.80705,0.80745,3.60,3.38
2011.09.19 10:10:28.456,0.80705,0.80745,3.60,3.38
2011.09.19 10:10:29.247,0.80705,0.80741,3.00,2.10
2011.09.19 10:10:33.468,0.80705,0.80741,3.00,2.48
2011.09.19 10:10:33.685,0.80701,0.80741,1.50,4.73
2011.09.19 10:10:35.458,0.80705,0.80741,2.25,2.48
2011.09.19 10:10:35.857,0.80706,0.80741,1.50,2.10
2011.09.19 10:10:35.967,0.80707,0.80749,3.75,1.73
2011.09.19 10:10:36.075,0.80707,0.80751,3.75,3.23
2011.09.19 10:10:37.350,0.80707,0.80751,3.75,3.23
2011.09.19 10:10:37.914,0.80712,0.80751,1.50,3.23
2011.09.19 10:10:38.648,0.80712,0.80751,1.50,3.23
2011.09.19 10:10:45.482,0.80707,0.80749,3.00,1.73
2011.09.19 10:10:47.230,0.8071,0.80751,1.50,3.23
2011.09.19 10:10:47.348,0.80707,0.80749,3.00,1.73
2011.09.19 10:10:50.648,0.80707,0.80749,3.75,1.73
2011.09.19 10:10:51.016,0.80707,0.80748,1.13,1.13
2011.09.19 10:10:51.388,0.80706,0.80746,3.38,2.10
2011.09.19 10:10:52.510,0.80707,0.80746,1.13,2.10
2011.09.19 10:10:53.380,0.80706,0.80746,3.38,2.10
2011.09.19 10:10:55.871,0.80706,0.80749,4.13,1.13
2011.09.19 10:10:57.878,0.80706,0.80749,3.75,1.13
2011.09.19 10:10:58.938,0.80706,0.80748,1.50,2.63
2011.09.19 10:11:00.328,0.80706,0.80748,1.50,2.63
2011.09.19 10:11:00.437,0.80706,0.80748,1.50,3.38
2011.09.19 10:11:00.946,0.80706,0.80748,1.50,2.63
2011.09.19 10:11:06.480,0.80705,0.80745,1.50,1.13
2011.09.19 10:11:06.982,0.80705,0.80748,1.50,2.63
2011.09.19 10:11:07.192,0.80702,0.80745,4.13,1.13
2011.09.19 10:11:07.358,0.80705,0.80748,1.13,3.38
2011.09.19 10:11:07.467,0.80706,0.80748,1.13,2.63
2011.09.19 10:11:07.926,0.80707,0.80751,3.38,3.23
2011.09.19 10:11:08.144,0.80707,0.80749,2.63,1.13
2011.09.19 10:11:10.026,0.80706,0.80748,1.50,2.63
2011.09.19 10:11:10.170,0.80706,0.80748,1.50,3.38
2011.09.19 10:11:12.319,0.80704,0.80744,1.50,1.13
2011.09.19 10:11:13.910,0.80704,0.80744,1.50,3.23
2011.09.19 10:11:14.476,0.80706,0.80744,1.50,3.23
2011.09.19 10:11:14.791,0.80707,0.80744,1.50,2.48
2011.09.19 10:11:17.207,0.80707,0.80748,1.50,3.23
2011.09.19 10:11:17.489,0.80706,0.80748,1.50,3.23
2011.09.19 10:11:19.536,0.80706,0.80748,1.50,3.23
2011.09.19 10:11:21.228,0.80704,0.80744,1.35,1.13
2011.09.19 10:11:22.375,0.80703,0.80744,1.73,1.13
2011.09.19 10:11:24.572,0.80704,0.80744,1.35,1.13
2011.09.19 10:11:25.448,0.80704,0.80744,1.35,1.13
2011.09.19 10:11:25.571,0.80704,0.80743,1.35,1.13
2011.09.19 10:11:25.920,0.80699,0.80741,3.75,1.35
2011.09.19 10:11:26.036,0.80699,0.80741,3.00,1.35
2011.09.19 10:11:27.098,0.80696,0.8074,1.50,3.23
2011.09.19 10:11:29.077,0.80697,0.8074,1.13,2.85
2011.09.19 10:11:29.186,0.80698,0.8074,2.25,1.35
2011.09.19 10:11:29.475,0.80697,0.80742,1.13,5.48
2011.09.19 10:11:30.248,0.80699,0.80742,2.25,3.23
2011.09.19 10:11:34.437,0.80699,0.80739,3.00,1.35
2011.09.19 10:11:38.414,0.80699,0.80738,2.25,1.35
2011.09.19 10:11:38.631,0.80699,0.8074,3.00,1.35
2011.09.19 10:11:40.389,0.80699,0.8074,3.00,2.10
2011.09.19 10:11:40.736,0.80696,0.80735,3.00,2.48
2011.09.19 10:11:43.302,0.80696,0.80733,2.25,1.35
2011.09.19 10:11:45.118,0.80696,0.80735,3.00,2.48
2011.09.19 10:11:45.832,0.80696,0.80733,2.25,1.35
2011.09.19 10:11:46.381,0.80693,0.80732,2.25,5.48
2011.09.19 10:11:46.958,0.80693,0.80732,4.35,3.38
2011.09.19 10:11:50.347,0.80693,0.80731,4.35,1.13
2011.09.19 10:11:50.914,0.80693,0.80728,4.35,1.13
2011.09.19 10:11:51.026,0.80693,0.80728,2.25,1.13
2011.09.19 10:11:51.134,0.80687,0.80728,4.35,3.38
2011.09.19 10:11:52.908,0.80687,0.80728,3.98,3.00
2011.09.19 10:11:53.335,0.80695,0.80737,4.73,1.73
2011.09.19 10:11:54.408,0.80695,0.80735,4.73,1.13
2011.09.19 10:11:55.110,0.80695,0.80735,2.63,1.13
2011.09.19 10:11:55.227,0.80695,0.80734,2.25,1.13
2011.09.19 10:11:55.335,0.80691,0.80735,4.35,2.63
2011.09.19 10:11:56.097,0.80691,0.80735,3.60,3.38
2011.09.19 10:11:57.461,0.80691,0.80735,3.98,3.75
2011.09.19 10:11:57.685,0.80691,0.80735,3.60,1.13
2011.09.19 10:11:59.357,0.80691,0.80733,4.35,1.13
2011.09.19 10:11:59.696,0.80691,0.80734,4.35,1.13
2011.09.19 10:11:59.891,0.80696,0.80735,1.13,3.00
2011.09.19 10:12:00.010,0.80697,0.80735,1.35,2.25
2011.09.19 10:12:00.347,0.80707,0.80746,2.25,1.35
2011.09.19 10:12:01.143,0.80707,0.80747,2.25,1.35
2011.09.19 10:12:01.261,0.80701,0.80744,3.00,3.38
2011.09.19 10:12:02.620,0.80702,0.80744,1.88,3.00
2011.09.19 10:12:03.083,0.80707,0.80746,2.25,1.35
2011.09.19 10:12:03.708,0.80707,0.80741,2.25,1.13
2011.09.19 10:12:03.817,0.80701,0.80741,3.00,1.13
2011.09.19 10:12:04.109,0.80701,0.80741,2.25,1.13
2011.09.19 10:12:05.355,0.80701,0.80739,3.00,1.35
2011.09.19 10:12:05.775,0.80701,0.80741,2.25,1.13
2011.09.19 10:12:06.383,0.80701,0.80741,3.00,1.13
2011.09.19 10:12:06.599,0.80701,0.80744,3.38,3.75
2011.09.19 10:12:06.828,0.80707,0.80746,3.00,1.35
2011.09.19 10:12:07.481,0.80707,0.80744,2.85,1.50
2011.09.19 10:12:07.719,0.80707,0.80743,2.85,1.13
2011.09.19 10:12:08.231,0.80702,0.80743,1.35,1.73
2011.09.19 10:12:09.307,0.80701,0.80741,3.60,1.13
2011.09.19 10:12:10.408,0.80702,0.80743,1.35,1.73
2011.09.19 10:12:11.237,0.80697,0.80738,3.75,1.13
2011.09.19 10:12:11.565,0.80693,0.80732,2.25,1.35
2011.09.19 10:12:11.855,0.80693,0.80733,2.25,3.23
2011.09.19 10:12:11.968,0.80691,0.80728,1.35,2.25
2011.09.19 10:12:12.075,0.80691,0.80736,2.10,5.85
2011.09.19 10:12:12.379,0.80692,0.80736,1.13,5.48
2011.09.19 10:12:12.496,0.80695,0.80736,1.13,2.63
2011.09.19 10:12:12.718,0.80697,0.80739,2.25,5.10
2011.09.19 10:12:13.560,0.80693,0.80736,1.35,3.75
2011.09.19 10:12:14.419,0.80693,0.80733,1.35,1.13
2011.09.19 10:12:15.465,0.80693,0.80736,1.35,3.75
2011.09.19 10:12:17.741,0.80692,0.80733,1.35,1.13
2011.09.19 10:12:18.185,0.80693,0.80733,3.00,3.23
2011.09.19 10:12:18.439,0.80693,0.80733,2.25,3.98
2011.09.19 10:12:18.873,0.80693,0.80733,2.85,3.38
2011.09.19 10:12:19.276,0.80697,0.80733,1.73,2.25
2011.09.19 10:12:19.386,0.807,0.80742,2.25,2.48
2011.09.19 10:12:20.227,0.80697,0.80742,1.35,1.35
2011.09.19 10:12:20.925,0.80697,0.80744,1.35,4.35
2011.09.19 10:12:21.358,0.80697,0.80742,1.35,1.35
2011.09.19 10:12:21.878,0.80697,0.80742,1.35,1.35
2011.09.19 10:12:22.316,0.80697,0.80742,1.35,1.35
2011.09.19 10:12:22.947,0.807,0.80741,1.13,1.13
2011.09.19 10:12:23.885,0.80692,0.80743,3.00,2.10
2011.09.19 10:12:24.187,0.80701,0.80742,3.00,1.13
2011.09.19 10:12:25.499,0.80701,0.80742,3.00,1.13
2011.09.19 10:12:25.860,0.80701,0.80742,3.00,1.13
2011.09.19 10:12:27.382,0.80701,0.80742,3.00,1.13
2011.09.19 10:12:28.386,0.80701,0.80742,3.00,1.13
2011.09.19 10:12:31.497,0.80701,0.80742,2.25,1.88
2011.09.19 10:12:32.708,0.80701,0.80742,3.00,1.13
2011.09.19 10:12:33.253,0.80701,0.80742,3.00,1.13
2011.09.19 10:12:33.969,0.80701,0.80738,2.25,1.50
2011.09.19 10:12:35.978,0.80701,0.80738,2.25,1.50
2011.09.19 10:12:36.348,0.80698,0.80737,2.25,1.13
2011.09.19 10:12:36.457,0.80698,0.80738,2.63,3.00
2011.09.19 10:12:38.264,0.80701,0.80739,2.25,1.50
2011.09.19 10:12:38.985,0.80701,0.80739,3.00,1.50
2011.09.19 10:12:41.148,0.80701,0.80739,2.25,1.50
2011.09.19 10:12:41.365,0.80697,0.80736,2.85,1.13
2011.09.19 10:12:42.107,0.80697,0.80736,2.85,1.88
2011.09.19 10:12:42.968,0.80697,0.80734,2.25,1.35
2011.09.19 10:12:43.921,0.80697,0.80732,2.25,1.35
2011.09.19 10:12:44.629,0.80697,0.8073,2.85,1.50
2011.09.19 10:12:44.857,0.80692,0.80722,2.25,1.35
2011.09.19 10:12:44.966,0.80683,0.80722,2.25,1.35
2011.09.19 10:12:45.076,0.8068,0.80722,3.98,1.35
2011.09.19 10:12:45.187,0.8068,0.80722,3.23,1.35
2011.09.19 10:12:45.517,0.80676,0.80725,1.50,3.60
2011.09.19 10:12:46.618,0.80675,0.80725,3.00,1.35
2011.09.19 10:12:46.837,0.80675,0.80725,3.00,1.35
2011.09.19 10:12:46.946,0.80679,0.80726,1.35,1.13
2011.09.19 10:12:47.369,0.80684,0.80724,2.25,1.13
2011.09.19 10:12:47.488,0.80681,0.80724,3.00,1.13
2011.09.19 10:12:47.840,0.80681,0.80724,3.00,1.13
2011.09.19 10:12:48.165,0.80681,0.80723,3.00,1.35
2011.09.19 10:12:48.280,0.80681,0.80723,3.00,1.73
2011.09.19 10:12:48.397,0.80681,0.80723,3.00,1.73
2011.09.19 10:12:48.666,0.80681,0.80725,5.48,3.00
2011.09.19 10:12:48.777,0.80681,0.80732,5.10,1.35
2011.09.19 10:12:49.637,0.80682,0.80733,2.85,1.35
2011.09.19 10:12:49.899,0.80682,0.80738,3.60,2.10
2011.09.19 10:12:50.017,0.80692,0.80739,2.25,1.50
2011.09.19 10:12:50.126,0.80692,0.80739,3.00,1.50
2011.09.19 10:12:50.549,0.80701,0.80742,2.25,2.48
2011.09.19 10:12:50.656,0.80697,0.80739,3.00,1.13
2011.09.19 10:12:50.766,0.80697,0.8074,3.00,3.00
2011.09.19 10:12:50.876,0.80692,0.80737,3.38,2.63
2011.09.19 10:12:51.578,0.80699,0.80738,2.25,3.60
2011.09.19 10:12:51.825,0.80688,0.80734,1.13,1.35
2011.09.19 10:12:51.937,0.80688,0.80731,1.13,1.13
2011.09.19 10:12:52.049,0.80693,0.80734,2.25,1.73
2011.09.19 10:12:52.780,0.80693,0.80736,2.25,3.23
2011.09.19 10:12:53.990,0.80693,0.80734,2.25,1.13
2011.09.19 10:12:54.709,0.80693,0.80736,2.63,3.00
2011.09.19 10:12:55.148,0.80699,0.80734,2.25,1.13
2011.09.19 10:12:55.448,0.80693,0.80734,2.25,1.13
2011.09.19 10:12:55.637,0.80693,0.80734,2.25,1.13
2011.09.19 10:12:56.439,0.80691,0.80731,1.35,3.38
2011.09.19 10:12:56.878,0.80691,0.80731,1.35,3.00
2011.09.19 10:12:57.206,0.80691,0.80731,3.00,1.13
2011.09.19 10:12:57.425,0.8069,0.8073,2.25,3.38
2011.09.19 10:12:57.536,0.80693,0.80732,2.25,1.35
2011.09.19 10:12:57.978,0.8069,0.80734,4.35,1.35
2011.09.19 10:12:58.085,0.80698,0.80734,2.25,1.35
2011.09.19 10:13:00.646,0.80698,0.80734,2.25,2.10
2011.09.19 10:13:00.865,0.80691,0.80731,3.00,1.35
2011.09.19 10:13:02.509,0.80691,0.80731,2.25,1.35
2011.09.19 10:13:02.877,0.80686,0.80727,3.00,2.85
2011.09.19 10:13:02.989,0.80681,0.80723,3.00,1.50
2011.09.19 10:13:03.206,0.80673,0.80718,3.00,1.35
2011.09.19 10:13:03.316,0.8067,0.80713,3.38,1.13
2011.09.19 10:13:03.426,0.8067,0.80712,3.00,1.13
2011.09.19 10:13:03.838,0.80668,0.80709,1.35,1.13
2011.09.19 10:13:04.242,0.80662,0.80704,3.00,1.13
2011.09.19 10:13:04.358,0.80663,0.80708,1.50,3.38
2011.09.19 10:13:04.466,0.80666,0.80708,1.13,3.00
2011.09.19 10:13:04.686,0.80668,0.80713,1.35,1.13
2011.09.19 10:13:05.077,0.80674,0.80719,3.38,1.13
2011.09.19 10:13:05.298,0.80678,0.80724,1.35,3.75
2011.09.19 10:13:05.407,0.80682,0.80724,1.35,3.00
2011.09.19 10:13:05.629,0.80695,0.80738,1.13,1.73
2011.09.19 10:13:06.189,0.80696,0.80739,1.13,1.73
2011.09.19 10:13:06.416,0.80693,0.80741,1.13,1.50
2011.09.19 10:13:06.526,0.80693,0.80744,1.13,1.50
2011.09.19 10:13:06.636,0.80694,0.80744,3.00,1.50
2011.09.19 10:13:08.489,0.80694,0.80747,3.00,1.35
2011.09.19 10:13:10.588,0.80694,0.80747,3.00,1.35
2011.09.19 10:13:11.716,0.80712,0.80753,1.35,3.00
2011.09.19 10:13:11.827,0.80724,0.80758,2.25,1.50
2011.09.19 10:13:12.047,0.80715,0.80763,2.25,3.00
2011.09.19 10:13:12.621,0.80707,0.80754,1.50,3.00
2011.09.19 10:13:13.010,0.80711,0.80757,3.75,2.25
2011.09.19 10:13:13.129,0.80712,0.8076,3.00,1.35
2011.09.19 10:13:14.129,0.80725,0.8076,2.25,1.35
2011.09.19 10:13:14.247,0.80725,0.80769,2.25,1.50
2011.09.19 10:13:14.661,0.80725,0.80769,2.25,1.50
2011.09.19 10:13:15.151,0.80725,0.80769,2.25,1.50
2011.09.19 10:13:16.268,0.80732,0.80772,1.35,2.25
2011.09.19 10:13:16.596,0.80743,0.80783,2.85,1.50
2011.09.19 10:13:16.929,0.80742,0.80782,2.25,1.50
2011.09.19 10:13:17.277,0.80738,0.8078,3.00,3.00
2011.09.19 10:13:17.938,0.80738,0.80778,3.00,2.10
2011.09.19 10:13:18.325,0.80738,0.80774,2.25,1.35
2011.09.19 10:13:18.686,0.80738,0.8078,2.85,3.75
2011.09.19 10:13:18.930,0.80738,0.8078,2.85,3.75
2011.09.19 10:13:21.077,0.80747,0.80781,2.25,1.35
2011.09.19 10:13:21.307,0.8074,0.80781,2.85,1.35
2011.09.19 10:13:24.478,0.8074,0.80779,2.25,1.35
2011.09.19 10:13:24.697,0.80732,0.80778,2.85,1.35
2011.09.19 10:13:25.468,0.80732,0.80777,2.85,1.50
2011.09.19 10:13:26.048,0.80725,0.80772,2.25,3.60
2011.09.19 10:13:27.438,0.80725,0.80769,2.25,1.50
2011.09.19 10:13:28.153,0.80725,0.8076,2.25,2.10
2011.09.19 10:13:28.269,0.80717,0.8076,1.50,2.10
2011.09.19 10:13:28.388,0.80717,0.8076,1.50,2.10
2011.09.19 10:13:28.769,0.80713,0.80752,3.00,2.10
2011.09.19 10:13:28.891,0.8071,0.80752,3.00,2.85
2011.09.19 10:13:29.338,0.80702,0.8075,1.35,1.35
2011.09.19 10:13:29.600,0.80698,0.80746,1.50,2.10
2011.09.19 10:13:30.318,0.80698,0.80746,1.50,2.10
2011.09.19 10:13:30.597,0.80698,0.8075,1.50,1.35
2011.09.19 10:13:31.127,0.80698,0.80748,1.50,1.35
2011.09.19 10:13:31.909,0.80701,0.80749,1.35,1.50
2011.09.19 10:13:32.460,0.80715,0.80759,2.85,1.50
2011.09.19 10:13:32.830,0.80703,0.80752,2.85,1.35
2011.09.19 10:13:32.948,0.80706,0.80753,1.50,2.85
2011.09.19 10:13:33.056,0.80705,0.80752,2.10,1.35
2011.09.19 10:13:33.721,0.80705,0.80752,1.35,1.35
2011.09.19 10:13:36.317,0.807,0.80752,2.10,1.35
2011.09.19 10:13:37.298,0.80697,0.80753,1.50,3.75
2011.09.19 10:13:38.028,0.80713,0.80753,1.35,3.00
2011.09.19 10:13:38.374,0.8072,0.8076,2.25,1.50
2011.09.19 10:13:38.989,0.8072,0.80763,2.25,1.35
2011.09.19 10:13:40.107,0.8072,0.80765,3.00,1.35
2011.09.19 10:13:41.151,0.80722,0.80767,1.35,3.00
2011.09.19 10:13:41.266,0.80723,0.80767,1.73,2.25
2011.09.19 10:13:41.487,0.80728,0.80773,1.73,1.13
2011.09.19 10:13:41.815,0.8073,0.80774,2.63,1.50
2011.09.19 10:13:42.180,0.80733,0.80774,3.00,1.50
2011.09.19 10:13:42.298,0.80737,0.80773,2.25,1.50
2011.09.19 10:13:42.406,0.80737,0.80773,2.25,1.88
2011.09.19 10:13:42.516,0.80729,0.80773,2.63,1.13
2011.09.19 10:13:42.753,0.80729,0.80771,2.63,1.13
2011.09.19 10:13:43.786,0.80729,0.80768,2.63,1.50
2011.09.19 10:13:45.375,0.80729,0.80767,2.63,1.50
2011.09.19 10:13:45.684,0.80729,0.80763,2.25,1.50
2011.09.19 10:13:45.798,0.80718,0.80758,2.25,2.63
2011.09.19 10:13:45.906,0.80718,0.80758,2.25,3.00
2011.09.19 10:13:46.126,0.80712,0.80755,1.35,3.38
2011.09.19 10:13:46.235,0.80711,0.80755,3.23,3.00
2011.09.19 10:13:46.345,0.80718,0.80756,2.25,1.13
2011.09.19 10:13:46.829,0.80718,0.80755,2.25,1.13
2011.09.19 10:13:47.066,0.80714,0.80754,2.85,2.63
2011.09.19 10:13:47.208,0.80714,0.80754,2.85,3.00
2011.09.19 10:13:47.316,0.80709,0.80751,4.35,3.23
2011.09.19 10:13:47.601,0.80711,0.80751,2.10,2.85
2011.09.19 10:13:47.937,0.80725,0.8076,2.25,1.35
2011.09.19 10:13:48.407,0.80725,0.80764,3.00,4.73
2011.09.19 10:13:48.517,0.80727,0.80764,1.35,2.25
2011.09.19 10:13:48.627,0.80728,0.80768,2.85,1.73
2011.09.19 10:13:49.330,0.80728,0.80768,2.85,2.48
2011.09.19 10:13:49.447,0.80728,0.80767,2.85,1.50
2011.09.19 10:13:49.557,0.80722,0.80759,2.25,1.35
2011.09.19 10:13:49.667,0.80717,0.80754,1.35,2.63
2011.09.19 10:13:50.476,0.80713,0.80757,2.25,1.73
2011.09.19 10:13:50.709,0.80712,0.80756,3.00,3.00
2011.09.19 10:13:50.827,0.8071,0.8075,2.25,2.63
2011.09.19 10:13:51.649,0.8071,0.8075,2.25,3.00
2011.09.19 10:13:51.876,0.80706,0.80751,2.10,1.35
2011.09.19 10:13:52.096,0.80707,0.80755,1.35,2.10
2011.09.19 10:13:52.207,0.80712,0.80758,2.10,1.35
2011.09.19 10:13:53.195,0.80712,0.80763,3.00,1.35
2011.09.19 10:13:53.940,0.80712,0.80763,2.25,1.35
2011.09.19 10:13:54.167,0.80712,0.80758,2.25,1.35
2011.09.19 10:13:54.277,0.80707,0.80758,1.50,1.35
2011.09.19 10:13:55.062,0.80727,0.80767,2.25,1.13
2011.09.19 10:13:55.288,0.80733,0.80777,2.63,1.13
2011.09.19 10:13:55.616,0.80732,0.80774,2.25,1.50
2011.09.19 10:13:55.727,0.80723,0.80774,1.13,1.50
2011.09.19 10:13:55.837,0.80717,0.80769,1.50,1.50
2011.09.19 10:13:56.357,0.80723,0.80768,3.38,2.63
2011.09.19 10:13:57.102,0.80723,0.80768,3.00,3.00
2011.09.19 10:13:57.481,0.8072,0.80763,3.00,2.25
2011.09.19 10:13:57.920,0.80732,0.80774,2.63,1.13
2011.09.19 10:13:58.372,0.80738,0.80768,2.25,1.50
2011.09.19 10:13:58.597,0.80738,0.80774,2.25,1.13
2011.09.19 10:13:58.708,0.80738,0.80771,2.25,2.48
2011.09.19 10:13:58.927,0.80723,0.80769,3.23,1.35
2011.09.19 10:13:59.789,0.80723,0.80766,1.13,3.23
2011.09.19 10:13:59.911,0.80723,0.80766,1.88,3.23
2011.09.19 10:14:00.225,0.80726,0.80766,1.50,3.23
2011.09.19 10:14:00.343,0.80728,0.80766,1.73,2.25
2011.09.19 10:14:00.463,0.80733,0.80774,3.98,1.13
2011.09.19 10:14:00.577,0.80739,0.80774,2.25,1.13
2011.09.19 10:14:01.628,0.80739,0.80778,2.25,2.48
2011.09.19 10:14:01.738,0.8073,0.80771,1.35,2.48
2011.09.19 10:14:01.864,0.80727,0.80771,1.73,2.48
2011.09.19 10:14:01.977,0.80727,0.80766,1.35,2.63
2011.09.19 10:14:02.439,0.80725,0.80766,1.35,3.23
2011.09.19 10:14:03.679,0.80725,0.80764,1.35,1.35
2011.09.19 10:14:04.376,0.80718,0.8076,3.38,3.23
2011.09.19 10:14:04.487,0.80718,0.80755,3.00,2.10
2011.09.19 10:14:04.597,0.80711,0.80755,1.50,4.35
2011.09.19 10:14:04.928,0.80709,0.80755,1.35,4.35
2011.09.19 10:14:05.508,0.80704,0.80755,1.50,2.85
2011.09.19 10:14:05.909,0.80703,0.80753,3.00,1.35
2011.09.19 10:14:06.316,0.80703,0.80746,1.13,2.63
2011.09.19 10:14:06.430,0.80704,0.80754,1.50,1.35
2011.09.19 10:14:07.421,0.80704,0.80754,1.50,1.35
2011.09.19 10:14:09.129,0.80711,0.80754,1.50,1.35
2011.09.19 10:14:09.752,0.80723,0.80764,2.63,1.13
2011.09.19 10:14:10.364,0.80723,0.80764,2.63,1.13
2011.09.19 10:14:10.726,0.80727,0.80765,2.48,3.00
2011.09.19 10:14:10.946,0.80734,0.80767,2.25,1.13
2011.09.19 10:14:11.122,0.80738,0.80767,2.25,1.13
2011.09.19 10:14:11.329,0.80738,0.80772,2.25,1.35
2011.09.19 10:14:11.438,0.80738,0.80773,2.25,2.48
2011.09.19 10:14:12.336,0.80738,0.8077,2.25,1.35
2011.09.19 10:14:13.556,0.80738,0.8077,2.25,1.35
2011.09.19 10:14:13.886,0.80732,0.8077,2.25,1.35
2011.09.19 10:14:14.549,0.80728,0.8077,3.23,3.60
2011.09.19 10:14:14.659,0.80728,0.80766,2.25,2.10
2011.09.19 10:14:15.738,0.80728,0.80764,2.25,1.35
2011.09.19 10:14:15.957,0.8071,0.80764,1.13,3.00
2011.09.19 10:14:16.068,0.80713,0.80764,3.00,2.25
2011.09.19 10:14:16.396,0.80721,0.80765,3.38,1.13
2011.09.19 10:14:17.138,0.80721,0.80766,3.75,3.00
2011.09.19 10:14:18.160,0.80728,0.80763,2.25,1.35
2011.09.19 10:14:18.279,0.80722,0.80763,1.13,1.35
2011.09.19 10:14:18.389,0.80724,0.80766,1.50,4.73
2011.09.19 10:14:20.367,0.80722,0.80764,1.13,1.35
2011.09.19 10:14:20.478,0.80734,0.80769,2.25,1.13
2011.09.19 10:14:20.806,0.80738,0.80775,2.25,1.13
2011.09.19 10:14:21.138,0.80738,0.80773,2.25,1.13
2011.09.19 10:14:21.358,0.80727,0.80773,1.88,2.48
2011.09.19 10:14:21.466,0.80722,0.80769,4.13,1.73
2011.09.19 10:14:23.398,0.80722,0.80765,2.63,4.13
2011.09.19 10:14:23.506,0.80722,0.80759,2.25,2.10
2011.09.19 10:14:24.110,0.80719,0.80759,3.00,4.35
2011.09.19 10:14:24.427,0.80721,0.80759,1.50,4.35
2011.09.19 10:14:24.536,0.80733,0.80759,3.23,2.25
2011.09.19 10:14:24.758,0.80744,0.80782,2.25,2.10
2011.09.19 10:14:24.866,0.80747,0.80784,2.10,3.00
2011.09.19 10:14:26.016,0.80749,0.80784,2.25,1.35
2011.09.19 10:14:26.127,0.80743,0.80781,2.25,1.35
2011.09.19 10:14:26.753,0.80743,0.8078,2.25,1.50
2011.09.19 10:14:27.073,0.80738,0.80769,2.25,2.10
2011.09.19 10:14:27.177,0.80729,0.80769,1.35,2.10
2011.09.19 10:14:27.286,0.80727,0.80769,1.35,2.85
2011.09.19 10:14:27.733,0.80724,0.80763,1.50,2.10
2011.09.19 10:14:28.627,0.80723,0.80763,1.73,2.10
2011.09.19 10:14:28.748,0.80724,0.80763,1.50,2.10
2011.09.19 10:14:29.328,0.80726,0.80763,1.50,2.10
2011.09.19 10:14:29.440,0.80729,0.80769,3.00,3.38
2011.09.19 10:14:30.429,0.8073,0.80769,1.50,3.38
2011.09.19 10:14:30.916,0.80729,0.80769,3.00,5.48
2011.09.19 10:14:31.136,0.80726,0.80764,1.50,2.25
2011.09.19 10:14:31.702,0.80724,0.80766,1.35,3.23
2011.09.19 10:14:31.818,0.80723,0.80765,1.35,1.13
2011.09.19 10:14:32.322,0.80726,0.80756,2.25,2.10
2011.09.19 10:14:32.453,0.80712,0.80759,1.13,1.50
2011.09.19 10:14:34.179,0.80709,0.80755,3.75,2.25
2011.09.19 10:14:34.751,0.80714,0.80758,2.63,2.63
2011.09.19 10:14:35.438,0.80714,0.80757,2.63,1.13
2011.09.19 10:14:35.779,0.80714,0.80748,2.25,2.10
2011.09.19 10:14:35.890,0.80698,0.80748,1.35,4.35
2011.09.19 10:14:37.363,0.80701,0.80748,1.35,4.35
2011.09.19 10:14:37.960,0.80695,0.80748,3.75,4.35
2011.09.19 10:14:39.026,0.80695,0.80748,3.75,4.35
2011.09.19 10:14:39.660,0.80695,0.80743,3.75,1.35
2011.09.19 10:14:39.779,0.80717,0.80757,2.25,3.00
2011.09.19 10:14:40.133,0.80723,0.80757,2.10,2.25
2011.09.19 10:14:40.238,0.80723,0.8076,2.10,1.50
2011.09.19 10:14:42.257,0.80721,0.80757,2.25,1.35
2011.09.19 10:14:43.258,0.80703,0.80749,2.10,2.10
2011.09.19 10:14:43.372,0.80703,0.80745,2.10,1.35
2011.09.19 10:14:43.679,0.807,0.80741,1.35,2.85
2011.09.19 10:14:44.389,0.807,0.80741,1.35,2.85
2011.09.19 10:14:45.318,0.80699,0.80743,3.60,3.00
2011.09.19 10:14:45.762,0.80699,0.80743,3.60,3.00
2011.09.19 10:14:45.878,0.80699,0.80743,3.60,3.00
2011.09.19 10:14:47.277,0.8071,0.80743,2.10,3.00
2011.09.19 10:14:47.385,0.8072,0.80758,2.25,1.50
2011.09.19 10:14:47.498,0.8072,0.80762,4.35,3.00
2011.09.19 10:14:47.609,0.8072,0.80762,5.10,2.25
2011.09.19 10:14:47.727,0.80727,0.80769,2.25,1.50
2011.09.19 10:14:47.849,0.80727,0.80767,2.25,1.50
2011.09.19 10:14:48.186,0.80736,0.80771,2.25,1.35
2011.09.19 10:14:51.313,0.80736,0.80771,2.25,1.73
2011.09.19 10:14:51.430,0.80732,0.80762,2.25,2.10
2011.09.19 10:14:51.779,0.80727,0.80762,3.00,2.10
2011.09.19 10:14:52.578,0.80723,0.80762,1.35,2.10
2011.09.19 10:14:53.399,0.80725,0.80762,1.13,2.10
2011.09.19 10:14:53.517,0.80726,0.80772,1.35,3.60
2011.09.19 10:14:53.625,0.80727,0.80772,1.13,2.85
2011.09.19 10:14:54.008,0.80734,0.80776,1.73,2.25
2011.09.19 10:14:54.117,0.80736,0.80779,1.35,1.13
2011.09.19 10:14:54.568,0.80735,0.80782,1.35,4.35
2011.09.19 10:14:54.677,0.80735,0.80782,2.10,3.98
2011.09.19 10:14:54.902,0.80736,0.80782,1.35,3.60
2011.09.19 10:14:55.236,0.80746,0.80782,2.25,1.35
2011.09.19 10:14:55.888,0.80746,0.80782,2.25,1.35
2011.09.19 10:14:56.227,0.8073,0.80765,2.25,2.10
2011.09.19 10:14:56.447,0.80726,0.80765,2.25,2.10
2011.09.19 10:14:58.487,0.80726,0.80766,2.85,3.38
2011.09.19 10:14:58.745,0.80726,0.80766,3.98,2.25
2011.09.19 10:14:58.879,0.80731,0.8077,2.25,1.35
2011.09.19 10:14:58.987,0.80732,0.80771,2.48,2.25
2011.09.19 10:14:59.096,0.80736,0.80775,2.85,2.25
2011.09.19 10:14:59.206,0.80736,0.80775,3.23,2.25
2011.09.19 10:14:59.338,0.80737,0.80777,2.63,1.35
2011.09.19 10:14:59.447,0.80737,0.80777,2.63,2.10
2011.09.19 10:14:59.681,0.80737,0.80777,2.63,1.35
2011.09.19 10:15:00.678,0.80737,0.80777,3.00,1.73
2011.09.19 10:15:00.786,0.80736,0.80775,2.25,2.85
2011.09.19 10:15:01.109,0.80736,0.80775,2.25,3.60
2011.09.19 10:15:01.355,0.80731,0.80771,3.00,2.63
2011.09.19 10:15:01.669,0.80731,0.80771,3.38,2.25
2011.09.19 10:15:01.777,0.80736,0.80775,2.25,3.23
2011.09.19 10:15:02.380,0.80736,0.80773,2.25,2.48
2011.09.19 10:15:02.619,0.80731,0.80773,1.13,4.73
2011.09.19 10:15:03.542,0.80729,0.80773,1.13,4.73
2011.09.19 10:15:04.467,0.80729,0.80768,1.13,1.35
2011.09.19 10:15:05.269,0.8073,0.80771,2.10,2.25
2011.09.19 10:15:05.388,0.80722,0.80766,1.50,1.35
2011.09.19 10:15:06.080,0.80719,0.80762,2.63,2.63
2011.09.19 10:15:07.356,0.8072,0.80762,1.13,2.63
2011.09.19 10:15:08.363,0.8072,0.80761,1.13,1.13
2011.09.19 10:15:09.507,0.8072,0.80762,1.13,2.63
2011.09.19 10:15:11.720,0.8072,0.80762,1.13,3.38
2011.09.19 10:15:13.676,0.8072,0.80762,1.13,3.38
2011.09.19 10:15:14.054,0.8072,0.80762,1.13,3.38
2011.09.19 10:15:14.388,0.80735,0.80762,2.10,2.25
2011.09.19 10:15:14.497,0.80735,0.80771,2.48,3.00
2011.09.19 10:15:14.717,0.80739,0.8078,1.73,1.35
2011.09.19 10:15:14.962,0.80746,0.80783,2.25,2.10
2011.09.19 10:15:15.406,0.80741,0.80781,2.25,3.23
2011.09.19 10:15:15.716,0.80739,0.80778,1.35,2.63
2011.09.19 10:15:16.977,0.80739,0.80778,1.35,2.63
2011.09.19 10:15:17.557,0.80736,0.80775,3.00,2.10
2011.09.19 10:15:21.785,0.8075,0.80778,2.10,2.25
2011.09.19 10:15:22.084,0.80757,0.80794,2.25,1.50
2011.09.19 10:15:22.198,0.80757,0.80795,2.25,1.73
2011.09.19 10:15:23.697,0.80757,0.80796,2.25,1.35
2011.09.19 10:15:23.805,0.80757,0.8079,2.25,2.10
2011.09.19 10:15:23.915,0.80747,0.8079,1.35,2.10
2011.09.19 10:15:24.026,0.80746,0.8079,1.35,2.10
2011.09.19 10:15:24.488,0.80741,0.80792,3.75,2.85
2011.09.19 10:15:25.421,0.80741,0.80792,3.75,2.85
2011.09.19 10:15:25.536,0.80741,0.80792,3.00,3.60
2011.09.19 10:15:25.926,0.80739,0.80784,3.00,2.25
2011.09.19 10:15:26.266,0.8074,0.80792,3.75,1.35
2011.09.19 10:15:26.378,0.8074,0.80793,3.75,4.35
2011.09.19 10:15:26.968,0.8074,0.80792,3.75,1.35
2011.09.19 10:15:27.766,0.80758,0.80793,1.35,2.25
2011.09.19 10:15:28.095,0.8075,0.80793,1.13,2.48
2011.09.19 10:15:28.927,0.80749,0.80793,2.63,2.48
2011.09.19 10:15:29.387,0.8075,0.80793,1.13,2.48
2011.09.19 10:15:29.605,0.80761,0.80802,2.63,1.73
2011.09.19 10:15:29.716,0.80761,0.80796,2.63,2.10
2011.09.19 10:15:29.825,0.80752,0.80794,1.50,3.23
2011.09.19 10:15:30.047,0.80757,0.80793,2.25,1.35
2011.09.19 10:15:30.875,0.80757,0.80792,2.25,1.35
2011.09.19 10:15:32.249,0.80757,0.80794,2.25,1.35
2011.09.19 10:15:32.866,0.80757,0.80792,2.25,1.35
2011.09.19 10:15:32.976,0.8075,0.80792,1.13,1.35
2011.09.19 10:15:33.089,0.8075,0.80792,1.13,1.35
2011.09.19 10:15:33.316,0.80749,0.80793,2.25,2.85
2011.09.19 10:15:33.428,0.80741,0.80786,1.73,1.13
2011.09.19 10:15:35.817,0.80741,0.80783,1.13,3.23
2011.09.19 10:15:35.926,0.8074,0.80783,3.00,3.60
2011.09.19 10:15:36.321,0.80737,0.80777,3.00,2.63
2011.09.19 10:15:36.636,0.80737,0.80777,3.38,2.25
2011.09.19 10:15:36.966,0.80741,0.80784,1.35,3.00
2011.09.19 10:15:38.294,0.80741,0.80792,3.60,4.35
2011.09.19 10:15:38.939,0.80742,0.80792,1.35,3.60
2011.09.19 10:15:43.187,0.80741,0.80788,3.98,1.13
2011.09.19 10:15:43.405,0.80742,0.80788,1.73,1.13
2011.09.19 10:15:43.516,0.80742,0.80784,1.35,1.13
2011.09.19 10:15:45.307,0.80742,0.80783,1.35,1.13
2011.09.19 10:15:47.298,0.80737,0.80778,1.35,3.38
2011.09.19 10:15:48.277,0.80736,0.80778,3.60,2.63
2011.09.19 10:15:49.749,0.80736,0.80778,3.60,3.38
2011.09.19 10:15:50.621,0.80733,0.80776,2.10,3.38
2011.09.19 10:15:50.857,0.80733,0.80776,2.48,3.00
2011.09.19 10:15:51.257,0.80733,0.80776,2.10,1.13
2011.09.19 10:15:51.476,0.80733,0.80777,2.48,3.00
2011.09.19 10:15:51.699,0.80734,0.80782,1.73,2.48
2011.09.19 10:15:52.368,0.80732,0.80783,1.13,1.13
2011.09.19 10:15:54.179,0.80733,0.80784,1.13,2.25
2011.09.19 10:15:54.286,0.80733,0.80788,3.38,1.35
2011.09.19 10:15:55.117,0.80736,0.80791,1.50,3.00
2011.09.19 10:15:55.358,0.80735,0.80791,1.35,3.00
2011.09.19 10:15:56.546,0.80736,0.80791,1.50,3.00
2011.09.19 10:15:57.099,0.80737,0.80791,1.50,3.00
2011.09.19 10:15:57.217,0.80754,0.80791,1.13,2.25
2011.09.19 10:15:57.527,0.80754,0.80798,3.00,1.35
2011.09.19 10:15:57.637,0.80736,0.80792,1.50,2.63
2011.09.19 10:15:58.188,0.80734,0.80791,1.73,1.13
2011.09.19 10:15:58.738,0.80736,0.80789,3.98,3.75
2011.09.19 10:15:58.846,0.80741,0.80789,2.25,1.50
2011.09.19 10:15:59.378,0.80741,0.80792,3.00,3.98
2011.09.19 10:15:59.947,0.80739,0.80791,1.35,3.00
2011.09.19 10:16:00.107,0.80737,0.80791,1.35,3.00
2011.09.19 10:16:00.217,0.8074,0.80791,1.50,2.25
2011.09.19 10:16:00.476,0.80753,0.80793,2.25,1.35
2011.09.19 10:16:00.586,0.80741,0.80792,3.00,1.73
2011.09.19 10:16:01.393,0.80749,0.80792,2.25,1.73
2011.09.19 10:16:01.617,0.80749,0.80793,2.63,2.48
2011.09.19 10:16:03.908,0.80749,0.80792,2.63,1.35
2011.09.19 10:16:04.117,0.80749,0.80794,2.63,2.48
2011.09.19 10:16:04.226,0.80746,0.80789,1.13,1.13
2011.09.19 10:16:05.329,0.80742,0.80788,3.00,1.13
2011.09.19 10:16:06.399,0.80742,0.80784,2.25,1.50
2011.09.19 10:16:06.548,0.80736,0.80783,1.73,2.63
2011.09.19 10:16:06.656,0.80736,0.80783,1.13,3.23
2011.09.19 10:16:07.098,0.80732,0.80779,3.38,1.35
2011.09.19 10:16:07.438,0.80725,0.80771,1.35,2.63
2011.09.19 10:16:07.767,0.80714,0.80766,3.00,1.35
2011.09.19 10:16:07.988,0.80714,0.80766,3.00,1.35
2011.09.19 10:16:08.206,0.80712,0.80766,1.35,1.35
2011.09.19 10:16:09.529,0.80705,0.80765,3.00,1.35
2011.09.19 10:16:09.777,0.80705,0.80762,3.00,1.13
2011.09.19 10:16:10.518,0.80704,0.80762,3.38,3.38
2011.09.19 10:16:10.866,0.80707,0.80749,1.13,1.13
2011.09.19 10:16:11.226,0.80702,0.80745,3.38,1.13
2011.09.19 10:16:11.447,0.80702,0.80743,1.13,1.35
2011.09.19 10:16:11.867,0.80702,0.80743,1.13,1.35
2011.09.19 10:16:12.153,0.80685,0.80735,1.35,1.35
2011.09.19 10:16:12.268,0.80685,0.80735,1.35,1.35
2011.09.19 10:16:12.608,0.80685,0.80735,1.35,1.35
2011.09.19 10:16:12.938,0.80685,0.80735,1.35,1.35
2011.09.19 10:16:14.281,0.80687,0.8073,1.13,1.13
2011.09.19 10:16:15.578,0.80687,0.8073,1.13,1.13
2011.09.19 10:16:15.800,0.80687,0.8073,1.13,1.13
2011.09.19 10:16:16.896,0.8071,0.8073,2.25,1.13
2011.09.19 10:16:17.226,0.80714,0.8076,2.25,1.35
2011.09.19 10:16:17.337,0.80714,0.80763,2.25,1.50
2011.09.19 10:16:17.446,0.80714,0.80766,2.25,1.50
2011.09.19 10:16:17.557,0.80723,0.80767,2.63,1.50
2011.09.19 10:16:22.040,0.80722,0.80764,1.13,1.13
2011.09.19 10:16:22.613,0.80723,0.80764,1.35,1.13
2011.09.19 10:16:22.925,0.80723,0.80765,1.73,3.00
2011.09.19 10:16:23.257,0.80723,0.80763,3.23,1.50
2011.09.19 10:16:25.358,0.80723,0.80763,3.23,1.50
2011.09.19 10:16:25.917,0.80723,0.80763,2.25,1.88
2011.09.19 10:16:26.658,0.80722,0.8076,2.25,1.13
2011.09.19 10:16:26.765,0.80717,0.80758,3.98,2.63
2011.09.19 10:16:26.876,0.80717,0.80756,3.98,1.35
2011.09.19 10:16:27.271,0.80718,0.80756,1.35,1.35
2011.09.19 10:16:27.388,0.80717,0.80754,3.23,1.35
2011.09.19 10:16:27.921,0.80715,0.80754,2.10,1.73
2011.09.19 10:16:29.760,0.80709,0.80756,2.63,1.73
2011.09.19 10:16:30.181,0.80709,0.80752,2.63,1.35
2011.09.19 10:16:33.398,0.80709,0.80748,2.25,1.50
2011.09.19 10:16:33.730,0.80693,0.8074,1.73,1.35
2011.09.19 10:16:33.957,0.8069,0.80735,2.85,1.50
2011.09.19 10:16:34.321,0.80684,0.80727,1.35,2.63
2011.09.19 10:16:34.851,0.80684,0.8073,1.35,1.35
2011.09.19 10:16:35.377,0.80685,0.80736,1.35,3.00
2011.09.19 10:16:36.363,0.80685,0.80736,1.35,3.00
2011.09.19 10:16:36.816,0.80685,0.80736,1.35,2.25
2011.09.19 10:16:37.418,0.80696,0.80736,1.13,2.25
2011.09.19 10:16:37.635,0.807,0.80739,2.25,2.85
2011.09.19 10:16:38.498,0.80701,0.80743,2.63,1.35
2011.09.19 10:16:39.774,0.80701,0.80739,2.63,1.35
2011.09.19 10:16:39.918,0.80701,0.80744,3.38,3.23
2011.09.19 10:16:40.026,0.80708,0.80749,2.63,2.48
2011.09.19 10:16:40.169,0.80708,0.80748,2.25,1.13
2011.09.19 10:16:40.496,0.80705,0.80744,2.25,3.00
2011.09.19 10:16:40.880,0.80705,0.80744,2.25,3.75
2011.09.19 10:16:41.470,0.80705,0.80743,2.25,1.35
2011.09.19 10:16:41.588,0.80699,0.80743,2.63,1.35
2011.09.19 10:16:41.699,0.80699,0.80743,2.25,1.73
2011.09.19 10:16:41.917,0.80696,0.8074,1.73,1.13
2011.09.19 10:16:46.007,0.80698,0.80741,1.35,1.35
2011.09.19 10:16:46.117,0.80699,0.80741,2.63,1.35
2011.09.19 10:16:46.228,0.80699,0.80741,3.00,1.35
2011.09.19 10:16:46.665,0.80702,0.80749,4.50,1.88
2011.09.19 10:16:46.776,0.80702,0.80749,3.75,1.88
2011.09.19 10:16:47.187,0.80699,0.80744,2.63,1.13
2011.09.19 10:16:49.188,0.80699,0.80745,3.00,1.50
2011.09.19 10:16:49.587,0.80706,0.80745,1.35,1.50
2011.09.19 10:16:49.960,0.80718,0.80749,2.25,1.50
2011.09.19 10:16:50.120,0.80718,0.80749,2.25,1.50
2011.09.19 10:16:50.998,0.80718,0.80751,2.25,1.50
2011.09.19 10:16:51.326,0.80712,0.80746,2.85,1.13
2011.09.19 10:16:51.438,0.80712,0.80746,2.25,1.13
2011.09.19 10:16:52.399,0.80712,0.80745,2.25,1.50
2011.09.19 10:16:53.262,0.80712,0.80747,2.25,1.35
2011.09.19 10:16:53.472,0.80708,0.80747,2.25,1.35
2011.09.19 10:16:54.657,0.80708,0.80745,2.25,1.50
2011.09.19 10:16:54.766,0.80708,0.80747,3.00,1.35
2011.09.19 10:16:55.294,0.80708,0.80747,3.00,1.35
2011.09.19 10:16:56.158,0.80712,0.80748,1.35,4.13
2011.09.19 10:16:56.377,0.80709,0.80749,4.73,1.50
2011.09.19 10:16:58.120,0.80709,0.80748,2.10,1.13
2011.09.19 10:16:58.251,0.80707,0.80746,3.23,1.35
2011.09.19 10:16:59.578,0.80707,0.80749,3.23,6.23
2011.09.19 10:16:59.897,0.80707,0.80744,2.63,2.10
2011.09.19 10:17:00.118,0.807,0.80744,1.35,4.35
2011.09.19 10:17:00.347,0.80695,0.80739,2.10,2.10
2011.09.19 10:17:00.566,0.80695,0.80738,1.35,1.35
2011.09.19 10:17:00.997,0.80691,0.80743,3.75,1.35
2011.09.19 10:17:01.167,0.80691,0.80743,3.75,1.35
2011.09.19 10:17:01.508,0.80691,0.80738,3.75,1.50
2011.09.19 10:17:03.647,0.80691,0.80738,3.00,1.50
2011.09.19 10:17:04.198,0.80697,0.80744,1.50,4.35
2011.09.19 10:17:04.307,0.80702,0.80744,1.35,3.00
2011.09.19 10:17:04.418,0.80712,0.80752,2.25,1.50
2011.09.19 10:17:04.527,0.80715,0.80753,1.35,3.00
2011.09.19 10:17:04.748,0.8072,0.80758,2.25,1.13
2011.09.19 10:17:04.889,0.80718,0.80757,2.25,2.25
2011.09.19 10:17:07.400,0.80718,0.80757,3.00,2.25
2011.09.19 10:17:08.378,0.80718,0.80757,2.25,2.25
2011.09.19 10:17:11.127,0.80718,0.80757,2.25,3.00
2011.09.19 10:17:11.236,0.80718,0.80756,2.25,1.50
2011.09.19 10:17:13.207,0.80718,0.80754,2.25,1.35
2011.09.19 10:17:13.659,0.80718,0.80752,2.25,1.35
2011.09.19 10:17:15.859,0.80718,0.80752,2.25,1.35
2011.09.19 10:17:16.076,0.80718,0.80746,2.25,2.10
2011.09.19 10:17:16.188,0.807,0.80746,1.35,2.10
2011.09.19 10:17:17.158,0.80693,0.80747,3.75,1.35
2011.09.19 10:17:18.393,0.80693,0.80747,3.00,1.35
2011.09.19 10:17:20.007,0.80693,0.80748,3.00,2.10
2011.09.19 10:17:20.799,0.80692,0.80747,2.25,1.35
2011.09.19 10:17:21.031,0.80692,0.80744,2.25,1.50
2011.09.19 10:17:21.379,0.80692,0.80742,2.63,1.50
2011.09.19 10:17:21.752,0.80696,0.80734,1.35,3.38
2011.09.19 10:17:22.372,0.80696,0.80734,1.13,2.25
2011.09.19 10:17:22.800,0.80695,0.80738,3.23,3.38
2011.09.19 10:17:23.022,0.80699,0.80747,3.00,1.73
2011.09.19 10:17:23.138,0.80706,0.80749,2.63,1.13
2011.09.19 10:17:23.488,0.80708,0.80754,3.00,1.88
2011.09.19 10:17:23.596,0.80708,0.80758,3.75,3.23
2011.09.19 10:17:23.707,0.80708,0.80753,3.75,2.10
2011.09.19 10:17:23.928,0.80688,0.80748,3.23,1.35
2011.09.19 10:17:24.149,0.80697,0.80748,2.25,3.60
2011.09.19 10:17:24.528,0.80701,0.80752,2.25,3.00
2011.09.19 10:17:24.750,0.80701,0.80752,2.25,3.00
2011.09.19 10:17:24.861,0.80697,0.80748,3.00,2.25
2011.09.19 10:17:25.197,0.807,0.80753,3.00,3.75
2011.09.19 10:17:25.637,0.80696,0.80749,3.00,3.00
2011.09.19 10:17:25.980,0.80696,0.80748,3.00,1.50
2011.09.19 10:17:27.578,0.80696,0.80748,3.75,1.50
2011.09.19 10:17:28.836,0.80697,0.80748,1.50,1.50
2011.09.19 10:17:29.445,0.80697,0.80749,1.50,3.00
2011.09.19 10:17:30.456,0.80697,0.80749,1.50,3.00
2011.09.19 10:17:31.811,0.80696,0.80749,3.00,3.00
2011.09.19 10:17:31.930,0.80696,0.80746,2.25,1.35
2011.09.19 10:17:32.893,0.80695,0.80746,2.25,1.35
2011.09.19 10:17:33.052,0.80695,0.8074,2.25,2.25
2011.09.19 10:17:33.747,0.80695,0.8074,3.00,2.25
2011.09.19 10:17:34.455,0.80695,0.8074,3.00,3.00
2011.09.19 10:17:35.333,0.80695,0.8074,3.00,2.25
2011.09.19 10:17:35.933,0.80692,0.80733,1.13,2.63
2011.09.19 10:17:36.357,0.80696,0.80739,3.23,3.23
2011.09.19 10:17:36.467,0.80702,0.80739,2.10,2.63
2011.09.19 10:17:36.797,0.807,0.80745,1.50,2.10
2011.09.19 10:17:38.006,0.80699,0.80749,1.50,2.25
2011.09.19 10:17:38.117,0.80701,0.80752,3.00,2.85
2011.09.19 10:17:38.226,0.80701,0.80751,2.25,1.35
2011.09.19 10:17:38.969,0.80702,0.80752,1.13,2.85
2011.09.19 10:17:39.078,0.80705,0.80753,2.25,1.35
2011.09.19 10:17:39.562,0.80701,0.80753,1.50,3.60
2011.09.19 10:17:41.428,0.80702,0.80756,3.00,2.10
2011.09.19 10:17:41.837,0.80719,0.8076,2.10,1.50
2011.09.19 10:17:41.949,0.80719,0.80761,2.85,2.25
2011.09.19 10:17:42.068,0.8073,0.80771,2.63,3.00
2011.09.19 10:17:42.177,0.8073,0.80771,3.00,2.25
2011.09.19 10:17:42.287,0.80739,0.80771,1.35,2.25
2011.09.19 10:17:42.397,0.80739,0.80782,3.98,1.13
2011.09.19 10:17:42.508,0.80739,0.80784,1.73,3.38
2011.09.19 10:17:42.945,0.8074,0.80784,1.13,3.38
2011.09.19 10:17:43.278,0.80745,0.80778,2.25,1.35
2011.09.19 10:17:43.608,0.80745,0.80776,2.25,2.10
2011.09.19 10:17:43.723,0.80742,0.80776,2.25,2.10
2011.09.19 10:17:43.855,0.8073,0.80776,1.35,2.10
2011.09.19 10:17:45.536,0.80728,0.80778,3.00,1.35
2011.09.19 10:17:45.649,0.80728,0.80778,3.00,1.35
2011.09.19 10:17:45.977,0.80726,0.80778,1.50,1.35
2011.09.19 10:17:46.959,0.80726,0.80778,1.50,1.35
2011.09.19 10:17:47.069,0.80729,0.8078,1.35,2.25
2011.09.19 10:17:47.187,0.80736,0.80784,2.25,3.00
2011.09.19 10:17:47.651,0.80736,0.80784,3.00,2.25
2011.09.19 10:17:49.479,0.80749,0.80788,2.25,3.75
2011.09.19 10:17:49.919,0.80749,0.80788,2.25,3.00
2011.09.19 10:17:50.312,0.80749,0.80788,2.25,3.00
2011.09.19 10:17:50.494,0.80749,0.80788,2.25,3.00
2011.09.19 10:17:50.609,0.80753,0.80789,2.25,1.35
2011.09.19 10:17:51.276,0.80757,0.80789,2.25,1.35
2011.09.19 10:17:51.670,0.8076,0.80797,2.25,1.35
2011.09.19 10:17:51.788,0.80757,0.80797,2.25,3.60
2011.09.19 10:17:51.897,0.80757,0.80797,2.25,3.60
2011.09.19 10:17:52.008,0.80757,0.80797,2.25,3.60
2011.09.19 10:17:52.220,0.8076,0.80797,2.25,1.35
2011.09.19 10:17:52.737,0.8076,0.80797,2.25,1.35
2011.09.19 10:17:53.253,0.8076,0.80797,2.25,1.35
2011.09.19 10:17:53.587,0.80745,0.80791,3.00,1.35
2011.09.19 10:17:53.698,0.80745,0.80791,2.25,1.35
2011.09.19 10:17:54.127,0.80748,0.80791,2.25,1.35
2011.09.19 10:17:54.467,0.80745,0.80788,2.25,2.25
2011.09.19 10:17:55.476,0.80745,0.80788,3.60,2.25
2011.09.19 10:17:55.587,0.80756,0.80793,2.25,1.50
2011.09.19 10:17:55.917,0.80745,0.80794,2.85,1.50
2011.09.19 10:17:56.027,0.80744,0.80788,2.25,2.10
2011.09.19 10:17:57.107,0.80756,0.80791,2.25,1.35
2011.09.19 10:17:58.419,0.80756,0.80791,2.85,1.50
2011.09.19 10:17:58.748,0.80765,0.80802,2.25,1.35
2011.09.19 10:17:58.856,0.80762,0.80802,2.63,3.60
2011.09.19 10:17:59.998,0.80762,0.80802,2.63,2.85
2011.09.19 10:18:03.439,0.80762,0.80802,2.25,3.60
2011.09.19 10:18:03.556,0.80754,0.80793,3.98,2.85
2011.09.19 10:18:03.699,0.80754,0.80781,3.38,2.10
2011.09.19 10:18:04.146,0.80733,0.80781,2.10,2.25
2011.09.19 10:18:04.634,0.80733,0.80781,1.35,3.00
2011.09.19 10:18:04.859,0.80733,0.80781,1.35,3.00
2011.09.19 10:18:05.394,0.80734,0.8078,1.13,1.13
2011.09.19 10:18:05.513,0.80734,0.8078,1.13,1.13
2011.09.19 10:18:05.627,0.80733,0.80781,1.35,3.00
2011.09.19 10:18:05.736,0.80735,0.8078,1.13,1.13
2011.09.19 10:18:06.069,0.8073,0.80773,1.13,2.63
2011.09.19 10:18:06.420,0.80729,0.80773,1.50,2.25
2011.09.19 10:18:06.538,0.80729,0.80778,1.50,1.35
2011.09.19 10:18:07.446,0.80731,0.80781,1.50,1.35
2011.09.19 10:18:08.649,0.80741,0.80782,1.35,3.00
2011.09.19 10:18:08.756,0.80742,0.80782,1.35,2.25
2011.09.19 10:18:10.486,0.80749,0.80789,2.25,3.00
2011.09.19 10:18:11.252,0.80749,0.80789,3.00,2.25
2011.09.19 10:18:11.949,0.80761,0.80794,2.10,3.38
2011.09.19 10:18:12.059,0.80761,0.80798,2.48,1.35
2011.09.19 10:18:12.177,0.80757,0.80791,2.25,2.10
2011.09.19 10:18:12.397,0.80749,0.80788,2.10,1.35
2011.09.19 10:18:12.860,0.80738,0.80796,3.38,3.38
2011.09.19 10:18:13.559,0.80738,0.80794,2.63,1.50
2011.09.19 10:18:14.467,0.80739,0.80793,1.13,1.50
2011.09.19 10:18:15.720,0.80738,0.80789,2.63,1.50
2011.09.19 10:18:15.919,0.80738,0.80789,2.63,1.50
2011.09.19 10:18:16.138,0.80738,0.80789,1.13,3.00
2011.09.19 10:18:16.249,0.80737,0.80789,3.23,1.50
2011.09.19 10:18:16.721,0.8073,0.80779,3.75,1.73
2011.09.19 10:18:17.005,0.8073,0.80779,3.00,1.73
2011.09.19 10:18:17.120,0.80727,0.80774,2.63,1.13
2011.09.19 10:18:17.684,0.80728,0.80775,1.13,1.13
2011.09.19 10:18:18.820,0.80728,0.80778,1.50,2.10
2011.09.19 10:18:19.047,0.80739,0.80782,2.63,1.50
2011.09.19 10:18:19.157,0.80739,0.80782,2.25,1.13
2011.09.19 10:18:19.266,0.80739,0.80784,3.00,1.50
2011.09.19 10:18:20.317,0.80744,0.80784,2.63,1.50
2011.09.19 10:18:21.090,0.80744,0.80785,2.63,1.13
2011.09.19 10:18:23.726,0.80744,0.80784,3.23,1.50
2011.09.19 10:18:25.006,0.80744,0.80786,3.23,1.13
2011.09.19 10:18:25.119,0.80744,0.80788,3.60,1.50
2011.09.19 10:18:25.228,0.80748,0.80792,2.63,2.10
2011.09.19 10:18:26.329,0.80748,0.80792,2.63,1.35
2011.09.19 10:18:27.828,0.80748,0.80792,2.63,2.10
2011.09.19 10:18:28.081,0.80748,0.80792,2.63,1.35
2011.09.19 10:18:30.276,0.80748,0.80792,3.38,1.73
2011.09.19 10:18:30.386,0.80752,0.80792,1.13,1.35
2011.09.19 10:18:30.726,0.80753,0.80792,2.25,1.73
2011.09.19 10:18:30.836,0.80753,0.80786,2.25,1.13
2011.09.19 10:18:31.066,0.80748,0.80786,2.25,1.13
2011.09.19 10:18:31.983,0.80748,0.80786,2.25,1.13
2011.09.19 10:18:32.901,0.80748,0.80783,2.25,1.13
2011.09.19 10:18:33.347,0.80747,0.80789,3.00,3.00
2011.09.19 10:18:33.457,0.80752,0.80789,1.13,2.25
2011.09.19 10:18:33.677,0.80753,0.80792,2.25,2.85
2011.09.19 10:18:36.370,0.80753,0.80792,3.00,2.85
2011.09.19 10:18:37.097,0.80757,0.80794,2.63,1.35
2011.09.19 10:18:38.348,0.80757,0.80795,3.00,1.35
2011.09.19 10:18:38.680,0.8076,0.80798,1.35,1.35
2011.09.19 10:18:39.286,0.80759,0.80798,2.85,1.73
2011.09.19 10:18:40.592,0.80756,0.80795,2.48,2.25
2011.09.19 10:18:40.860,0.80759,0.80798,3.23,1.35
2011.09.19 10:18:41.323,0.80759,0.80794,2.63,2.10
2011.09.19 10:18:41.656,0.80754,0.80794,2.63,4.35
2011.09.19 10:18:42.138,0.80754,0.80794,2.63,4.35
2011.09.19 10:18:42.649,0.80758,0.80794,1.13,2.10
2011.09.19 10:18:42.768,0.8077,0.80807,2.85,1.13
2011.09.19 10:18:42.890,0.8077,0.80808,2.85,1.13
2011.09.19 10:18:43.006,0.8077,0.80812,3.23,1.13
2011.09.19 10:18:43.129,0.8077,0.80809,2.85,1.50
2011.09.19 10:18:43.347,0.80761,0.80808,1.13,1.73
2011.09.19 10:18:43.456,0.80767,0.80808,1.13,1.35
2011.09.19 10:18:44.941,0.80767,0.80811,1.50,5.10
2011.09.19 10:18:45.060,0.8077,0.80814,1.13,1.13
2011.09.19 10:18:45.328,0.80769,0.80813,3.98,1.13
2011.09.19 10:18:45.778,0.80769,0.80809,2.63,2.85
2011.09.19 10:18:46.297,0.80767,0.80805,1.35,2.25
2011.09.19 10:18:47.340,0.80768,0.80805,1.35,2.25
2011.09.19 10:18:47.657,0.80765,0.80805,3.23,2.25
2011.09.19 10:18:47.901,0.80771,0.80809,2.10,2.25
2011.09.19 10:18:48.237,0.80778,0.80815,2.63,2.10
2011.09.19 10:18:48.866,0.80778,0.80815,2.25,2.48
2011.09.19 10:18:49.110,0.80774,0.80813,3.23,1.35
2011.09.19 10:18:49.876,0.80774,0.80814,3.98,2.85
2011.09.19 10:18:50.165,0.80774,0.80814,3.23,3.60
2011.09.19 10:18:50.429,0.80774,0.80811,3.23,1.35
2011.09.19 10:18:50.759,0.80774,0.80813,3.23,1.35
2011.09.19 10:18:51.484,0.80774,0.80811,3.23,1.35
2011.09.19 10:18:52.180,0.80774,0.80811,3.23,1.35
2011.09.19 10:18:52.299,0.80774,0.80811,3.23,1.35
2011.09.19 10:18:53.789,0.80774,0.80814,3.23,3.60
2011.09.19 10:18:54.506,0.80774,0.80811,2.25,2.48
2011.09.19 10:18:54.616,0.80768,0.80811,1.88,2.48
2011.09.19 10:18:55.557,0.80767,0.80809,3.23,1.35
2011.09.19 10:18:55.711,0.80767,0.80808,3.23,1.35
2011.09.19 10:18:56.260,0.80768,0.80813,3.60,1.50
2011.09.19 10:18:56.377,0.80768,0.80814,3.60,1.88
2011.09.19 10:18:56.931,0.80768,0.80813,2.85,1.50
2011.09.19 10:18:57.047,0.80762,0.80806,1.13,1.13
2011.09.19 10:18:58.964,0.80768,0.80814,1.35,1.88
2011.09.19 10:19:01.480,0.80768,0.80814,1.35,1.13
2011.09.19 10:19:01.874,0.80775,0.80815,2.63,1.35
2011.09.19 10:19:06.406,0.80773,0.80815,2.63,1.35
2011.09.19 10:19:06.518,0.80751,0.80802,1.35,2.10
2011.09.19 10:19:06.627,0.80749,0.80802,1.35,2.10
2011.09.19 10:19:07.066,0.80751,0.80797,1.35,3.00
2011.09.19 10:19:08.459,0.80751,0.80797,1.35,3.00
2011.09.19 10:19:09.149,0.80751,0.80797,1.35,2.25
2011.09.19 10:19:10.370,0.80751,0.80797,1.35,3.00
2011.09.19 10:19:10.778,0.8076,0.80801,2.25,3.00
2011.09.19 10:19:10.890,0.8076,0.80801,2.63,2.25
2011.09.19 10:19:12.161,0.80762,0.80801,1.73,2.25
2011.09.19 10:19:12.607,0.80765,0.80807,3.23,4.35
2011.09.19 10:19:13.054,0.80768,0.80807,2.10,2.25
2011.09.19 10:19:14.044,0.80769,0.80813,3.23,2.85
2011.09.19 10:19:14.487,0.80771,0.80814,1.35,3.00
2011.09.19 10:19:14.757,0.80774,0.80815,2.25,1.13
2011.09.19 10:19:14.867,0.8077,0.80813,3.23,3.00
2011.09.19 10:19:16.418,0.80772,0.80813,1.73,2.25
2011.09.19 10:19:16.747,0.80781,0.80813,2.25,1.35
2011.09.19 10:19:16.857,0.80772,0.80813,1.13,1.35
2011.09.19 10:19:18.499,0.80771,0.80814,1.13,3.60
2011.09.19 10:19:19.380,0.80771,0.80812,1.13,1.35
2011.09.19 10:19:19.689,0.80771,0.80814,1.13,2.85
2011.09.19 10:19:19.907,0.80769,0.80814,3.98,3.23
2011.09.19 10:19:20.643,0.80769,0.8081,1.13,3.23
2011.09.19 10:19:21.970,0.80766,0.80809,1.13,1.35
2011.09.19 10:19:24.200,0.80766,0.80809,1.50,2.10
2011.09.19 10:19:24.777,0.80766,0.80809,3.38,4.35
2011.09.19 10:19:26.158,0.80766,0.80809,3.75,3.60
2011.09.19 10:19:28.696,0.80766,0.80809,3.38,3.60
2011.09.19 10:19:28.806,0.80769,0.80808,1.13,1.35
2011.09.19 10:19:29.335,0.80766,0.80808,3.00,2.48
2011.09.19 10:19:29.450,0.80765,0.80806,1.13,2.63
2011.09.19 10:19:29.786,0.80761,0.80806,3.98,3.38
2011.09.19 10:19:30.386,0.80762,0.80804,2.25,1.13
2011.09.19 10:19:30.497,0.80762,0.80805,3.00,3.23
2011.09.19 10:19:31.699,0.80757,0.80801,4.35,3.60
2011.09.19 10:19:32.321,0.80762,0.80801,2.63,1.35
2011.09.19 10:19:32.439,0.80762,0.80805,2.63,3.00
2011.09.19 10:19:32.550,0.80757,0.80799,3.98,2.25
2011.09.19 10:19:33.477,0.80758,0.80799,1.35,2.25
2011.09.19 10:19:33.698,0.80761,0.80803,3.23,2.85
2011.09.19 10:19:33.916,0.80761,0.80801,3.23,1.35
2011.09.19 10:19:35.010,0.80761,0.80801,3.23,1.35
2011.09.19 10:19:35.569,0.80747,0.80792,1.35,2.10
2011.09.19 10:19:35.908,0.80737,0.80789,3.98,2.25
2011.09.19 10:19:36.126,0.80737,0.80792,3.98,1.35
2011.09.19 10:19:36.450,0.80737,0.80792,3.60,1.35
2011.09.19 10:19:38.090,0.80737,0.80793,3.60,1.35
2011.09.19 10:19:38.442,0.80737,0.80793,3.60,1.35
2011.09.19 10:19:40.508,0.80737,0.80792,3.60,1.35
2011.09.19 10:19:40.643,0.80737,0.80791,3.60,1.50
2011.09.19 10:19:40.758,0.80737,0.80789,3.60,1.50
2011.09.19 10:19:41.087,0.80736,0.80789,3.38,1.50
2011.09.19 10:19:41.197,0.80739,0.80784,1.13,1.13
2011.09.19 10:19:42.642,0.80739,0.8078,1.13,2.25
2011.09.19 10:19:43.392,0.80739,0.8078,1.13,3.00
2011.09.19 10:19:44.273,0.80737,0.8078,1.13,3.00
2011.09.19 10:19:45.678,0.80737,0.80778,1.13,2.10
2011.09.19 10:19:46.009,0.80737,0.80778,1.13,1.35
2011.09.19 10:19:46.116,0.80737,0.80778,1.13,1.35
2011.09.19 10:19:46.228,0.80737,0.8078,1.13,3.60
2011.09.19 10:19:47.134,0.80737,0.80788,3.38,1.35
2011.09.19 10:19:47.359,0.80737,0.80787,3.38,1.50
2011.09.19 10:19:50.928,0.80737,0.80787,3.38,1.50
2011.09.19 10:19:51.256,0.80737,0.80781,1.13,3.38
2011.09.19 10:19:51.618,0.80739,0.80781,1.13,3.38
2011.09.19 10:19:52.304,0.80739,0.8078,1.13,1.50
2011.09.19 10:19:53.293,0.80739,0.80778,1.13,1.35
2011.09.19 10:19:53.406,0.80736,0.80777,1.13,1.35
2011.09.19 10:19:53.694,0.80735,0.80777,3.38,1.73
2011.09.19 10:19:53.808,0.80735,0.80776,2.63,1.13
2011.09.19 10:19:54.736,0.80735,0.80777,2.63,1.35
2011.09.19 10:19:56.016,0.80736,0.80777,1.13,1.35
2011.09.19 10:19:56.126,0.80736,0.80779,1.13,1.35
2011.09.19 10:19:56.237,0.80738,0.80781,1.35,2.25
2011.09.19 10:19:56.457,0.80737,0.80783,1.35,1.50
2011.09.19 10:19:57.230,0.80737,0.80784,1.35,1.50
2011.09.19 10:19:57.438,0.80738,0.80784,1.35,1.50
2011.09.19 10:19:58.372,0.80737,0.80784,1.35,1.50
2011.09.19 10:20:02.400,0.80738,0.80785,1.35,2.10
2011.09.19 10:20:07.668,0.80737,0.80785,1.35,1.35
2011.09.19 10:20:08.877,0.80737,0.80785,1.35,1.35
2011.09.19 10:20:09.097,0.8074,0.80788,2.25,1.35
2011.09.19 10:20:09.418,0.8074,0.80789,3.23,1.50
2011.09.19 10:20:10.529,0.80741,0.80789,1.73,1.50
2011.09.19 10:20:10.968,0.80741,0.80794,1.73,4.35
2011.09.19 10:20:13.288,0.80741,0.80793,1.73,1.50
2011.09.19 10:20:15.058,0.80741,0.8079,1.73,1.50
2011.09.19 10:20:22.700,0.80741,0.80794,1.73,4.35
2011.09.19 10:20:29.067,0.80741,0.80794,1.73,4.35
2011.09.19 10:20:32.038,0.80741,0.80794,1.73,4.35
2011.09.19 10:20:33.031,0.80741,0.80794,1.73,4.35
2011.09.19 10:20:33.320,0.80742,0.80794,3.00,2.10
2011.09.19 10:20:33.763,0.80744,0.80799,1.35,1.50
2011.09.19 10:20:34.678,0.80744,0.80799,1.35,1.50
2011.09.19 10:20:46.826,0.80744,0.80796,1.35,1.50
2011.09.19 10:20:46.939,0.80744,0.80799,1.35,1.50
2011.09.19 10:20:47.569,0.80746,0.80798,3.00,1.50
2011.09.19 10:20:47.858,0.80746,0.80796,2.25,1.50
2011.09.19 10:20:49.788,0.80746,0.80799,2.25,1.50
2011.09.19 10:21:00.446,0.80746,0.80801,2.25,1.50
2011.09.19 10:21:00.556,0.80742,0.80801,2.85,1.50
2011.09.19 10:21:02.858,0.80746,0.80798,2.25,1.50
2011.09.19 10:21:03.076,0.80741,0.80798,2.85,1.50
2011.09.19 10:21:03.219,0.80742,0.80798,1.35,1.50
2011.09.19 10:21:03.339,0.80741,0.80798,2.85,1.50
2011.09.19 10:21:05.400,0.80742,0.80798,1.35,1.50
2011.09.19 10:21:05.974,0.80744,0.80798,1.35,1.50
2011.09.19 10:21:08.390,0.80744,0.80798,1.35,1.50
2011.09.19 10:21:11.379,0.80746,0.80799,3.00,1.50
2011.09.19 10:21:28.944,0.80745,0.80798,3.00,1.50
2011.09.19 10:21:35.503,0.80745,0.80799,3.00,1.50
2011.09.19 10:21:36.970,0.80745,0.80803,3.00,1.50
2011.09.19 10:21:37.250,0.80741,0.80799,1.88,1.50
2011.09.19 10:21:41.380,0.80745,0.80799,1.13,1.50
2011.09.19 10:21:45.929,0.80745,0.80799,1.13,1.50
2011.09.19 10:21:52.140,0.80747,0.80806,1.50,3.00
2011.09.19 10:21:52.859,0.80747,0.80806,1.50,3.00
2011.09.19 10:21:54.016,0.80747,0.80806,1.50,3.00
2011.09.19 10:21:54.253,0.80747,0.80806,1.50,3.00
2011.09.19 10:21:55.418,0.80747,0.80806,1.50,3.00
2011.09.19 10:21:56.046,0.80749,0.80809,2.25,3.75
2011.09.19 10:21:56.648,0.80749,0.80809,4.35,3.75
2011.09.19 10:21:56.866,0.80755,0.80814,3.60,3.75
2011.09.19 10:21:57.087,0.80758,0.80814,2.25,1.50
2011.09.19 10:21:57.198,0.8076,0.80816,1.13,1.35
2011.09.19 10:21:57.308,0.80763,0.80816,2.25,1.35
2011.09.19 10:21:58.053,0.80763,0.80816,2.25,1.35
2011.09.19 10:21:58.610,0.80763,0.80816,2.25,1.35
2011.09.19 10:21:59.337,0.80763,0.80816,2.25,1.35
2011.09.19 10:21:59.449,0.80763,0.80816,2.25,1.35
2011.09.19 10:21:59.982,0.80763,0.80816,3.00,1.35
2011.09.19 10:22:00.403,0.80763,0.80818,3.00,1.50
2011.09.19 10:22:03.448,0.80765,0.80819,1.50,1.50
2011.09.19 10:22:12.141,0.80763,0.80819,3.00,1.50
2011.09.19 10:22:12.530,0.80763,0.80819,3.00,1.50
2011.09.19 10:22:13.350,0.80766,0.80822,3.00,1.50
2011.09.19 10:22:13.900,0.80766,0.80814,2.25,1.50
2011.09.19 10:22:14.230,0.80765,0.80814,3.00,1.50
2011.09.19 10:22:15.121,0.80765,0.80814,3.00,1.50
2011.09.19 10:22:15.657,0.80767,0.8081,1.13,1.13
2011.09.19 10:22:17.580,0.80767,0.80809,1.13,1.13
2011.09.19 10:22:19.389,0.80767,0.80809,1.13,1.13
2011.09.19 10:22:21.500,0.80768,0.80809,1.13,1.73
2011.09.19 10:22:22.047,0.80765,0.80809,3.98,1.35
2011.09.19 10:22:23.437,0.80765,0.80813,4.73,2.85
2011.09.19 10:22:23.547,0.80768,0.80816,1.35,1.50
2011.09.19 10:22:28.719,0.80768,0.80818,1.35,3.00
2011.09.19 10:22:50.783,0.80768,0.80816,1.35,1.50
2011.09.19 10:22:52.879,0.80767,0.80816,2.10,1.50
2011.09.19 10:22:54.239,0.80767,0.80816,1.73,1.50
2011.09.19 10:22:54.348,0.8077,0.80819,3.00,1.50
2011.09.19 10:22:55.198,0.8077,0.80819,3.00,1.50
2011.09.19 10:22:55.401,0.8077,0.80819,3.00,1.50
2011.09.19 10:22:58.638,0.8077,0.80819,3.00,1.50
2011.09.19 10:23:01.940,0.8077,0.80819,3.75,1.50
2011.09.19 10:23:03.010,0.8077,0.8082,3.00,1.35
2011.09.19 10:23:03.126,0.80771,0.8082,1.50,1.35
2011.09.19 10:23:03.623,0.80772,0.8082,1.50,2.10
2011.09.19 10:23:03.848,0.8077,0.80817,2.25,1.50
2011.09.19 10:23:03.959,0.8077,0.80812,2.25,1.13
2011.09.19 10:23:04.072,0.80756,0.80812,3.00,1.13
2011.09.19 10:23:05.112,0.80758,0.80811,2.63,2.25
2011.09.19 10:23:05.352,0.80758,0.80811,3.38,2.25
2011.09.19 10:23:05.927,0.80758,0.80811,3.38,3.00
2011.09.19 10:23:06.410,0.8076,0.80801,1.13,2.25
2011.09.19 10:23:09.134,0.8076,0.80801,1.13,3.00
2011.09.19 10:23:09.728,0.80762,0.80801,1.50,2.25
2011.09.19 10:23:09.837,0.80761,0.80801,1.13,3.00
2011.09.19 10:23:10.397,0.80762,0.80801,1.50,3.00
2011.09.19 10:23:13.267,0.80761,0.80801,1.13,2.25
2011.09.19 10:23:13.677,0.80759,0.80807,3.00,1.35
2011.09.19 10:23:14.198,0.8076,0.80802,1.88,2.25
2011.09.19 10:23:15.030,0.80759,0.80802,1.50,3.00
2011.09.19 10:23:15.259,0.80759,0.80809,3.00,2.10
2011.09.19 10:23:15.700,0.80759,0.80807,2.25,1.35
2011.09.19 10:23:17.440,0.80757,0.80806,1.35,3.00
2011.09.19 10:23:17.803,0.80758,0.80807,2.85,1.35
2011.09.19 10:23:17.981,0.80758,0.80807,2.85,2.10
2011.09.19 10:23:21.281,0.80758,0.80808,3.00,1.50
2011.09.19 10:23:21.640,0.80758,0.80806,1.13,3.00
2011.09.19 10:23:22.971,0.80759,0.80806,2.25,1.50
2011.09.19 10:23:24.481,0.80759,0.80809,2.25,1.50
2011.09.19 10:23:24.924,0.80759,0.80809,3.00,1.50
2011.09.19 10:23:27.028,0.80761,0.80804,1.13,1.13
2011.09.19 10:23:28.253,0.80761,0.80801,1.13,3.00
2011.09.19 10:23:28.767,0.80761,0.80801,1.13,3.00
2011.09.19 10:23:29.039,0.80761,0.80799,1.13,1.50
2011.09.19 10:23:29.922,0.80758,0.80799,2.63,1.50
2011.09.19 10:23:31.196,0.80761,0.80801,1.13,3.00
2011.09.19 10:23:48.719,0.80761,0.80801,1.13,2.25
2011.09.19 10:23:50.061,0.80758,0.80801,3.38,3.00
2011.09.19 10:23:51.462,0.80761,0.80801,1.13,2.25
2011.09.19 10:24:03.390,0.80759,0.80801,1.13,3.00
2011.09.19 10:24:04.752,0.80761,0.80801,1.13,2.25
2011.09.19 10:24:08.380,0.8076,0.80801,1.13,3.00
2011.09.19 10:24:17.938,0.80757,0.80795,1.50,2.25
2011.09.19 10:24:18.675,0.80757,0.80795,1.50,2.25
2011.09.19 10:24:18.894,0.80757,0.80795,1.50,3.00
2011.09.19 10:24:19.760,0.80757,0.80795,1.13,2.25
2011.09.19 10:24:19.878,0.80757,0.80799,3.38,3.60
2011.09.19 10:24:21.421,0.80757,0.8079,3.38,2.10
2011.09.19 10:24:21.649,0.80747,0.8079,1.35,2.10
2011.09.19 10:24:21.758,0.80751,0.8079,1.13,2.10
2011.09.19 10:24:21.866,0.80752,0.80796,3.23,3.38
2011.09.19 10:24:23.400,0.80755,0.80796,1.13,3.38
2011.09.19 10:24:25.443,0.80755,0.80796,1.13,3.38
2011.09.19 10:24:26.732,0.80752,0.80796,4.73,3.38
2011.09.19 10:24:26.849,0.80755,0.80796,1.13,3.38
2011.09.19 10:24:29.572,0.80755,0.80796,1.13,2.63
2011.09.19 10:24:30.264,0.80752,0.80796,3.98,3.38
2011.09.19 10:24:30.768,0.80755,0.80796,1.13,2.63
2011.09.19 10:24:31.188,0.80752,0.80796,3.98,3.38
2011.09.19 10:24:33.170,0.80755,0.80796,1.13,2.63
2011.09.19 10:24:42.552,0.80755,0.80796,1.13,2.63
2011.09.19 10:24:42.668,0.80755,0.80796,1.13,2.63
2011.09.19 10:24:50.439,0.80755,0.80796,1.13,2.63
2011.09.19 10:24:51.062,0.80754,0.80798,1.35,1.35
2011.09.19 10:24:51.472,0.80755,0.80804,1.35,3.75
2011.09.19 10:24:52.365,0.80755,0.80804,1.35,3.00
2011.09.19 10:24:53.329,0.80755,0.80804,1.35,3.00
2011.09.19 10:24:59.671,0.80755,0.80804,1.35,3.00
2011.09.19 10:25:00.040,0.80755,0.80797,1.13,2.63
2011.09.19 10:25:00.296,0.80755,0.80797,1.13,2.63
2011.09.19 10:25:01.417,0.80752,0.80797,1.50,3.75
2011.09.19 10:25:01.639,0.80751,0.80792,1.13,1.13
2011.09.19 10:25:02.967,0.80746,0.80787,1.13,2.25
2011.09.19 10:25:04.057,0.80747,0.80789,3.00,1.73
2011.09.19 10:25:04.692,0.80746,0.80788,1.13,3.00
2011.09.19 10:25:05.116,0.80746,0.80788,1.13,3.00
2011.09.19 10:25:06.381,0.80746,0.80788,1.13,3.00
2011.09.19 10:25:07.158,0.80745,0.80788,1.50,3.38
2011.09.19 10:25:07.487,0.80743,0.80783,1.13,3.60
2011.09.19 10:25:07.597,0.80743,0.80783,1.13,3.60
2011.09.19 10:25:07.819,0.80738,0.80782,1.13,3.38
2011.09.19 10:25:07.927,0.80738,0.80781,1.13,1.13
2011.09.19 10:25:08.487,0.80738,0.80776,1.13,2.25
2011.09.19 10:25:09.749,0.80738,0.80781,1.13,1.13
2011.09.19 10:25:10.363,0.80738,0.80781,1.13,1.13
2011.09.19 10:25:14.401,0.80735,0.80778,2.48,1.13
2011.09.19 10:25:14.869,0.80735,0.80776,1.13,3.38
2011.09.19 10:25:16.408,0.80736,0.80784,1.35,3.60
2011.09.19 10:25:17.237,0.80736,0.80776,1.35,3.38
2011.09.19 10:25:17.778,0.80736,0.80784,1.35,1.35
2011.09.19 10:25:18.138,0.80736,0.80789,1.35,2.85
2011.09.19 10:25:19.360,0.80736,0.80789,1.35,2.85
2011.09.19 10:25:24.904,0.80738,0.80793,1.35,1.50
2011.09.19 10:25:25.018,0.80738,0.8079,1.35,1.13
2011.09.19 10:25:26.562,0.80738,0.80785,1.35,3.00
2011.09.19 10:25:26.888,0.80734,0.80785,1.35,3.00
2011.09.19 10:25:27.386,0.80735,0.80785,1.50,3.00
2011.09.19 10:25:28.309,0.80735,0.80785,1.50,3.00
2011.09.19 10:25:30.008,0.80737,0.80785,1.50,2.25
2011.09.19 10:25:30.119,0.80737,0.80789,1.50,1.35
2011.09.19 10:25:30.541,0.80742,0.80792,1.50,1.35
2011.09.19 10:25:30.658,0.80744,0.80793,1.35,3.75
2011.09.19 10:25:30.769,0.80744,0.80793,2.10,3.75
2011.09.19 10:25:31.188,0.80744,0.80792,1.73,1.13
2011.09.19 10:25:32.857,0.80743,0.80789,2.10,1.88
2011.09.19 10:25:34.317,0.80742,0.80788,1.50,1.50
2011.09.19 10:25:35.731,0.80742,0.80787,1.50,1.50
2011.09.19 10:25:37.934,0.80747,0.80788,1.13,1.50
2011.09.19 10:25:38.047,0.80747,0.80788,1.13,1.50
2011.09.19 10:25:40.551,0.80743,0.80788,1.50,1.50
2011.09.19 10:25:41.538,0.80746,0.80789,1.13,1.88
2011.09.19 10:25:50.764,0.80743,0.80789,1.50,1.13
2011.09.19 10:25:51.098,0.80747,0.80791,1.50,1.50
2011.09.19 10:25:52.077,0.80747,0.80791,1.50,1.50
2011.09.19 10:25:55.151,0.80746,0.80793,2.25,1.88
2011.09.19 10:25:59.958,0.80749,0.80794,1.50,1.50
2011.09.19 10:26:00.066,0.80748,0.80794,3.00,1.50
2011.09.19 10:26:00.396,0.80739,0.80793,5.10,1.50
2011.09.19 10:26:00.660,0.80739,0.80793,3.00,1.50
2011.09.19 10:26:01.392,0.80739,0.80793,3.00,1.50
2011.09.19 10:26:04.358,0.80739,0.80792,3.00,1.50
2011.09.19 10:26:08.002,0.80739,0.80792,2.25,1.50
2011.09.19 10:26:08.116,0.80735,0.80792,4.35,1.50
2011.09.19 10:26:10.106,0.80737,0.8079,1.50,1.50
2011.09.19 10:26:10.708,0.80737,0.80788,1.50,1.13
2011.09.19 10:26:11.049,0.80735,0.8078,1.50,3.00
2011.09.19 10:26:11.409,0.80722,0.8078,1.50,3.00
2011.09.19 10:26:13.550,0.8073,0.80776,1.50,2.25
2011.09.19 10:26:14.131,0.80725,0.80776,1.50,3.00
2011.09.19 10:26:14.333,0.80725,0.80776,1.50,3.00
2011.09.19 10:26:14.876,0.80716,0.80776,3.00,3.00
2011.09.19 10:26:14.987,0.80716,0.80779,3.00,1.35
2011.09.19 10:26:15.228,0.80717,0.80785,1.50,5.10
2011.09.19 10:26:17.920,0.8072,0.80785,1.35,3.75
2011.09.19 10:26:19.328,0.8072,0.80785,1.35,3.00
2011.09.19 10:26:19.719,0.8072,0.80785,1.35,3.75
2011.09.19 10:26:19.998,0.8072,0.80785,1.35,3.00
2011.09.19 10:26:20.291,0.8072,0.80785,1.35,3.75
2011.09.19 10:26:27.663,0.80727,0.80785,1.50,3.75
2011.09.19 10:26:27.778,0.80731,0.80785,1.50,3.00
2011.09.19 10:26:27.889,0.8072,0.80785,1.35,3.00
2011.09.19 10:26:28.001,0.80727,0.80792,3.00,1.35
2011.09.19 10:26:28.118,0.80727,0.8079,2.25,1.35
2011.09.19 10:26:28.228,0.80734,0.80792,1.13,1.73
2011.09.19 10:26:28.692,0.80734,0.80787,3.38,2.25
2011.09.19 10:26:29.067,0.80736,0.80793,3.00,1.50
2011.09.19 10:26:29.177,0.80737,0.80794,2.85,1.50
2011.09.19 10:26:29.907,0.80741,0.80795,1.35,3.00
2011.09.19 10:26:30.487,0.80742,0.80795,1.35,3.00
2011.09.19 10:26:31.398,0.80742,0.80795,1.35,3.00
2011.09.19 10:26:32.300,0.80742,0.80795,1.35,3.00
2011.09.19 10:26:32.637,0.80754,0.80796,2.63,1.50
2011.09.19 10:26:32.954,0.80754,0.80797,2.63,3.00
2011.09.19 10:26:34.265,0.80754,0.80797,2.63,2.25
2011.09.19 10:26:35.391,0.80756,0.80797,1.13,3.00
2011.09.19 10:26:37.030,0.80757,0.80797,1.13,2.25
2011.09.19 10:26:39.675,0.80757,0.80797,1.13,2.25
2011.09.19 10:26:40.228,0.80757,0.80797,1.13,2.25
2011.09.19 10:26:40.540,0.80756,0.80797,1.13,2.25
2011.09.19 10:26:41.495,0.80755,0.80797,1.13,2.63
2011.09.19 10:26:41.609,0.80754,0.80797,3.00,3.00
2011.09.19 10:26:41.827,0.80754,0.8079,2.25,1.35
2011.09.19 10:26:41.938,0.80745,0.80789,4.73,2.63
2011.09.19 10:26:42.048,0.80749,0.80788,1.13,2.25
2011.09.19 10:26:42.157,0.80747,0.80788,2.63,2.25
2011.09.19 10:26:42.268,0.80751,0.8079,2.63,1.35
2011.09.19 10:26:42.948,0.80751,0.80792,1.50,2.63
2011.09.19 10:26:43.325,0.80747,0.80792,2.48,3.38
2011.09.19 10:26:43.800,0.80748,0.80792,1.35,3.00
2011.09.19 10:26:44.049,0.8075,0.80796,3.38,3.38
2011.09.19 10:26:45.131,0.8075,0.80795,4.13,1.13
2011.09.19 10:26:45.462,0.80751,0.80795,1.13,1.13
2011.09.19 10:26:46.030,0.80751,0.80795,4.13,3.38
2011.09.19 10:26:48.368,0.80754,0.80794,1.13,1.50
2011.09.19 10:26:53.262,0.80754,0.80795,1.13,3.38
2011.09.19 10:26:53.439,0.80752,0.80794,1.13,1.50
2011.09.19 10:26:55.678,0.80752,0.80793,1.50,1.13
2011.09.19 10:26:58.708,0.8075,0.80791,1.13,3.38
2011.09.19 10:27:03.398,0.80749,0.80791,1.73,3.38
2011.09.19 10:27:03.740,0.8075,0.80791,1.13,3.38
2011.09.19 10:27:04.066,0.80752,0.80798,1.50,1.35
2011.09.19 10:27:04.181,0.80746,0.80789,1.73,2.25
2011.09.19 10:27:04.658,0.80746,0.80789,1.13,2.85
2011.09.19 10:27:08.835,0.80748,0.80789,1.13,3.60
2011.09.19 10:27:09.603,0.80747,0.80787,1.13,1.35
2011.09.19 10:27:09.820,0.80748,0.80789,1.13,3.60
2011.09.19 10:27:11.824,0.80745,0.80788,3.75,1.73
2011.09.19 10:27:11.940,0.80745,0.80788,3.75,1.73
2011.09.19 10:27:12.472,0.80744,0.80785,1.73,2.25
2011.09.19 10:27:13.182,0.80742,0.80785,2.48,2.25
2011.09.19 10:27:14.329,0.80744,0.80785,1.73,3.00
2011.09.19 10:27:15.062,0.80742,0.80785,1.73,3.00
2011.09.19 10:27:15.718,0.80744,0.80785,1.13,3.60
2011.09.19 10:27:18.199,0.80744,0.80782,1.13,2.25
2011.09.19 10:27:18.417,0.80741,0.80782,1.13,2.63
2011.09.19 10:27:19.368,0.80741,0.80782,1.13,2.63
2011.09.19 10:27:20.125,0.80742,0.80782,1.13,3.00
2011.09.19 10:27:21.114,0.80742,0.80784,1.13,1.50
2011.09.19 10:27:22.400,0.80744,0.80784,1.13,1.50
2011.09.19 10:27:24.380,0.80744,0.80785,1.13,3.60
2011.09.19 10:27:37.190,0.80741,0.80784,3.75,1.13
2011.09.19 10:27:38.192,0.8074,0.80781,1.13,2.25
2011.09.19 10:27:38.312,0.8074,0.80781,1.13,2.25
2011.09.19 10:27:38.797,0.80739,0.80785,1.50,1.35
2011.09.19 10:27:38.907,0.80739,0.80782,1.50,2.25
2011.09.19 10:27:39.018,0.8074,0.80782,1.13,2.63
2011.09.19 10:27:40.391,0.8074,0.80782,1.13,3.38
2011.09.19 10:27:41.658,0.8074,0.80782,1.13,4.13
2011.09.19 10:27:44.318,0.8074,0.80782,1.13,3.38
2011.09.19 10:27:47.839,0.8074,0.80782,1.13,3.38
2011.09.19 10:28:03.311,0.8074,0.80782,1.13,3.38
2011.09.19 10:28:03.567,0.8074,0.80782,1.13,3.38
2011.09.19 10:28:08.959,0.8074,0.80782,1.13,3.38
2011.09.19 10:28:09.066,0.80741,0.80782,1.13,3.00
2011.09.19 10:28:10.108,0.80745,0.80785,1.13,3.98
2011.09.19 10:28:11.378,0.80745,0.80785,1.13,3.98
2011.09.19 10:28:13.509,0.80745,0.80785,1.13,3.98
2011.09.19 10:28:16.330,0.80745,0.80785,1.13,3.38
2011.09.19 10:28:16.837,0.80745,0.80789,2.63,3.75
2011.09.19 10:28:17.648,0.80745,0.80786,2.63,1.50
2011.09.19 10:28:19.930,0.80745,0.80783,2.85,1.13
2011.09.19 10:28:20.252,0.80737,0.80778,2.48,2.25
2011.09.19 10:28:20.376,0.80729,0.80771,1.13,3.23
2011.09.19 10:28:21.509,0.80729,0.80775,3.00,2.10
2011.09.19 10:28:21.878,0.80728,0.80771,1.50,1.35
2011.09.19 10:28:21.987,0.80727,0.80771,3.00,2.10
2011.09.19 10:28:22.096,0.80726,0.80763,1.50,2.25
2011.09.19 10:28:22.611,0.80725,0.80763,1.35,2.25
2011.09.19 10:28:23.390,0.80725,0.80763,1.35,2.63
2011.09.19 10:28:23.870,0.80722,0.80758,1.35,2.85
2011.09.19 10:28:25.429,0.80728,0.80761,1.35,2.25
2011.09.19 10:28:25.539,0.80728,0.80769,1.35,1.35
2011.09.19 10:28:25.899,0.80728,0.80769,1.35,1.35
2011.09.19 10:28:26.947,0.80728,0.80769,1.35,1.35
2011.09.19 10:28:31.184,0.80728,0.80769,1.35,1.35
2011.09.19 10:28:33.379,0.80728,0.80769,1.35,1.35
2011.09.19 10:28:34.813,0.80728,0.80769,1.35,1.35
2011.09.19 10:28:39.869,0.80731,0.80769,1.13,1.35
2011.09.19 10:28:39.978,0.80731,0.80774,1.13,1.50
2011.09.19 10:28:41.584,0.80734,0.80773,1.13,1.50
2011.09.19 10:28:42.134,0.80734,0.80777,1.13,3.38
2011.09.19 10:28:42.388,0.80734,0.80777,1.13,3.38
2011.09.19 10:28:42.501,0.80734,0.80777,1.88,3.38
2011.09.19 10:28:42.617,0.80737,0.80777,1.35,3.98
2011.09.19 10:28:42.838,0.80741,0.80777,2.10,2.63
2011.09.19 10:28:43.059,0.80741,0.80783,2.48,3.38
2011.09.19 10:28:44.338,0.80745,0.80783,1.35,2.63
2011.09.19 10:28:45.179,0.80741,0.80783,3.98,2.63
2011.09.19 10:28:45.330,0.80745,0.80783,1.35,3.38
2011.09.19 10:28:45.668,0.80745,0.80783,1.73,3.00
2011.09.19 10:28:46.172,0.80745,0.80784,1.35,1.35
2011.09.19 10:28:46.288,0.80743,0.80771,2.25,1.35
2011.09.19 10:28:46.397,0.80726,0.80765,1.88,2.25
2011.09.19 10:28:46.508,0.80735,0.80775,2.25,3.60
2011.09.19 10:28:46.870,0.80729,0.80771,2.63,2.85
2011.09.19 10:28:46.986,0.80725,0.80766,1.13,2.48
2011.09.19 10:28:47.548,0.80724,0.80766,1.13,2.48
2011.09.19 10:28:48.490,0.80725,0.80766,1.13,2.48
2011.09.19 10:28:49.639,0.80725,0.80763,1.13,2.10
2011.09.19 10:28:50.124,0.80723,0.80762,3.00,1.13
2011.09.19 10:28:50.648,0.80712,0.80756,1.13,1.35
2011.09.19 10:28:51.461,0.80714,0.80756,3.38,1.35
2011.09.19 10:28:51.710,0.80715,0.80757,1.35,3.38
2011.09.19 10:28:53.389,0.80715,0.80757,1.35,2.63
2011.09.19 10:28:56.898,0.80715,0.80757,1.35,3.38
2011.09.19 10:28:57.999,0.80715,0.80757,1.35,2.63
2011.09.19 10:29:02.402,0.80715,0.80757,1.35,3.38
2011.09.19 10:29:03.607,0.80715,0.80757,1.35,2.63
2011.09.19 10:29:09.549,0.80715,0.80757,1.35,3.38
2011.09.19 10:29:11.422,0.80715,0.80757,1.35,3.38
2011.09.19 10:29:11.669,0.80715,0.80757,1.35,3.75
2011.09.19 10:29:14.429,0.80715,0.80754,1.35,2.63
2011.09.19 10:29:16.189,0.80715,0.80754,1.35,2.63
2011.09.19 10:29:16.297,0.80715,0.80754,1.35,2.25
2011.09.19 10:29:16.407,0.80715,0.80757,1.35,2.63
2011.09.19 10:29:16.859,0.80715,0.80757,1.35,2.63
2011.09.19 10:29:17.187,0.80715,0.80754,1.35,2.63
2011.09.19 10:29:18.662,0.8071,0.80754,1.13,3.23
2011.09.19 10:29:19.886,0.8071,0.80753,1.88,1.13
2011.09.19 10:29:20.346,0.8071,0.80754,1.88,3.23
2011.09.19 10:29:21.858,0.80722,0.80754,1.13,2.85
2011.09.19 10:29:22.078,0.8073,0.80768,2.25,1.50
2011.09.19 10:29:22.189,0.8073,0.8077,2.25,1.13
2011.09.19 10:29:22.407,0.80722,0.80771,2.10,1.35
2011.09.19 10:29:22.518,0.80728,0.80772,2.63,1.73
2011.09.19 10:29:25.568,0.80731,0.80773,1.13,1.73
2011.09.19 10:29:26.350,0.80731,0.80771,1.13,1.35
2011.09.19 10:29:26.553,0.80731,0.80774,1.13,3.23
2011.09.19 10:29:26.919,0.80726,0.80765,1.50,3.23
2011.09.19 10:29:27.139,0.80722,0.80765,1.50,1.35
2011.09.19 10:29:27.443,0.80723,0.80768,1.35,1.35
2011.09.19 10:29:27.558,0.80722,0.80768,2.10,1.35
2011.09.19 10:29:28.211,0.80721,0.8077,1.35,2.85
2011.09.19 10:29:30.519,0.80723,0.80769,1.35,1.35
2011.09.19 10:29:32.056,0.80721,0.80769,1.35,2.10
2011.09.19 10:29:32.229,0.80723,0.80769,1.35,1.35
2011.09.19 10:29:32.551,0.80722,0.80768,1.35,1.35
2011.09.19 10:29:33.479,0.80722,0.80768,1.35,1.35
2011.09.19 10:29:34.758,0.80723,0.80769,1.35,2.10
2011.09.19 10:29:38.669,0.8072,0.80769,1.50,1.50
2011.09.19 10:29:38.779,0.80717,0.80769,3.00,1.50
2011.09.19 10:29:38.886,0.80717,0.8077,3.00,3.00
2011.09.19 10:29:38.999,0.80716,0.80761,2.10,2.25
2011.09.19 10:29:39.737,0.80716,0.80761,1.35,2.25
2011.09.19 10:29:40.368,0.80712,0.80761,1.35,3.00
2011.09.19 10:29:42.900,0.80716,0.80761,1.35,2.25
2011.09.19 10:29:44.340,0.80716,0.80761,1.35,2.25
2011.09.19 10:29:44.728,0.8071,0.80761,3.00,3.00
2011.09.19 10:29:45.050,0.80708,0.80757,1.50,2.25
2011.09.19 10:29:46.839,0.8071,0.80762,1.50,3.00
2011.09.19 10:29:47.250,0.8071,0.80761,1.50,1.50
2011.09.19 10:29:48.068,0.80712,0.80762,1.50,3.75
2011.09.19 10:29:49.020,0.80713,0.80762,1.50,3.75
2011.09.19 10:29:53.247,0.80713,0.80762,1.50,2.25
2011.09.19 10:29:53.792,0.80713,0.80763,3.75,1.35
2011.09.19 10:29:54.874,0.80713,0.80764,3.75,2.10
2011.09.19 10:29:55.031,0.80713,0.80763,3.00,1.35
2011.09.19 10:29:55.447,0.80716,0.80766,1.35,3.75
2011.09.19 10:29:55.559,0.80715,0.80766,1.73,3.75
2011.09.19 10:29:55.777,0.80718,0.80769,3.00,3.00
2011.09.19 10:30:00.428,0.8072,0.80769,1.50,3.00
2011.09.19 10:30:01.533,0.80718,0.80769,3.00,3.75
2011.09.19 10:30:02.087,0.80717,0.8076,1.13,1.13
2011.09.19 10:30:03.531,0.80717,0.8076,1.88,1.13
2011.09.19 10:30:04.571,0.80717,0.8076,1.88,1.13
2011.09.19 10:30:05.576,0.80717,0.8076,1.13,1.13
2011.09.19 10:30:08.649,0.80716,0.8076,2.63,1.13
2011.09.19 10:30:09.411,0.80716,0.80762,3.00,4.73
2011.09.19 10:30:09.532,0.80718,0.80762,1.13,3.00
2011.09.19 10:30:13.400,0.80722,0.80763,1.13,1.73
2011.09.19 10:30:18.388,0.80721,0.80764,3.38,1.73
2011.09.19 10:30:21.899,0.80721,0.80764,3.75,1.35
2011.09.19 10:30:22.390,0.80725,0.80769,3.60,3.00
2011.09.19 10:30:22.502,0.80725,0.80761,1.35,2.25
2011.09.19 10:30:22.620,0.80725,0.80771,1.35,1.35
2011.09.19 10:30:22.900,0.80721,0.80772,2.10,3.60
2011.09.19 10:30:23.562,0.80716,0.80772,2.25,1.35
2011.09.19 10:30:24.449,0.80716,0.80772,2.25,2.10
2011.09.19 10:30:25.499,0.80716,0.80772,3.75,1.35
2011.09.19 10:30:26.801,0.80716,0.80772,3.75,1.35
2011.09.19 10:30:27.962,0.8072,0.80773,2.25,1.35
2011.09.19 10:30:28.083,0.80724,0.80777,2.25,1.50
2011.09.19 10:30:28.402,0.80724,0.80777,2.25,1.50
2011.09.19 10:30:28.990,0.80724,0.80779,3.00,1.50
2011.09.19 10:30:29.549,0.80728,0.80779,2.25,1.50
2011.09.19 10:30:30.649,0.80728,0.80782,2.25,1.50
2011.09.19 10:30:31.379,0.80728,0.80782,2.25,1.50
2011.09.19 10:30:34.841,0.80728,0.80782,3.00,1.50
2011.09.19 10:30:35.773,0.80728,0.80782,2.25,1.50
2011.09.19 10:30:41.381,0.80728,0.80782,3.00,1.50
2011.09.19 10:30:43.478,0.8073,0.80784,1.13,1.35
2011.09.19 10:30:43.588,0.80735,0.80784,2.25,1.35
2011.09.19 10:30:43.807,0.80731,0.80784,3.00,1.35
2011.09.19 10:30:45.242,0.80731,0.80784,3.75,1.35
2011.09.19 10:30:45.994,0.80727,0.80783,1.50,1.50
2011.09.19 10:30:47.369,0.80726,0.80783,1.50,1.50
2011.09.19 10:30:50.797,0.80729,0.80784,1.13,1.35
2011.09.19 10:30:50.907,0.80732,0.80784,2.25,1.35
2011.09.19 10:30:52.000,0.80732,0.80784,3.00,1.35
2011.09.19 10:30:54.991,0.80732,0.80784,3.75,1.35
2011.09.19 10:30:55.390,0.80733,0.80784,1.50,1.35
2011.09.19 10:31:02.049,0.80737,0.80783,1.13,1.13
2011.09.19 10:31:02.659,0.80746,0.80787,1.13,1.13
2011.09.19 10:31:02.768,0.80746,0.80788,1.13,1.13
2011.09.19 10:31:12.872,0.80746,0.80787,1.13,1.13
2011.09.19 10:31:13.198,0.80747,0.80788,1.50,1.13
2011.09.19 10:31:13.640,0.80746,0.80789,2.63,3.38
2011.09.19 10:31:13.748,0.80746,0.80788,2.25,1.13
2011.09.19 10:31:13.991,0.80741,0.80786,2.63,3.38
2011.09.19 10:31:16.387,0.80743,0.80786,1.13,3.38
2011.09.19 10:31:17.188,0.80741,0.80784,3.00,1.73
2011.09.19 10:31:17.300,0.80741,0.80784,3.00,1.73
2011.09.19 10:31:17.421,0.80741,0.8078,3.00,1.13
2011.09.19 10:31:17.880,0.80733,0.80778,1.50,3.00
2011.09.19 10:31:18.283,0.80732,0.80774,1.35,1.13
2011.09.19 10:31:19.443,0.80732,0.80774,1.35,1.13
2011.09.19 10:31:21.309,0.80732,0.80777,1.35,2.63
2011.09.19 10:31:23.738,0.8073,0.80777,1.13,2.63
2011.09.19 10:31:24.181,0.8073,0.80777,1.13,2.63
2011.09.19 10:31:24.298,0.8073,0.80777,1.13,2.63
2011.09.19 10:31:24.408,0.8073,0.80777,1.13,2.63
2011.09.19 10:31:25.173,0.8073,0.80777,1.13,2.63
2011.09.19 10:31:25.701,0.80731,0.80777,1.50,2.63
2011.09.19 10:31:25.835,0.80731,0.80777,1.50,2.63
2011.09.19 10:31:26.217,0.80731,0.80777,1.50,2.63
2011.09.19 10:31:28.418,0.80731,0.80777,1.50,2.63
2011.09.19 10:31:31.270,0.80731,0.80777,1.88,2.63
2011.09.19 10:31:34.669,0.80736,0.80777,1.13,2.25
2011.09.19 10:31:35.512,0.80736,0.80779,1.13,1.13
2011.09.19 10:31:35.684,0.80736,0.80779,1.13,1.13
2011.09.19 10:31:35.855,0.80733,0.80779,1.13,1.13
2011.09.19 10:31:37.179,0.80732,0.8078,1.13,1.35
2011.09.19 10:31:37.619,0.80732,0.80779,1.13,3.00
2011.09.19 10:31:37.914,0.80736,0.80779,1.13,2.63
2011.09.19 10:31:38.861,0.80732,0.80783,1.13,2.85
2011.09.19 10:31:40.965,0.8073,0.80778,1.50,1.13
2011.09.19 10:31:41.743,0.80729,0.80774,1.13,1.13
2011.09.19 10:31:44.098,0.80726,0.80774,4.50,1.13
2011.09.19 10:31:45.885,0.80726,0.80774,4.13,1.50
2011.09.19 10:31:46.298,0.80727,0.80769,1.13,3.38
2011.09.19 10:31:46.798,0.80727,0.80773,1.13,1.35
2011.09.19 10:31:46.908,0.80727,0.80774,1.13,1.73
2011.09.19 10:31:47.241,0.80731,0.80773,1.13,1.73
2011.09.19 10:31:47.662,0.80731,0.80773,1.13,1.13
2011.09.19 10:31:47.779,0.80734,0.80777,1.13,1.13
2011.09.19 10:31:53.695,0.80734,0.80777,1.13,1.13
2011.09.19 10:31:54.339,0.80734,0.80778,1.13,1.13
2011.09.19 10:31:58.954,0.80734,0.80778,1.13,1.13
2011.09.19 10:31:59.435,0.80734,0.80777,1.13,1.13
2011.09.19 10:32:01.509,0.80736,0.80778,1.13,3.38
2011.09.19 10:32:01.777,0.80734,0.80777,1.13,1.13
2011.09.19 10:32:01.888,0.80732,0.80774,3.38,1.13
2011.09.19 10:32:07.669,0.80734,0.80776,1.13,3.00
2011.09.19 10:32:07.993,0.80734,0.80777,1.13,2.25
2011.09.19 10:32:08.156,0.80734,0.80777,1.13,3.00
2011.09.19 10:32:09.070,0.80734,0.80777,1.13,3.00
2011.09.19 10:32:10.087,0.80735,0.80777,1.13,2.25
2011.09.19 10:32:12.434,0.80735,0.80777,1.13,3.00
2011.09.19 10:32:14.164,0.80735,0.80777,1.13,2.25
2011.09.19 10:32:15.288,0.80735,0.80777,1.13,3.00
2011.09.19 10:32:19.361,0.80737,0.80777,1.50,2.25
2011.09.19 10:32:20.079,0.80742,0.80779,2.25,1.50
2011.09.19 10:32:20.428,0.80737,0.80782,1.88,1.73
2011.09.19 10:32:20.537,0.80737,0.80782,1.50,1.73
2011.09.19 10:32:21.219,0.80735,0.80777,1.13,3.00
2011.09.19 10:32:23.369,0.80735,0.80777,1.13,3.00
2011.09.19 10:32:25.948,0.80734,0.80773,1.35,1.13
2011.09.19 10:32:26.283,0.80736,0.80777,1.13,1.13
2011.09.19 10:32:26.669,0.80736,0.80777,1.13,1.13
2011.09.19 10:32:28.371,0.80736,0.80777,1.13,1.13
2011.09.19 10:32:29.478,0.80736,0.80777,1.13,1.13
2011.09.19 10:32:33.389,0.80736,0.80777,1.13,1.13
2011.09.19 10:32:34.971,0.80736,0.80777,1.13,1.13
2011.09.19 10:32:35.561,0.80736,0.80777,1.13,1.13
2011.09.19 10:32:35.704,0.80736,0.80777,1.13,1.13
2011.09.19 10:32:36.466,0.80734,0.80777,1.35,1.50
2011.09.19 10:32:36.798,0.80733,0.80777,2.85,3.75
2011.09.19 10:32:37.129,0.80733,0.80777,3.23,3.38
2011.09.19 10:32:38.139,0.80735,0.80777,1.13,3.38
2011.09.19 10:32:40.319,0.80735,0.80777,1.13,3.38
2011.09.19 10:32:41.427,0.80735,0.80777,1.13,3.38
2011.09.19 10:32:43.154,0.80735,0.80776,1.13,1.13
2011.09.19 10:32:44.964,0.80735,0.80777,1.13,3.38
2011.09.19 10:32:53.808,0.80734,0.80776,1.73,1.13
2011.09.19 10:32:56.222,0.80735,0.80776,1.13,1.13
2011.09.19 10:32:56.457,0.80733,0.80776,3.98,1.88
2011.09.19 10:32:56.961,0.80733,0.80773,2.25,1.73
2011.09.19 10:32:57.187,0.8073,0.80773,1.50,2.10
2011.09.19 10:32:57.949,0.80726,0.8077,1.35,3.00
2011.09.19 10:32:58.197,0.80727,0.80768,1.13,2.63
2011.09.19 10:32:58.309,0.80726,0.80768,1.73,2.63
2011.09.19 10:33:02.592,0.80727,0.80769,1.13,2.63
2011.09.19 10:33:03.379,0.80727,0.80769,1.13,3.38
2011.09.19 10:33:07.655,0.80726,0.80769,1.73,3.38
2011.09.19 10:33:08.639,0.80727,0.80769,1.13,2.63
2011.09.19 10:33:09.440,0.80731,0.80769,1.13,2.25
2011.09.19 10:33:09.656,0.80727,0.80773,1.13,1.73
2011.09.19 10:33:14.358,0.80731,0.80776,1.88,1.73
2011.09.19 10:33:27.961,0.80729,0.80773,1.13,1.73
2011.09.19 10:33:37.004,0.80727,0.80771,1.13,1.13
2011.09.19 10:33:38.590,0.80727,0.80772,1.13,2.10
2011.09.19 10:33:41.602,0.80727,0.80772,1.13,2.10
2011.09.19 10:33:51.187,0.80727,0.80771,1.13,1.13
2011.09.19 10:33:51.300,0.80727,0.80771,1.13,1.13
2011.09.19 10:33:52.558,0.80731,0.80773,1.13,1.13
2011.09.19 10:34:02.600,0.80728,0.80772,1.13,1.13
2011.09.19 10:34:02.717,0.80727,0.80772,1.73,1.50
2011.09.19 10:34:13.157,0.80726,0.80769,1.13,3.38
2011.09.19 10:34:14.149,0.80727,0.80768,1.13,1.13
2011.09.19 10:34:15.830,0.80727,0.80769,1.13,2.63
2011.09.19 10:34:27.879,0.80727,0.80768,1.13,1.13
2011.09.19 10:34:38.769,0.80727,0.80769,1.13,2.63
2011.09.19 10:34:39.160,0.80727,0.80768,1.13,1.13
2011.09.19 10:34:41.566,0.80727,0.80769,1.13,2.63
2011.09.19 10:34:41.792,0.80726,0.80769,1.13,3.38
2011.09.19 10:34:43.331,0.80727,0.80769,1.13,2.63
2011.09.19 10:34:43.714,0.80727,0.80768,1.13,1.13
2011.09.19 10:34:44.352,0.80727,0.80769,1.13,2.63
2011.09.19 10:34:54.050,0.80727,0.80768,1.13,1.13
2011.09.19 10:34:59.109,0.80725,0.80768,3.00,1.13
2011.09.19 10:35:00.200,0.80721,0.80765,4.13,2.63
2011.09.19 10:35:00.503,0.80721,0.80765,4.13,3.23
2011.09.19 10:35:00.841,0.80721,0.80765,3.38,3.23
2011.09.19 10:35:01.190,0.80717,0.80761,3.98,3.38
2011.09.19 10:35:01.298,0.80717,0.80755,3.38,2.10
2011.09.19 10:35:03.906,0.80711,0.80752,1.50,3.23
2011.09.19 10:35:04.800,0.80712,0.80762,1.50,3.00
2011.09.19 10:35:05.775,0.80712,0.80762,1.50,3.00
2011.09.19 10:35:06.037,0.80712,0.80762,1.50,3.00
2011.09.19 10:35:06.148,0.8071,0.80762,1.50,3.00
2011.09.19 10:35:06.600,0.8071,0.80762,1.50,3.00
2011.09.19 10:35:08.310,0.8071,0.80762,1.50,3.00
2011.09.19 10:35:08.535,0.8071,0.80762,1.50,3.00
2011.09.19 10:35:08.760,0.80709,0.8076,1.35,1.13
2011.09.19 10:35:09.129,0.80702,0.80753,1.50,3.00
2011.09.19 10:35:11.260,0.80704,0.80753,1.50,2.25
2011.09.19 10:35:14.370,0.80702,0.80753,1.50,2.25
2011.09.19 10:35:16.218,0.80704,0.80753,1.50,2.25
2011.09.19 10:35:16.823,0.80704,0.80759,1.50,1.35
2011.09.19 10:35:17.969,0.80706,0.80759,1.50,1.35
2011.09.19 10:35:19.170,0.80706,0.80759,1.50,1.35
2011.09.19 10:35:19.387,0.8071,0.80759,3.00,1.35
2011.09.19 10:35:19.497,0.8071,0.80759,3.00,1.35
2011.09.19 10:35:20.344,0.8071,0.80759,3.00,1.35
2011.09.19 10:35:23.349,0.8071,0.80761,3.00,3.60
2011.09.19 10:35:26.928,0.8071,0.80761,3.00,3.60
2011.09.19 10:35:27.428,0.8071,0.80759,3.00,1.35
2011.09.19 10:35:27.638,0.8071,0.80759,3.00,1.35
2011.09.19 10:35:30.898,0.8071,0.80761,3.00,3.00
2011.09.19 10:35:33.369,0.8071,0.80761,3.00,3.00
2011.09.19 10:35:36.238,0.8071,0.80761,3.00,3.00
2011.09.19 10:35:41.107,0.8071,0.80761,3.75,3.00
2011.09.19 10:35:41.673,0.8071,0.80761,3.00,3.00
2011.09.19 10:35:44.920,0.8071,0.80759,3.00,1.50
2011.09.19 10:35:45.970,0.80708,0.8076,1.35,1.13
2011.09.19 10:35:51.349,0.80706,0.8076,1.50,1.13
2011.09.19 10:35:51.457,0.80706,0.8076,1.50,1.13
2011.09.19 10:35:51.899,0.80706,0.8076,1.50,1.13
2011.09.19 10:35:53.294,0.80706,0.8076,1.50,1.13
2011.09.19 10:35:54.761,0.80709,0.80762,3.75,3.60
2011.09.19 10:35:55.420,0.80709,0.80762,3.75,3.60
2011.09.19 10:35:56.849,0.80709,0.80762,3.00,3.60
2011.09.19 10:35:58.390,0.80709,0.80762,3.00,3.60
2011.09.19 10:35:58.846,0.80707,0.8076,1.13,3.00
2011.09.19 10:35:59.234,0.80705,0.8076,1.50,3.38
2011.09.19 10:36:00.150,0.80705,0.8076,1.50,3.38
2011.09.19 10:36:00.973,0.80706,0.8076,1.50,3.38
2011.09.19 10:36:02.450,0.80706,0.8076,1.50,3.38
2011.09.19 10:36:02.624,0.80706,0.8076,1.50,3.38
2011.09.19 10:36:03.896,0.80706,0.8076,1.50,3.38
2011.09.19 10:36:05.438,0.80706,0.80756,1.88,1.50
2011.09.19 10:36:05.770,0.80702,0.8074,3.00,1.13
2011.09.19 10:36:06.099,0.80696,0.80739,1.13,3.38
2011.09.19 10:36:06.209,0.80696,0.80739,1.13,3.38
2011.09.19 10:36:11.169,0.80696,0.80739,1.35,3.75
2011.09.19 10:36:11.277,0.80696,0.80739,1.35,3.75
2011.09.19 10:36:11.435,0.80696,0.80732,1.35,2.25
2011.09.19 10:36:12.798,0.80693,0.80732,1.50,2.85
2011.09.19 10:36:13.051,0.80693,0.80732,1.50,2.85
2011.09.19 10:36:13.674,0.80693,0.80732,1.50,2.85
2011.09.19 10:36:14.701,0.80692,0.80732,3.00,2.85
2011.09.19 10:36:15.009,0.80692,0.80732,3.00,3.23
2011.09.19 10:36:15.567,0.80691,0.80733,3.38,5.10
2011.09.19 10:36:16.518,0.80691,0.80733,3.38,5.10
2011.09.19 10:36:17.019,0.80691,0.80733,3.38,5.10
2011.09.19 10:36:17.399,0.80691,0.80733,3.38,5.10
2011.09.19 10:36:18.428,0.80691,0.80733,3.38,5.10
2011.09.19 10:36:19.428,0.80691,0.80733,3.38,5.10
2011.09.19 10:36:20.301,0.80691,0.80733,3.38,5.10
2011.09.19 10:36:20.417,0.80691,0.80733,3.38,5.10
2011.09.19 10:36:23.170,0.80691,0.80733,3.00,5.48
2011.09.19 10:36:23.280,0.80691,0.80731,3.00,1.73
2011.09.19 10:36:23.389,0.80691,0.80731,3.00,1.73
2011.09.19 10:36:23.498,0.8069,0.80729,1.35,2.63
2011.09.19 10:36:24.131,0.80686,0.80724,1.35,2.85
2011.09.19 10:36:26.299,0.80686,0.80724,1.35,2.85
2011.09.19 10:36:31.208,0.80686,0.80724,1.35,3.23
2011.09.19 10:36:31.449,0.80686,0.8072,1.35,2.25
2011.09.19 10:36:31.563,0.80686,0.8072,1.35,2.25
2011.09.19 10:36:31.681,0.80686,0.8072,1.35,2.25
2011.09.19 10:36:31.789,0.8068,0.8072,3.98,2.85
2011.09.19 10:36:32.007,0.80684,0.80721,3.38,2.10
2011.09.19 10:36:32.228,0.80684,0.80721,3.38,2.10
2011.09.19 10:36:33.341,0.80684,0.80721,3.38,2.10
2011.09.19 10:36:33.458,0.80687,0.80724,1.35,2.85
2011.09.19 10:36:35.789,0.80687,0.80724,1.35,3.60
2011.09.19 10:36:36.109,0.80687,0.80724,1.35,3.60
2011.09.19 10:36:36.421,0.80687,0.80724,1.35,3.60
2011.09.19 10:36:36.644,0.80687,0.80724,1.35,3.60
2011.09.19 10:36:36.870,0.80684,0.8072,3.00,2.10
2011.09.19 10:36:36.980,0.80681,0.80716,1.13,2.10
2011.09.19 10:36:37.329,0.80691,0.80728,1.35,1.13
2011.09.19 10:36:37.639,0.80687,0.80737,1.50,3.00
2011.09.19 10:36:39.400,0.80687,0.80737,1.50,3.00
2011.09.19 10:36:40.410,0.80686,0.80737,2.10,2.25
2011.09.19 10:36:41.319,0.80686,0.80737,2.10,2.25
2011.09.19 10:36:41.767,0.80689,0.8074,1.50,1.35
2011.09.19 10:36:41.883,0.80689,0.8074,1.50,1.35
2011.09.19 10:36:42.108,0.80692,0.80743,1.50,1.35
2011.09.19 10:36:43.410,0.80695,0.80744,1.50,2.10
2011.09.19 10:36:45.747,0.80693,0.8074,3.38,1.73
2011.09.19 10:36:46.613,0.80692,0.80736,3.38,2.63
2011.09.19 10:36:46.837,0.80692,0.80736,3.75,2.25
2011.09.19 10:36:46.949,0.80692,0.8074,3.75,2.10
2011.09.19 10:36:47.583,0.80695,0.8074,1.50,2.10
2011.09.19 10:36:48.168,0.80695,0.8074,1.50,1.35
2011.09.19 10:36:54.680,0.80698,0.80741,1.50,1.35
2011.09.19 10:36:54.788,0.80697,0.80738,1.50,1.13
2011.09.19 10:36:55.909,0.80693,0.80736,1.13,1.13
2011.09.19 10:36:56.248,0.80709,0.80749,2.63,2.10
2011.09.19 10:36:56.359,0.80709,0.80749,2.63,2.10
2011.09.19 10:36:58.501,0.80709,0.80749,2.63,1.35
2011.09.19 10:36:58.863,0.80709,0.80749,2.63,1.35
2011.09.19 10:36:59.147,0.80709,0.80749,2.63,1.35
2011.09.19 10:36:59.412,0.80709,0.80749,2.63,1.35
2011.09.19 10:36:59.963,0.80709,0.80749,2.63,1.35
2011.09.19 10:37:00.184,0.80709,0.80749,2.63,1.35
2011.09.19 10:37:00.781,0.80709,0.80749,2.63,1.35
2011.09.19 10:37:01.754,0.80709,0.80747,2.25,1.13
2011.09.19 10:37:01.876,0.80704,0.80747,1.13,1.13
2011.09.19 10:37:02.223,0.80704,0.80748,1.13,1.13
2011.09.19 10:37:02.338,0.80704,0.80747,1.13,1.13
2011.09.19 10:37:04.140,0.80704,0.80747,1.13,1.13
2011.09.19 10:37:04.820,0.80706,0.80748,1.50,1.13
2011.09.19 10:37:10.149,0.80707,0.80749,1.13,1.35
2011.09.19 10:37:11.340,0.80708,0.80749,2.63,1.35
2011.09.19 10:37:12.277,0.80708,0.80749,3.38,1.35
2011.09.19 10:37:17.024,0.80709,0.80752,1.13,1.73
2011.09.19 10:37:17.308,0.8071,0.80752,3.00,1.13
2011.09.19 10:37:17.531,0.80711,0.80756,1.13,1.73
2011.09.19 10:37:17.637,0.8071,0.80759,3.00,1.73
2011.09.19 10:37:18.606,0.80715,0.80759,1.13,1.73
2011.09.19 10:37:39.292,0.80712,0.80756,1.13,1.13
2011.09.19 10:37:39.407,0.8071,0.80757,3.00,1.13
2011.09.19 10:37:39.519,0.80703,0.80751,2.48,1.13
2011.09.19 10:37:40.900,0.80709,0.80751,2.25,1.13
2011.09.19 10:37:41.121,0.80709,0.80752,2.63,2.63
2011.09.19 10:37:41.879,0.80709,0.80752,2.63,3.38
2011.09.19 10:37:43.311,0.80709,0.80752,2.63,4.13
2011.09.19 10:37:47.749,0.80709,0.8075,2.63,1.50
2011.09.19 10:37:50.339,0.80709,0.80752,3.38,3.38
2011.09.19 10:38:03.920,0.80709,0.80752,4.13,2.63
2011.09.19 10:38:05.317,0.80709,0.80752,4.13,2.63
2011.09.19 10:38:13.714,0.80709,0.80752,4.13,2.63
2011.09.19 10:38:13.827,0.80709,0.80752,4.13,2.63
2011.09.19 10:38:18.780,0.80709,0.80752,3.38,2.63
2011.09.19 10:38:18.941,0.80709,0.80752,3.38,2.63
2011.09.19 10:38:41.579,0.80709,0.80754,3.75,2.10
2011.09.19 10:38:42.324,0.80709,0.80754,3.00,2.10
2011.09.19 10:38:42.439,0.80709,0.80754,3.60,1.50
2011.09.19 10:38:42.660,0.80711,0.80759,1.35,1.50
2011.09.19 10:38:43.222,0.80709,0.80761,3.00,1.35
2011.09.19 10:38:43.731,0.8071,0.80761,1.50,1.35
2011.09.19 10:38:44.871,0.80711,0.80761,1.13,1.35
2011.09.19 10:38:47.580,0.80711,0.80761,1.13,1.35
2011.09.19 10:38:48.789,0.80711,0.80762,1.88,1.35
2011.09.19 10:38:50.386,0.80713,0.80762,1.50,1.35
2011.09.19 10:38:54.061,0.80712,0.80763,1.50,1.35
2011.09.19 10:38:56.930,0.80711,0.80761,1.88,1.35
2011.09.19 10:38:58.361,0.80712,0.80763,1.50,1.35
2011.09.19 10:39:00.797,0.80716,0.80768,1.50,1.13
2011.09.19 10:39:04.306,0.80715,0.80768,1.50,1.13
2011.09.19 10:39:05.624,0.80712,0.80762,1.50,3.00
2011.09.19 10:39:05.919,0.80712,0.80762,1.50,3.00
2011.09.19 10:39:06.242,0.80712,0.80762,1.50,3.00
2011.09.19 10:39:06.361,0.80712,0.80762,1.50,3.00
2011.09.19 10:39:09.430,0.80712,0.80762,1.50,3.00
2011.09.19 10:39:11.460,0.80713,0.80762,1.50,3.00
2011.09.19 10:39:11.570,0.80713,0.8076,1.50,1.50
2011.09.19 10:39:11.680,0.80713,0.8076,1.88,1.13
2011.09.19 10:39:12.198,0.80713,0.8076,1.50,3.00
2011.09.19 10:39:13.319,0.80711,0.80764,1.13,1.50
2011.09.19 10:39:15.840,0.80713,0.80762,1.50,3.00
2011.09.19 10:39:16.865,0.80716,0.80765,1.50,1.50
2011.09.19 10:39:17.470,0.80716,0.80769,1.50,4.73
2011.09.19 10:39:18.785,0.80716,0.80762,1.50,2.25
2011.09.19 10:39:19.625,0.80711,0.80762,1.50,3.00
2011.09.19 10:39:20.370,0.80712,0.80769,1.50,2.48
2011.09.19 10:39:20.772,0.80714,0.80761,1.13,1.50
2011.09.19 10:39:22.411,0.80712,0.80759,1.13,1.13
2011.09.19 10:39:23.422,0.80714,0.80759,1.13,1.13
2011.09.19 10:39:23.868,0.80714,0.80759,1.88,1.13
2011.09.19 10:39:23.978,0.80714,0.80761,1.50,3.00
2011.09.19 10:39:24.311,0.80716,0.80768,1.50,1.50
2011.09.19 10:39:25.409,0.80716,0.80768,1.50,1.50
2011.09.19 10:39:25.938,0.80712,0.80768,1.50,1.50
2011.09.19 10:39:26.446,0.80712,0.80762,1.50,2.25
2011.09.19 10:39:29.079,0.80712,0.80762,1.50,2.25
2011.09.19 10:39:29.580,0.80712,0.80762,1.50,2.25
2011.09.19 10:39:29.864,0.80712,0.80762,1.50,2.25
2011.09.19 10:39:31.456,0.80712,0.80768,1.50,1.13
2011.09.19 10:39:36.190,0.80712,0.80768,1.50,1.13
2011.09.19 10:39:38.061,0.80713,0.80768,1.50,1.13
2011.09.19 10:39:40.044,0.80711,0.80768,1.13,1.13
2011.09.19 10:39:42.353,0.80716,0.80768,1.50,1.13
2011.09.19 10:39:42.801,0.80718,0.80763,2.25,1.13
2011.09.19 10:39:44.350,0.80717,0.80761,2.63,3.38
2011.09.19 10:39:47.919,0.80717,0.80761,3.38,3.38
2011.09.19 10:39:48.614,0.80721,0.80761,1.13,3.00
2011.09.19 10:39:48.838,0.80721,0.80764,1.13,1.73
2011.09.19 10:39:50.289,0.8072,0.80763,3.23,1.50
2011.09.19 10:39:56.185,0.80721,0.80764,3.75,1.35
2011.09.19 10:39:56.303,0.80721,0.80767,3.75,2.85
2011.09.19 10:39:56.420,0.80721,0.80767,3.75,2.85
2011.09.19 10:39:56.940,0.80718,0.80767,3.00,1.35
2011.09.19 10:39:57.420,0.80716,0.80767,1.50,1.35
2011.09.19 10:39:58.370,0.80716,0.80765,1.50,1.35
2011.09.19 10:40:02.279,0.80714,0.80765,1.50,1.35
2011.09.19 10:40:03.140,0.80712,0.80765,1.35,1.35
2011.09.19 10:40:04.241,0.80716,0.80765,1.50,1.35
2011.09.19 10:40:06.441,0.80715,0.80765,1.50,1.35
2011.09.19 10:40:07.333,0.80715,0.8076,1.50,1.13
2011.09.19 10:40:08.201,0.80713,0.8076,1.88,1.13
2011.09.19 10:40:17.619,0.80713,0.80758,1.50,1.50
2011.09.19 10:40:17.728,0.80712,0.80758,2.10,2.25
2011.09.19 10:40:18.248,0.80712,0.80761,1.35,3.00
2011.09.19 10:40:18.391,0.80712,0.80761,1.35,3.00
2011.09.19 10:40:19.229,0.80711,0.80761,2.10,3.75
2011.09.19 10:40:19.704,0.80712,0.80761,1.35,3.00
2011.09.19 10:40:19.818,0.80712,0.80764,2.10,1.50
2011.09.19 10:40:20.109,0.80712,0.80765,2.10,1.35
2011.09.19 10:40:20.332,0.80712,0.80764,2.10,1.50
2011.09.19 10:40:20.876,0.80712,0.80765,2.10,2.10
2011.09.19 10:40:26.425,0.80712,0.80765,2.10,2.10
2011.09.19 10:40:28.401,0.80712,0.80762,2.10,2.25
2011.09.19 10:40:28.629,0.80713,0.80762,1.50,2.25
2011.09.19 10:40:29.351,0.80713,0.80762,1.50,2.25
2011.09.19 10:40:30.329,0.80711,0.80761,1.50,1.50
2011.09.19 10:40:32.380,0.80712,0.80761,1.50,1.50
2011.09.19 10:40:37.739,0.80706,0.80757,3.75,2.25
2011.09.19 10:40:37.860,0.80706,0.80757,3.00,2.25
2011.09.19 10:40:37.969,0.80706,0.80757,3.00,2.25
2011.09.19 10:40:38.338,0.8071,0.80761,3.00,3.00
2011.09.19 10:40:39.402,0.8071,0.80761,3.00,3.00
2011.09.19 10:40:42.321,0.8071,0.80761,3.00,2.25
2011.09.19 10:40:42.716,0.8071,0.80761,3.00,3.00
2011.09.19 10:40:42.985,0.8071,0.80761,3.00,2.25
2011.09.19 10:40:44.952,0.80712,0.80761,1.50,3.75
2011.09.19 10:40:47.650,0.8071,0.80758,3.00,1.50
2011.09.19 10:40:47.874,0.8071,0.80761,3.00,3.00
2011.09.19 10:40:48.098,0.8071,0.80756,3.00,1.13
2011.09.19 10:40:49.351,0.80703,0.80753,1.35,2.25
2011.09.19 10:40:54.521,0.80704,0.80753,1.50,3.00
2011.09.19 10:40:56.138,0.80707,0.80758,1.50,1.50
2011.09.19 10:40:56.376,0.8071,0.80758,2.25,1.50
2011.09.19 10:40:57.003,0.8071,0.8076,3.00,1.50
2011.09.19 10:40:57.662,0.80711,0.8076,1.50,1.50
2011.09.19 10:41:00.395,0.80711,0.8076,1.50,1.50
2011.09.19 10:41:01.270,0.80706,0.80758,1.50,3.00
2011.09.19 10:41:03.381,0.80706,0.80757,1.50,1.50
2011.09.19 10:41:10.011,0.80705,0.80756,3.75,1.73
2011.09.19 10:41:10.120,0.80705,0.80756,3.75,1.73
2011.09.19 10:41:10.671,0.80701,0.80754,1.50,3.60
2011.09.19 10:41:11.476,0.80701,0.80754,1.50,3.60
2011.09.19 10:41:18.409,0.80702,0.80753,1.50,1.35
2011.09.19 10:41:19.512,0.80703,0.80754,1.50,2.85
2011.09.19 10:41:20.413,0.80703,0.80752,1.50,1.35
2011.09.19 10:41:20.529,0.80699,0.80739,1.50,2.25
2011.09.19 10:41:21.940,0.80707,0.80751,1.35,1.35
2011.09.19 10:41:22.052,0.80707,0.80753,1.35,4.35
2011.09.19 10:41:23.421,0.80701,0.8075,3.00,1.35
2011.09.19 10:41:23.749,0.80699,0.80738,1.88,2.25
2011.09.19 10:41:25.274,0.80699,0.80738,1.13,2.25
2011.09.19 10:41:27.370,0.80699,0.80738,1.13,2.25
2011.09.19 10:41:27.881,0.80699,0.80724,1.13,2.25
2011.09.19 10:41:27.999,0.8069,0.80724,1.13,2.85
2011.09.19 10:41:28.485,0.80692,0.80733,1.88,2.48
2011.09.19 10:41:30.015,0.80691,0.80733,1.35,2.85
2011.09.19 10:41:30.518,0.80686,0.80724,1.50,2.25
2011.09.19 10:41:36.811,0.80686,0.80724,1.50,2.25
2011.09.19 10:41:37.064,0.80684,0.80724,1.88,2.25
2011.09.19 10:41:37.290,0.80684,0.80724,1.50,2.63
2011.09.19 10:41:41.123,0.80685,0.80724,1.50,2.63
2011.09.19 10:41:41.788,0.80682,0.80718,1.13,2.25
2011.09.19 10:41:43.310,0.8068,0.80718,1.50,2.63
2011.09.19 10:41:44.373,0.8068,0.80718,1.50,2.63
2011.09.19 10:41:45.460,0.8068,0.80718,1.50,2.63
2011.09.19 10:41:45.898,0.80685,0.80726,1.73,3.60
2011.09.19 10:41:46.411,0.80687,0.80726,2.25,2.85
2011.09.19 10:41:47.390,0.80687,0.80726,3.00,2.85
2011.09.19 10:41:50.607,0.80687,0.80726,3.00,2.85
2011.09.19 10:41:52.390,0.80687,0.80726,3.00,2.85
2011.09.19 10:41:52.758,0.80687,0.80717,2.25,2.10
2011.09.19 10:41:52.870,0.80681,0.80717,1.50,2.10
2011.09.19 10:41:52.980,0.80682,0.80722,1.35,2.25
2011.09.19 10:41:53.341,0.80682,0.80724,1.35,3.23
2011.09.19 10:41:55.361,0.80686,0.80724,1.50,3.23
2011.09.19 10:41:56.460,0.80686,0.80724,1.50,3.23
2011.09.19 10:41:58.140,0.80686,0.80723,1.50,1.35
2011.09.19 10:41:59.439,0.80686,0.80718,1.50,2.63
2011.09.19 10:42:10.354,0.80681,0.80718,1.50,2.63
2011.09.19 10:42:11.493,0.80681,0.80718,1.50,2.63
2011.09.19 10:42:12.582,0.80681,0.80718,1.50,2.63
2011.09.19 10:42:15.542,0.80681,0.80718,1.50,3.23
2011.09.19 10:42:15.951,0.80681,0.80717,1.50,1.35
2011.09.19 10:42:16.278,0.80671,0.80712,1.13,1.73
2011.09.19 10:42:16.400,0.80671,0.80712,1.13,1.73
2011.09.19 10:42:17.049,0.80667,0.80712,1.50,1.35
2011.09.19 10:42:17.532,0.8067,0.80712,1.13,1.35
2011.09.19 10:42:18.491,0.8067,0.80712,1.13,1.35
2011.09.19 10:42:20.254,0.8067,0.80712,1.13,1.35
2011.09.19 10:42:23.684,0.8067,0.80713,1.73,3.38
2011.09.19 10:42:29.532,0.8067,0.80713,1.73,2.63
2011.09.19 10:42:30.397,0.8067,0.80713,1.73,2.63
2011.09.19 10:42:31.168,0.8067,0.80713,1.73,2.63
2011.09.19 10:42:31.563,0.80675,0.80716,1.13,1.13
2011.09.19 10:42:32.141,0.80671,0.80716,1.13,1.13
2011.09.19 10:42:40.662,0.80675,0.80718,1.13,1.73
2011.09.19 10:42:40.779,0.8067,0.80713,1.73,1.13
2011.09.19 10:42:42.591,0.8067,0.80713,1.73,1.13
2011.09.19 10:42:43.934,0.8067,0.80713,1.73,1.13
2011.09.19 10:42:44.200,0.8067,0.80713,1.73,1.13
2011.09.19 10:42:47.941,0.8067,0.80715,1.73,3.38
2011.09.19 10:42:48.131,0.80674,0.80715,1.13,3.00
2011.09.19 10:42:48.349,0.80674,0.80717,1.13,1.73
2011.09.19 10:42:48.679,0.80673,0.80725,1.50,1.35
2011.09.19 10:42:49.543,0.80673,0.80725,1.50,1.35
2011.09.19 10:42:49.660,0.80675,0.80728,1.50,1.35
2011.09.19 10:42:49.989,0.80675,0.80728,1.13,2.25
2011.09.19 10:42:50.803,0.80675,0.80718,1.13,1.13
2011.09.19 10:42:54.065,0.80672,0.80717,1.73,1.13
2011.09.19 10:42:56.866,0.80675,0.80718,1.13,1.13
2011.09.19 10:42:58.800,0.80675,0.80716,1.13,1.13
2011.09.19 10:43:00.669,0.80675,0.80717,1.13,1.13
2011.09.19 10:43:01.991,0.80675,0.80716,1.13,1.13
2011.09.19 10:43:04.300,0.80675,0.80717,1.13,1.13
2011.09.19 10:43:05.972,0.80672,0.80717,1.73,1.13
2011.09.19 10:43:06.883,0.80675,0.80717,1.13,1.13
2011.09.19 10:43:06.999,0.80675,0.80717,1.13,1.13
2011.09.19 10:43:14.120,0.80675,0.80716,1.13,1.13
2011.09.19 10:43:21.707,0.80673,0.80718,1.73,1.13
2011.09.19 10:43:22.038,0.80669,0.80715,1.13,3.38
2011.09.19 10:43:22.582,0.80668,0.80715,1.13,3.38
2011.09.19 10:43:22.700,0.80667,0.8071,1.50,3.23
2011.09.19 10:43:23.029,0.80664,0.8071,1.13,3.98
2011.09.19 10:43:23.994,0.80664,0.80707,1.13,1.13
2011.09.19 10:43:24.558,0.80664,0.80709,1.88,1.13
2011.09.19 10:43:25.443,0.80664,0.80709,1.88,1.13
2011.09.19 10:43:25.665,0.80664,0.80709,1.88,1.13
2011.09.19 10:43:26.300,0.80664,0.80707,1.13,1.13
2011.09.19 10:43:27.027,0.80664,0.80709,1.88,1.13
2011.09.19 10:43:29.070,0.80664,0.80707,1.13,1.13
2011.09.19 10:43:30.659,0.80664,0.80707,1.13,1.13
2011.09.19 10:43:30.877,0.80666,0.80719,1.50,3.75
2011.09.19 10:43:32.273,0.80666,0.80719,1.50,3.75
2011.09.19 10:43:32.690,0.80667,0.80718,1.50,1.50
2011.09.19 10:43:34.442,0.80663,0.80719,1.50,3.00
2011.09.19 10:43:36.189,0.80667,0.80719,1.50,3.00
2011.09.19 10:43:37.542,0.80667,0.80719,1.50,3.00
2011.09.19 10:43:38.072,0.80662,0.80719,1.50,3.00
2011.09.19 10:43:38.644,0.80662,0.80713,1.50,2.25
2011.09.19 10:43:39.839,0.8066,0.80713,3.00,3.00
2011.09.19 10:43:40.344,0.8066,0.80713,3.00,3.00
2011.09.19 10:43:42.381,0.80661,0.80713,1.50,3.00
2011.09.19 10:43:45.463,0.80661,0.80713,1.50,3.00
2011.09.19 10:43:46.000,0.8066,0.80713,3.75,3.00
2011.09.19 10:43:47.529,0.80662,0.80715,3.00,3.00
2011.09.19 10:43:51.516,0.80662,0.80714,3.75,1.50
2011.09.19 10:44:02.570,0.80662,0.80719,3.75,1.50
2011.09.19 10:44:03.399,0.80662,0.80715,3.00,3.00
2011.09.19 10:44:04.472,0.80662,0.80715,3.00,3.00
2011.09.19 10:44:07.520,0.80662,0.80713,3.00,1.50
2011.09.19 10:44:11.070,0.80662,0.80713,3.00,1.50
2011.09.19 10:44:18.520,0.80662,0.80711,2.25,1.13
2011.09.19 10:44:22.032,0.80659,0.80711,1.35,1.13
2011.09.19 10:44:25.231,0.80655,0.80711,1.50,1.13
2011.09.19 10:44:25.662,0.80655,0.80709,1.50,1.13
2011.09.19 10:44:26.908,0.80654,0.80707,1.50,3.38
2011.09.19 10:44:27.729,0.80653,0.80706,3.00,1.35
2011.09.19 10:44:29.342,0.80653,0.80706,3.00,1.35
2011.09.19 10:44:30.451,0.80651,0.80702,1.35,1.13
2011.09.19 10:44:35.162,0.80651,0.80703,1.35,3.38
2011.09.19 10:44:38.149,0.80651,0.80703,1.35,3.38
2011.09.19 10:44:39.119,0.80651,0.80702,1.35,1.13
2011.09.19 10:44:39.568,0.80651,0.80707,1.35,1.35
2011.09.19 10:44:39.679,0.80651,0.80707,1.35,1.35
2011.09.19 10:44:39.879,0.80651,0.80707,1.35,1.35
2011.09.19 10:44:40.210,0.80652,0.80713,3.00,2.10
2011.09.19 10:44:40.319,0.8066,0.80714,1.35,1.35
2011.09.19 10:44:40.862,0.80657,0.80718,1.35,1.35
2011.09.19 10:44:40.978,0.80657,0.80723,1.35,1.50
2011.09.19 10:44:48.189,0.80652,0.80718,3.00,1.50
2011.09.19 10:44:48.832,0.80652,0.80723,3.00,2.10
2011.09.19 10:44:49.725,0.80652,0.80719,3.00,1.50
2011.09.19 10:44:53.731,0.80652,0.80723,3.00,1.35
2011.09.19 10:44:54.079,0.80652,0.80723,3.00,1.35
2011.09.19 10:44:56.833,0.80652,0.80723,3.00,1.35
2011.09.19 10:44:59.800,0.80652,0.80723,3.00,1.35
2011.09.19 10:45:01.268,0.80652,0.80719,3.00,1.50
2011.09.19 10:45:14.248,0.80652,0.80718,3.00,1.50
2011.09.19 10:45:14.842,0.80651,0.80711,3.00,2.25
2011.09.19 10:45:15.670,0.80652,0.80711,1.50,3.00
2011.09.19 10:45:17.490,0.80652,0.8071,1.50,1.50
2011.09.19 10:45:23.329,0.80652,0.80708,1.50,1.35
2011.09.19 10:45:30.900,0.80654,0.80708,1.50,1.35
2011.09.19 10:45:31.008,0.80663,0.80708,1.13,1.35
2011.09.19 10:45:32.151,0.80668,0.8071,2.25,1.88
2011.09.19 10:45:32.981,0.80668,0.8071,3.00,1.13
2011.09.19 10:45:33.395,0.80668,0.8071,3.00,1.13
2011.09.19 10:45:34.257,0.80668,0.8071,3.00,1.13
2011.09.19 10:45:35.201,0.80667,0.80708,1.13,2.25
2011.09.19 10:45:35.418,0.80666,0.80712,2.85,1.35
2011.09.19 10:45:35.528,0.80675,0.80716,2.25,1.13
2011.09.19 10:45:35.641,0.80675,0.80716,2.25,1.13
2011.09.19 10:45:35.759,0.80671,0.80718,2.85,1.35
2011.09.19 10:45:36.129,0.80671,0.80722,2.85,1.35
2011.09.19 10:45:38.380,0.80672,0.80722,1.35,1.35
2011.09.19 10:45:42.349,0.80672,0.80721,1.35,1.50
2011.09.19 10:45:43.610,0.80672,0.80722,1.35,1.35
2011.09.19 10:45:43.954,0.80672,0.80721,1.35,1.50
2011.09.19 10:45:45.367,0.80671,0.80719,3.00,1.35
2011.09.19 10:45:45.585,0.80671,0.80719,3.00,1.73
2011.09.19 10:45:46.137,0.80663,0.80715,3.00,2.25
2011.09.19 10:45:46.254,0.80672,0.80725,1.50,1.50
2011.09.19 10:45:46.369,0.80672,0.80726,1.50,1.13
2011.09.19 10:45:46.763,0.80661,0.80726,1.50,1.13
2011.09.19 10:45:47.790,0.80662,0.80726,1.50,1.13
2011.09.19 10:45:48.321,0.80664,0.80726,1.50,1.13
2011.09.19 10:45:48.721,0.80664,0.80726,1.50,1.13
2011.09.19 10:45:49.934,0.80664,0.80726,1.50,1.88
2011.09.19 10:45:51.305,0.80664,0.80726,1.50,1.13
2011.09.19 10:45:51.470,0.80664,0.80726,1.50,1.88
2011.09.19 10:45:52.230,0.80667,0.80727,1.50,1.50
2011.09.19 10:45:53.403,0.80667,0.80727,3.75,1.50
2011.09.19 10:45:54.409,0.80667,0.80729,3.75,4.35
2011.09.19 10:45:56.678,0.80667,0.80729,3.00,4.35
2011.09.19 10:45:57.619,0.80667,0.80727,3.00,1.50
2011.09.19 10:45:57.976,0.80667,0.80728,3.00,1.50
2011.09.19 10:45:58.352,0.80667,0.80727,3.00,1.50
2011.09.19 10:46:01.139,0.80667,0.80729,3.00,4.35
2011.09.19 10:46:01.249,0.80664,0.80725,1.50,3.38
2011.09.19 10:46:02.089,0.80665,0.80725,1.50,2.63
2011.09.19 10:46:03.538,0.80665,0.80725,1.50,3.38
2011.09.19 10:46:04.221,0.80665,0.80725,1.50,3.38
2011.09.19 10:46:04.339,0.80663,0.8072,1.50,2.25
2011.09.19 10:46:05.650,0.80663,0.8072,1.50,2.25
2011.09.19 10:46:07.410,0.80663,0.8072,1.50,3.00
2011.09.19 10:46:09.354,0.80662,0.8072,1.50,2.25
2011.09.19 10:46:09.796,0.8066,0.8072,1.50,3.00
2011.09.19 10:46:10.788,0.8066,0.80718,1.50,1.50
2011.09.19 10:46:10.913,0.8066,0.8072,1.50,3.00
2011.09.19 10:46:11.897,0.8066,0.80719,1.50,1.50
2011.09.19 10:46:12.760,0.80659,0.80719,3.60,1.50
2011.09.19 10:46:35.862,0.80659,0.80719,3.60,1.50
2011.09.19 10:46:37.410,0.80664,0.8072,1.50,3.00
2011.09.19 10:46:37.739,0.80664,0.80724,1.50,1.50
2011.09.19 10:46:39.920,0.80663,0.80724,3.75,1.50
2011.09.19 10:46:40.362,0.80663,0.80724,3.75,1.50
2011.09.19 10:46:42.492,0.80663,0.80723,3.75,1.13
2011.09.19 10:46:42.611,0.80663,0.8072,1.50,2.25
2011.09.19 10:46:43.112,0.80665,0.8072,1.50,3.00
2011.09.19 10:46:43.314,0.80665,0.8072,1.50,2.25
2011.09.19 10:46:45.330,0.80665,0.8072,1.50,3.00
2011.09.19 10:46:47.427,0.80665,0.8072,1.50,2.25
2011.09.19 10:46:48.568,0.80665,0.8072,1.50,3.00
2011.09.19 10:46:49.546,0.80664,0.8072,1.50,2.25
2011.09.19 10:46:50.624,0.80664,0.8072,1.50,2.25
2011.09.19 10:46:52.144,0.80666,0.8072,1.50,3.00
2011.09.19 10:46:52.439,0.80666,0.8072,1.50,2.25
2011.09.19 10:46:57.713,0.80666,0.8072,1.50,3.00
2011.09.19 10:46:57.828,0.80666,0.8072,1.50,2.25
2011.09.19 10:47:01.290,0.80666,0.8072,1.50,3.00
2011.09.19 10:47:03.369,0.80666,0.8072,1.50,3.00
2011.09.19 10:47:03.781,0.80667,0.80725,3.75,1.13
2011.09.19 10:47:04.785,0.80667,0.80729,3.75,4.13
2011.09.19 10:47:05.360,0.8067,0.80729,1.50,4.13
2011.09.19 10:47:08.479,0.8067,0.80729,1.50,3.38
2011.09.19 10:47:23.010,0.80672,0.80729,1.50,4.13
2011.09.19 10:47:23.967,0.80672,0.80729,1.50,4.13
2011.09.19 10:47:24.341,0.80672,0.80729,1.50,4.13
2011.09.19 10:47:24.450,0.80672,0.80729,1.50,4.13
2011.09.19 10:47:28.470,0.80674,0.80729,1.50,3.38
2011.09.19 10:47:31.003,0.80671,0.80729,1.50,4.13
2011.09.19 10:47:37.529,0.80671,0.80729,1.50,3.38
2011.09.19 10:47:37.750,0.80667,0.80725,1.50,3.00
2011.09.19 10:47:38.669,0.80667,0.80725,1.50,3.00
2011.09.19 10:47:39.209,0.80666,0.80725,1.50,3.00
2011.09.19 10:47:39.553,0.80666,0.80725,1.50,3.00
2011.09.19 10:47:40.489,0.80666,0.80723,1.50,1.50
2011.09.19 10:47:41.690,0.80666,0.80724,1.50,1.50
2011.09.19 10:47:42.692,0.80666,0.80723,1.50,1.50
2011.09.19 10:47:44.933,0.80666,0.80724,1.50,1.50
2011.09.19 10:47:54.939,0.80666,0.80723,1.50,1.50
2011.09.19 10:47:55.161,0.80666,0.80724,1.50,1.50
2011.09.19 10:48:00.730,0.80666,0.80723,1.50,1.50
2011.09.19 10:48:01.838,0.80664,0.80721,1.50,1.13
2011.09.19 10:48:02.226,0.80664,0.80719,1.50,2.25
2011.09.19 10:48:05.339,0.80662,0.80719,1.50,3.00
2011.09.19 10:48:08.200,0.80661,0.80719,1.50,3.00
2011.09.19 10:48:09.207,0.80663,0.80719,1.13,3.00
2011.09.19 10:48:09.538,0.80669,0.8072,3.00,3.00
2011.09.19 10:48:10.361,0.80669,0.8072,3.00,3.75
2011.09.19 10:48:10.656,0.80672,0.80719,1.13,1.13
2011.09.19 10:48:11.571,0.80677,0.8072,3.00,1.13
2011.09.19 10:48:11.688,0.80677,0.80722,3.00,2.85
2011.09.19 10:48:11.800,0.80679,0.80723,2.25,1.35
2011.09.19 10:48:12.230,0.80681,0.8073,1.35,3.75
2011.09.19 10:48:13.320,0.80682,0.8073,1.35,3.75
2011.09.19 10:48:13.934,0.80681,0.8073,1.35,3.38
2011.09.19 10:48:14.040,0.80674,0.80724,3.00,1.13
2011.09.19 10:48:14.151,0.80671,0.80723,1.35,2.63
2011.09.19 10:48:14.270,0.80671,0.80723,1.35,3.38
2011.09.19 10:48:14.918,0.80671,0.80719,1.35,3.38
2011.09.19 10:48:15.090,0.80671,0.80719,1.35,3.38
2011.09.19 10:48:16.362,0.80671,0.80719,1.35,3.38
2011.09.19 10:48:18.431,0.80671,0.80719,1.35,3.38
2011.09.19 10:48:19.154,0.80665,0.80716,3.00,1.73
2011.09.19 10:48:19.439,0.80664,0.80715,1.35,2.63
2011.09.19 10:48:19.934,0.80664,0.80715,1.35,3.38
2011.09.19 10:48:21.420,0.80664,0.80715,1.35,3.38
2011.09.19 10:48:23.403,0.80664,0.80715,1.35,3.38
2011.09.19 10:48:24.117,0.80664,0.80713,1.35,1.13
2011.09.19 10:48:24.543,0.80664,0.80713,1.35,3.38
2011.09.19 10:48:24.660,0.80664,0.80714,1.35,3.00
2011.09.19 10:48:24.773,0.80664,0.80714,1.35,3.00
2011.09.19 10:48:24.889,0.80664,0.80714,1.35,3.00
2011.09.19 10:48:25.001,0.80662,0.80714,2.85,3.75
2011.09.19 10:48:25.228,0.80664,0.80714,1.35,3.00
2011.09.19 10:48:25.761,0.80664,0.80714,1.35,3.00
2011.09.19 10:48:26.415,0.80664,0.80714,1.35,3.00
2011.09.19 10:48:27.349,0.80664,0.80714,1.35,3.00
2011.09.19 10:48:28.769,0.80664,0.80714,1.35,3.00
2011.09.19 10:48:29.543,0.80664,0.80714,1.35,3.00
2011.09.19 10:48:31.132,0.80664,0.80714,1.35,3.00
2011.09.19 10:48:31.248,0.80671,0.80714,1.13,3.00
2011.09.19 10:48:31.906,0.80678,0.80717,2.25,1.73
2011.09.19 10:48:32.341,0.80678,0.80717,3.00,1.73
2011.09.19 10:48:33.438,0.80686,0.80718,2.10,3.00
2011.09.19 10:48:33.664,0.80686,0.80733,2.48,1.73
2011.09.19 10:48:33.970,0.80691,0.80733,2.63,1.35
2011.09.19 10:48:34.300,0.80695,0.80733,2.25,1.13
2011.09.19 10:48:34.640,0.80695,0.80741,2.10,1.50
2011.09.19 10:48:34.750,0.80695,0.80743,2.10,2.85
2011.09.19 10:48:35.422,0.80692,0.80743,2.85,3.00
2011.09.19 10:48:36.322,0.80692,0.80743,2.85,3.00
2011.09.19 10:48:37.200,0.80692,0.80743,2.85,3.00
2011.09.19 10:48:37.309,0.80692,0.80743,2.85,3.75
2011.09.19 10:48:38.443,0.80692,0.80743,3.60,3.75
2011.09.19 10:48:45.273,0.80692,0.80742,2.85,1.50
2011.09.19 10:48:45.501,0.80693,0.80744,2.25,1.50
2011.09.19 10:48:45.778,0.80692,0.80744,1.35,3.00
2011.09.19 10:48:47.462,0.80692,0.80744,1.35,3.75
2011.09.19 10:48:49.173,0.80692,0.80742,1.35,1.50
2011.09.19 10:48:50.091,0.80692,0.80744,1.35,3.75
2011.09.19 10:48:50.499,0.80692,0.80742,1.35,1.50
2011.09.19 10:49:08.373,0.80691,0.80743,1.35,3.00
2011.09.19 10:49:09.023,0.80693,0.80745,2.25,1.50
2011.09.19 10:49:10.352,0.80693,0.80745,3.00,1.50
2011.09.19 10:49:12.262,0.80693,0.80745,2.25,1.50
2011.09.19 10:49:12.606,0.80693,0.80745,3.00,1.50
2011.09.19 10:49:13.861,0.80693,0.80744,3.00,1.50
2011.09.19 10:49:14.082,0.80692,0.80742,1.35,2.25
2011.09.19 10:49:16.440,0.80692,0.80742,1.35,3.75
2011.09.19 10:49:20.632,0.80692,0.80742,1.35,3.00
2011.09.19 10:49:21.180,0.80692,0.80739,1.35,3.00
2011.09.19 10:49:21.730,0.80691,0.80739,1.35,3.75
2011.09.19 10:49:22.880,0.80691,0.80739,1.35,3.75
2011.09.19 10:49:23.320,0.80692,0.80742,1.35,1.50
2011.09.19 10:49:25.303,0.80694,0.80742,1.50,1.50
2011.09.19 10:49:26.200,0.80694,0.80743,1.50,3.00
2011.09.19 10:49:26.815,0.80695,0.80738,1.50,2.25
2011.09.19 10:49:27.066,0.80692,0.80738,1.35,2.25
2011.09.19 10:49:27.463,0.80691,0.80738,2.10,2.25
2011.09.19 10:49:29.272,0.80692,0.80738,1.35,3.00
2011.09.19 10:49:34.008,0.80689,0.80738,1.35,3.75
2011.09.19 10:49:35.550,0.80689,0.80737,1.50,1.50
2011.09.19 10:49:37.548,0.80686,0.80735,3.75,1.50
2011.09.19 10:49:40.940,0.80687,0.80734,1.50,3.00
2011.09.19 10:49:42.370,0.80687,0.80734,1.50,3.00
2011.09.19 10:49:43.033,0.80686,0.80734,1.50,3.75
2011.09.19 10:49:43.149,0.80686,0.80734,1.50,3.75
2011.09.19 10:49:43.371,0.80686,0.80734,1.50,3.00
2011.09.19 10:49:43.479,0.80683,0.80734,1.35,3.00
2011.09.19 10:49:44.000,0.80685,0.80735,1.50,3.00
2011.09.19 10:49:45.784,0.80685,0.80735,1.50,3.75
2011.09.19 10:49:46.664,0.80685,0.80735,1.50,3.00
2011.09.19 10:49:47.141,0.80682,0.80714,2.25,1.13
2011.09.19 10:49:47.248,0.80682,0.80734,2.25,3.75
2011.09.19 10:49:47.359,0.80682,0.80734,2.25,3.75
2011.09.19 10:49:47.472,0.80682,0.80731,2.25,1.50
2011.09.19 10:49:48.131,0.80682,0.80731,2.63,1.50
2011.09.19 10:49:48.647,0.80686,0.80735,2.25,1.35
2011.09.19 10:49:49.232,0.80686,0.80735,3.00,1.35
2011.09.19 10:49:51.498,0.80686,0.80735,3.00,1.35
2011.09.19 10:49:52.816,0.80686,0.80735,3.00,1.35
2011.09.19 10:49:55.250,0.80686,0.80735,3.00,2.10
2011.09.19 10:49:55.611,0.80686,0.80735,3.00,1.35
2011.09.19 10:49:55.718,0.80686,0.80735,3.00,2.10
2011.09.19 10:49:55.989,0.80686,0.80735,2.25,2.10
2011.09.19 10:49:56.099,0.80682,0.80735,1.50,2.10
2011.09.19 10:49:56.318,0.80685,0.80735,2.63,1.35
2011.09.19 10:49:57.470,0.80685,0.80737,4.13,1.35
2011.09.19 10:49:57.928,0.80685,0.80735,1.50,1.35
2011.09.19 10:49:58.653,0.8068,0.80738,1.50,4.35
2011.09.19 10:49:58.769,0.80683,0.80741,2.10,4.35
2011.09.19 10:49:59.291,0.80687,0.80741,1.50,1.35
2011.09.19 10:49:59.924,0.80687,0.80741,1.50,1.35
2011.09.19 10:50:01.098,0.80687,0.80741,1.50,2.85
2011.09.19 10:50:03.252,0.80687,0.80741,1.50,3.60
2011.09.19 10:50:04.190,0.80687,0.80741,1.50,3.60
2011.09.19 10:50:04.367,0.80687,0.80741,1.50,3.60
2011.09.19 10:50:17.055,0.80686,0.80741,1.50,2.85
2011.09.19 10:50:18.044,0.8069,0.80741,3.75,1.35
2011.09.19 10:50:18.979,0.8069,0.80742,3.75,2.85
2011.09.19 10:50:21.562,0.80701,0.80743,1.50,2.63
2011.09.19 10:50:22.306,0.807,0.80741,1.13,1.13
2011.09.19 10:50:23.273,0.807,0.80742,1.13,1.13
2011.09.19 10:50:24.919,0.80699,0.80743,3.00,3.75
2011.09.19 10:50:25.303,0.80699,0.80746,3.00,1.35
2011.09.19 10:50:25.531,0.80701,0.80753,3.00,1.50
2011.09.19 10:50:25.638,0.80701,0.80753,3.00,1.50
2011.09.19 10:50:26.143,0.807,0.80752,3.00,3.00
2011.09.19 10:50:27.350,0.807,0.80752,3.00,3.00
2011.09.19 10:50:27.680,0.80701,0.80755,3.75,1.13
2011.09.19 10:50:28.896,0.80701,0.80752,1.50,2.25
2011.09.19 10:50:29.440,0.807,0.80752,3.75,2.25
2011.09.19 10:50:29.922,0.80701,0.80752,1.50,3.00
2011.09.19 10:50:30.899,0.80696,0.80748,3.00,3.00
2011.09.19 10:50:31.309,0.80696,0.80747,3.00,1.35
2011.09.19 10:50:31.419,0.80696,0.80747,3.00,1.35
2011.09.19 10:50:32.869,0.807,0.80749,2.25,1.35
2011.09.19 10:50:33.198,0.80692,0.8074,1.73,2.25
2011.09.19 10:50:33.309,0.80695,0.80747,3.00,1.35
2011.09.19 10:50:33.418,0.80695,0.80748,3.00,1.35
2011.09.19 10:50:33.770,0.80693,0.80748,3.38,2.10
2011.09.19 10:50:33.883,0.80692,0.80744,3.60,3.00
2011.09.19 10:50:34.659,0.80692,0.80744,3.60,3.75
2011.09.19 10:50:35.169,0.80692,0.80744,2.85,3.75
2011.09.19 10:50:35.691,0.80693,0.80744,1.13,3.00
2011.09.19 10:50:35.808,0.80693,0.80744,1.88,3.00
2011.09.19 10:50:35.921,0.80693,0.80744,3.75,1.13
2011.09.19 10:50:36.138,0.80692,0.8074,1.35,3.00
2011.09.19 10:50:37.492,0.80688,0.80739,2.85,1.50
2011.09.19 10:50:38.400,0.80691,0.80739,1.35,1.50
2011.09.19 10:50:40.449,0.80692,0.8074,1.35,2.25
2011.09.19 10:50:41.700,0.80692,0.8074,1.35,3.00
2011.09.19 10:50:46.830,0.80692,0.80744,4.35,3.00
2011.09.19 10:50:46.939,0.80692,0.80744,3.60,3.00
2011.09.19 10:50:47.639,0.80692,0.80744,4.35,3.00
2011.09.19 10:50:48.263,0.80692,0.8074,1.35,2.25
2011.09.19 10:50:48.378,0.80692,0.8074,1.35,2.25
2011.09.19 10:50:50.291,0.80692,0.8074,1.35,2.25
2011.09.19 10:50:52.369,0.80692,0.8074,1.35,3.75
2011.09.19 10:50:55.221,0.80688,0.80739,3.75,1.35
2011.09.19 10:51:13.981,0.80688,0.80737,3.75,1.35
2011.09.19 10:51:16.725,0.80688,0.80739,3.00,1.35
2011.09.19 10:51:19.530,0.80688,0.80737,3.00,1.35
2011.09.19 10:51:20.750,0.80688,0.80738,3.00,1.35
2011.09.19 10:51:21.522,0.80688,0.80737,3.00,1.35
2011.09.19 10:51:22.121,0.80688,0.80738,3.00,1.35
2011.09.19 10:51:22.230,0.80688,0.80737,3.00,1.35
2011.09.19 10:51:22.688,0.80688,0.80739,3.00,1.35
2011.09.19 10:51:22.800,0.80688,0.80737,3.00,1.35
2011.09.19 10:51:23.760,0.80688,0.80734,3.00,1.13
2011.09.19 10:51:23.870,0.80684,0.80733,1.50,2.63
2011.09.19 10:51:23.978,0.80683,0.80733,1.35,2.63
2011.09.19 10:51:25.366,0.80683,0.80733,1.35,4.13
2011.09.19 10:51:26.251,0.80683,0.80731,1.35,2.25
2011.09.19 10:51:28.124,0.80681,0.80731,1.35,3.00
2011.09.19 10:51:28.242,0.80683,0.80733,1.35,1.50
2011.09.19 10:51:30.322,0.80683,0.80733,1.35,1.50
2011.09.19 10:51:32.259,0.80683,0.80733,1.35,1.50
2011.09.19 10:51:35.949,0.80685,0.80736,3.00,1.50
2011.09.19 10:51:38.280,0.80683,0.80734,1.35,1.50
2011.09.19 10:51:38.830,0.80683,0.80733,1.35,1.50
2011.09.19 10:51:40.433,0.80683,0.80733,1.35,1.50
2011.09.19 10:52:07.295,0.80681,0.80734,3.75,1.50
2011.09.19 10:52:07.516,0.80681,0.80733,3.75,1.50
2011.09.19 10:52:07.632,0.80681,0.80734,3.75,1.50
2011.09.19 10:52:10.470,0.80681,0.80733,3.75,1.50
2011.09.19 10:52:13.506,0.80684,0.80734,1.50,1.50
2011.09.19 10:52:13.812,0.80683,0.80733,1.50,1.50
2011.09.19 10:52:14.104,0.80683,0.8073,1.50,1.50
2011.09.19 10:52:14.219,0.80682,0.8073,1.50,1.50
2011.09.19 10:52:14.541,0.80683,0.8073,1.50,1.50
2011.09.19 10:52:15.067,0.80683,0.80728,1.50,1.50
2011.09.19 10:52:16.451,0.80685,0.80728,1.50,1.50
2011.09.19 10:52:16.970,0.80685,0.80733,1.50,1.50
2011.09.19 10:52:17.303,0.80685,0.80729,1.50,1.50
2011.09.19 10:52:18.210,0.80682,0.80729,1.50,1.50
2011.09.19 10:52:19.712,0.80682,0.80733,1.50,1.50
2011.09.19 10:52:19.866,0.80684,0.80733,1.50,1.50
2011.09.19 10:52:20.742,0.80684,0.80734,1.50,1.50
2011.09.19 10:52:34.340,0.80683,0.80734,1.50,1.13
2011.09.19 10:52:34.449,0.80683,0.80731,1.50,2.25
2011.09.19 10:52:34.902,0.80681,0.80731,1.50,2.25
2011.09.19 10:52:35.010,0.80681,0.80739,1.50,1.50
2011.09.19 10:52:36.104,0.80681,0.80735,1.50,1.50
2011.09.19 10:52:37.051,0.80683,0.80736,3.00,1.50
2011.09.19 10:52:38.301,0.80684,0.80736,1.50,1.50
2011.09.19 10:52:38.631,0.80692,0.80746,1.50,1.35
2011.09.19 10:52:38.852,0.80725,0.80763,2.25,1.50
2011.09.19 10:52:39.080,0.80727,0.80768,2.25,1.50
2011.09.19 10:52:39.610,0.80727,0.80774,3.00,3.75
2011.09.19 10:52:40.529,0.80723,0.80772,1.35,3.75
2011.09.19 10:52:41.168,0.80723,0.80772,1.35,3.75
2011.09.19 10:52:41.672,0.80727,0.80772,3.00,1.50
2011.09.19 10:52:42.223,0.80727,0.80772,5.10,1.50
2011.09.19 10:52:42.702,0.80731,0.80774,1.35,3.00
2011.09.19 10:52:43.365,0.80731,0.80771,1.35,1.50
2011.09.19 10:52:44.341,0.80728,0.80771,1.35,1.50
2011.09.19 10:52:51.710,0.80731,0.80774,1.35,3.75
2011.09.19 10:52:57.106,0.80731,0.80769,1.35,2.25
2011.09.19 10:52:57.700,0.80728,0.80769,1.35,2.25
2011.09.19 10:52:57.930,0.80728,0.80774,1.35,1.50
2011.09.19 10:52:58.479,0.80728,0.80773,1.35,1.50
2011.09.19 10:52:58.590,0.80731,0.80775,1.35,1.50
2011.09.19 10:52:58.701,0.80729,0.80773,2.85,1.50
2011.09.19 10:53:00.591,0.80729,0.80776,2.85,3.00
2011.09.19 10:53:01.405,0.80731,0.80776,1.35,3.00
2011.09.19 10:53:02.382,0.80731,0.80774,1.35,1.50
2011.09.19 10:53:04.540,0.80727,0.80778,2.85,2.10
2011.09.19 10:53:05.353,0.80731,0.80778,1.35,2.10
2011.09.19 10:53:06.380,0.80731,0.80778,1.35,1.35
2011.09.19 10:53:07.123,0.80731,0.80778,1.35,1.35
2011.09.19 10:53:10.381,0.80725,0.80784,1.50,3.75
2011.09.19 10:53:10.638,0.80725,0.80779,1.50,1.50
2011.09.19 10:53:11.088,0.80722,0.80779,3.60,1.50
2011.09.19 10:53:12.330,0.80723,0.80778,3.60,1.50
2011.09.19 10:53:13.021,0.80724,0.80778,1.50,1.50
2011.09.19 10:53:13.320,0.80723,0.80773,3.60,1.50
2011.09.19 10:53:14.330,0.80722,0.80776,1.35,3.00
2011.09.19 10:53:14.712,0.80721,0.80767,2.25,1.35
2011.09.19 10:53:14.834,0.8072,0.80767,2.25,3.60
2011.09.19 10:53:14.951,0.8072,0.80767,3.00,3.60
2011.09.19 10:53:16.351,0.8072,0.80767,3.75,3.60
2011.09.19 10:53:17.401,0.80721,0.80767,1.35,3.00
2011.09.19 10:53:18.501,0.80721,0.80765,1.35,1.50
2011.09.19 10:53:20.838,0.80725,0.80768,3.00,1.50
2011.09.19 10:53:20.950,0.80725,0.80767,2.25,1.50
2011.09.19 10:53:21.205,0.80724,0.80766,1.50,2.25
2011.09.19 10:53:22.680,0.80721,0.8076,2.10,2.25
2011.09.19 10:53:22.968,0.80721,0.8076,2.10,2.25
2011.09.19 10:53:23.625,0.80721,0.8076,1.35,3.00
2011.09.19 10:53:25.010,0.80717,0.80757,1.35,3.00
2011.09.19 10:53:25.921,0.80716,0.80757,1.35,2.25
2011.09.19 10:53:28.059,0.80716,0.80757,1.35,3.00
2011.09.19 10:53:28.559,0.80716,0.80757,1.35,3.00
2011.09.19 10:53:28.857,0.80716,0.80757,2.10,3.00
2011.09.19 10:53:29.371,0.80716,0.80757,1.35,3.00
2011.09.19 10:53:30.948,0.80714,0.80758,1.73,4.13
2011.09.19 10:53:31.194,0.80714,0.80758,1.73,4.13
2011.09.19 10:53:32.281,0.80714,0.80758,1.73,4.13
2011.09.19 10:53:32.388,0.80714,0.80758,1.73,4.13
2011.09.19 10:53:33.397,0.80714,0.80758,1.73,4.13
2011.09.19 10:53:34.021,0.80713,0.80755,1.13,1.35
2011.09.19 10:53:39.381,0.80712,0.80755,2.63,1.35
2011.09.19 10:53:49.399,0.80709,0.80755,3.00,2.10
2011.09.19 10:53:49.682,0.80711,0.80755,1.13,2.10
2011.09.19 10:53:51.544,0.80709,0.80755,3.00,2.10
2011.09.19 10:54:01.013,0.80709,0.80749,2.25,1.35
2011.09.19 10:54:01.133,0.80697,0.80749,1.35,1.35
2011.09.19 10:54:01.252,0.80683,0.8074,1.35,2.10
2011.09.19 10:54:01.682,0.80683,0.8075,3.38,1.50
2011.09.19 10:54:02.324,0.80683,0.80751,4.13,1.35
2011.09.19 10:54:02.791,0.80683,0.80751,3.38,1.35
2011.09.19 10:54:03.439,0.80683,0.80749,3.38,1.50
2011.09.19 10:54:05.761,0.80683,0.80749,4.13,1.50
2011.09.19 10:54:06.450,0.80683,0.80751,4.13,1.35
2011.09.19 10:54:06.560,0.80683,0.80747,4.13,1.50
2011.09.19 10:54:07.492,0.80683,0.80748,4.13,1.50
2011.09.19 10:54:14.892,0.80683,0.80748,3.38,1.50
2011.09.19 10:54:17.238,0.80683,0.80745,3.38,1.50
2011.09.19 10:54:17.512,0.80683,0.80748,3.38,1.50
2011.09.19 10:54:17.641,0.80683,0.80748,4.13,1.50
2011.09.19 10:54:17.893,0.80683,0.80751,4.13,1.35
2011.09.19 10:54:18.851,0.80683,0.80751,3.38,1.35
2011.09.19 10:54:19.569,0.80683,0.80749,3.38,1.50
2011.09.19 10:54:19.949,0.80684,0.80735,1.13,3.00
2011.09.19 10:54:21.302,0.80684,0.80735,1.13,3.00
2011.09.19 10:54:21.822,0.80684,0.80735,1.13,3.00
2011.09.19 10:54:22.452,0.80684,0.80733,1.13,1.50
2011.09.19 10:54:23.369,0.80684,0.80733,1.13,1.50
2011.09.19 10:54:25.706,0.80684,0.80732,1.13,1.50
2011.09.19 10:54:26.917,0.80684,0.80733,1.13,1.50
2011.09.19 10:54:27.076,0.80684,0.80732,1.13,1.50
2011.09.19 10:54:27.981,0.80684,0.80729,1.13,1.50
2011.09.19 10:54:28.318,0.80684,0.80731,1.13,1.50
2011.09.19 10:54:30.149,0.80689,0.80731,2.25,1.50
2011.09.19 10:54:30.580,0.80696,0.80736,1.13,3.00
2011.09.19 10:54:31.310,0.80696,0.80736,1.13,3.00
2011.09.19 10:54:31.848,0.80691,0.80734,1.50,1.50
2011.09.19 10:54:31.961,0.80689,0.80734,4.35,1.50
2011.09.19 10:54:33.591,0.80689,0.80734,1.35,1.50
2011.09.19 10:54:34.266,0.80689,0.80735,1.35,3.75
2011.09.19 10:54:34.601,0.80678,0.80732,1.35,2.25
2011.09.19 10:54:34.819,0.80666,0.80732,1.35,3.00
2011.09.19 10:54:35.245,0.80666,0.80732,1.35,3.00
2011.09.19 10:54:35.578,0.80666,0.80733,1.35,3.00
2011.09.19 10:54:36.421,0.80666,0.80729,1.35,3.00
2011.09.19 10:54:36.641,0.80666,0.80733,1.35,3.75
2011.09.19 10:54:36.859,0.80666,0.80728,1.35,3.75
2011.09.19 10:54:38.403,0.80666,0.80724,1.35,1.50
2011.09.19 10:54:41.331,0.80666,0.80724,1.35,1.50
2011.09.19 10:54:43.370,0.80671,0.80724,1.50,1.50
2011.09.19 10:54:43.589,0.80684,0.80729,1.50,1.50
2011.09.19 10:54:43.809,0.80689,0.80734,3.00,1.50
2011.09.19 10:54:44.140,0.80689,0.80734,2.63,1.88
2011.09.19 10:54:44.470,0.80684,0.80734,1.50,3.38
2011.09.19 10:54:44.579,0.80684,0.80727,1.13,2.25
2011.09.19 10:54:49.256,0.80688,0.80727,1.13,2.25
2011.09.19 10:54:51.388,0.80686,0.80727,1.73,2.25
2011.09.19 10:54:52.346,0.80688,0.80727,1.13,2.25
2011.09.19 10:54:59.839,0.80691,0.80732,1.13,3.00
2011.09.19 10:55:00.080,0.80687,0.80732,1.13,3.38
2011.09.19 10:55:00.801,0.80688,0.80727,1.13,2.25
2011.09.19 10:55:02.341,0.80688,0.80727,1.13,2.25
2011.09.19 10:55:04.264,0.80686,0.80727,1.35,3.00
2011.09.19 10:55:04.384,0.80687,0.80727,1.13,2.25
2011.09.19 10:55:04.503,0.80681,0.80728,2.85,3.00
2011.09.19 10:55:04.623,0.80671,0.80726,1.35,1.35
2011.09.19 10:55:04.961,0.80658,0.80724,1.35,1.50
2011.09.19 10:55:05.069,0.8066,0.80725,1.50,3.00
2011.09.19 10:55:06.690,0.8066,0.80725,1.50,3.00
2011.09.19 10:55:07.799,0.80659,0.80725,1.50,3.75
2011.09.19 10:55:09.455,0.80658,0.80725,1.35,3.75
2011.09.19 10:55:10.444,0.80659,0.80725,1.50,3.75
2011.09.19 10:55:11.975,0.8066,0.80725,3.00,1.50
2011.09.19 10:55:12.091,0.80652,0.80724,2.10,3.00
2011.09.19 10:55:12.202,0.80652,0.80722,1.50,2.10
2011.09.19 10:55:12.541,0.80641,0.80695,1.50,2.25
2011.09.19 10:55:12.683,0.80641,0.80695,1.50,2.25
2011.09.19 10:55:12.800,0.80641,0.807,1.50,2.25
2011.09.19 10:55:13.658,0.80641,0.807,2.10,2.25
2011.09.19 10:55:14.408,0.80642,0.807,2.10,2.25
2011.09.19 10:55:15.442,0.80642,0.807,2.10,3.00
2011.09.19 10:55:16.670,0.80642,0.807,2.10,3.00
2011.09.19 10:55:18.581,0.80642,0.807,2.10,2.25
2011.09.19 10:55:21.283,0.80642,0.807,2.10,3.00
2011.09.19 10:55:21.502,0.80642,0.807,2.10,2.25
2011.09.19 10:55:21.741,0.80644,0.807,1.13,2.25
2011.09.19 10:55:21.851,0.80644,0.80705,3.38,1.35
2011.09.19 10:55:23.300,0.80644,0.80705,3.38,1.35
2011.09.19 10:55:26.380,0.80644,0.80705,3.38,1.35
2011.09.19 10:55:27.500,0.80649,0.80705,3.00,1.35
2011.09.19 10:55:27.960,0.80645,0.80705,1.13,1.35
2011.09.19 10:55:29.475,0.80645,0.80705,1.13,1.35
2011.09.19 10:55:29.851,0.80645,0.80705,1.13,1.35
2011.09.19 10:55:31.662,0.80645,0.80705,1.13,2.10
2011.09.19 10:55:31.990,0.80644,0.80705,1.50,4.35
2011.09.19 10:55:32.209,0.80642,0.80704,1.35,1.50
2011.09.19 10:55:32.872,0.80642,0.80696,1.35,2.25
2011.09.19 10:55:33.471,0.80642,0.80696,1.35,2.25
2011.09.19 10:55:34.314,0.80642,0.80696,1.35,2.25
2011.09.19 10:55:40.258,0.80642,0.80696,1.35,3.75
2011.09.19 10:55:48.214,0.80642,0.80696,1.35,3.00
2011.09.19 10:55:49.047,0.80642,0.80696,1.35,3.00
2011.09.19 10:55:57.231,0.80642,0.80696,1.35,3.00
2011.09.19 10:55:57.450,0.80642,0.80696,1.35,2.25
2011.09.19 10:55:57.730,0.80642,0.80696,1.35,3.00
2011.09.19 10:55:59.660,0.80642,0.80696,1.35,2.25
2011.09.19 10:56:05.493,0.80642,0.80696,1.35,3.00
2011.09.19 10:56:06.015,0.80642,0.80696,1.35,2.25
2011.09.19 10:56:06.133,0.80642,0.807,1.35,1.50
2011.09.19 10:56:07.269,0.80642,0.80701,1.35,3.00
2011.09.19 10:56:08.292,0.80642,0.80701,1.35,3.00
2011.09.19 10:56:09.331,0.80642,0.807,1.35,1.50
2011.09.19 10:56:10.733,0.80642,0.807,1.35,1.50
2011.09.19 10:56:14.380,0.80644,0.80703,3.00,1.50
2011.09.19 10:56:22.441,0.80639,0.80704,1.50,1.50
2011.09.19 10:56:22.791,0.80639,0.80696,1.50,2.25
2011.09.19 10:56:23.372,0.80637,0.80696,1.50,2.25
2011.09.19 10:56:25.581,0.80637,0.80704,3.75,3.38
2011.09.19 10:56:26.592,0.80637,0.80697,1.50,2.25
2011.09.19 10:56:27.329,0.80637,0.80697,1.50,3.00
2011.09.19 10:56:27.614,0.80637,0.80696,1.50,1.35
2011.09.19 10:56:27.950,0.80635,0.80694,3.00,1.35
2011.09.19 10:56:28.063,0.80633,0.80692,1.50,3.00
2011.09.19 10:56:28.505,0.80632,0.80692,3.00,2.25
2011.09.19 10:56:28.620,0.80631,0.80697,1.50,2.85
2011.09.19 10:56:28.730,0.80631,0.80697,1.50,2.85
2011.09.19 10:56:28.902,0.80639,0.80697,1.35,2.25
2011.09.19 10:56:31.051,0.80639,0.80702,1.35,1.35
2011.09.19 10:56:31.162,0.80638,0.80704,1.50,3.38
2011.09.19 10:56:31.281,0.80638,0.80697,1.50,2.25
2011.09.19 10:56:32.341,0.80636,0.80697,1.50,3.00
2011.09.19 10:56:35.612,0.80636,0.80697,1.50,3.00
2011.09.19 10:56:37.754,0.80638,0.80697,1.50,2.25
2011.09.19 10:56:38.624,0.80638,0.80697,1.50,2.25
2011.09.19 10:56:40.397,0.80638,0.80697,1.50,2.25
2011.09.19 10:56:41.145,0.80642,0.807,1.35,1.50
2011.09.19 10:56:41.262,0.80644,0.80704,1.35,1.50
2011.09.19 10:56:41.386,0.80644,0.80705,1.35,3.00
2011.09.19 10:56:42.046,0.80644,0.80704,1.35,1.50
2011.09.19 10:56:42.252,0.80642,0.80704,1.35,1.50
2011.09.19 10:56:42.372,0.80644,0.80704,1.35,1.50
2011.09.19 10:56:44.391,0.80644,0.80704,1.35,1.50
2011.09.19 10:56:47.162,0.80645,0.80704,1.50,1.35
2011.09.19 10:56:47.488,0.80639,0.80696,1.50,2.25
2011.09.19 10:56:48.638,0.80639,0.80696,1.50,2.25
2011.09.19 10:56:51.321,0.80639,0.80696,1.50,2.25
2011.09.19 10:56:52.196,0.8064,0.80696,1.50,3.00
2011.09.19 10:56:53.040,0.8064,0.80696,1.50,2.25
2011.09.19 10:56:57.802,0.8064,0.80695,1.50,2.25
2011.09.19 10:56:59.001,0.8064,0.80696,1.50,2.25
2011.09.19 10:57:06.956,0.80641,0.80702,1.50,1.50
2011.09.19 10:57:07.441,0.80641,0.80703,1.50,1.35
2011.09.19 10:57:08.681,0.80644,0.80704,1.50,3.60
2011.09.19 10:57:20.741,0.80649,0.80705,1.50,3.00
2011.09.19 10:57:20.852,0.80649,0.80709,1.50,1.50
2011.09.19 10:57:21.332,0.80649,0.80706,1.50,3.00
2011.09.19 10:57:22.550,0.80647,0.80706,1.50,3.00
2011.09.19 10:57:23.395,0.80647,0.80706,1.50,3.00
2011.09.19 10:57:23.925,0.80646,0.80706,1.50,3.00
2011.09.19 10:57:24.172,0.80647,0.80706,1.50,3.00
2011.09.19 10:57:27.963,0.80647,0.80706,1.50,3.00
2011.09.19 10:57:28.121,0.80647,0.80706,1.50,3.75
2011.09.19 10:57:28.293,0.80647,0.80706,1.50,3.00
2011.09.19 10:57:28.576,0.80647,0.80706,1.50,3.75
2011.09.19 10:57:32.583,0.80647,0.80703,1.50,1.50
2011.09.19 10:57:33.240,0.80646,0.80703,1.50,1.50
2011.09.19 10:57:34.991,0.80646,0.80706,1.50,3.00
2011.09.19 10:57:35.774,0.80648,0.80706,1.50,2.25
2011.09.19 10:57:40.170,0.80644,0.80706,3.60,3.00
2011.09.19 10:57:42.290,0.80644,0.80703,3.60,1.50
2011.09.19 10:57:43.250,0.80644,0.80703,3.60,1.50
2011.09.19 10:57:47.323,0.80644,0.80703,3.60,1.50
2011.09.19 10:57:55.024,0.80649,0.80709,1.13,1.50
2011.09.19 10:57:55.291,0.80646,0.80705,1.50,2.25
2011.09.19 10:57:57.371,0.80646,0.80705,1.50,3.00
2011.09.19 10:58:00.414,0.80646,0.80705,1.50,2.25
2011.09.19 10:58:00.962,0.80645,0.80704,3.75,1.35
2011.09.19 10:58:01.542,0.80645,0.80705,1.50,2.85
2011.09.19 10:58:02.201,0.80645,0.80705,1.50,2.85
2011.09.19 10:58:02.940,0.80645,0.80705,1.50,2.85
2011.09.19 10:58:09.529,0.80645,0.80704,1.50,1.35
2011.09.19 10:58:11.421,0.80647,0.80706,1.50,3.60
2011.09.19 10:58:14.331,0.80647,0.80706,1.50,3.60
2011.09.19 10:58:14.662,0.80644,0.80704,3.00,1.35
2011.09.19 10:58:14.769,0.80643,0.807,1.88,2.25
2011.09.19 10:58:14.880,0.80645,0.80704,3.00,1.35
2011.09.19 10:58:15.043,0.80646,0.80705,1.50,2.85
2011.09.19 10:58:16.873,0.80646,0.80704,1.50,1.35
2011.09.19 10:58:17.245,0.80646,0.80704,1.50,1.35
2011.09.19 10:58:21.020,0.80649,0.80705,1.13,2.85
2011.09.19 10:58:21.349,0.80649,0.80704,1.50,1.35
2011.09.19 10:58:21.793,0.80649,0.80708,3.75,1.35
2011.09.19 10:58:23.192,0.80648,0.80706,1.50,2.85
2011.09.19 10:58:24.341,0.80648,0.80706,1.50,2.85
2011.09.19 10:58:25.881,0.80648,0.80704,1.50,1.35
2011.09.19 10:58:27.018,0.80648,0.80706,1.50,2.85
2011.09.19 10:58:57.923,0.80647,0.80706,1.50,3.60
2011.09.19 10:58:58.163,0.80647,0.80705,1.50,2.85
2011.09.19 10:58:58.902,0.80644,0.80704,1.50,1.35
2011.09.19 10:59:00.126,0.80644,0.80705,1.50,3.00
2011.09.19 10:59:00.253,0.80644,0.80705,1.50,3.00
2011.09.19 10:59:02.403,0.80644,0.80705,1.50,3.00
2011.09.19 10:59:05.640,0.80644,0.80704,1.50,1.50
2011.09.19 10:59:06.999,0.80645,0.80705,3.00,2.25
2011.09.19 10:59:07.693,0.80645,0.80705,3.00,2.25
2011.09.19 10:59:08.341,0.80645,0.80705,3.00,2.25
2011.09.19 10:59:08.901,0.8065,0.80705,1.50,2.25
2011.09.19 10:59:10.701,0.8065,0.80705,1.50,2.25
2011.09.19 10:59:11.429,0.8065,0.80705,1.50,2.25
2011.09.19 10:59:18.129,0.80651,0.80709,1.50,3.75
2011.09.19 10:59:18.239,0.80651,0.80709,1.50,3.75
2011.09.19 10:59:18.633,0.80651,0.80706,1.50,2.25
2011.09.19 10:59:18.936,0.80651,0.80706,1.50,2.25
2011.09.19 10:59:19.844,0.80649,0.80705,1.50,2.25
2011.09.19 10:59:21.772,0.80649,0.80705,1.50,2.25
2011.09.19 10:59:28.291,0.80658,0.80705,1.50,2.25
2011.09.19 10:59:28.398,0.80658,0.80715,3.75,1.35
2011.09.19 10:59:28.619,0.80652,0.80711,1.50,2.25
2011.09.19 10:59:28.754,0.80652,0.80713,1.50,2.25
2011.09.19 10:59:30.350,0.80652,0.80713,1.50,2.25
2011.09.19 10:59:32.403,0.80652,0.80713,1.50,3.00
2011.09.19 10:59:34.271,0.80654,0.80713,1.50,2.25
2011.09.19 10:59:34.690,0.80654,0.80714,1.50,1.50
2011.09.19 10:59:35.892,0.80654,0.80715,1.50,3.60
2011.09.19 10:59:38.172,0.80663,0.80715,1.13,3.60
2011.09.19 10:59:38.280,0.80666,0.80726,3.75,1.50
2011.09.19 10:59:38.501,0.80666,0.80727,3.75,3.00
2011.09.19 10:59:38.903,0.80661,0.80714,1.50,2.25
2011.09.19 10:59:39.021,0.80661,0.80721,1.50,2.85
2011.09.19 10:59:43.285,0.80662,0.80723,3.00,4.35
2011.09.19 10:59:44.507,0.80661,0.80719,1.50,1.35
2011.09.19 10:59:44.622,0.80661,0.80722,1.50,2.85
2011.09.19 10:59:45.165,0.80661,0.80718,1.50,1.35
2011.09.19 10:59:48.033,0.8066,0.80714,1.50,2.25
2011.09.19 10:59:48.151,0.8066,0.80714,1.50,2.25
2011.09.19 10:59:48.849,0.80665,0.80723,3.75,1.35
2011.09.19 10:59:49.290,0.80661,0.80713,1.50,2.25
2011.09.19 10:59:50.452,0.80661,0.80713,1.50,2.25
2011.09.19 10:59:51.311,0.80661,0.80721,1.50,3.60
2011.09.19 10:59:51.433,0.80661,0.80721,1.50,3.60
2011.09.19 10:59:53.023,0.80662,0.80713,1.50,2.25
2011.09.19 10:59:53.443,0.80661,0.80713,1.50,2.25
2011.09.19 10:59:54.402,0.80661,0.80713,1.50,2.25
2011.09.19 10:59:55.488,0.80659,0.80717,1.50,2.25
2011.09.19 10:59:56.422,0.8066,0.80714,1.50,2.25
2011.09.19 10:59:56.750,0.80655,0.80714,1.50,2.25
2011.09.19 10:59:56.863,0.80655,0.80714,1.50,2.63
2011.09.19 10:59:57.202,0.8065,0.80705,1.50,2.25
2011.09.19 10:59:57.419,0.8065,0.80704,1.50,2.25
2011.09.19 10:59:58.257,0.8065,0.80704,1.50,2.25
2011.09.19 10:59:58.694,0.80647,0.80704,1.50,2.25
2011.09.19 10:59:59.089,0.80649,0.80712,1.50,2.25
2011.09.19 10:59:59.201,0.80657,0.80717,3.00,3.00
2011.09.19 10:59:59.310,0.80657,0.80717,3.75,2.25
2011.09.19 10:59:59.420,0.80657,0.80709,1.50,2.25
2011.09.19 10:59:59.750,0.80652,0.80709,1.50,2.25
2011.09.19 10:59:59.861,0.80652,0.80705,1.50,2.25
