2011.02.22 22:00:02.349,0.73918,0.73997,1.00,1.00
2011.02.22 22:00:03.399,0.73913,0.73997,1.00,1.00
2011.02.22 22:00:05.670,0.73928,0.74057,1.00,1.00
2011.02.22 22:00:07.176,0.73923,0.74057,1.00,1.00
2011.02.22 22:00:08.273,0.73928,0.74052,1.00,1.00
2011.02.22 22:00:09.260,0.73928,0.74057,1.00,1.00
2011.02.22 22:00:09.940,0.73918,0.74042,1.00,1.00
2011.02.22 22:00:11.227,0.73918,0.74037,1.00,1.00
2011.02.22 22:00:12.201,0.73917,0.74028,1.00,1.00
2011.02.22 22:00:13.279,0.73918,0.74022,1.00,1.00
2011.02.22 22:00:15.221,0.73887,0.74008,1.00,1.00
2011.02.22 22:00:16.240,0.73893,0.74007,1.00,1.00
2011.02.22 22:00:17.269,0.73888,0.74002,1.00,1.00
2011.02.22 22:00:21.172,0.73892,0.73998,1.00,1.00
2011.02.22 22:00:24.229,0.73893,0.73992,1.00,1.00
2011.02.22 22:00:26.243,0.73898,0.73997,1.00,1.00
2011.02.22 22:00:26.789,0.73908,0.74047,1.00,1.00
2011.02.22 22:00:28.309,0.73907,0.74043,1.00,1.00
2011.02.22 22:00:34.867,0.73928,0.74072,1.00,1.00
2011.02.22 22:00:35.088,0.73918,0.74067,1.00,1.00
2011.02.22 22:00:39.259,0.73917,0.74038,1.00,1.00
2011.02.22 22:00:39.768,0.73923,0.74067,1.00,1.00
2011.02.22 22:00:41.241,0.73937,0.74068,1.00,1.00
2011.02.22 22:00:42.233,0.73942,0.74068,1.00,1.00
2011.02.22 22:00:55.309,0.73923,0.74057,1.00,1.00
2011.02.22 22:00:59.299,0.73922,0.74043,1.00,1.00
2011.02.22 22:00:59.680,0.73923,0.74037,1.00,1.00
2011.02.22 22:01:02.220,0.73923,0.74032,1.00,1.00
2011.02.22 22:01:05.220,0.73927,0.74033,1.00,1.00
2011.02.22 22:01:06.299,0.73933,0.74032,1.00,1.00
2011.02.22 22:01:09.261,0.73933,0.74027,1.00,1.00
2011.02.22 22:01:12.690,0.73903,0.74017,1.00,1.00
2011.02.22 22:01:14.475,0.73903,0.74002,1.00,1.00
2011.02.22 22:01:18.243,0.73907,0.74003,1.00,1.00
2011.02.22 22:01:18.753,0.73898,0.74012,1.00,1.00
2011.02.22 22:01:21.223,0.73897,0.73993,1.00,1.00
2011.02.22 22:01:22.226,0.73892,0.73988,1.00,1.00
2011.02.22 22:01:22.449,0.73888,0.73987,1.00,1.00
2011.02.22 22:01:24.162,0.73888,0.73982,1.00,1.00
2011.02.22 22:01:29.172,0.73912,0.74023,1.00,1.00
2011.02.22 22:01:32.259,0.73903,0.74007,1.00,1.00
2011.02.22 22:01:32.699,0.73908,0.74007,1.00,1.00
2011.02.22 22:01:34.039,0.73893,0.74002,1.00,1.00
2011.02.22 22:01:35.131,0.73898,0.73992,1.00,1.00
2011.02.22 22:01:36.249,0.73898,0.73987,1.00,1.00
2011.02.22 22:01:36.651,0.73893,0.73987,1.00,1.00
2011.02.22 22:01:40.292,0.73887,0.73983,1.00,1.00
2011.02.22 22:01:41.082,0.73892,0.73988,1.00,1.00
2011.02.22 22:01:42.202,0.73888,0.73982,1.00,1.00
2011.02.22 22:01:44.700,0.73893,0.73992,1.00,1.00
2011.02.22 22:01:46.269,0.73897,0.73993,1.00,1.00
2011.02.22 22:01:47.499,0.73902,0.73998,1.00,1.00
2011.02.22 22:01:57.779,0.73903,0.74002,1.00,1.00
2011.02.22 22:01:58.479,0.73893,0.73997,1.00,1.00
2011.02.22 22:02:00.240,0.73892,0.73988,1.00,1.00
2011.02.22 22:02:01.152,0.73893,0.73982,1.00,1.00
2011.02.22 22:02:02.142,0.73892,0.73988,1.00,1.00
2011.02.22 22:02:05.722,0.73898,0.73997,1.00,1.00
2011.02.22 22:02:07.241,0.73902,0.73998,1.00,1.00
2011.02.22 22:02:11.212,0.73908,0.73997,1.00,1.00
2011.02.22 22:02:12.250,0.73902,0.73998,1.00,1.00
2011.02.22 22:02:23.529,0.73892,0.74003,1.00,1.00
2011.02.22 22:02:35.460,0.73898,0.73997,1.00,1.00
2011.02.22 22:02:40.270,0.73902,0.73998,1.00,1.00
2011.02.22 22:02:47.179,0.73902,0.73998,1.00,1.00
2011.02.22 22:03:02.141,0.73907,0.74003,1.00,1.00
2011.02.22 22:03:15.210,0.73913,0.74007,1.00,1.00
2011.02.22 22:03:20.241,0.73923,0.74032,1.00,1.00
2011.02.22 22:03:37.739,0.73913,0.74032,1.00,1.00
2011.02.22 22:03:39.249,0.73918,0.74027,1.00,1.00
2011.02.22 22:03:41.242,0.73917,0.74023,1.00,1.00
2011.02.22 22:03:43.593,0.73913,0.74017,1.00,1.00
2011.02.22 22:03:48.137,0.73908,0.74012,1.00,1.00
2011.02.22 22:03:49.240,0.73907,0.74008,1.00,1.00
2011.02.22 22:03:49.660,0.73912,0.74013,1.00,1.00
2011.02.22 22:03:51.039,0.73913,0.74017,1.00,1.00
2011.02.22 22:03:52.290,0.73917,0.74018,1.00,1.00
2011.02.22 22:03:55.598,0.73922,0.74018,1.00,1.00
2011.02.22 22:03:58.275,0.73917,0.74013,1.00,1.00
2011.02.22 22:04:01.290,0.73922,0.74013,1.00,1.00
2011.02.22 22:04:03.729,0.73927,0.74023,1.00,1.00
2011.02.22 22:04:05.269,0.73933,0.74022,1.00,1.00
2011.02.22 22:04:06.201,0.73928,0.74022,1.00,1.00
2011.02.22 22:04:07.410,0.73927,0.74028,1.00,1.00
2011.02.22 22:04:09.231,0.73928,0.74022,1.00,1.00
2011.02.22 22:04:14.079,0.73923,0.74017,1.00,1.00
2011.02.22 22:04:19.188,0.73927,0.74023,1.00,1.00
2011.02.22 22:04:23.213,0.73933,0.74022,1.00,1.00
2011.02.22 22:04:24.267,0.73933,0.74027,1.00,1.00
2011.02.22 22:05:21.990,0.73877,0.7408,1.13,1.13
2011.02.22 22:05:43.200,0.73927,0.7403,1.69,1.69
2011.02.22 22:05:44.187,0.73927,0.7403,1.32,1.32
2011.02.22 22:05:45.193,0.73927,0.7403,1.69,1.69
2011.02.22 22:06:05.913,0.73927,0.7403,1.69,1.69
2011.02.22 22:06:57.220,0.73938,0.73991,1.13,1.13
2011.02.22 22:07:02.806,0.73941,0.73988,1.13,1.13
2011.02.22 22:07:08.263,0.73944,0.73993,1.13,1.13
2011.02.22 22:07:18.771,0.73903,0.74006,1.69,1.39
2011.02.22 22:07:20.252,0.73903,0.74006,1.69,1.39
2011.02.22 22:07:21.242,0.73903,0.74006,1.32,1.17
2011.02.22 22:07:22.242,0.73903,0.74006,1.69,1.54
2011.02.22 22:07:24.222,0.73903,0.74006,1.69,1.69
2011.02.22 22:07:27.161,0.73903,0.74006,1.69,1.54
2011.02.22 22:07:29.182,0.73903,0.74006,1.69,1.69
2011.02.22 22:08:26.325,0.73926,0.73981,1.13,1.13
2011.02.22 22:08:28.251,0.73914,0.73986,1.13,1.13
2011.02.22 22:08:32.010,0.73928,0.73979,1.13,1.13
2011.02.22 22:08:34.270,0.73929,0.73979,1.13,1.13
2011.02.22 22:08:46.933,0.73925,0.73982,1.13,1.13
2011.02.22 22:08:49.300,0.73917,0.73983,1.13,1.13
2011.02.22 22:09:39.731,0.73901,0.73986,1.69,1.24
2011.02.22 22:09:41.240,0.73901,0.73986,1.69,1.54
2011.02.22 22:09:44.294,0.73901,0.73986,1.69,1.39
2011.02.22 22:10:05.381,0.73901,0.73986,1.32,1.02
2011.02.22 22:10:06.540,0.73903,0.74015,1.69,1.69
2011.02.22 22:10:07.692,0.73903,0.74015,1.32,1.32
2011.02.22 22:10:09.332,0.73903,0.74015,1.69,1.69
2011.02.22 22:10:13.192,0.73903,0.74015,1.69,1.69
2011.02.22 22:10:14.182,0.73903,0.74015,1.69,1.69
2011.02.22 22:10:14.814,0.73903,0.74015,1.69,1.69
2011.02.22 22:10:17.760,0.73903,0.73995,1.69,1.24
2011.02.22 22:10:17.981,0.73903,0.73995,1.69,1.39
2011.02.22 22:10:18.891,0.73903,0.73995,1.69,1.09
2011.02.22 22:10:21.185,0.73903,0.73995,1.69,1.24
2011.02.22 22:10:21.541,0.73903,0.73995,1.69,1.39
2011.02.22 22:10:21.930,0.73903,0.73995,1.32,1.24
2011.02.22 22:10:22.280,0.73903,0.73995,1.32,1.17
2011.02.22 22:10:23.162,0.73903,0.73995,1.69,1.39
2011.02.22 22:10:24.171,0.73903,0.73995,1.32,1.17
2011.02.22 22:10:24.833,0.73903,0.73995,1.69,1.39
2011.02.22 22:10:27.311,0.73903,0.73995,1.69,1.54
2011.02.22 22:10:35.772,0.73903,0.73995,1.69,1.39
2011.02.22 22:10:37.214,0.73903,0.73995,1.32,1.24
2011.02.22 22:10:43.166,0.73903,0.73995,1.69,1.54
2011.02.22 22:10:44.481,0.73903,0.73995,1.69,1.39
2011.02.22 22:10:46.194,0.73903,0.73995,1.32,1.17
2011.02.22 22:10:48.952,0.73903,0.73995,1.32,1.24
2011.02.22 22:10:50.215,0.73903,0.73995,1.69,1.54
2011.02.22 22:10:53.214,0.73903,0.73995,1.69,1.54
2011.02.22 22:10:59.751,0.73903,0.73995,1.32,1.17
2011.02.22 22:11:02.380,0.73903,0.73995,1.32,1.24
2011.02.22 22:11:04.172,0.73922,0.73994,1.54,1.39
2011.02.22 22:11:05.151,0.73922,0.73994,1.32,1.17
2011.02.22 22:11:07.741,0.73915,0.74009,1.69,1.69
2011.02.22 22:11:40.751,0.73915,0.74009,1.69,1.69
2011.02.22 22:11:45.203,0.73915,0.74009,1.69,1.69
2011.02.22 22:11:45.602,0.73915,0.74009,1.32,1.32
2011.02.22 22:11:51.215,0.73915,0.74009,1.69,1.54
2011.02.22 22:11:54.783,0.73915,0.74009,1.69,1.54
2011.02.22 22:11:57.223,0.73915,0.74009,1.69,1.69
2011.02.22 22:12:07.942,0.73885,0.74048,1.13,1.13
2011.02.22 22:12:09.204,0.73924,0.74047,1.32,1.54
2011.02.22 22:12:10.212,0.73911,0.74047,1.69,1.32
2011.02.22 22:12:10.431,0.73911,0.74047,1.32,1.24
2011.02.22 22:12:12.185,0.73911,0.74047,1.69,1.69
2011.02.22 22:12:15.001,0.73911,0.74047,1.69,1.24
2011.02.22 22:12:16.330,0.73911,0.74047,1.69,1.24
2011.02.22 22:12:46.894,0.73924,0.74047,1.32,1.69
2011.02.22 22:12:48.223,0.73911,0.74047,1.69,1.69
2011.02.22 22:12:49.772,0.73911,0.74047,1.32,1.32
2011.02.22 22:12:50.713,0.73903,0.74026,1.32,1.09
2011.02.22 22:12:51.203,0.73903,0.74026,1.69,1.24
2011.02.22 22:12:54.173,0.73903,0.74026,1.69,1.24
2011.02.22 22:12:57.231,0.73903,0.74026,1.69,1.02
2011.02.22 22:12:57.341,0.73924,0.74046,1.32,1.32
2011.02.22 22:12:57.452,0.73924,0.74046,2.07,1.54
2011.02.22 22:12:58.881,0.73924,0.74046,2.07,1.54
2011.02.22 22:13:02.731,0.73924,0.74046,1.32,1.24
2011.02.22 22:13:04.290,0.73924,0.74046,1.69,1.69
2011.02.22 22:13:05.262,0.73924,0.74046,1.69,1.69
2011.02.22 22:13:07.156,0.73924,0.74046,1.69,1.69
2011.02.22 22:13:11.502,0.73905,0.74029,1.32,1.17
2011.02.22 22:13:14.222,0.73905,0.74029,1.32,1.24
2011.02.22 22:13:21.912,0.73905,0.74029,1.69,1.09
2011.02.22 22:13:23.216,0.7392,0.74029,1.13,1.24
2011.02.22 22:13:23.812,0.73905,0.74029,1.69,1.09
2011.02.22 22:13:24.234,0.73916,0.74029,1.32,1.24
2011.02.22 22:13:24.883,0.73916,0.74029,1.32,1.09
2011.02.22 22:13:27.241,0.73905,0.74029,1.69,1.24
2011.02.22 22:13:28.231,0.73905,0.74029,1.69,1.39
2011.02.22 22:13:29.263,0.73905,0.74029,1.69,1.54
2011.02.22 22:13:29.372,0.7391,0.74029,1.32,1.24
2011.02.22 22:13:29.482,0.7396,0.74034,1.39,1.39
2011.02.22 22:13:29.703,0.73931,0.74018,1.69,1.09
2011.02.22 22:13:30.212,0.73931,0.74022,1.69,1.09
2011.02.22 22:13:30.432,0.7396,0.74034,1.39,1.39
2011.02.22 22:13:32.210,0.7396,0.74034,1.54,1.39
2011.02.22 22:13:32.982,0.73904,0.7404,1.69,1.69
2011.02.22 22:13:33.521,0.73917,0.7404,1.13,1.69
2011.02.22 22:13:34.722,0.73917,0.7404,1.13,1.32
2011.02.22 22:13:36.215,0.73917,0.7404,1.13,1.24
2011.02.22 22:13:37.202,0.73917,0.7404,1.13,1.32
2011.02.22 22:13:38.752,0.73931,0.7404,1.13,1.54
2011.02.22 22:13:40.322,0.73931,0.7404,1.13,1.69
2011.02.22 22:13:41.714,0.73935,0.7404,1.13,1.54
2011.02.22 22:13:43.215,0.73935,0.7404,1.13,1.54
2011.02.22 22:13:44.272,0.73917,0.7404,1.13,1.32
2011.02.22 22:13:44.924,0.73935,0.7404,1.13,1.24
2011.02.22 22:13:46.257,0.73928,0.7404,1.13,1.17
2011.02.22 22:13:46.471,0.73941,0.7404,1.13,1.39
2011.02.22 22:13:47.222,0.73923,0.7404,1.13,1.17
2011.02.22 22:13:48.144,0.73941,0.7404,1.13,1.54
2011.02.22 22:13:48.472,0.73933,0.7404,1.13,1.39
2011.02.22 22:13:48.923,0.73915,0.7404,1.32,1.24
2011.02.22 22:13:51.162,0.73929,0.7404,1.13,1.54
2011.02.22 22:13:52.232,0.73929,0.7404,1.13,1.69
2011.02.22 22:13:54.292,0.73929,0.7404,1.13,1.69
2011.02.22 22:13:54.512,0.73906,0.7404,1.32,1.69
2011.02.22 22:13:55.391,0.73906,0.74015,1.32,1.02
2011.02.22 22:13:55.502,0.7392,0.74015,1.13,1.09
2011.02.22 22:13:56.157,0.7392,0.74015,1.13,1.24
2011.02.22 22:14:12.498,0.73917,0.74015,1.13,1.24
2011.02.22 22:14:13.752,0.7392,0.74015,1.13,1.39
2011.02.22 22:14:15.233,0.7392,0.74015,1.13,1.39
2011.02.22 22:14:17.282,0.73906,0.74015,1.32,1.09
2011.02.22 22:14:20.152,0.73924,0.74015,1.13,1.09
2011.02.22 22:14:20.522,0.73922,0.74015,1.13,1.24
2011.02.22 22:14:21.175,0.73922,0.74015,1.13,1.24
2011.02.22 22:14:27.302,0.73926,0.74015,1.13,1.24
2011.02.22 22:14:29.011,0.73917,0.74042,1.13,1.32
2011.02.22 22:14:31.195,0.73935,0.74042,1.13,1.69
2011.02.22 22:14:33.340,0.73935,0.74042,1.13,1.69
2011.02.22 22:14:33.672,0.73936,0.74042,1.13,1.69
2011.02.22 22:14:35.211,0.73918,0.74042,1.13,1.32
2011.02.22 22:14:36.263,0.73936,0.74042,1.13,1.69
2011.02.22 22:14:38.252,0.73913,0.74042,1.32,1.32
2011.02.22 22:14:38.472,0.73922,0.74034,1.13,1.17
2011.02.22 22:14:40.108,0.73922,0.74019,1.13,1.09
2011.02.22 22:14:40.821,0.73922,0.74019,1.13,1.39
2011.02.22 22:14:42.143,0.73926,0.74019,1.13,1.39
2011.02.22 22:14:42.692,0.73913,0.74019,1.13,1.09
2011.02.22 22:14:42.802,0.7395,0.74024,1.54,1.39
2011.02.22 22:14:45.249,0.7395,0.74024,1.69,1.39
2011.02.22 22:14:54.703,0.7395,0.74024,1.69,1.24
2011.02.22 22:14:56.206,0.7395,0.74024,1.69,1.24
2011.02.22 22:14:56.433,0.7395,0.74024,1.32,1.09
2011.02.22 22:14:56.543,0.73933,0.74017,1.32,1.02
2011.02.22 22:14:58.292,0.7393,0.7403,1.13,1.54
2011.02.22 22:14:59.421,0.7393,0.7403,1.13,1.39
2011.02.22 22:15:00.186,0.73936,0.74048,1.32,1.32
2011.02.22 22:15:01.225,0.7396,0.74034,1.69,1.39
2011.02.22 22:15:01.446,0.7396,0.74034,1.54,1.39
2011.02.22 22:15:02.404,0.7396,0.74034,1.54,1.54
2011.02.22 22:15:07.119,0.7396,0.74034,1.39,1.54
2011.02.22 22:15:38.234,0.73953,0.74024,1.69,1.39
2011.02.22 22:15:52.163,0.73953,0.74024,1.69,1.24
2011.02.22 22:15:52.473,0.73953,0.74024,1.54,1.39
2011.02.22 22:15:53.242,0.73926,0.74008,1.69,1.09
2011.02.22 22:15:57.932,0.73909,0.74029,1.32,1.32
2011.02.22 22:15:58.042,0.73909,0.74029,1.32,1.32
2011.02.22 22:15:59.251,0.73927,0.74029,1.13,1.69
2011.02.22 22:16:02.263,0.73927,0.74029,1.13,1.54
2011.02.22 22:16:03.336,0.73927,0.74029,1.13,1.69
2011.02.22 22:16:16.309,0.73927,0.74029,1.13,1.54
2011.02.22 22:16:16.925,0.73913,0.74029,1.13,1.24
2011.02.22 22:16:18.013,0.73901,0.74029,1.32,1.32
2011.02.22 22:16:20.216,0.73919,0.74029,1.13,1.69
2011.02.22 22:16:24.119,0.73919,0.74029,1.13,1.69
2011.02.22 22:16:25.202,0.73926,0.74029,1.13,1.69
2011.02.22 22:16:30.223,0.73904,0.74029,1.32,1.32
2011.02.22 22:16:45.242,0.73922,0.74029,1.13,1.69
2011.02.22 22:16:56.786,0.73904,0.74029,1.32,1.32
2011.02.22 22:16:59.142,0.73909,0.74057,1.13,1.13
2011.02.22 22:17:01.209,0.73927,0.74039,1.13,1.13
2011.02.22 22:17:03.492,0.73921,0.74035,1.13,1.13
2011.02.22 22:17:05.283,0.73921,0.74035,1.13,1.13
2011.02.22 22:17:12.513,0.73945,0.74021,1.17,1.17
2011.02.22 22:17:14.223,0.73945,0.74021,1.69,1.39
2011.02.22 22:17:15.483,0.73945,0.74021,1.69,1.24
2011.02.22 22:17:16.222,0.73945,0.74021,1.24,1.54
2011.02.22 22:17:16.332,0.73922,0.74003,1.32,1.09
2011.02.22 22:17:16.552,0.73904,0.74018,1.32,1.24
2011.02.22 22:17:16.662,0.73904,0.74018,1.32,1.24
2011.02.22 22:17:18.184,0.73922,0.74018,1.13,1.69
2011.02.22 22:17:21.326,0.73922,0.74018,1.13,1.69
2011.02.22 22:17:21.935,0.73922,0.74018,1.13,1.69
2011.02.22 22:17:24.187,0.73922,0.74018,1.13,1.69
2011.02.22 22:17:34.842,0.739,0.74018,1.69,1.32
2011.02.22 22:17:36.272,0.739,0.74018,1.69,1.32
2011.02.22 22:17:39.224,0.73917,0.74018,1.13,1.69
2011.02.22 22:17:42.079,0.73917,0.74018,1.13,1.69
2011.02.22 22:17:44.167,0.73917,0.74018,1.13,1.69
2011.02.22 22:17:54.932,0.73917,0.74018,1.13,1.69
2011.02.22 22:17:57.233,0.73939,0.74008,1.24,1.54
2011.02.22 22:18:27.292,0.73939,0.74008,1.24,1.69
2011.02.22 22:18:42.176,0.73939,0.74008,1.24,1.54
2011.02.22 22:19:13.352,0.73912,0.74026,1.13,1.13
2011.02.22 22:19:22.785,0.73917,0.74029,1.13,1.13
2011.02.22 22:19:25.155,0.73894,0.74044,1.13,1.13
2011.02.22 22:19:26.494,0.73909,0.74023,1.13,1.13
2011.02.22 22:19:27.712,0.73913,0.74025,1.13,1.13
2011.02.22 22:19:39.053,0.73925,0.73992,1.39,1.24
2011.02.22 22:19:42.254,0.73925,0.73992,1.39,1.39
2011.02.22 22:19:42.933,0.73925,0.73992,1.09,1.54
2011.02.22 22:19:45.245,0.73925,0.73992,1.02,1.32
2011.02.22 22:19:45.873,0.73925,0.73992,1.09,1.17
2011.02.22 22:19:47.474,0.73925,0.73992,1.09,1.69
2011.02.22 22:19:49.065,0.73925,0.73992,1.24,1.54
2011.02.22 22:19:51.157,0.73925,0.73992,1.24,1.69
2011.02.22 22:20:00.453,0.73925,0.73992,1.09,1.69
2011.02.22 22:20:03.208,0.73925,0.73992,1.24,1.69
2011.02.22 22:20:03.762,0.73925,0.73992,1.24,1.54
2011.02.22 22:20:06.186,0.73925,0.73992,1.02,1.32
2011.02.22 22:20:09.232,0.73925,0.73992,1.24,1.39
2011.02.22 22:20:11.115,0.73925,0.73992,1.24,1.54
2011.02.22 22:20:12.392,0.73925,0.73992,1.09,1.32
2011.02.22 22:20:28.185,0.73925,0.73992,1.09,1.54
2011.02.22 22:20:29.065,0.73925,0.73992,1.24,1.69
2011.02.22 22:20:29.894,0.73925,0.73992,1.24,1.39
2011.02.22 22:20:31.182,0.73925,0.73992,1.17,1.24
2011.02.22 22:20:31.753,0.73925,0.73992,1.24,1.54
2011.02.22 22:20:34.137,0.73925,0.73992,1.17,1.17
2011.02.22 22:20:53.155,0.73902,0.74017,1.13,1.13
2011.02.22 22:20:57.215,0.73884,0.74035,1.13,1.13
2011.02.22 22:20:58.303,0.73899,0.74013,1.13,1.13
2011.02.22 22:20:58.974,0.73881,0.74031,1.13,1.13
2011.02.22 22:21:00.292,0.73881,0.74031,1.13,1.13
2011.02.22 22:21:02.084,0.73899,0.74013,1.13,1.13
2011.02.22 22:21:02.985,0.73881,0.74031,1.13,1.13
2011.02.22 22:21:07.815,0.73881,0.74031,1.13,1.13
2011.02.22 22:21:11.240,0.73908,0.73981,1.54,1.39
2011.02.22 22:21:16.216,0.73908,0.73981,1.54,1.54
2011.02.22 22:21:32.213,0.73908,0.73981,1.54,1.39
2011.02.22 22:22:08.333,0.73907,0.73994,1.69,1.69
2011.02.22 22:22:11.823,0.73907,0.73994,1.54,1.69
2011.02.22 22:22:25.733,0.73907,0.73994,1.69,1.69
2011.02.22 22:22:38.152,0.73907,0.73994,1.69,1.69
2011.02.22 22:23:03.385,0.73907,0.73994,1.54,1.69
2011.02.22 22:23:05.254,0.73907,0.73994,1.54,1.69
2011.02.22 22:23:08.184,0.73888,0.74002,1.13,1.13
2011.02.22 22:23:10.242,0.73885,0.74033,1.13,1.13
2011.02.22 22:23:10.682,0.73893,0.74006,1.13,1.13
2011.02.22 22:23:12.271,0.73893,0.74006,1.13,1.13
2011.02.22 22:23:12.493,0.73889,0.74001,1.13,1.13
2011.02.22 22:23:14.366,0.73889,0.74001,1.13,1.13
2011.02.22 22:23:15.253,0.73874,0.74025,1.13,1.13
2011.02.22 22:23:16.251,0.73892,0.74007,1.13,1.13
2011.02.22 22:23:19.201,0.73892,0.74007,1.13,1.13
2011.02.22 22:23:27.842,0.73879,0.74027,1.13,1.13
2011.02.22 22:23:30.733,0.73859,0.73973,1.32,1.02
2011.02.22 22:23:30.843,0.73853,0.73957,1.02,1.02
2011.02.22 22:23:31.743,0.73798,0.74004,1.32,1.32
2011.02.22 22:23:38.964,0.73798,0.74004,1.69,1.69
2011.02.22 22:24:18.742,0.7381,0.74004,1.32,1.69
2011.02.22 22:24:19.072,0.73858,0.74014,1.09,1.69
2011.02.22 22:24:20.181,0.73858,0.73983,1.62,1.13
2011.02.22 22:24:22.206,0.73868,0.73983,1.02,1.13
2011.02.22 22:24:23.196,0.73871,0.73983,1.02,1.13
2011.02.22 22:24:24.186,0.73858,0.74001,1.69,1.32
2011.02.22 22:24:25.334,0.73858,0.74004,1.69,1.32
2011.02.22 22:24:25.725,0.73873,0.73986,1.02,1.13
2011.02.22 22:24:26.185,0.73873,0.73986,1.02,1.13
2011.02.22 22:24:27.285,0.73858,0.74004,1.69,1.32
2011.02.22 22:24:28.274,0.73858,0.74004,1.69,1.32
2011.02.22 22:24:29.264,0.73873,0.73986,1.32,1.13
2011.02.22 22:24:31.200,0.73873,0.73986,1.32,1.13
2011.02.22 22:24:36.195,0.73858,0.74004,1.69,1.32
2011.02.22 22:25:03.103,0.73858,0.74005,1.69,1.32
2011.02.22 22:25:09.262,0.73886,0.73984,1.17,1.69
2011.02.22 22:25:11.131,0.73886,0.73984,1.39,2.07
2011.02.22 22:25:13.111,0.73886,0.73984,1.24,1.69
2011.02.22 22:25:21.963,0.73886,0.73984,1.17,1.69
2011.02.22 22:25:26.820,0.73886,0.73984,1.17,1.69
2011.02.22 22:25:27.165,0.73886,0.73984,1.39,2.07
2011.02.22 22:25:27.426,0.73886,0.73984,1.39,2.07
2011.02.22 22:25:28.205,0.73886,0.73981,1.54,1.32
2011.02.22 22:25:30.235,0.73886,0.73981,1.54,1.32
2011.02.22 22:25:35.235,0.73886,0.73981,1.54,1.32
2011.02.22 22:25:57.209,0.73886,0.73981,1.39,1.32
2011.02.22 22:26:04.533,0.73845,0.73994,1.13,1.13
2011.02.22 22:26:09.199,0.73863,0.73976,1.13,1.13
2011.02.22 22:26:30.264,0.73881,0.73959,1.69,1.54
2011.02.22 22:26:32.103,0.73881,0.73959,1.24,1.24
2011.02.22 22:26:33.254,0.73881,0.73959,1.24,1.32
2011.02.22 22:26:35.965,0.73881,0.73959,1.54,1.54
2011.02.22 22:26:37.195,0.73881,0.73959,1.32,1.24
2011.02.22 22:26:40.160,0.73881,0.73959,1.54,1.54
2011.02.22 22:26:43.513,0.73881,0.73959,1.24,1.24
2011.02.22 22:26:45.229,0.73881,0.73959,1.54,1.69
2011.02.22 22:26:48.283,0.73881,0.73959,1.54,1.54
2011.02.22 22:26:51.609,0.73881,0.73959,1.54,1.69
2011.02.22 22:27:02.188,0.73881,0.73959,1.54,1.54
2011.02.22 22:27:20.236,0.73881,0.73959,1.69,1.54
2011.02.22 22:27:22.993,0.73885,0.73969,1.24,1.32
2011.02.22 22:27:25.200,0.73885,0.73969,1.69,1.69
2011.02.22 22:27:25.672,0.73885,0.73969,1.54,1.39
2011.02.22 22:27:26.005,0.73899,0.73985,1.17,1.32
2011.02.22 22:27:30.205,0.73899,0.73985,1.54,1.69
2011.02.22 22:27:35.225,0.73899,0.73985,1.69,1.69
2011.02.22 22:27:36.705,0.73899,0.73985,1.54,1.69
2011.02.22 22:27:38.208,0.73899,0.73985,1.54,1.69
2011.02.22 22:27:40.263,0.73895,0.74039,1.69,1.69
2011.02.22 22:27:40.513,0.73908,0.74024,1.32,1.17
2011.02.22 22:27:40.843,0.73908,0.74024,1.17,1.32
2011.02.22 22:27:41.175,0.73895,0.74018,1.69,1.13
2011.02.22 22:27:41.283,0.73895,0.74017,1.69,1.13
2011.02.22 22:27:41.613,0.73904,0.73997,1.39,1.09
2011.02.22 22:27:41.983,0.73924,0.7401,1.02,1.17
2011.02.22 22:27:42.203,0.73924,0.7401,1.02,1.09
2011.02.22 22:27:42.423,0.73912,0.74029,1.62,1.69
2011.02.22 22:27:43.690,0.73912,0.74029,1.69,1.69
2011.02.22 22:27:46.423,0.73912,0.74029,1.69,1.69
2011.02.22 22:27:47.933,0.73912,0.74029,1.69,1.69
2011.02.22 22:27:49.172,0.73912,0.74029,1.32,1.69
2011.02.22 22:27:50.162,0.73912,0.74029,1.32,1.69
2011.02.22 22:27:51.259,0.73912,0.74029,1.32,1.69
2011.02.22 22:27:52.244,0.73912,0.74022,1.69,1.32
2011.02.22 22:27:57.123,0.73912,0.74022,1.69,1.32
2011.02.22 22:28:00.231,0.73912,0.74022,1.69,1.32
2011.02.22 22:28:06.063,0.73906,0.74004,1.69,1.54
2011.02.22 22:28:06.374,0.73906,0.74004,1.69,1.39
2011.02.22 22:28:12.827,0.73908,0.74004,1.32,1.54
2011.02.22 22:28:18.122,0.73906,0.74004,1.69,1.69
2011.02.22 22:28:24.156,0.73903,0.74007,1.13,1.69
2011.02.22 22:28:24.454,0.73866,0.74007,1.69,1.69
2011.02.22 22:28:26.259,0.73866,0.74007,1.69,1.69
2011.02.22 22:28:27.246,0.73866,0.74007,1.69,1.69
2011.02.22 22:28:28.743,0.73866,0.74007,1.69,1.69
2011.02.22 22:28:31.168,0.73866,0.74007,1.69,1.69
2011.02.22 22:28:32.138,0.73866,0.74007,1.69,1.69
2011.02.22 22:28:34.964,0.73866,0.74007,1.32,1.32
2011.02.22 22:28:36.209,0.73866,0.74007,1.69,1.69
2011.02.22 22:28:39.723,0.73866,0.74007,1.69,1.69
2011.02.22 22:28:41.215,0.73866,0.74007,1.69,1.69
2011.02.22 22:28:46.675,0.73866,0.74007,1.69,1.69
2011.02.22 22:28:47.493,0.73866,0.74007,1.69,1.69
2011.02.22 22:28:53.107,0.73866,0.74007,1.32,1.32
2011.02.22 22:28:53.918,0.73866,0.74007,1.69,1.69
2011.02.22 22:28:57.183,0.73892,0.73994,1.69,1.69
2011.02.22 22:28:58.202,0.73892,0.73994,1.69,1.69
2011.02.22 22:29:16.357,0.73892,0.73994,1.32,1.32
2011.02.22 22:29:17.425,0.73892,0.73994,1.24,1.32
2011.02.22 22:29:17.764,0.73892,0.73994,1.32,1.32
2011.02.22 22:29:20.165,0.73892,0.73994,1.24,1.32
2011.02.22 22:29:21.334,0.73892,0.73994,1.69,1.69
2011.02.22 22:29:23.574,0.73892,0.73994,1.32,1.32
2011.02.22 22:29:37.924,0.73892,0.73994,1.69,1.69
2011.02.22 22:29:38.444,0.73873,0.73984,1.69,1.69
2011.02.22 22:29:40.204,0.73873,0.73984,1.69,1.69
2011.02.22 22:29:41.203,0.73873,0.73984,1.69,1.69
2011.02.22 22:29:41.743,0.73873,0.73984,1.69,1.54
2011.02.22 22:29:43.189,0.73895,0.73984,1.69,1.54
2011.02.22 22:29:44.157,0.73895,0.73984,1.54,1.69
2011.02.22 22:29:49.876,0.73895,0.73984,1.32,1.24
2011.02.22 22:29:59.783,0.73874,0.73986,1.32,1.32
2011.02.22 22:30:01.184,0.73874,0.73986,1.32,1.32
2011.02.22 22:30:05.215,0.73874,0.73986,1.69,1.69
2011.02.22 22:30:24.454,0.73882,0.7397,2.74,2.55
2011.02.22 22:30:25.454,0.73882,0.7397,3.19,2.70
2011.02.22 22:30:28.265,0.73882,0.7397,2.55,2.74
2011.02.22 22:30:29.148,0.73877,0.73955,3.00,2.55
2011.02.22 22:30:30.256,0.73877,0.73955,3.00,2.70
2011.02.22 22:30:31.434,0.73877,0.73955,2.63,2.40
2011.02.22 22:30:34.343,0.73881,0.73959,2.55,2.25
2011.02.22 22:30:34.453,0.73887,0.73973,2.48,2.67
2011.02.22 22:30:35.003,0.73887,0.73973,2.48,2.74
2011.02.22 22:30:35.114,0.7388,0.73965,2.85,2.40
2011.02.22 22:30:35.223,0.7388,0.73965,2.25,2.55
2011.02.22 22:30:35.443,0.73853,0.73962,3.19,2.55
2011.02.22 22:30:36.734,0.73853,0.73962,2.40,2.70
2011.02.22 22:30:37.235,0.73815,0.73979,1.69,1.69
2011.02.22 22:30:38.274,0.73815,0.73979,1.69,1.69
2011.02.22 22:30:40.163,0.73815,0.73979,1.69,1.69
2011.02.22 22:30:41.197,0.73815,0.73979,1.69,1.69
2011.02.22 22:30:41.796,0.73815,0.73979,1.69,1.69
2011.02.22 22:30:42.186,0.73815,0.73979,1.32,1.32
2011.02.22 22:30:43.283,0.73815,0.73979,1.69,1.69
2011.02.22 22:30:44.248,0.73826,0.73951,1.69,1.69
2011.02.22 22:30:45.228,0.73826,0.73951,1.69,1.69
2011.02.22 22:30:46.263,0.7385,0.73966,1.32,1.24
2011.02.22 22:30:50.215,0.73841,0.73956,1.32,1.17
2011.02.22 22:30:50.655,0.73841,0.73956,1.32,1.32
2011.02.22 22:30:50.983,0.73848,0.73927,3.00,2.25
2011.02.22 22:30:52.255,0.73848,0.73927,2.85,2.55
2011.02.22 22:30:54.024,0.73848,0.73925,2.70,1.39
2011.02.22 22:30:54.463,0.73839,0.73917,3.04,2.74
2011.02.22 22:30:56.216,0.73849,0.73925,2.70,1.54
2011.02.22 22:30:57.205,0.73849,0.73925,2.70,1.69
2011.02.22 22:30:57.915,0.73849,0.73925,2.70,1.54
2011.02.22 22:30:58.784,0.73859,0.73935,2.55,1.39
2011.02.22 22:30:58.893,0.73859,0.73935,2.40,1.54
2011.02.22 22:30:59.895,0.73859,0.73935,2.40,1.24
2011.02.22 22:31:00.414,0.73859,0.73935,2.55,1.54
2011.02.22 22:31:03.754,0.73859,0.73936,2.40,2.40
2011.02.22 22:31:04.424,0.73865,0.73945,2.48,2.25
2011.02.22 22:31:04.533,0.73868,0.73962,2.48,2.93
2011.02.22 22:31:07.190,0.73868,0.73962,2.55,3.23
2011.02.22 22:31:19.174,0.73868,0.73962,2.55,3.08
2011.02.22 22:31:30.733,0.73868,0.73962,2.40,2.93
2011.02.22 22:31:40.136,0.73868,0.73962,2.55,3.08
2011.02.22 22:31:40.244,0.73886,0.73964,2.25,3.04
2011.02.22 22:31:41.735,0.73886,0.73964,2.33,2.74
2011.02.22 22:31:43.226,0.73886,0.73964,2.40,2.74
2011.02.22 22:32:12.375,0.73886,0.73964,2.48,2.55
2011.02.22 22:32:13.934,0.73891,0.73969,2.70,3.23
2011.02.22 22:32:20.503,0.73891,0.73968,2.55,1.32
2011.02.22 22:32:22.215,0.73886,0.73964,2.48,3.00
2011.02.22 22:32:23.205,0.73886,0.73964,2.70,3.23
2011.02.22 22:32:24.854,0.73886,0.73964,2.85,2.70
2011.02.22 22:33:17.773,0.73891,0.73968,2.55,1.13
2011.02.22 22:33:19.245,0.73885,0.73962,2.70,1.13
2011.02.22 22:33:20.223,0.73885,0.73965,2.70,3.23
2011.02.22 22:33:21.375,0.73885,0.73962,2.40,1.13
2011.02.22 22:34:21.477,0.73885,0.73965,2.25,2.63
2011.02.22 22:35:06.334,0.73875,0.73955,2.25,2.25
2011.02.22 22:35:38.683,0.73871,0.73949,2.48,2.55
2011.02.22 22:35:40.172,0.73871,0.73949,2.89,3.19
2011.02.22 22:35:41.196,0.73871,0.73949,2.89,3.04
2011.02.22 22:35:46.474,0.73871,0.73949,2.25,3.19
2011.02.22 22:35:46.636,0.73856,0.73934,2.48,2.40
2011.02.22 22:35:46.744,0.73856,0.73934,2.55,2.70
2011.02.22 22:35:48.200,0.7385,0.7393,2.55,2.48
2011.02.22 22:35:48.995,0.7385,0.73923,2.40,1.02
2011.02.22 22:35:49.214,0.73837,0.73914,2.55,2.40
2011.02.22 22:35:49.654,0.7384,0.7392,2.25,2.55
2011.02.22 22:35:49.874,0.73826,0.73905,2.89,2.40
2011.02.22 22:35:49.985,0.73826,0.73905,3.04,2.40
2011.02.22 22:35:51.262,0.73832,0.73909,2.89,2.85
2011.02.22 22:35:52.226,0.73832,0.73909,2.67,2.55
2011.02.22 22:35:52.386,0.73832,0.73909,2.74,2.40
2011.02.22 22:35:54.231,0.7384,0.7392,2.70,2.85
2011.02.22 22:35:55.206,0.7384,0.7392,2.55,2.55
2011.02.22 22:35:56.193,0.7384,0.7392,2.70,2.85
2011.02.22 22:36:00.208,0.73836,0.73915,2.85,2.85
2011.02.22 22:36:01.181,0.73836,0.73915,2.70,2.85
2011.02.22 22:36:41.794,0.73836,0.73915,2.48,2.55
2011.02.22 22:36:43.197,0.73836,0.73915,2.55,2.55
2011.02.22 22:36:44.186,0.73836,0.73915,2.70,2.85
2011.02.22 22:36:44.474,0.73836,0.73915,2.85,2.85
2011.02.22 22:36:46.205,0.73836,0.73915,2.85,2.70
2011.02.22 22:36:47.225,0.73836,0.73915,2.85,2.85
2011.02.22 22:36:48.140,0.73836,0.73915,2.70,2.85
2011.02.22 22:37:49.019,0.73836,0.73915,2.25,2.25
2011.02.22 22:38:21.393,0.73836,0.73915,2.44,3.19
2011.02.22 22:38:21.724,0.73832,0.73909,3.49,2.67
2011.02.22 22:38:24.256,0.73836,0.73911,3.04,1.39
2011.02.22 22:38:25.129,0.73836,0.73911,2.89,1.39
2011.02.22 22:38:31.274,0.73832,0.73911,3.42,3.49
2011.02.22 22:38:32.545,0.73832,0.73908,1.39,2.89
2011.02.22 22:38:34.194,0.73834,0.73911,2.89,1.39
2011.02.22 22:38:37.216,0.73834,0.73911,2.67,1.24
2011.02.22 22:38:43.108,0.73834,0.73911,2.89,1.39
2011.02.22 22:38:50.914,0.73834,0.73911,2.59,1.24
2011.02.22 22:38:52.197,0.73832,0.73908,1.39,3.19
2011.02.22 22:38:53.129,0.73832,0.73908,1.39,3.04
2011.02.22 22:38:53.605,0.73832,0.73908,1.54,2.74
2011.02.22 22:38:55.137,0.73839,0.73911,2.74,1.39
2011.02.22 22:38:55.355,0.73839,0.73911,2.44,1.77
2011.02.22 22:38:55.841,0.73813,0.73887,1.54,3.19
2011.02.22 22:38:57.218,0.73813,0.73885,1.17,1.09
2011.02.22 22:38:57.885,0.73813,0.73885,1.39,1.09
2011.02.22 22:38:59.265,0.73813,0.73885,1.54,1.39
2011.02.22 22:39:01.158,0.73813,0.73885,1.39,1.39
2011.02.22 22:39:02.445,0.73813,0.73885,1.39,1.39
2011.02.22 22:39:04.274,0.73813,0.73885,1.24,1.39
2011.02.22 22:39:06.177,0.73813,0.73883,1.24,3.04
2011.02.22 22:39:07.453,0.73813,0.73883,1.39,2.89
2011.02.22 22:39:07.745,0.73818,0.73888,2.59,1.02
2011.02.22 22:39:07.854,0.73826,0.73898,1.02,2.67
2011.02.22 22:39:08.686,0.73826,0.73902,1.17,1.17
2011.02.22 22:39:13.146,0.73823,0.73903,2.55,2.85
2011.02.22 22:39:14.995,0.73813,0.73882,2.70,1.09
2011.02.22 22:39:16.294,0.73806,0.7388,1.17,1.17
2011.02.22 22:39:16.514,0.73806,0.73877,1.17,2.52
2011.02.22 22:39:17.584,0.73806,0.73878,1.24,3.27
2011.02.22 22:39:17.914,0.7378,0.73859,3.94,2.44
2011.02.22 22:39:18.466,0.7378,0.73859,4.32,2.44
2011.02.22 22:39:18.574,0.73791,0.73859,1.17,2.33
2011.02.22 22:39:19.196,0.73791,0.73858,1.39,2.40
2011.02.22 22:39:19.774,0.73787,0.73857,1.54,1.09
2011.02.22 22:39:21.178,0.73787,0.73855,1.54,1.24
2011.02.22 22:39:22.365,0.73787,0.73857,3.79,1.09
2011.02.22 22:39:22.475,0.73805,0.73871,1.09,1.09
2011.02.22 22:39:22.694,0.73805,0.73871,1.09,1.47
2011.02.22 22:39:23.386,0.73786,0.7385,1.17,1.02
2011.02.22 22:39:24.206,0.73786,0.73853,1.39,1.09
2011.02.22 22:39:25.217,0.73786,0.7385,1.39,1.09
2011.02.22 22:39:26.206,0.73786,0.7385,1.39,1.24
2011.02.22 22:39:27.755,0.73765,0.73835,1.09,3.19
2011.02.22 22:39:27.864,0.73765,0.73832,1.17,1.02
2011.02.22 22:39:29.577,0.73765,0.73831,1.17,1.09
2011.02.22 22:39:30.126,0.73757,0.73833,3.19,1.39
2011.02.22 22:39:30.235,0.73757,0.73833,2.89,1.54
2011.02.22 22:39:31.655,0.73766,0.7383,1.09,2.70
2011.02.22 22:39:31.765,0.73766,0.7383,1.39,2.40
2011.02.22 22:39:33.228,0.73767,0.73845,3.04,3.04
2011.02.22 22:39:34.210,0.73767,0.73845,3.19,3.04
2011.02.22 22:39:45.455,0.73767,0.73845,3.19,2.89
2011.02.22 22:39:50.216,0.73771,0.73848,3.19,3.04
2011.02.22 22:39:55.161,0.7378,0.73848,1.39,2.89
2011.02.22 22:39:56.208,0.7378,0.73853,1.54,3.04
2011.02.22 22:39:58.734,0.7378,0.73853,1.24,2.67
2011.02.22 22:39:59.557,0.73781,0.73854,2.82,1.17
2011.02.22 22:40:00.764,0.73781,0.73854,2.67,1.24
2011.02.22 22:40:02.206,0.7378,0.73854,1.54,3.79
2011.02.22 22:40:03.866,0.7378,0.73854,3.79,1.39
2011.02.22 22:40:05.150,0.7378,0.73854,3.94,1.39
2011.02.22 22:40:05.784,0.7378,0.73854,3.79,1.39
2011.02.22 22:40:06.135,0.7378,0.73854,1.39,3.79
2011.02.22 22:40:06.245,0.7378,0.73854,1.54,3.79
2011.02.22 22:40:11.474,0.7378,0.73854,1.54,3.64
2011.02.22 22:40:13.226,0.7378,0.73854,3.57,1.17
2011.02.22 22:40:15.735,0.7378,0.73854,3.79,1.39
2011.02.22 22:40:17.167,0.7378,0.73854,1.54,3.79
2011.02.22 22:40:31.015,0.7379,0.73869,2.74,2.85
2011.02.22 22:40:31.848,0.73775,0.73854,2.85,2.55
2011.02.22 22:40:32.168,0.73775,0.73854,2.85,2.85
2011.02.22 22:40:33.218,0.73775,0.73854,2.85,3.00
2011.02.22 22:40:36.025,0.73775,0.73838,2.85,1.24
2011.02.22 22:40:36.135,0.73775,0.73847,3.19,1.32
2011.02.22 22:40:37.727,0.73776,0.73843,1.24,3.19
2011.02.22 22:40:45.485,0.73756,0.73834,2.89,2.89
2011.02.22 22:40:47.267,0.73756,0.73834,3.04,3.04
2011.02.22 22:40:50.695,0.73756,0.73834,2.89,3.04
2011.02.22 22:40:50.915,0.73751,0.7383,1.24,2.55
2011.02.22 22:40:52.173,0.73755,0.73835,3.04,3.04
2011.02.22 22:40:55.075,0.73755,0.73825,2.59,1.24
2011.02.22 22:40:56.485,0.7375,0.73825,1.32,2.40
2011.02.22 22:40:58.216,0.73756,0.73834,3.04,3.04
2011.02.22 22:41:10.175,0.73756,0.73817,2.85,1.09
2011.02.22 22:41:10.284,0.73756,0.73816,2.33,1.09
2011.02.22 22:41:10.505,0.73761,0.7382,1.24,2.40
2011.02.22 22:41:12.193,0.73761,0.73831,1.09,1.24
2011.02.22 22:41:13.264,0.73761,0.73831,1.39,1.39
2011.02.22 22:41:15.995,0.73756,0.73823,2.40,1.24
2011.02.22 22:41:17.165,0.73749,0.73823,1.32,1.09
2011.02.22 22:41:17.275,0.7375,0.73824,1.54,2.55
2011.02.22 22:41:18.265,0.73755,0.73817,2.40,1.24
2011.02.22 22:41:19.196,0.73747,0.73817,1.17,1.17
2011.02.22 22:41:19.505,0.73764,0.7382,1.02,2.33
2011.02.22 22:41:20.396,0.73756,0.73834,2.67,2.74
2011.02.22 22:41:21.168,0.73756,0.73834,2.67,2.82
2011.02.22 22:41:22.256,0.73756,0.73834,3.04,3.04
2011.02.22 22:41:32.975,0.73756,0.73822,2.85,1.24
2011.02.22 22:41:33.087,0.73749,0.73822,1.17,1.17
2011.02.22 22:41:34.178,0.73749,0.73822,1.39,1.54
2011.02.22 22:41:35.206,0.73749,0.73822,1.39,1.69
2011.02.22 22:41:35.535,0.73749,0.73822,1.17,1.24
2011.02.22 22:41:35.874,0.73749,0.73819,1.09,2.74
2011.02.22 22:41:36.676,0.73749,0.73822,1.24,1.69
2011.02.22 22:41:36.891,0.73758,0.73824,1.09,3.00
2011.02.22 22:41:36.995,0.73761,0.73824,1.02,2.48
2011.02.22 22:41:38.239,0.73761,0.73832,1.39,1.39
2011.02.22 22:42:01.005,0.73756,0.73834,2.70,3.19
2011.02.22 22:42:02.372,0.73751,0.73829,3.04,3.00
2011.02.22 22:42:03.055,0.73751,0.73829,2.89,3.00
2011.02.22 22:42:04.176,0.73746,0.73824,3.04,3.00
2011.02.22 22:42:05.015,0.7375,0.73823,2.67,1.24
2011.02.22 22:42:08.195,0.73739,0.73811,1.39,1.24
2011.02.22 22:42:08.525,0.73739,0.73811,1.54,1.09
2011.02.22 22:42:08.854,0.73749,0.73824,1.24,3.04
2011.02.22 22:42:09.305,0.73746,0.73824,2.70,3.19
2011.02.22 22:42:09.907,0.73741,0.73819,2.89,3.04
2011.02.22 22:42:11.215,0.73736,0.73815,1.24,2.55
2011.02.22 22:42:30.398,0.73736,0.73815,1.54,2.70
2011.02.22 22:42:30.725,0.73736,0.73815,1.69,2.55
2011.02.22 22:42:33.686,0.7375,0.73827,1.39,2.85
2011.02.22 22:42:34.585,0.73753,0.73832,2.59,2.74
2011.02.22 22:42:35.236,0.73753,0.73832,3.04,3.19
2011.02.22 22:42:36.455,0.73768,0.73832,1.02,2.33
2011.02.22 22:42:38.315,0.73768,0.73841,1.09,1.17
2011.02.22 22:42:40.905,0.73768,0.73841,1.09,1.24
2011.02.22 22:42:41.235,0.73771,0.73846,1.09,2.67
2011.02.22 22:42:43.199,0.73771,0.73851,3.42,2.74
2011.02.22 22:42:46.376,0.73771,0.73851,3.49,3.04
2011.02.22 22:42:46.706,0.73771,0.73848,3.34,1.32
2011.02.22 22:42:47.145,0.73762,0.7384,2.89,2.70
2011.02.22 22:42:47.256,0.73777,0.73853,2.33,1.24
2011.02.22 22:42:48.213,0.73777,0.73853,2.40,1.24
2011.02.22 22:42:48.596,0.73777,0.73853,2.40,1.32
2011.02.22 22:42:49.101,0.7376,0.73832,1.32,2.25
2011.02.22 22:42:49.205,0.73755,0.73832,3.04,2.40
2011.02.22 22:42:50.305,0.7376,0.73837,2.67,2.48
2011.02.22 22:42:51.297,0.7376,0.73837,3.04,2.55
2011.02.22 22:42:52.117,0.7376,0.73837,3.04,2.93
2011.02.22 22:42:52.225,0.7376,0.73822,2.25,1.24
2011.02.22 22:42:52.335,0.7374,0.73818,3.79,2.59
2011.02.22 22:42:52.445,0.7374,0.73818,3.79,2.74
2011.02.22 22:42:53.946,0.7374,0.73818,3.79,3.04
2011.02.22 22:42:54.379,0.7374,0.73818,3.79,2.89
2011.02.22 22:42:55.345,0.73752,0.73825,1.39,3.64
2011.02.22 22:42:56.256,0.73752,0.73825,1.24,3.79
2011.02.22 22:42:57.236,0.73752,0.73825,1.09,3.49
2011.02.22 22:42:58.175,0.73752,0.73825,1.17,3.49
2011.02.22 22:42:59.635,0.73752,0.73825,1.54,3.64
2011.02.22 22:43:01.205,0.73752,0.73825,1.39,3.79
2011.02.22 22:43:01.476,0.73753,0.73825,1.39,2.25
2011.02.22 22:43:01.696,0.73762,0.7384,2.59,2.85
2011.02.22 22:43:02.905,0.73756,0.73836,2.89,2.70
2011.02.22 22:43:04.286,0.73753,0.73832,3.94,2.85
2011.02.22 22:43:08.233,0.73753,0.73832,3.57,2.63
2011.02.22 22:43:15.035,0.73754,0.73825,1.39,1.39
2011.02.22 22:43:16.235,0.73754,0.73825,1.39,1.54
2011.02.22 22:43:17.455,0.73754,0.73825,1.39,1.39
2011.02.22 22:43:17.785,0.73754,0.73825,1.09,1.17
2011.02.22 22:43:18.005,0.73754,0.73821,1.39,2.59
2011.02.22 22:43:19.673,0.73754,0.73821,1.24,2.74
2011.02.22 22:43:20.256,0.73754,0.73821,1.24,2.89
2011.02.22 22:43:21.256,0.73754,0.73821,1.24,3.04
2011.02.22 22:43:29.776,0.73767,0.73836,1.09,1.39
2011.02.22 22:43:29.995,0.73772,0.73836,1.24,1.24
2011.02.22 22:43:30.794,0.73772,0.73836,1.24,1.24
2011.02.22 22:43:32.176,0.73772,0.73836,1.17,1.17
2011.02.22 22:43:32.882,0.73772,0.73836,1.39,1.39
2011.02.22 22:43:43.995,0.73772,0.73836,1.02,1.17
2011.02.22 22:43:45.306,0.73772,0.73834,1.09,2.89
2011.02.22 22:43:47.163,0.73772,0.73834,1.09,3.04
2011.02.22 22:43:47.605,0.73756,0.73819,1.24,1.09
2011.02.22 22:43:49.285,0.73756,0.73819,1.39,1.24
2011.02.22 22:43:52.118,0.73756,0.73819,1.17,1.17
2011.02.22 22:43:55.754,0.73745,0.73822,2.40,1.13
2011.02.22 22:43:55.974,0.73722,0.73808,2.40,2.85
2011.02.22 22:43:56.085,0.73722,0.73793,2.40,1.09
2011.02.22 22:43:56.741,0.73713,0.7378,1.39,1.09
2011.02.22 22:43:58.214,0.73713,0.7378,1.39,1.39
2011.02.22 22:43:58.806,0.73706,0.73768,1.24,1.09
2011.02.22 22:43:59.245,0.73708,0.73774,1.24,2.55
2011.02.22 22:44:00.295,0.73708,0.73784,1.24,3.19
2011.02.22 22:44:01.203,0.73708,0.73784,1.39,3.19
2011.02.22 22:44:04.256,0.73712,0.73786,2.89,1.54
2011.02.22 22:44:05.785,0.73712,0.73786,2.74,1.24
2011.02.22 22:44:08.536,0.73708,0.73784,1.39,3.04
2011.02.22 22:44:10.198,0.73712,0.73786,2.74,1.24
2011.02.22 22:44:14.266,0.73706,0.7377,1.17,1.02
2011.02.22 22:44:14.485,0.73706,0.7377,1.24,1.24
2011.02.22 22:44:16.247,0.73706,0.7377,1.24,1.39
2011.02.22 22:44:17.186,0.73706,0.7377,1.09,1.24
2011.02.22 22:44:17.674,0.73706,0.7377,1.39,1.39
2011.02.22 22:44:20.147,0.73706,0.7377,1.39,1.09
2011.02.22 22:44:20.255,0.73716,0.73774,1.09,2.74
2011.02.22 22:44:20.806,0.73716,0.73778,1.24,1.24
2011.02.22 22:44:21.026,0.73716,0.73778,1.02,1.24
2011.02.22 22:44:21.137,0.73703,0.73773,1.24,1.17
2011.02.22 22:44:21.246,0.73703,0.73773,1.39,1.39
2011.02.22 22:44:21.467,0.73703,0.73764,1.09,2.55
2011.02.22 22:44:21.576,0.73694,0.73762,1.24,1.24
2011.02.22 22:44:23.169,0.73694,0.73762,1.09,1.24
2011.02.22 22:44:23.947,0.73694,0.73762,1.24,1.69
2011.02.22 22:44:24.905,0.73687,0.73748,2.59,1.09
2011.02.22 22:44:25.236,0.73686,0.73748,1.09,1.17
2011.02.22 22:44:26.726,0.73686,0.73748,1.39,1.24
2011.02.22 22:44:27.312,0.73686,0.73748,1.09,1.17
2011.02.22 22:44:27.991,0.73686,0.73748,1.24,1.39
2011.02.22 22:44:28.785,0.73686,0.73748,1.39,1.24
2011.02.22 22:44:30.193,0.73686,0.73748,1.54,1.24
2011.02.22 22:44:30.765,0.73695,0.73759,1.24,3.64
2011.02.22 22:44:31.822,0.73695,0.73759,1.02,1.24
2011.02.22 22:44:33.206,0.73695,0.73759,1.09,3.94
2011.02.22 22:44:34.349,0.73695,0.73759,1.24,3.79
2011.02.22 22:44:35.405,0.73695,0.73755,1.24,1.02
2011.02.22 22:44:35.516,0.73682,0.73741,2.25,1.62
2011.02.22 22:44:35.625,0.73651,0.73731,3.04,2.25
2011.02.22 22:44:35.735,0.73651,0.73731,3.04,2.40
2011.02.22 22:44:37.195,0.73656,0.73736,3.04,3.04
2011.02.22 22:44:38.183,0.73656,0.73736,2.74,2.82
2011.02.22 22:44:43.614,0.73656,0.73736,3.42,3.04
2011.02.22 22:44:45.307,0.73662,0.7374,3.23,3.19
2011.02.22 22:44:50.133,0.73668,0.73739,1.24,1.24
2011.02.22 22:44:51.177,0.73668,0.73739,1.17,1.32
2011.02.22 22:44:51.562,0.73668,0.73739,1.39,1.54
2011.02.22 22:44:52.368,0.73668,0.73739,1.24,1.54
2011.02.22 22:44:54.253,0.7367,0.73739,1.02,1.54
2011.02.22 22:45:00.175,0.73646,0.73715,1.39,2.40
2011.02.22 22:45:01.188,0.73651,0.73731,2.89,3.04
2011.02.22 22:45:02.188,0.73651,0.73731,3.04,3.04
2011.02.22 22:45:03.274,0.73665,0.73731,1.09,2.55
2011.02.22 22:45:03.495,0.73665,0.7374,1.02,1.69
2011.02.22 22:45:03.825,0.73652,0.73725,2.74,1.17
2011.02.22 22:45:04.055,0.7365,0.73725,1.39,1.24
2011.02.22 22:45:05.276,0.7365,0.73725,1.39,1.39
2011.02.22 22:45:06.313,0.7365,0.73725,1.24,1.17
2011.02.22 22:45:07.906,0.73651,0.73731,2.85,3.04
2011.02.22 22:45:09.245,0.73655,0.73731,1.54,2.55
2011.02.22 22:45:09.465,0.73655,0.7373,1.24,2.48
2011.02.22 22:45:09.685,0.73655,0.7373,1.24,2.40
2011.02.22 22:45:11.208,0.73661,0.73741,2.89,3.19
2011.02.22 22:45:12.206,0.73661,0.73741,3.04,3.19
2011.02.22 22:45:30.275,0.73661,0.73727,2.67,1.17
2011.02.22 22:45:31.207,0.73658,0.73727,1.24,1.39
2011.02.22 22:45:33.305,0.73651,0.73731,2.89,2.85
2011.02.22 22:45:33.526,0.73647,0.73725,2.70,3.79
2011.02.22 22:45:33.966,0.73654,0.73721,1.09,2.67
2011.02.22 22:45:34.185,0.73654,0.73723,1.24,1.39
2011.02.22 22:45:34.515,0.73654,0.73723,1.39,1.39
2011.02.22 22:45:35.245,0.73654,0.73723,1.09,1.24
2011.02.22 22:45:35.465,0.73654,0.73723,1.17,1.17
2011.02.22 22:45:36.506,0.73637,0.73707,3.79,1.24
2011.02.22 22:45:37.256,0.73637,0.73707,3.79,1.39
2011.02.22 22:45:39.100,0.73637,0.73707,1.17,1.24
2011.02.22 22:45:40.154,0.73637,0.73707,1.54,1.09
2011.02.22 22:45:40.267,0.73647,0.73721,1.09,2.67
2011.02.22 22:45:40.897,0.73647,0.73721,1.09,2.74
2011.02.22 22:45:41.445,0.73647,0.73718,1.24,2.89
2011.02.22 22:45:41.656,0.73647,0.73718,1.17,2.59
2011.02.22 22:45:41.875,0.73647,0.73718,1.17,2.52
2011.02.22 22:45:43.289,0.73647,0.73723,1.39,3.79
2011.02.22 22:45:44.161,0.73647,0.73723,1.17,3.49
2011.02.22 22:45:46.177,0.73647,0.73723,1.24,3.49
2011.02.22 22:45:48.278,0.73649,0.73723,3.04,1.54
2011.02.22 22:45:52.764,0.73649,0.73728,2.85,2.85
2011.02.22 22:45:53.936,0.73649,0.73728,2.55,2.63
2011.02.22 22:45:55.295,0.73649,0.73728,2.55,2.55
2011.02.22 22:45:55.514,0.73654,0.73733,2.55,2.55
2011.02.22 22:45:57.404,0.73659,0.73738,2.48,2.63
2011.02.22 22:45:58.926,0.73654,0.73733,2.85,3.00
2011.02.22 22:45:59.147,0.73654,0.73733,2.70,3.00
2011.02.22 22:46:00.212,0.7365,0.73727,2.85,2.85
2011.02.22 22:46:01.705,0.7365,0.73727,2.85,2.85
2011.02.22 22:46:03.285,0.73649,0.73728,2.85,3.00
2011.02.22 22:46:09.515,0.73649,0.73728,3.00,2.40
2011.02.22 22:46:10.225,0.73668,0.73742,1.24,2.85
2011.02.22 22:46:10.835,0.73657,0.73737,2.89,2.70
2011.02.22 22:46:11.257,0.73657,0.73737,3.04,2.55
2011.02.22 22:46:12.325,0.73657,0.73737,3.04,2.70
2011.02.22 22:46:17.142,0.73657,0.73737,3.04,3.00
2011.02.22 22:46:23.140,0.73657,0.73737,3.04,2.70
2011.02.22 22:46:23.505,0.73659,0.73737,1.17,2.55
2011.02.22 22:46:23.996,0.73671,0.73746,1.39,2.55
2011.02.22 22:46:24.215,0.73672,0.73752,2.89,2.89
2011.02.22 22:46:25.149,0.73677,0.73755,3.04,1.39
2011.02.22 22:46:26.245,0.73677,0.73755,2.82,1.17
2011.02.22 22:46:27.112,0.73677,0.73755,3.04,1.39
2011.02.22 22:46:31.447,0.73677,0.73755,2.74,1.54
2011.02.22 22:46:33.183,0.73673,0.73751,2.55,2.85
2011.02.22 22:46:34.225,0.73677,0.73757,2.55,3.00
2011.02.22 22:46:35.405,0.73677,0.73757,2.85,3.00
2011.02.22 22:46:35.918,0.73677,0.73757,3.00,2.70
2011.02.22 22:46:36.247,0.73689,0.73767,2.40,3.00
2011.02.22 22:46:37.189,0.73689,0.73767,2.55,3.00
2011.02.22 22:46:39.219,0.73689,0.73767,2.48,2.55
2011.02.22 22:46:42.267,0.73678,0.73758,2.67,2.55
2011.02.22 22:46:43.277,0.73678,0.73758,2.82,2.48
2011.02.22 22:46:44.229,0.73682,0.73762,2.85,2.85
2011.02.22 22:46:45.290,0.73692,0.73762,1.24,2.85
2011.02.22 22:46:45.397,0.73692,0.73762,1.24,2.85
2011.02.22 22:46:47.259,0.73692,0.73767,1.17,2.74
2011.02.22 22:46:48.538,0.73692,0.73767,1.24,2.74
2011.02.22 22:46:48.887,0.73692,0.73761,1.09,2.48
2011.02.22 22:46:50.218,0.73692,0.73761,1.39,2.70
2011.02.22 22:46:51.298,0.73692,0.73761,1.39,2.85
2011.02.22 22:46:53.507,0.73692,0.73766,1.17,2.74
2011.02.22 22:46:55.207,0.73692,0.73766,1.54,3.04
2011.02.22 22:46:58.017,0.73693,0.73771,2.59,3.57
2011.02.22 22:46:59.239,0.73692,0.73762,1.39,3.00
2011.02.22 22:47:14.582,0.73692,0.73762,1.24,2.85
2011.02.22 22:47:15.143,0.73692,0.73762,1.09,2.63
2011.02.22 22:47:17.112,0.73692,0.73762,1.17,2.55
2011.02.22 22:47:21.238,0.73692,0.73767,1.39,3.19
2011.02.22 22:47:21.527,0.73692,0.73767,1.39,2.89
2011.02.22 22:47:22.670,0.73692,0.73772,3.57,3.42
2011.02.22 22:47:23.217,0.73697,0.73777,3.04,2.70
2011.02.22 22:47:23.657,0.73697,0.73777,2.74,2.55
2011.02.22 22:47:23.987,0.73696,0.73772,1.17,2.48
2011.02.22 22:47:25.267,0.73696,0.73767,1.39,2.70
2011.02.22 22:47:27.139,0.73696,0.73767,1.39,2.85
2011.02.22 22:47:27.497,0.73696,0.73772,1.24,2.85
2011.02.22 22:47:29.229,0.73696,0.73772,1.39,2.85
2011.02.22 22:47:29.597,0.73708,0.73788,3.19,3.19
2011.02.22 22:47:29.882,0.73713,0.73788,1.09,3.19
2011.02.22 22:47:30.424,0.73708,0.73788,3.64,3.00
2011.02.22 22:47:30.537,0.73714,0.73792,2.74,2.70
2011.02.22 22:47:31.378,0.73714,0.73792,2.89,2.85
2011.02.22 22:47:31.737,0.73714,0.73792,2.44,2.93
2011.02.22 22:47:31.846,0.73714,0.73792,2.52,2.93
2011.02.22 22:47:32.286,0.73718,0.73798,2.33,3.00
2011.02.22 22:47:34.180,0.73709,0.73787,2.89,2.70
2011.02.22 22:47:34.360,0.73709,0.73787,2.89,2.70
2011.02.22 22:47:34.687,0.73718,0.73798,2.70,3.00
2011.02.22 22:47:36.200,0.73718,0.73798,2.85,3.00
2011.02.22 22:47:37.231,0.73718,0.73798,3.00,3.00
2011.02.22 22:47:38.267,0.73727,0.73798,1.39,2.70
2011.02.22 22:47:39.210,0.73728,0.73807,3.04,2.85
2011.02.22 22:47:40.297,0.73734,0.73811,2.67,2.55
2011.02.22 22:47:40.517,0.73734,0.73811,2.59,2.63
2011.02.22 22:47:40.969,0.73729,0.73806,3.04,2.85
2011.02.22 22:47:41.507,0.73729,0.73806,2.89,2.85
2011.02.22 22:47:43.229,0.73728,0.73807,2.82,2.63
2011.02.22 22:47:44.727,0.73728,0.73807,3.04,2.70
2011.02.22 22:47:46.256,0.73733,0.73812,3.19,3.00
2011.02.22 22:47:46.778,0.73728,0.73807,3.04,2.70
2011.02.22 22:47:47.403,0.73728,0.73807,2.74,2.55
2011.02.22 22:47:47.746,0.73728,0.73807,3.19,2.85
2011.02.22 22:47:49.157,0.73732,0.73806,1.17,2.55
2011.02.22 22:47:49.700,0.73738,0.73817,2.85,3.19
2011.02.22 22:47:49.997,0.73748,0.73817,1.35,2.44
2011.02.22 22:47:50.107,0.73753,0.73817,1.02,2.25
2011.02.22 22:47:50.217,0.73748,0.73899,1.32,1.13
2011.02.22 22:47:50.547,0.73739,0.73919,1.69,1.69
2011.02.22 22:47:50.876,0.73739,0.73919,1.69,1.69
2011.02.22 22:47:51.776,0.73739,0.73919,1.69,1.69
2011.02.22 22:47:53.219,0.73739,0.73919,1.69,1.69
2011.02.22 22:47:53.957,0.73739,0.73919,1.69,1.69
2011.02.22 22:47:54.210,0.73733,0.73863,1.32,1.13
2011.02.22 22:47:55.160,0.73751,0.73847,1.13,1.13
2011.02.22 22:47:59.168,0.73733,0.73863,1.32,1.13
2011.02.22 22:47:59.277,0.73775,0.7385,1.02,1.32
2011.02.22 22:48:00.213,0.73775,0.7385,1.24,1.69
2011.02.22 22:48:00.777,0.73758,0.73832,1.24,2.55
2011.02.22 22:48:00.886,0.73758,0.73821,1.24,2.25
2011.02.22 22:48:02.222,0.73758,0.73821,1.54,2.40
2011.02.22 22:48:03.199,0.73758,0.73821,1.54,2.55
2011.02.22 22:48:05.358,0.73758,0.73806,1.54,2.25
2011.02.22 22:48:05.467,0.73753,0.73806,1.09,2.25
2011.02.22 22:48:05.576,0.73744,0.73806,1.24,2.25
2011.02.22 22:48:05.686,0.73744,0.73806,1.09,2.40
2011.02.22 22:48:06.018,0.73744,0.73801,1.24,2.25
2011.02.22 22:48:06.704,0.73744,0.73806,1.24,2.40
2011.02.22 22:48:07.209,0.73744,0.73806,1.39,2.55
2011.02.22 22:48:08.488,0.73747,0.73817,1.39,2.70
2011.02.22 22:48:10.189,0.73747,0.73817,1.54,2.70
2011.02.22 22:48:11.220,0.73747,0.73817,1.69,2.55
2011.02.22 22:48:14.958,0.73747,0.73817,1.54,2.40
2011.02.22 22:48:15.506,0.73747,0.73822,1.24,2.48
2011.02.22 22:48:17.158,0.73747,0.73811,1.69,2.25
2011.02.22 22:48:17.267,0.73747,0.73821,1.69,2.40
2011.02.22 22:48:18.219,0.73754,0.73831,2.89,2.85
2011.02.22 22:48:19.329,0.73767,0.73831,1.09,2.85
2011.02.22 22:48:19.547,0.73774,0.73831,1.09,2.40
2011.02.22 22:48:21.089,0.73759,0.73836,3.04,2.55
2011.02.22 22:48:21.197,0.73759,0.73836,2.67,2.48
2011.02.22 22:48:21.527,0.73757,0.73826,1.39,2.40
2011.02.22 22:48:21.747,0.73757,0.73822,1.17,2.33
2011.02.22 22:48:22.076,0.73757,0.73816,1.17,2.25
2011.02.22 22:48:23.200,0.73757,0.73816,1.39,2.40
2011.02.22 22:48:24.238,0.73757,0.73816,1.17,2.40
2011.02.22 22:48:24.680,0.73757,0.73816,1.17,2.33
2011.02.22 22:48:27.211,0.73757,0.73821,1.54,2.55
2011.02.22 22:48:29.230,0.73757,0.7381,1.54,2.25
2011.02.22 22:48:35.407,0.73748,0.73801,1.69,2.25
2011.02.22 22:48:35.518,0.73748,0.73801,1.09,2.25
2011.02.22 22:48:37.186,0.73748,0.73801,1.54,2.25
2011.02.22 22:48:37.937,0.73763,0.73801,1.02,2.25
2011.02.22 22:48:38.317,0.73762,0.73815,1.09,2.25
2011.02.22 22:48:39.153,0.73765,0.73816,1.24,1.50
2011.02.22 22:48:40.143,0.73765,0.73816,1.24,2.40
2011.02.22 22:48:42.268,0.73742,0.73816,1.24,2.59
2011.02.22 22:48:42.378,0.73742,0.738,1.09,2.25
2011.02.22 22:48:42.708,0.73742,0.73805,1.24,2.25
2011.02.22 22:48:42.816,0.73742,0.7381,1.24,2.40
2011.02.22 22:48:42.928,0.73742,0.7381,1.24,2.55
2011.02.22 22:48:44.259,0.73742,0.73805,1.39,2.40
2011.02.22 22:48:45.287,0.73729,0.73805,1.69,2.55
2011.02.22 22:48:45.747,0.73729,0.73805,1.54,2.55
2011.02.22 22:48:46.957,0.73729,0.73801,1.32,2.33
2011.02.22 22:48:48.229,0.73729,0.73805,1.69,2.55
2011.02.22 22:48:48.900,0.73729,0.73805,1.24,2.48
2011.02.22 22:48:50.201,0.73729,0.738,1.24,2.48
2011.02.22 22:48:51.191,0.73729,0.738,1.32,2.40
2011.02.22 22:49:51.709,0.73723,0.738,3.00,3.00
2011.02.22 22:50:03.766,0.73723,0.738,4.00,2.70
2011.02.22 22:50:05.375,0.73702,0.73781,4.00,2.25
2011.02.22 22:50:05.488,0.7372,0.73781,1.09,2.25
2011.02.22 22:50:05.707,0.7372,0.73781,1.17,2.25
2011.02.22 22:50:06.017,0.7372,0.73781,1.09,2.33
2011.02.22 22:50:07.247,0.7372,0.73778,1.24,2.55
2011.02.22 22:50:08.359,0.7372,0.73778,1.17,2.25
2011.02.22 22:50:08.687,0.73717,0.73793,1.54,2.55
2011.02.22 22:50:08.822,0.73717,0.73793,1.32,2.40
2011.02.22 22:50:09.257,0.73717,0.73793,1.32,2.48
2011.02.22 22:50:11.191,0.73717,0.73793,1.69,2.70
2011.02.22 22:50:16.128,0.73717,0.73793,1.24,2.55
2011.02.22 22:50:16.977,0.73725,0.73783,1.09,2.55
2011.02.22 22:50:18.230,0.73725,0.73783,1.09,2.48
2011.02.22 22:50:20.527,0.73725,0.73783,1.24,2.55
2011.02.22 22:50:21.487,0.73725,0.73787,1.17,2.40
2011.02.22 22:50:23.257,0.73725,0.73793,1.54,2.70
2011.02.22 22:50:27.156,0.73725,0.73778,1.54,2.25
2011.02.22 22:50:27.267,0.73725,0.73778,1.02,2.33
2011.02.22 22:50:28.194,0.73725,0.73778,1.09,2.55
2011.02.22 22:50:29.098,0.73725,0.73778,1.02,2.33
2011.02.22 22:50:30.265,0.73725,0.73787,1.09,2.48
2011.02.22 22:50:31.158,0.73725,0.73787,1.39,2.55
2011.02.22 22:50:42.257,0.73709,0.73781,2.59,1.39
2011.02.22 22:50:43.239,0.73705,0.73768,1.24,2.70
2011.02.22 22:50:43.987,0.73687,0.73758,1.32,2.33
2011.02.22 22:50:44.487,0.73687,0.73758,1.69,2.55
2011.02.22 22:50:45.431,0.73687,0.73758,1.69,2.70
2011.02.22 22:50:47.959,0.73687,0.73757,1.69,2.55
2011.02.22 22:50:48.140,0.73687,0.73757,1.69,2.40
2011.02.22 22:50:49.230,0.73692,0.73762,1.32,2.55
2011.02.22 22:50:50.777,0.73684,0.73762,2.89,3.64
2011.02.22 22:50:50.887,0.73682,0.73748,1.54,2.25
2011.02.22 22:50:52.199,0.73682,0.73748,1.54,2.55
2011.02.22 22:50:52.689,0.73682,0.73748,1.24,2.48
2011.02.22 22:50:54.198,0.73687,0.73748,1.54,2.25
2011.02.22 22:50:54.307,0.73687,0.73758,1.54,2.55
2011.02.22 22:50:54.527,0.73687,0.73758,1.32,2.40
2011.02.22 22:50:54.767,0.73692,0.73758,1.17,2.40
2011.02.22 22:50:56.219,0.73687,0.73762,1.69,2.40
2011.02.22 22:50:57.150,0.73692,0.73762,1.32,2.55
2011.02.22 22:51:01.517,0.73687,0.73762,1.54,2.40
2011.02.22 22:51:01.628,0.73687,0.73752,1.17,2.40
2011.02.22 22:51:03.557,0.73672,0.73752,3.19,2.48
2011.02.22 22:51:03.777,0.7367,0.73747,1.69,2.25
2011.02.22 22:51:04.412,0.73677,0.73747,1.32,2.25
2011.02.22 22:51:04.517,0.73678,0.73753,1.13,2.40
2011.02.22 22:51:06.228,0.73682,0.73753,1.13,2.40
2011.02.22 22:51:06.617,0.73702,0.73767,1.09,2.33
2011.02.22 22:51:08.221,0.73702,0.73767,1.39,2.55
2011.02.22 22:51:09.168,0.73702,0.73767,1.54,2.40
2011.02.22 22:51:12.177,0.73702,0.73767,1.24,2.40
2011.02.22 22:51:26.797,0.73706,0.73767,1.62,2.33
2011.02.22 22:51:28.497,0.73706,0.73775,1.39,2.70
2011.02.22 22:51:29.318,0.73706,0.73768,1.39,2.40
2011.02.22 22:51:29.777,0.73706,0.73774,1.77,2.40
2011.02.22 22:51:29.887,0.73706,0.73774,1.92,2.40
2011.02.22 22:51:30.479,0.73706,0.73771,1.39,2.40
2011.02.22 22:51:32.240,0.73706,0.73771,1.54,2.25
2011.02.22 22:51:34.659,0.73706,0.73771,1.17,2.33
2011.02.22 22:51:37.189,0.73706,0.73771,1.17,2.40
2011.02.22 22:51:39.248,0.73706,0.73771,1.54,2.40
2011.02.22 22:51:41.298,0.73706,0.73771,1.24,2.33
2011.02.22 22:51:43.176,0.73706,0.73771,1.39,2.40
2011.02.22 22:51:54.428,0.73706,0.73771,1.54,2.40
2011.02.22 22:51:58.949,0.73706,0.73767,1.54,2.25
2011.02.22 22:51:59.167,0.73706,0.73772,1.54,2.25
2011.02.22 22:52:01.409,0.73706,0.73772,1.54,2.40
2011.02.22 22:52:07.178,0.73706,0.73768,1.24,2.40
2011.02.22 22:52:20.498,0.73688,0.73768,3.19,2.48
2011.02.22 22:52:20.717,0.73689,0.73759,1.02,2.40
2011.02.22 22:52:20.937,0.73682,0.73759,3.19,2.33
2011.02.22 22:52:23.008,0.73682,0.73752,1.69,2.33
2011.02.22 22:52:23.448,0.73682,0.73748,1.69,2.25
2011.02.22 22:52:25.288,0.73682,0.73748,1.69,2.25
2011.02.22 22:52:27.179,0.73682,0.73748,1.69,2.40
2011.02.22 22:52:30.287,0.73673,0.73741,1.17,2.25
2011.02.22 22:52:30.777,0.73671,0.73741,1.69,2.25
2011.02.22 22:52:30.887,0.73671,0.73749,1.69,2.52
2011.02.22 22:52:31.497,0.73684,0.73754,1.47,2.40
2011.02.22 22:52:32.191,0.73684,0.73754,1.77,2.55
2011.02.22 22:52:33.192,0.73684,0.73754,1.92,2.40
2011.02.22 22:52:33.717,0.73684,0.73748,1.39,2.25
2011.02.22 22:52:36.758,0.73698,0.73754,1.24,2.25
2011.02.22 22:52:36.867,0.73698,0.73764,1.24,2.55
2011.02.22 22:52:36.978,0.73699,0.73768,1.02,2.74
2011.02.22 22:52:38.289,0.73698,0.73768,1.69,2.59
2011.02.22 22:52:38.508,0.73681,0.73748,1.32,2.25
2011.02.22 22:52:39.388,0.73681,0.73752,1.32,2.25
2011.02.22 22:52:40.279,0.73681,0.73752,1.32,2.40
2011.02.22 22:52:41.261,0.73681,0.73752,1.69,2.55
2011.02.22 22:53:41.427,0.73673,0.73752,2.63,2.25
2011.02.22 22:53:42.697,0.73695,0.7376,1.24,2.55
2011.02.22 22:53:42.807,0.73695,0.7376,1.39,2.25
2011.02.22 22:53:42.917,0.73695,0.73767,1.39,2.40
2011.02.22 22:53:43.548,0.73695,0.73771,1.24,2.59
2011.02.22 22:53:45.229,0.73695,0.73771,1.39,2.74
2011.02.22 22:53:45.528,0.73695,0.73771,1.24,2.52
2011.02.22 22:53:46.267,0.73695,0.7377,1.54,2.44
2011.02.22 22:53:47.278,0.73699,0.73774,1.17,1.09
2011.02.22 22:53:49.233,0.73695,0.73768,1.32,2.52
2011.02.22 22:53:50.459,0.73695,0.73768,1.24,2.52
2011.02.22 22:53:52.288,0.73695,0.73768,1.69,2.74
2011.02.22 22:53:56.125,0.73695,0.73768,1.69,2.89
2011.02.22 22:53:57.147,0.73695,0.73768,1.54,2.74
2011.02.22 22:53:57.477,0.73682,0.7376,2.82,2.40
2011.02.22 22:53:59.279,0.7368,0.73757,1.69,2.25
2011.02.22 22:54:01.214,0.73681,0.73757,1.32,2.40
2011.02.22 22:54:06.249,0.73681,0.73757,1.32,2.70
2011.02.22 22:54:12.557,0.73688,0.73766,3.00,2.40
2011.02.22 22:54:14.257,0.73697,0.73766,1.54,2.74
2011.02.22 22:54:15.221,0.73697,0.73766,1.69,2.74
2011.02.22 22:54:18.568,0.73697,0.73766,1.32,2.52
2011.02.22 22:54:20.248,0.73703,0.73776,1.54,2.55
2011.02.22 22:54:21.269,0.73703,0.73776,1.32,2.40
2011.02.22 22:54:22.748,0.73703,0.73776,1.69,2.55
2011.02.22 22:54:24.278,0.73703,0.73772,1.24,2.40
2011.02.22 22:54:24.497,0.73692,0.73772,2.63,2.55
2011.02.22 22:54:26.173,0.73685,0.73761,1.32,2.55
2011.02.22 22:54:27.145,0.73685,0.73761,1.32,2.40
2011.02.22 22:54:45.575,0.73684,0.73761,3.19,2.33
2011.02.22 22:54:57.629,0.73685,0.73761,1.32,2.55
2011.02.22 22:54:58.548,0.73684,0.73761,3.19,2.40
2011.02.22 22:55:01.212,0.73685,0.73762,1.32,2.55
2011.02.22 22:55:01.824,0.73683,0.73762,3.19,2.40
2011.02.22 22:55:04.135,0.73683,0.73762,3.57,2.70
2011.02.22 22:55:04.408,0.73683,0.73762,3.57,2.55
2011.02.22 22:55:05.228,0.73683,0.73762,3.19,2.48
2011.02.22 22:55:10.758,0.73696,0.73779,3.23,2.40
2011.02.22 22:55:10.979,0.73702,0.7378,2.93,2.33
2011.02.22 22:55:13.308,0.73691,0.7377,1.13,2.25
2011.02.22 22:55:13.637,0.73687,0.73765,3.38,2.25
2011.02.22 22:55:15.248,0.73687,0.73765,3.38,2.25
2011.02.22 22:55:15.498,0.73687,0.73765,2.63,2.33
2011.02.22 22:55:16.094,0.73683,0.73762,3.19,2.25
2011.02.22 22:55:17.171,0.73683,0.73762,3.19,2.25
2011.02.22 22:55:18.219,0.73683,0.73762,2.82,2.33
2011.02.22 22:55:20.258,0.73683,0.73762,3.19,2.40
2011.02.22 22:55:21.370,0.73683,0.73762,3.19,2.25
2011.02.22 22:55:21.477,0.73695,0.73772,2.63,2.33
2011.02.22 22:55:28.199,0.73695,0.73772,3.00,2.55
2011.02.22 22:55:31.228,0.73695,0.73772,3.00,2.40
2011.02.22 22:55:32.139,0.73699,0.73778,3.19,2.70
2011.02.22 22:55:33.209,0.73699,0.73778,3.19,2.70
2011.02.22 22:55:34.798,0.73699,0.73778,2.74,2.55
2011.02.22 22:55:35.908,0.73692,0.73771,1.69,2.74
2011.02.22 22:55:37.187,0.73692,0.73765,1.69,2.40
2011.02.22 22:55:40.193,0.73692,0.73765,1.32,2.40
2011.02.22 22:55:54.248,0.73711,0.73765,1.24,2.25
2011.02.22 22:55:54.358,0.73711,0.73781,1.24,2.74
2011.02.22 22:55:55.211,0.73711,0.73781,1.54,2.74
2011.02.22 22:55:56.278,0.73711,0.73781,1.32,2.59
2011.02.22 22:55:59.048,0.73711,0.73781,1.24,2.89
2011.02.22 22:55:59.158,0.73697,0.73769,1.54,1.24
2011.02.22 22:56:00.219,0.73697,0.73766,1.69,2.59
2011.02.22 22:56:01.288,0.73697,0.73766,1.69,2.74
2011.02.22 22:56:02.308,0.73693,0.7377,1.69,2.55
2011.02.22 22:56:03.185,0.73693,0.7377,1.69,2.55
2011.02.22 22:56:09.928,0.73692,0.73766,3.19,1.09
2011.02.22 22:56:10.040,0.7369,0.7376,1.69,2.25
2011.02.22 22:56:10.258,0.7369,0.7376,1.24,2.33
2011.02.22 22:56:10.368,0.7369,0.73755,1.24,2.25
2011.02.22 22:56:11.308,0.7369,0.73755,1.54,2.40
2011.02.22 22:56:12.249,0.7369,0.73755,1.54,2.55
2011.02.22 22:56:16.318,0.7369,0.7376,1.54,2.55
2011.02.22 22:56:18.155,0.7369,0.7376,1.32,2.40
2011.02.22 22:56:27.319,0.7369,0.7376,1.54,2.70
2011.02.22 22:56:33.518,0.7369,0.73759,1.17,2.48
2011.02.22 22:56:33.958,0.7369,0.7376,1.54,2.55
2011.02.22 22:56:34.268,0.7369,0.7376,1.92,2.25
2011.02.22 22:56:35.109,0.7369,0.7377,3.42,2.55
2011.02.22 22:56:35.218,0.7369,0.7377,3.19,2.48
2011.02.22 22:56:38.430,0.7369,0.7377,3.19,2.25
2011.02.22 22:56:38.538,0.73701,0.73781,2.55,2.40
2011.02.22 22:56:38.648,0.73701,0.73781,2.82,2.33
2011.02.22 22:56:41.180,0.73705,0.73784,2.82,2.40
2011.02.22 22:56:41.768,0.73705,0.73784,3.04,2.70
2011.02.22 22:56:41.988,0.73697,0.73777,3.94,2.40
2011.02.22 22:56:43.220,0.73697,0.73773,1.69,2.55
2011.02.22 22:56:44.219,0.73697,0.73773,1.69,2.40
2011.02.22 22:56:45.238,0.7369,0.73767,3.00,2.40
2011.02.22 22:56:45.659,0.7369,0.73767,3.00,2.40
2011.02.22 22:56:46.175,0.7369,0.73767,3.00,2.25
2011.02.22 22:56:46.939,0.7369,0.73767,2.63,2.33
2011.02.22 22:56:48.812,0.7369,0.73767,2.63,2.48
2011.02.22 22:56:50.308,0.7369,0.73767,2.63,2.40
2011.02.22 22:56:51.258,0.7369,0.73767,3.00,2.70
2011.02.22 22:56:52.298,0.7369,0.73767,3.00,2.55
2011.02.22 22:56:54.221,0.73685,0.73762,3.19,2.70
2011.02.22 22:57:37.718,0.7369,0.73757,1.54,2.40
2011.02.22 22:57:38.048,0.7368,0.73757,3.04,2.55
2011.02.22 22:57:38.268,0.73675,0.73752,3.49,2.40
2011.02.22 22:57:38.488,0.73675,0.73743,1.39,2.40
2011.02.22 22:57:39.798,0.73665,0.73743,3.19,2.55
2011.02.22 22:57:50.903,0.73665,0.73743,2.74,2.48
2011.02.22 22:57:52.224,0.73657,0.73734,1.32,2.33
2011.02.22 22:57:53.215,0.73657,0.73734,1.69,2.55
2011.02.22 22:57:58.729,0.73654,0.73734,2.55,2.67
2011.02.22 22:57:58.838,0.73644,0.73724,2.82,2.40
2011.02.22 22:57:59.208,0.73644,0.73724,2.82,2.48
2011.02.22 22:57:59.648,0.7364,0.73718,2.82,2.33
2011.02.22 22:58:01.081,0.7364,0.73718,3.19,2.70
2011.02.22 22:58:04.165,0.73649,0.73729,3.00,2.85
2011.02.22 22:58:13.209,0.73649,0.73729,2.55,2.55
2011.02.22 22:58:17.968,0.73645,0.73725,2.82,2.40
2011.02.22 22:58:20.200,0.73653,0.73732,2.85,2.70
2011.02.22 22:58:25.199,0.73653,0.73732,2.63,2.48
2011.02.22 22:58:43.009,0.73644,0.73721,2.82,2.33
2011.02.22 22:58:43.368,0.73644,0.73719,2.82,1.02
2011.02.22 22:58:44.580,0.73644,0.73719,2.82,1.47
2011.02.22 22:58:44.798,0.73642,0.73713,1.39,2.74
2011.02.22 22:58:45.018,0.73642,0.73713,1.39,2.89
2011.02.22 22:58:45.680,0.73642,0.73713,1.54,2.89
2011.02.22 22:58:47.188,0.73633,0.73705,2.85,1.24
2011.02.22 22:58:48.622,0.73629,0.73705,3.19,1.62
2011.02.22 22:58:48.728,0.73629,0.73699,2.59,1.02
2011.02.22 22:58:48.838,0.73613,0.7369,3.94,1.09
2011.02.22 22:58:48.948,0.73613,0.7369,3.42,1.09
2011.02.22 22:58:49.169,0.73613,0.73687,1.54,2.44
2011.02.22 22:58:49.691,0.73614,0.7369,3.04,1.24
2011.02.22 22:58:50.018,0.73614,0.73692,2.48,3.87
2011.02.22 22:58:50.238,0.73609,0.73687,2.70,3.12
2011.02.22 22:58:50.568,0.73599,0.73677,3.79,2.55
2011.02.22 22:58:51.449,0.73599,0.73677,3.57,2.48
2011.02.22 22:58:52.183,0.73603,0.73683,2.67,2.63
2011.02.22 22:58:52.509,0.73593,0.73673,2.70,2.70
2011.02.22 22:58:52.768,0.73593,0.73673,2.55,2.85
2011.02.22 22:58:53.129,0.73579,0.73658,3.19,2.40
2011.02.22 22:58:54.243,0.73579,0.73658,2.82,2.33
2011.02.22 22:58:55.308,0.73579,0.73658,2.82,2.25
2011.02.22 22:58:55.429,0.73575,0.73652,2.82,2.25
2011.02.22 22:58:55.798,0.7357,0.73647,2.82,2.25
2011.02.22 22:58:56.748,0.73565,0.73642,3.19,2.25
2011.02.22 22:58:56.968,0.73572,0.73647,1.13,2.25
2011.02.22 22:58:57.297,0.73572,0.73647,1.13,2.25
2011.02.22 22:58:57.407,0.73575,0.73652,3.00,2.25
2011.02.22 22:58:58.308,0.73577,0.73652,1.13,2.40
2011.02.22 22:58:59.768,0.73575,0.73649,2.82,1.09
2011.02.22 22:59:00.748,0.73573,0.73648,1.69,2.52
2011.02.22 22:59:00.858,0.73575,0.73649,3.04,1.09
2011.02.22 22:59:01.078,0.73573,0.73632,1.39,2.25
2011.02.22 22:59:01.469,0.73573,0.73632,1.39,2.25
2011.02.22 22:59:01.589,0.73573,0.73643,1.39,2.40
2011.02.22 22:59:01.698,0.73573,0.73643,1.54,2.25
2011.02.22 22:59:02.261,0.73573,0.73643,1.39,2.55
2011.02.22 22:59:03.309,0.73573,0.73643,1.54,2.70
2011.02.22 22:59:05.768,0.73573,0.73643,1.24,2.40
2011.02.22 22:59:05.878,0.73573,0.73643,1.32,2.33
2011.02.22 22:59:07.184,0.73573,0.73649,1.69,1.24
2011.02.22 22:59:08.153,0.73573,0.73649,1.69,1.24
2011.02.22 22:59:09.422,0.73573,0.73649,1.69,1.09
2011.02.22 22:59:10.618,0.73582,0.73652,2.63,1.02
2011.02.22 22:59:10.879,0.73582,0.73664,3.19,2.89
2011.02.22 22:59:12.113,0.73582,0.73664,2.82,2.67
2011.02.22 22:59:13.518,0.73593,0.7367,2.74,1.17
2011.02.22 22:59:13.779,0.73593,0.7367,2.82,1.09
2011.02.22 22:59:15.258,0.73592,0.7367,3.57,1.09
2011.02.22 22:59:15.478,0.73592,0.73669,1.69,2.74
2011.02.22 22:59:15.970,0.73587,0.73669,2.63,2.59
2011.02.22 22:59:16.091,0.73587,0.73669,3.00,2.59
2011.02.22 22:59:16.308,0.73595,0.73681,3.00,2.40
2011.02.22 22:59:16.418,0.73595,0.73681,3.00,2.40
2011.02.22 22:59:16.748,0.73597,0.73679,3.00,2.55
2011.02.22 22:59:17.054,0.73597,0.73679,2.63,2.48
2011.02.22 22:59:17.377,0.73603,0.73683,2.63,2.55
2011.02.22 22:59:18.179,0.73603,0.73683,2.63,2.48
2011.02.22 22:59:19.170,0.73603,0.73683,3.00,2.70
2011.02.22 22:59:24.019,0.73603,0.73683,3.00,2.55
2011.02.22 22:59:24.128,0.73603,0.73683,2.63,2.40
2011.02.22 22:59:24.458,0.73608,0.73688,2.63,3.04
2011.02.22 22:59:24.789,0.73602,0.73684,2.82,2.40
2011.02.22 22:59:24.899,0.73602,0.73684,2.82,2.40
2011.02.22 22:59:25.219,0.73608,0.73688,2.63,2.67
2011.02.22 22:59:25.438,0.73603,0.73683,2.63,2.40
2011.02.22 22:59:25.767,0.73603,0.73683,3.00,2.40
2011.02.22 22:59:26.308,0.73602,0.73684,3.19,2.55
2011.02.22 22:59:27.173,0.73602,0.73684,3.19,2.55
2011.02.22 22:59:27.818,0.73603,0.73679,1.69,1.09
2011.02.22 22:59:28.639,0.73612,0.73693,2.63,2.67
2011.02.22 22:59:29.018,0.73607,0.73689,2.82,2.74
2011.02.22 22:59:30.240,0.73607,0.73689,2.82,2.67
2011.02.22 22:59:30.969,0.73604,0.73684,1.32,2.48
2011.02.22 22:59:32.328,0.73602,0.73681,3.00,1.24
2011.02.22 22:59:33.049,0.73603,0.73678,1.32,2.25
2011.02.22 22:59:33.157,0.73612,0.73693,2.85,2.89
2011.02.22 22:59:34.259,0.73612,0.73693,3.00,2.89
2011.02.22 22:59:34.795,0.73612,0.73693,3.00,2.89
2011.02.22 22:59:35.308,0.73612,0.73693,3.00,2.89
2011.02.22 22:59:36.380,0.73615,0.73696,2.70,1.39
2011.02.22 22:59:38.501,0.73606,0.73686,3.19,2.55
2011.02.22 22:59:38.929,0.73606,0.73686,3.19,2.55
2011.02.22 22:59:40.241,0.7361,0.73692,3.00,2.89
2011.02.22 22:59:43.650,0.7361,0.73692,3.00,2.89
2011.02.22 22:59:43.868,0.73616,0.73696,2.63,3.49
2011.02.22 22:59:44.198,0.73611,0.73691,3.00,2.74
2011.02.22 22:59:44.528,0.73611,0.73691,2.63,2.74
2011.02.22 22:59:46.221,0.73611,0.73691,2.63,2.67
2011.02.22 22:59:47.178,0.73621,0.73701,2.48,2.55
2011.02.22 22:59:47.739,0.73621,0.73701,3.00,2.70
2011.02.22 22:59:48.088,0.73621,0.73701,2.48,2.63
2011.02.22 22:59:48.527,0.73611,0.73691,3.04,3.64
2011.02.22 22:59:49.129,0.73606,0.73688,3.94,3.04
2011.02.22 22:59:49.641,0.73606,0.73688,3.94,2.89
2011.02.22 22:59:51.180,0.73606,0.73688,3.94,3.04
2011.02.22 22:59:52.529,0.73626,0.73688,1.17,2.25
2011.02.22 22:59:52.748,0.73627,0.73702,2.67,1.09
2011.02.22 22:59:55.120,0.73627,0.73702,3.19,1.39
2011.02.22 22:59:55.978,0.73627,0.73702,3.19,1.09
2011.02.22 22:59:57.319,0.73636,0.73703,3.00,1.09
2011.02.22 22:59:59.499,0.73631,0.73702,2.82,1.02
