2016.05.27 13:00:00.292,0.87748,0.87783,1.37,1.00
2016.05.27 13:00:00.494,0.87746,0.87783,1.37,1.37
2016.05.27 13:00:00.595,0.87746,0.87783,1.37,1.37
2016.05.27 13:00:00.796,0.87745,0.87778,1.00,1.00
2016.05.27 13:00:01.097,0.87742,0.87778,1.37,1.37
2016.05.27 13:00:01.198,0.87739,0.87774,1.00,1.00
2016.05.27 13:00:01.703,0.87739,0.87773,1.00,1.12
2016.05.27 13:00:02.070,0.87738,0.87773,1.12,1.00
2016.05.27 13:00:02.388,0.87739,0.87769,1.00,1.00
2016.05.27 13:00:03.006,0.87735,0.8777,1.37,1.00
2016.05.27 13:00:03.107,0.87735,0.8777,1.37,1.00
2016.05.27 13:00:03.780,0.87735,0.87769,1.37,1.00
2016.05.27 13:00:04.168,0.87736,0.87773,1.37,1.12
2016.05.27 13:00:04.592,0.87736,0.87773,1.37,1.00
2016.05.27 13:00:04.945,0.87735,0.8777,1.37,1.00
2016.05.27 13:00:04.996,0.87737,0.87774,1.37,1.00
2016.05.27 13:00:05.727,0.87738,0.87774,1.37,1.00
2016.05.27 13:00:06.286,0.87738,0.87774,1.37,1.00
2016.05.27 13:00:06.596,0.87737,0.87775,1.37,1.00
2016.05.27 13:00:06.815,0.87738,0.87774,1.37,1.00
2016.05.27 13:00:06.915,0.87737,0.87775,1.37,1.00
2016.05.27 13:00:07.016,0.87736,0.87769,1.37,1.00
2016.05.27 13:00:07.600,0.87737,0.87775,1.37,1.00
2016.05.27 13:00:07.830,0.8774,0.87775,1.12,1.00
2016.05.27 13:00:08.480,0.87741,0.87775,1.12,1.00
2016.05.27 13:00:09.104,0.87741,0.87774,1.12,1.00
2016.05.27 13:00:09.645,0.87737,0.87775,1.50,1.00
2016.05.27 13:00:10.147,0.87738,0.87774,1.37,1.00
2016.05.27 13:00:10.407,0.87742,0.87778,1.37,1.87
2016.05.27 13:00:10.508,0.87741,0.87778,1.37,1.12
2016.05.27 13:00:10.609,0.87737,0.87775,1.50,1.00
2016.05.27 13:00:10.691,0.87737,0.87775,1.50,1.12
2016.05.27 13:00:10.793,0.87736,0.87772,1.37,1.00
2016.05.27 13:00:11.734,0.87736,0.87772,1.12,1.00
2016.05.27 13:00:12.069,0.87739,0.87774,1.50,1.00
2016.05.27 13:00:12.120,0.87742,0.87778,1.37,1.12
2016.05.27 13:00:12.220,0.87742,0.87778,1.37,1.00
2016.05.27 13:00:12.321,0.87745,0.87782,1.37,1.12
2016.05.27 13:00:12.422,0.87745,0.87782,1.37,1.00
2016.05.27 13:00:13.020,0.87747,0.87782,1.12,1.00
2016.05.27 13:00:13.413,0.87747,0.87778,1.37,1.00
2016.05.27 13:00:13.514,0.87748,0.87782,1.00,1.00
2016.05.27 13:00:13.715,0.87747,0.87781,1.12,1.00
2016.05.27 13:00:14.196,0.87748,0.87781,1.00,1.12
2016.05.27 13:00:14.811,0.87747,0.87781,1.12,1.00
2016.05.27 13:00:15.012,0.87747,0.87782,1.12,1.00
2016.05.27 13:00:15.440,0.87745,0.87781,1.37,1.00
2016.05.27 13:00:15.815,0.87744,0.87782,1.37,1.00
2016.05.27 13:00:16.619,0.87744,0.87782,1.37,1.00
2016.05.27 13:00:17.171,0.87744,0.87782,1.37,1.00
2016.05.27 13:00:17.695,0.87745,0.87781,1.37,1.12
2016.05.27 13:00:18.271,0.87744,0.87782,1.37,1.00
2016.05.27 13:00:18.787,0.87744,0.87782,1.37,1.00
2016.05.27 13:00:19.328,0.87745,0.87781,1.37,1.00
2016.05.27 13:00:20.079,0.87745,0.87781,1.37,1.00
2016.05.27 13:00:20.213,0.87745,0.87781,1.37,1.00
2016.05.27 13:00:20.529,0.87744,0.87782,1.37,1.12
2016.05.27 13:00:20.636,0.87745,0.87781,1.37,1.00
2016.05.27 13:00:21.191,0.87739,0.87776,2.62,1.00
2016.05.27 13:00:21.332,0.87739,0.87776,1.87,1.00
2016.05.27 13:00:22.134,0.87743,0.87776,1.37,1.00
2016.05.27 13:00:22.235,0.87742,0.87777,1.12,1.00
2016.05.27 13:00:22.335,0.87742,0.87777,1.37,1.00
2016.05.27 13:00:22.886,0.87743,0.87777,1.37,1.50
2016.05.27 13:00:23.195,0.87743,0.87776,1.87,1.00
2016.05.27 13:00:23.537,0.87743,0.87777,4.12,1.00
2016.05.27 13:00:23.838,0.87743,0.87776,1.37,1.00
2016.05.27 13:00:24.239,0.87743,0.87776,1.37,1.00
2016.05.27 13:00:24.890,0.87743,0.87776,1.12,1.12
2016.05.27 13:00:25.423,0.87743,0.87776,1.87,1.00
2016.05.27 13:00:26.118,0.87742,0.87777,1.87,1.00
2016.05.27 13:00:26.243,0.87742,0.87776,1.87,1.00
2016.05.27 13:00:27.946,0.87743,0.87777,1.37,1.00
2016.05.27 13:00:28.797,0.87743,0.87776,1.37,1.00
2016.05.27 13:00:29.155,0.87743,0.87776,1.12,1.00
2016.05.27 13:00:29.339,0.87739,0.87776,1.75,1.00
2016.05.27 13:00:29.850,0.87743,0.87777,1.37,1.00
2016.05.27 13:00:30.420,0.87742,0.87777,1.37,1.00
2016.05.27 13:00:30.752,0.87741,0.87776,1.37,1.00
2016.05.27 13:00:30.953,0.87748,0.87785,1.37,1.00
2016.05.27 13:00:31.252,0.87748,0.87784,1.12,1.37
2016.05.27 13:00:31.565,0.87748,0.87779,1.00,1.00
2016.05.27 13:00:31.964,0.87746,0.8778,1.87,1.00
2016.05.27 13:00:32.357,0.87747,0.87783,1.37,1.00
2016.05.27 13:00:32.570,0.87747,0.87784,1.37,1.00
2016.05.27 13:00:32.676,0.87747,0.87779,1.37,1.00
2016.05.27 13:00:32.978,0.87739,0.87774,2.62,1.00
2016.05.27 13:00:33.269,0.87743,0.87782,1.37,1.00
2016.05.27 13:00:33.910,0.87743,0.87781,1.37,1.00
2016.05.27 13:00:34.056,0.87738,0.87776,1.50,1.12
2016.05.27 13:00:34.160,0.87735,0.87771,1.37,1.00
2016.05.27 13:00:34.261,0.87734,0.87772,1.37,1.00
2016.05.27 13:00:34.475,0.87731,0.87767,1.75,1.00
2016.05.27 13:00:34.576,0.87736,0.87772,1.37,1.00
2016.05.27 13:00:34.676,0.87736,0.87772,1.87,1.00
2016.05.27 13:00:34.777,0.87736,0.87772,1.37,1.00
2016.05.27 13:00:34.878,0.87735,0.87773,1.37,1.00
2016.05.27 13:00:35.412,0.87736,0.87772,1.37,1.00
2016.05.27 13:00:35.463,0.87732,0.87769,1.50,1.00
2016.05.27 13:00:35.813,0.87732,0.87769,1.50,1.00
2016.05.27 13:00:35.864,0.87735,0.87773,1.37,1.00
2016.05.27 13:00:36.295,0.87738,0.87772,1.50,1.00
2016.05.27 13:00:36.396,0.87736,0.87773,2.25,1.00
2016.05.27 13:00:36.699,0.87735,0.87773,1.87,1.00
2016.05.27 13:00:37.199,0.87735,0.87773,1.87,1.00
2016.05.27 13:00:38.168,0.8774,0.87777,1.37,1.50
2016.05.27 13:00:38.670,0.8774,0.87777,1.87,1.50
2016.05.27 13:00:38.871,0.87743,0.87778,1.37,1.00
2016.05.27 13:00:39.204,0.87742,0.87777,1.37,1.00
2016.05.27 13:00:39.406,0.87743,0.87777,1.37,1.12
2016.05.27 13:00:39.607,0.87748,0.87777,1.00,1.00
2016.05.27 13:00:40.253,0.87748,0.87778,1.12,1.00
2016.05.27 13:00:40.404,0.87748,0.8778,1.37,1.00
2016.05.27 13:00:40.943,0.87748,0.87781,1.87,1.00
2016.05.27 13:00:41.474,0.87748,0.87781,1.87,1.00
2016.05.27 13:00:42.175,0.87748,0.8778,1.37,1.00
2016.05.27 13:00:42.679,0.8775,0.8778,1.12,1.00
2016.05.27 13:00:44.382,0.87746,0.87781,1.00,1.00
2016.05.27 13:00:44.684,0.87746,0.8778,1.37,1.00
2016.05.27 13:00:44.784,0.87746,0.87779,1.37,1.00
2016.05.27 13:00:44.901,0.87746,0.87778,1.37,1.00
2016.05.27 13:00:45.203,0.87746,0.87774,1.00,1.00
2016.05.27 13:00:45.888,0.87746,0.87773,1.37,1.00
2016.05.27 13:00:46.388,0.87743,0.87774,1.37,1.00
2016.05.27 13:00:46.489,0.87743,0.87774,1.37,1.00
2016.05.27 13:00:46.590,0.87743,0.87777,1.37,1.00
2016.05.27 13:00:47.264,0.87743,0.87777,1.37,1.00
2016.05.27 13:00:47.989,0.87746,0.87778,1.12,1.00
2016.05.27 13:00:48.541,0.87746,0.87777,1.12,1.00
2016.05.27 13:00:48.943,0.87749,0.87781,1.00,1.00
2016.05.27 13:00:49.343,0.87748,0.87777,1.12,1.00
2016.05.27 13:00:49.444,0.87748,0.87778,1.37,1.00
2016.05.27 13:00:50.413,0.87747,0.87777,1.12,1.00
2016.05.27 13:00:50.947,0.87743,0.87773,2.25,1.00
2016.05.27 13:00:52.283,0.87742,0.87773,1.87,1.00
2016.05.27 13:00:53.005,0.87742,0.87774,1.87,1.00
2016.05.27 13:00:53.653,0.87742,0.87773,1.00,1.00
2016.05.27 13:00:53.754,0.87742,0.87769,1.00,1.00
2016.05.27 13:00:54.155,0.87736,0.8777,1.00,1.00
2016.05.27 13:00:54.256,0.87736,0.87766,1.00,1.00
2016.05.27 13:00:54.457,0.87735,0.87769,1.12,1.00
2016.05.27 13:00:54.709,0.87733,0.87769,1.37,1.00
2016.05.27 13:00:54.913,0.87733,0.87769,1.37,1.00
2016.05.27 13:00:55.312,0.87733,0.8777,1.37,1.00
2016.05.27 13:00:55.718,0.87732,0.87769,1.37,1.37
2016.05.27 13:00:56.137,0.87726,0.87764,1.37,1.00
2016.05.27 13:00:56.439,0.87733,0.87771,1.37,1.75
2016.05.27 13:00:56.490,0.87733,0.87771,1.37,1.00
2016.05.27 13:00:57.015,0.87732,0.87771,1.87,1.00
2016.05.27 13:00:57.343,0.8773,0.87767,1.37,1.00
2016.05.27 13:00:57.544,0.8773,0.87767,1.37,1.00
2016.05.27 13:00:57.646,0.87729,0.87766,1.37,1.00
2016.05.27 13:00:57.696,0.87729,0.87764,1.37,1.00
2016.05.27 13:00:58.011,0.87722,0.87758,1.87,1.00
2016.05.27 13:00:58.761,0.87723,0.87759,1.37,1.00
2016.05.27 13:00:59.263,0.87723,0.87758,1.37,1.00
2016.05.27 13:00:59.558,0.87723,0.87759,1.37,1.00
2016.05.27 13:00:59.659,0.87723,0.87758,1.37,1.00
2016.05.27 13:01:00.251,0.87722,0.87759,2.62,1.00
2016.05.27 13:01:01.153,0.87723,0.87759,1.37,1.00
2016.05.27 13:01:01.254,0.87723,0.87758,1.37,1.00
2016.05.27 13:01:01.744,0.87723,0.87758,1.37,1.00
2016.05.27 13:01:02.130,0.87723,0.87759,1.37,1.00
2016.05.27 13:01:03.070,0.87723,0.87759,1.37,1.00
2016.05.27 13:01:03.171,0.87725,0.87763,1.37,1.50
2016.05.27 13:01:03.433,0.87725,0.87763,1.37,1.50
2016.05.27 13:01:03.835,0.87727,0.87762,1.37,1.00
2016.05.27 13:01:04.030,0.87729,0.87767,1.37,1.00
2016.05.27 13:01:04.181,0.87729,0.87767,1.12,1.87
2016.05.27 13:01:04.282,0.87726,0.87763,1.37,1.00
2016.05.27 13:01:04.615,0.8773,0.87767,1.37,1.00
2016.05.27 13:01:04.924,0.87729,0.87768,1.87,1.12
2016.05.27 13:01:05.426,0.8773,0.87767,1.37,1.00
2016.05.27 13:01:05.577,0.8773,0.87767,1.37,1.00
2016.05.27 13:01:05.927,0.87734,0.8777,1.37,1.00
2016.05.27 13:01:06.080,0.87733,0.87771,1.87,1.00
2016.05.27 13:01:06.785,0.87733,0.87771,1.37,1.00
2016.05.27 13:01:07.215,0.87733,0.87771,1.37,1.00
2016.05.27 13:01:07.266,0.87734,0.8777,1.37,1.00
2016.05.27 13:01:07.367,0.87733,0.87771,1.37,1.00
2016.05.27 13:01:07.468,0.87738,0.8777,1.37,1.00
2016.05.27 13:01:07.769,0.87743,0.87771,1.00,1.00
2016.05.27 13:01:08.071,0.87743,0.87774,1.37,1.00
2016.05.27 13:01:08.176,0.87742,0.87777,1.37,1.00
2016.05.27 13:01:08.277,0.87742,0.87778,1.00,1.00
2016.05.27 13:01:08.378,0.87738,0.87771,1.37,1.00
2016.05.27 13:01:08.630,0.87745,0.87779,1.12,1.00
2016.05.27 13:01:09.083,0.87745,0.87775,1.00,1.00
2016.05.27 13:01:09.332,0.87738,0.87775,1.37,1.00
2016.05.27 13:01:09.433,0.87738,0.8777,1.12,1.00
2016.05.27 13:01:09.734,0.87736,0.87765,1.00,1.00
2016.05.27 13:01:09.985,0.87736,0.87769,1.00,1.00
2016.05.27 13:01:10.035,0.87738,0.87769,1.00,1.00
2016.05.27 13:01:10.634,0.87738,0.8777,1.00,1.00
2016.05.27 13:01:11.187,0.87738,0.87769,1.00,1.00
2016.05.27 13:01:11.339,0.87736,0.87769,1.00,1.00
2016.05.27 13:01:11.389,0.87736,0.87762,1.00,1.00
2016.05.27 13:01:11.577,0.87728,0.87757,1.50,1.00
2016.05.27 13:01:12.089,0.87728,0.87757,1.00,1.00
2016.05.27 13:01:12.675,0.87727,0.87757,1.00,1.00
2016.05.27 13:01:13.438,0.87728,0.87757,1.00,1.00
2016.05.27 13:01:14.067,0.87727,0.87757,1.00,1.00
2016.05.27 13:01:14.700,0.87728,0.87757,1.00,1.00
2016.05.27 13:01:15.024,0.87721,0.87757,1.87,1.00
2016.05.27 13:01:15.075,0.87727,0.87758,1.87,1.00
2016.05.27 13:01:15.176,0.87723,0.87758,1.00,1.00
2016.05.27 13:01:15.377,0.87723,0.87754,1.12,1.00
2016.05.27 13:01:15.965,0.87723,0.87754,1.37,1.00
2016.05.27 13:01:16.066,0.87726,0.87762,1.37,2.25
2016.05.27 13:01:16.361,0.87726,0.87763,1.37,1.00
2016.05.27 13:01:16.512,0.87733,0.87769,1.37,1.00
2016.05.27 13:01:16.969,0.87733,0.87766,1.37,1.00
2016.05.27 13:01:17.280,0.87733,0.87761,1.12,1.00
2016.05.27 13:01:17.900,0.87733,0.87762,1.00,1.00
2016.05.27 13:01:18.273,0.87732,0.87766,1.50,1.00
2016.05.27 13:01:18.522,0.87732,0.87762,1.12,1.00
2016.05.27 13:01:18.823,0.87728,0.87762,1.50,1.87
2016.05.27 13:01:18.975,0.87718,0.87752,1.37,1.00
2016.05.27 13:01:19.176,0.87718,0.87756,1.37,1.00
2016.05.27 13:01:19.575,0.87723,0.87755,1.37,1.00
2016.05.27 13:01:20.378,0.87723,0.87756,1.37,1.00
2016.05.27 13:01:20.704,0.87723,0.8776,1.37,1.00
2016.05.27 13:01:20.879,0.87723,0.87759,1.87,1.00
2016.05.27 13:01:21.181,0.87727,0.87764,1.37,1.00
2016.05.27 13:01:21.282,0.87728,0.87764,1.87,1.00
2016.05.27 13:01:21.483,0.8773,0.87767,1.37,1.00
2016.05.27 13:01:22.017,0.87732,0.87767,1.37,1.00
2016.05.27 13:01:22.127,0.87732,0.87763,1.00,1.00
2016.05.27 13:01:22.384,0.87729,0.87767,1.87,1.00
2016.05.27 13:01:22.485,0.8773,0.87767,1.37,1.00
2016.05.27 13:01:22.728,0.8773,0.87766,1.87,1.37
2016.05.27 13:01:23.036,0.87728,0.87762,1.87,1.00
2016.05.27 13:01:23.487,0.87733,0.87762,1.37,1.00
2016.05.27 13:01:23.988,0.87732,0.87766,1.37,1.00
2016.05.27 13:01:24.088,0.87732,0.87767,1.12,1.00
2016.05.27 13:01:24.189,0.87732,0.87763,1.00,1.00
2016.05.27 13:01:25.113,0.87732,0.87762,1.37,1.00
2016.05.27 13:01:25.616,0.87732,0.87762,1.37,1.00
2016.05.27 13:01:26.342,0.87728,0.87763,1.37,1.00
2016.05.27 13:01:26.594,0.8773,0.87767,1.37,1.00
2016.05.27 13:01:26.695,0.8773,0.87767,1.37,1.00
2016.05.27 13:01:26.997,0.87737,0.87767,1.00,1.00
2016.05.27 13:01:27.238,0.87733,0.87767,1.37,1.00
2016.05.27 13:01:27.355,0.87738,0.87767,1.00,1.00
2016.05.27 13:01:28.418,0.87737,0.87767,1.00,1.00
2016.05.27 13:01:28.834,0.87732,0.87767,1.37,1.37
2016.05.27 13:01:29.045,0.87728,0.87761,1.87,1.00
2016.05.27 13:01:29.621,0.87728,0.87762,1.37,1.00
2016.05.27 13:01:29.970,0.87728,0.87762,1.37,1.00
2016.05.27 13:01:30.337,0.8773,0.87767,1.37,1.12
2016.05.27 13:01:30.655,0.87737,0.87767,1.00,1.00
2016.05.27 13:01:30.994,0.87732,0.87767,1.37,1.00
2016.05.27 13:01:31.044,0.87738,0.87768,1.00,1.00
2016.05.27 13:01:31.224,0.87733,0.87768,1.37,1.00
2016.05.27 13:01:32.325,0.87738,0.87768,1.00,1.00
2016.05.27 13:01:32.860,0.87738,0.87767,1.00,1.00
2016.05.27 13:01:33.154,0.8773,0.87767,1.37,1.12
2016.05.27 13:01:33.251,0.87728,0.87764,1.37,1.00
2016.05.27 13:01:36.117,0.87728,0.87763,3.37,1.00
2016.05.27 13:01:36.853,0.87733,0.87763,1.37,1.00
2016.05.27 13:01:37.019,0.87733,0.87767,1.12,1.00
2016.05.27 13:01:37.241,0.87732,0.87766,1.37,1.00
2016.05.27 13:01:37.721,0.87732,0.87767,1.37,1.00
2016.05.27 13:01:38.723,0.87732,0.87766,1.37,1.00
2016.05.27 13:01:38.824,0.87732,0.87766,1.37,1.00
2016.05.27 13:01:38.925,0.87729,0.87767,1.37,1.12
2016.05.27 13:01:39.325,0.8773,0.87766,1.37,1.00
2016.05.27 13:01:39.426,0.8773,0.87766,1.37,1.00
2016.05.27 13:01:39.527,0.8773,0.87766,1.87,1.00
2016.05.27 13:01:40.045,0.87737,0.87766,1.12,1.00
2016.05.27 13:01:40.679,0.87738,0.87766,1.00,1.00
2016.05.27 13:01:41.181,0.87737,0.87766,1.00,1.00
2016.05.27 13:01:43.034,0.87732,0.87766,1.87,1.00
2016.05.27 13:01:43.366,0.87729,0.87767,1.87,1.00
2016.05.27 13:01:43.582,0.87729,0.87762,1.50,1.00
2016.05.27 13:01:44.153,0.87728,0.87761,2.62,1.00
2016.05.27 13:01:44.283,0.87729,0.87765,1.87,1.37
2016.05.27 13:01:44.384,0.87729,0.87765,1.87,1.00
2016.05.27 13:01:44.685,0.87733,0.87769,1.37,1.00
2016.05.27 13:01:44.786,0.87733,0.87769,1.87,1.37
2016.05.27 13:01:44.887,0.87733,0.8777,1.37,1.00
2016.05.27 13:01:44.987,0.87733,0.87765,1.37,1.00
2016.05.27 13:01:45.641,0.87732,0.87766,1.37,1.00
2016.05.27 13:01:45.943,0.87729,0.87765,1.87,1.00
2016.05.27 13:01:46.447,0.87737,0.87765,1.00,1.00
2016.05.27 13:01:47.561,0.87738,0.87765,1.00,1.00
2016.05.27 13:01:50.502,0.87738,0.8777,1.12,1.00
2016.05.27 13:01:51.705,0.87738,0.87769,1.37,1.00
2016.05.27 13:01:52.157,0.87743,0.87769,1.00,1.00
2016.05.27 13:01:52.257,0.87738,0.8777,1.00,1.00
2016.05.27 13:01:52.408,0.87737,0.8777,1.37,1.00
2016.05.27 13:01:52.462,0.87737,0.87772,1.37,1.00
2016.05.27 13:01:52.563,0.87737,0.87772,1.37,1.00
2016.05.27 13:01:52.977,0.87738,0.87767,1.37,1.00
2016.05.27 13:01:53.063,0.87738,0.87771,1.37,1.50
2016.05.27 13:01:53.474,0.87746,0.8777,1.00,1.00
2016.05.27 13:01:53.565,0.87746,0.87775,1.00,1.00
2016.05.27 13:01:53.668,0.87743,0.87778,1.87,1.50
2016.05.27 13:01:53.719,0.87752,0.87778,1.00,1.50
2016.05.27 13:01:54.000,0.87743,0.87778,1.37,1.00
2016.05.27 13:01:54.472,0.87742,0.87779,1.37,1.00
2016.05.27 13:01:54.663,0.87742,0.87774,1.37,1.00
2016.05.27 13:01:54.972,0.87739,0.87775,1.37,1.00
2016.05.27 13:01:55.371,0.87739,0.87774,1.37,1.00
2016.05.27 13:01:55.873,0.87742,0.87774,1.12,1.00
2016.05.27 13:01:56.381,0.87738,0.87775,1.37,1.00
2016.05.27 13:01:56.481,0.87738,0.87771,1.37,1.00
2016.05.27 13:01:56.628,0.87733,0.87772,1.37,1.00
2016.05.27 13:01:56.678,0.87734,0.87771,1.37,1.00
2016.05.27 13:01:57.199,0.87735,0.87771,1.37,1.00
2016.05.27 13:01:57.709,0.87737,0.87775,1.37,1.00
2016.05.27 13:01:58.309,0.87738,0.87774,1.37,1.00
2016.05.27 13:01:58.480,0.87739,0.87775,1.00,1.00
2016.05.27 13:01:58.531,0.87743,0.87775,1.00,1.00
2016.05.27 13:01:58.933,0.87747,0.87774,1.00,1.00
2016.05.27 13:01:58.984,0.87747,0.87779,1.00,1.00
2016.05.27 13:01:59.185,0.87748,0.87781,1.00,1.12
2016.05.27 13:01:59.286,0.87747,0.87776,1.00,1.00
2016.05.27 13:01:59.336,0.87743,0.87776,1.12,1.00
2016.05.27 13:01:59.810,0.8774,0.87776,1.37,1.00
2016.05.27 13:02:00.214,0.8774,0.87776,1.37,1.00
2016.05.27 13:02:00.712,0.8774,0.87774,1.00,1.37
2016.05.27 13:02:01.041,0.87733,0.87769,1.37,1.00
2016.05.27 13:02:01.091,0.87733,0.87769,1.37,1.00
2016.05.27 13:02:01.393,0.87735,0.87774,1.37,1.12
2016.05.27 13:02:01.589,0.87737,0.87773,1.37,1.00
2016.05.27 13:02:01.890,0.87737,0.87764,1.37,1.00
2016.05.27 13:02:02.092,0.87748,0.87779,1.00,2.62
2016.05.27 13:02:02.293,0.87742,0.8778,1.37,1.12
2016.05.27 13:02:02.523,0.87746,0.87779,1.37,1.12
2016.05.27 13:02:03.044,0.87746,0.87779,1.37,1.00
2016.05.27 13:02:03.394,0.87746,0.8778,1.12,1.00
2016.05.27 13:02:03.915,0.87742,0.87779,1.87,1.12
2016.05.27 13:02:04.016,0.87739,0.87775,1.37,1.37
2016.05.27 13:02:04.418,0.87737,0.8777,1.75,1.00
2016.05.27 13:02:04.949,0.87734,0.8777,1.37,1.00
2016.05.27 13:02:05.496,0.87737,0.8777,1.12,1.37
2016.05.27 13:02:06.025,0.87738,0.8777,1.00,1.37
2016.05.27 13:02:06.364,0.87737,0.87771,1.00,1.00
2016.05.27 13:02:06.884,0.87737,0.8777,1.12,1.00
2016.05.27 13:02:07.054,0.87738,0.87774,1.37,1.37
2016.05.27 13:02:07.455,0.87737,0.87775,1.87,1.37
2016.05.27 13:02:07.852,0.87737,0.87774,1.37,1.37
2016.05.27 13:02:08.106,0.87727,0.87762,1.37,1.00
2016.05.27 13:02:08.157,0.87724,0.87761,1.37,1.37
2016.05.27 13:02:08.504,0.87728,0.87756,1.00,1.00
2016.05.27 13:02:08.658,0.87728,0.87761,1.37,1.12
2016.05.27 13:02:08.959,0.87723,0.87762,1.87,1.87
2016.05.27 13:02:09.359,0.87729,0.87764,1.37,1.00
2016.05.27 13:02:09.659,0.87726,0.87764,1.37,1.00
2016.05.27 13:02:09.827,0.87726,0.87763,1.87,1.37
2016.05.27 13:02:09.928,0.87726,0.87764,1.37,1.37
2016.05.27 13:02:10.029,0.87726,0.87758,1.12,1.00
2016.05.27 13:02:10.564,0.87722,0.87758,1.37,1.12
2016.05.27 13:02:11.083,0.87722,0.87758,1.37,1.37
2016.05.27 13:02:11.234,0.87726,0.8776,1.12,1.87
2016.05.27 13:02:11.380,0.8773,0.87768,1.00,1.37
2016.05.27 13:02:11.682,0.87729,0.87762,1.00,1.37
2016.05.27 13:02:11.783,0.87719,0.87756,1.37,1.12
2016.05.27 13:02:11.833,0.87719,0.87749,1.37,1.00
2016.05.27 13:02:11.884,0.87713,0.87744,1.12,1.00
2016.05.27 13:02:11.985,0.87708,0.87744,2.62,1.00
2016.05.27 13:02:12.167,0.87708,0.87744,2.62,1.37
2016.05.27 13:02:12.465,0.87708,0.87744,2.62,1.12
2016.05.27 13:02:13.000,0.87708,0.87744,1.37,1.12
2016.05.27 13:02:13.367,0.87708,0.87743,1.37,1.37
2016.05.27 13:02:13.669,0.87706,0.87744,1.00,1.37
2016.05.27 13:02:13.770,0.87703,0.87739,1.12,1.00
2016.05.27 13:02:13.873,0.87703,0.87738,1.37,1.00
2016.05.27 13:02:14.065,0.87703,0.87738,1.37,1.12
2016.05.27 13:02:14.166,0.87701,0.87738,1.37,1.37
2016.05.27 13:02:14.468,0.87703,0.87738,1.37,1.00
2016.05.27 13:02:14.568,0.877,0.87739,1.37,1.00
2016.05.27 13:02:14.770,0.87701,0.87738,1.12,1.37
2016.05.27 13:02:15.071,0.87697,0.87735,1.87,1.00
2016.05.27 13:02:15.176,0.87701,0.87738,1.37,1.00
2016.05.27 13:02:15.227,0.87708,0.87738,1.00,1.00
2016.05.27 13:02:15.579,0.87702,0.87738,1.37,1.00
2016.05.27 13:02:15.781,0.87704,0.87743,1.37,1.87
2016.05.27 13:02:16.308,0.87708,0.87742,1.12,1.37
2016.05.27 13:02:16.463,0.87704,0.87743,1.37,1.00
2016.05.27 13:02:16.811,0.87708,0.87742,1.37,1.12
2016.05.27 13:02:16.912,0.87708,0.87743,1.12,1.37
2016.05.27 13:02:17.415,0.87713,0.87742,1.00,1.12
2016.05.27 13:02:17.566,0.87714,0.87749,1.37,1.00
2016.05.27 13:02:17.667,0.87714,0.87752,1.37,1.12
2016.05.27 13:02:17.914,0.87715,0.87751,1.37,1.37
2016.05.27 13:02:18.463,0.87715,0.87751,1.37,1.37
2016.05.27 13:02:18.669,0.87714,0.87752,1.12,1.37
2016.05.27 13:02:18.774,0.87715,0.87751,1.37,1.37
2016.05.27 13:02:18.976,0.87714,0.87752,1.37,1.00
2016.05.27 13:02:19.287,0.87715,0.87751,1.37,1.37
2016.05.27 13:02:19.802,0.87712,0.87747,1.37,1.00
2016.05.27 13:02:20.424,0.87713,0.87747,1.37,1.00
2016.05.27 13:02:22.099,0.87711,0.87748,1.37,1.00
2016.05.27 13:02:22.543,0.87718,0.87748,1.00,1.00
2016.05.27 13:02:23.123,0.87717,0.87747,1.12,1.00
2016.05.27 13:02:23.695,0.87717,0.87748,1.00,1.00
2016.05.27 13:02:24.547,0.87717,0.87747,1.00,1.00
2016.05.27 13:02:24.699,0.87718,0.87751,1.00,1.12
2016.05.27 13:02:25.207,0.87718,0.87752,1.00,1.12
2016.05.27 13:02:25.553,0.87714,0.87752,1.37,1.00
2016.05.27 13:02:26.207,0.87718,0.87751,1.00,1.00
2016.05.27 13:02:26.991,0.87718,0.87752,1.00,1.00
2016.05.27 13:02:28.026,0.87718,0.87751,1.00,1.12
2016.05.27 13:02:28.547,0.87717,0.87751,1.00,1.00
2016.05.27 13:02:28.756,0.87714,0.87752,1.00,1.87
2016.05.27 13:02:29.134,0.87715,0.87751,1.00,1.37
2016.05.27 13:02:29.235,0.87715,0.87751,1.00,1.12
2016.05.27 13:02:29.900,0.87714,0.87752,1.00,1.87
2016.05.27 13:02:30.409,0.87715,0.87751,1.00,1.12
2016.05.27 13:02:30.739,0.87713,0.87749,1.00,1.00
2016.05.27 13:02:30.839,0.8771,0.87749,2.62,1.00
2016.05.27 13:02:30.940,0.87713,0.87749,1.00,1.00
2016.05.27 13:02:31.041,0.8771,0.87747,1.00,1.12
2016.05.27 13:02:31.142,0.87711,0.87747,1.00,1.87
2016.05.27 13:02:31.243,0.87703,0.87742,2.62,1.00
2016.05.27 13:02:31.344,0.87708,0.87742,1.00,1.00
2016.05.27 13:02:31.445,0.87703,0.87742,1.87,1.00
2016.05.27 13:02:31.926,0.87707,0.87737,1.00,1.00
2016.05.27 13:02:32.027,0.87708,0.8774,1.00,1.12
2016.05.27 13:02:32.127,0.87708,0.87736,1.00,1.00
2016.05.27 13:02:32.743,0.87707,0.87736,1.00,1.00
2016.05.27 13:02:33.615,0.87707,0.8774,1.00,1.00
2016.05.27 13:02:34.165,0.87704,0.8774,1.37,1.00
2016.05.27 13:02:34.316,0.87708,0.87744,1.00,1.37
2016.05.27 13:02:34.844,0.87708,0.87744,1.50,1.37
2016.05.27 13:02:35.369,0.87708,0.87744,1.00,1.37
2016.05.27 13:02:35.621,0.87708,0.87744,1.00,1.12
2016.05.27 13:02:35.722,0.87708,0.87744,1.00,1.37
2016.05.27 13:02:35.936,0.87708,0.87744,1.50,1.37
2016.05.27 13:02:36.353,0.87707,0.87741,1.00,1.00
2016.05.27 13:02:37.004,0.87708,0.87741,1.00,1.00
2016.05.27 13:02:37.512,0.87708,0.87742,1.00,1.00
2016.05.27 13:02:37.726,0.87708,0.87745,1.12,1.00
2016.05.27 13:02:38.275,0.87708,0.87744,2.62,1.00
2016.05.27 13:02:39.229,0.87709,0.87744,1.37,1.00
2016.05.27 13:02:39.412,0.87713,0.87744,1.00,1.00
2016.05.27 13:02:39.513,0.87709,0.87745,1.12,1.00
2016.05.27 13:02:40.562,0.87712,0.87744,1.50,1.00
2016.05.27 13:02:40.880,0.8771,0.87745,1.50,1.00
2016.05.27 13:02:41.450,0.87712,0.87748,1.00,1.00
2016.05.27 13:02:41.983,0.87711,0.87749,1.00,1.12
2016.05.27 13:02:42.152,0.87713,0.87749,1.00,1.37
2016.05.27 13:02:42.253,0.87711,0.87749,1.00,1.37
2016.05.27 13:02:43.054,0.87712,0.87748,1.00,1.37
2016.05.27 13:02:43.356,0.87711,0.87749,1.00,1.12
2016.05.27 13:02:43.558,0.87709,0.87746,1.87,1.00
2016.05.27 13:02:43.862,0.87707,0.87741,1.00,1.12
2016.05.27 13:02:44.408,0.87708,0.8774,1.00,1.00
2016.05.27 13:02:44.522,0.87704,0.87739,1.00,1.00
2016.05.27 13:02:44.573,0.87702,0.87736,1.00,1.37
2016.05.27 13:02:44.910,0.87708,0.87736,1.00,1.00
2016.05.27 13:02:44.960,0.87703,0.87736,1.12,1.00
2016.05.27 13:02:45.061,0.87708,0.87736,1.00,1.00
2016.05.27 13:02:45.476,0.87708,0.87741,1.00,1.37
2016.05.27 13:02:45.577,0.87707,0.87737,1.00,1.00
2016.05.27 13:02:46.092,0.87708,0.87737,1.00,1.00
2016.05.27 13:02:46.469,0.87713,0.87737,1.00,1.00
2016.05.27 13:02:46.644,0.87707,0.87737,1.00,1.00
2016.05.27 13:02:47.123,0.87712,0.87737,1.00,1.00
2016.05.27 13:02:47.274,0.87712,0.87741,1.00,1.12
2016.05.27 13:02:47.566,0.87708,0.87741,1.00,1.12
2016.05.27 13:02:48.468,0.87708,0.8774,1.00,1.00
2016.05.27 13:02:49.048,0.87713,0.8774,1.00,1.00
2016.05.27 13:02:49.235,0.87708,0.8774,1.00,1.00
2016.05.27 13:02:49.336,0.87704,0.87739,1.12,1.12
2016.05.27 13:02:49.387,0.87703,0.87735,1.00,1.00
2016.05.27 13:02:49.928,0.87702,0.87734,1.00,1.00
2016.05.27 13:02:50.229,0.87701,0.87734,1.37,1.00
2016.05.27 13:02:50.280,0.87708,0.87744,1.12,1.75
2016.05.27 13:02:50.330,0.87713,0.87744,1.00,1.75
2016.05.27 13:02:50.381,0.87713,0.87744,1.00,1.00
2016.05.27 13:02:50.883,0.87713,0.87745,1.00,1.00
2016.05.27 13:02:51.832,0.87718,0.87745,1.00,1.00
2016.05.27 13:02:52.333,0.87712,0.87745,1.00,1.00
2016.05.27 13:02:52.433,0.87717,0.87745,1.00,1.00
2016.05.27 13:02:53.053,0.87713,0.87736,1.00,1.00
2016.05.27 13:02:53.154,0.87703,0.87736,1.37,1.00
2016.05.27 13:02:53.255,0.87702,0.87733,1.00,1.00
2016.05.27 13:02:53.791,0.87703,0.87733,1.00,1.00
2016.05.27 13:02:54.132,0.87707,0.87734,1.00,1.00
2016.05.27 13:02:54.384,0.87702,0.87736,1.00,1.87
2016.05.27 13:02:54.911,0.87703,0.87733,1.00,1.00
2016.05.27 13:02:55.237,0.87707,0.87736,1.00,1.87
2016.05.27 13:02:56.038,0.87707,0.87736,1.00,2.62
2016.05.27 13:02:56.242,0.87703,0.87734,1.00,1.00
2016.05.27 13:02:56.343,0.87698,0.87733,1.37,1.00
2016.05.27 13:02:56.645,0.87703,0.87734,1.00,1.50
2016.05.27 13:02:57.130,0.87707,0.87734,1.00,1.00
2016.05.27 13:02:57.183,0.87702,0.87737,1.00,1.00
2016.05.27 13:02:57.290,0.87702,0.87733,1.00,1.00
2016.05.27 13:02:57.818,0.87702,0.87734,1.00,1.00
2016.05.27 13:02:58.343,0.87702,0.87733,1.00,1.00
2016.05.27 13:02:58.648,0.87707,0.87733,1.00,1.00
2016.05.27 13:03:00.222,0.87707,0.87737,1.00,1.12
2016.05.27 13:03:00.594,0.87713,0.87738,1.00,1.00
2016.05.27 13:03:00.745,0.87712,0.87741,1.00,1.12
2016.05.27 13:03:01.599,0.87708,0.87741,1.00,1.00
2016.05.27 13:03:01.700,0.87712,0.87741,1.00,1.12
2016.05.27 13:03:02.001,0.87708,0.87741,1.00,1.37
2016.05.27 13:03:02.527,0.87708,0.87741,1.00,1.37
2016.05.27 13:03:02.604,0.87708,0.87742,1.00,1.00
2016.05.27 13:03:02.819,0.87704,0.87741,1.12,1.00
2016.05.27 13:03:02.970,0.87709,0.87742,1.00,1.00
2016.05.27 13:03:03.273,0.87714,0.8775,1.00,1.00
2016.05.27 13:03:03.823,0.87713,0.87751,1.00,1.37
2016.05.27 13:03:04.656,0.87714,0.8775,1.00,1.37
2016.05.27 13:03:04.959,0.87713,0.87746,1.00,1.00
2016.05.27 13:03:05.308,0.87718,0.87746,1.00,1.00
2016.05.27 13:03:05.408,0.87713,0.87746,1.00,1.00
2016.05.27 13:03:05.708,0.87718,0.87746,1.00,1.00
2016.05.27 13:03:07.710,0.87712,0.87746,1.12,1.00
2016.05.27 13:03:07.761,0.87713,0.87751,1.37,1.87
2016.05.27 13:03:07.867,0.87716,0.87751,1.50,1.00
2016.05.27 13:03:08.211,0.87718,0.87752,1.00,1.00
2016.05.27 13:03:08.513,0.87717,0.87749,1.00,1.00
2016.05.27 13:03:08.812,0.87713,0.87749,1.00,1.00
2016.05.27 13:03:09.020,0.87715,0.87753,1.12,1.00
2016.05.27 13:03:09.206,0.87717,0.87753,1.00,1.00
2016.05.27 13:03:09.622,0.87716,0.87752,1.37,1.00
2016.05.27 13:03:09.723,0.8772,0.87758,1.12,1.87
2016.05.27 13:03:09.814,0.87723,0.87758,1.00,1.87
2016.05.27 13:03:10.483,0.87723,0.87758,1.00,1.12
2016.05.27 13:03:10.791,0.87726,0.87757,1.37,1.00
2016.05.27 13:03:10.842,0.8773,0.87762,1.00,1.00
2016.05.27 13:03:10.943,0.87733,0.87762,1.00,1.00
2016.05.27 13:03:11.094,0.87733,0.87768,1.00,1.00
2016.05.27 13:03:11.217,0.87731,0.87767,1.00,1.50
2016.05.27 13:03:12.218,0.87733,0.87767,1.00,1.00
2016.05.27 13:03:12.759,0.87733,0.87768,1.00,1.37
2016.05.27 13:03:12.920,0.87727,0.87762,1.00,1.00
2016.05.27 13:03:12.970,0.87723,0.87755,1.00,1.00
2016.05.27 13:03:13.071,0.87725,0.87761,1.00,1.87
2016.05.27 13:03:13.172,0.8772,0.87758,1.00,1.37
2016.05.27 13:03:13.272,0.87721,0.87757,1.00,1.37
2016.05.27 13:03:13.647,0.8772,0.87758,1.00,1.00
2016.05.27 13:03:14.151,0.87721,0.87757,1.00,1.00
2016.05.27 13:03:15.023,0.87723,0.87757,1.00,1.00
2016.05.27 13:03:15.237,0.87726,0.87762,1.12,1.12
2016.05.27 13:03:16.175,0.87725,0.87763,1.00,1.12
2016.05.27 13:03:18.230,0.87727,0.87763,1.00,1.00
2016.05.27 13:03:18.445,0.87729,0.87767,1.00,1.87
2016.05.27 13:03:18.646,0.8773,0.87766,1.00,1.37
2016.05.27 13:03:19.262,0.8773,0.87766,1.00,1.37
2016.05.27 13:03:19.632,0.87733,0.87767,1.00,1.37
2016.05.27 13:03:19.849,0.8773,0.87766,1.00,1.87
2016.05.27 13:03:20.427,0.8773,0.87766,1.00,1.87
2016.05.27 13:03:20.985,0.8773,0.87766,1.00,1.87
2016.05.27 13:03:21.886,0.8773,0.87766,1.00,1.87
2016.05.27 13:03:22.470,0.8773,0.87766,1.37,1.00
2016.05.27 13:03:22.537,0.87733,0.87766,1.00,1.00
2016.05.27 13:03:22.667,0.87733,0.87772,1.50,2.62
2016.05.27 13:03:22.768,0.87733,0.87764,1.00,1.00
2016.05.27 13:03:23.307,0.87732,0.87769,1.12,1.00
2016.05.27 13:03:23.458,0.87738,0.87768,1.00,1.00
2016.05.27 13:03:24.140,0.87737,0.87768,1.00,1.00
2016.05.27 13:03:24.241,0.87733,0.87768,1.12,1.00
2016.05.27 13:03:24.291,0.87735,0.87768,1.37,1.00
2016.05.27 13:03:24.392,0.8774,0.87775,1.00,1.00
2016.05.27 13:03:24.493,0.87738,0.87771,1.00,1.00
2016.05.27 13:03:24.543,0.87733,0.87771,1.37,1.00
2016.05.27 13:03:24.594,0.87733,0.87771,1.37,1.00
2016.05.27 13:03:24.695,0.87737,0.87775,1.12,1.00
2016.05.27 13:03:25.062,0.87738,0.87774,1.87,1.00
2016.05.27 13:03:25.564,0.87738,0.87773,1.12,1.00
2016.05.27 13:03:25.760,0.87733,0.87772,1.87,1.12
2016.05.27 13:03:26.574,0.87734,0.87771,1.12,1.00
2016.05.27 13:03:26.675,0.87739,0.87772,1.00,1.00
2016.05.27 13:03:26.736,0.87739,0.87775,1.00,1.00
2016.05.27 13:03:26.987,0.87742,0.87776,1.00,1.00
2016.05.27 13:03:27.512,0.87742,0.87775,1.50,1.00
2016.05.27 13:03:28.935,0.87743,0.87775,1.00,1.00
2016.05.27 13:03:29.188,0.87743,0.87782,1.00,1.37
2016.05.27 13:03:29.289,0.87742,0.87776,1.37,1.00
2016.05.27 13:03:29.813,0.87742,0.87776,1.87,1.00
2016.05.27 13:03:30.325,0.87742,0.87776,1.37,1.00
2016.05.27 13:03:30.861,0.87741,0.87776,1.37,1.00
2016.05.27 13:03:30.912,0.87744,0.8778,1.12,1.37
2016.05.27 13:03:31.480,0.87743,0.87781,1.87,1.00
2016.05.27 13:03:31.893,0.87744,0.8778,1.00,1.37
2016.05.27 13:03:32.405,0.87744,0.8778,1.00,1.37
2016.05.27 13:03:33.838,0.87748,0.8778,1.00,1.12
2016.05.27 13:03:33.947,0.87744,0.8778,1.12,1.12
2016.05.27 13:03:33.998,0.87744,0.8778,1.37,1.00
2016.05.27 13:03:34.308,0.87749,0.87785,1.00,1.87
2016.05.27 13:03:34.359,0.87742,0.8778,1.12,1.37
2016.05.27 13:03:34.698,0.87742,0.87778,1.00,1.37
2016.05.27 13:03:35.000,0.87738,0.87775,1.00,1.37
2016.05.27 13:03:35.100,0.87738,0.87775,1.00,1.37
2016.05.27 13:03:35.389,0.87733,0.87769,1.00,1.37
2016.05.27 13:03:35.592,0.87732,0.8777,1.12,1.00
2016.05.27 13:03:35.693,0.87733,0.87769,1.37,1.37
2016.05.27 13:03:36.016,0.87738,0.87772,1.00,1.37
2016.05.27 13:03:36.578,0.87738,0.87772,1.00,1.37
2016.05.27 13:03:36.630,0.87734,0.87767,1.00,1.37
2016.05.27 13:03:36.731,0.87733,0.87771,1.00,1.37
2016.05.27 13:03:36.831,0.87739,0.87772,1.00,1.37
2016.05.27 13:03:36.932,0.87738,0.87773,1.00,1.37
2016.05.27 13:03:37.447,0.87739,0.87773,1.00,1.37
2016.05.27 13:03:37.518,0.87739,0.87773,1.00,1.12
2016.05.27 13:03:38.099,0.87738,0.87773,1.12,1.00
2016.05.27 13:03:38.609,0.87739,0.87775,1.12,1.50
2016.05.27 13:03:39.203,0.87739,0.87775,1.00,1.12
2016.05.27 13:03:39.811,0.87739,0.87775,1.00,1.37
2016.05.27 13:03:40.407,0.87738,0.87776,1.12,1.37
2016.05.27 13:03:40.845,0.87739,0.87775,1.00,1.37
2016.05.27 13:03:41.159,0.87743,0.87775,1.00,1.00
2016.05.27 13:03:41.442,0.87745,0.87781,1.37,1.00
2016.05.27 13:03:41.644,0.87744,0.87782,1.37,1.12
2016.05.27 13:03:41.745,0.87749,0.87785,1.00,1.37
2016.05.27 13:03:42.332,0.87749,0.87782,1.00,1.00
2016.05.27 13:03:42.961,0.87748,0.87782,1.00,1.12
2016.05.27 13:03:43.824,0.87749,0.87782,1.00,1.37
2016.05.27 13:03:44.054,0.87749,0.87782,1.00,1.12
2016.05.27 13:03:44.427,0.87749,0.87783,1.00,1.37
2016.05.27 13:03:44.528,0.87745,0.87782,1.37,1.87
2016.05.27 13:03:44.931,0.87745,0.87782,1.12,1.87
2016.05.27 13:03:45.868,0.87745,0.87782,1.00,1.87
2016.05.27 13:03:46.331,0.87745,0.87782,1.00,1.87
2016.05.27 13:03:46.542,0.87743,0.87779,1.00,1.37
2016.05.27 13:03:46.761,0.87743,0.87778,1.00,1.37
2016.05.27 13:03:47.311,0.87742,0.87778,1.12,1.37
2016.05.27 13:03:47.458,0.87741,0.87779,1.12,1.37
2016.05.27 13:03:47.631,0.87738,0.87774,1.37,1.00
2016.05.27 13:03:47.732,0.87737,0.87775,1.87,1.00
2016.05.27 13:03:48.279,0.87738,0.87774,1.37,1.00
2016.05.27 13:03:48.461,0.87739,0.87775,1.37,1.00
2016.05.27 13:03:48.561,0.87741,0.8778,1.37,1.37
2016.05.27 13:03:48.612,0.87742,0.8778,1.12,1.37
2016.05.27 13:03:48.865,0.87743,0.8778,1.37,1.12
2016.05.27 13:03:48.966,0.87743,0.87779,1.87,1.37
2016.05.27 13:03:49.266,0.87742,0.8778,1.75,1.37
2016.05.27 13:03:49.655,0.87747,0.8778,1.00,1.12
2016.05.27 13:03:50.291,0.87746,0.87782,1.00,1.37
2016.05.27 13:03:50.457,0.87746,0.87783,1.37,1.12
2016.05.27 13:03:51.038,0.87748,0.87784,1.12,1.00
2016.05.27 13:03:51.545,0.87751,0.8779,1.00,1.37
2016.05.27 13:03:51.847,0.87757,0.87793,1.12,1.37
2016.05.27 13:03:52.222,0.87758,0.87793,1.00,1.37
2016.05.27 13:03:52.448,0.87746,0.87783,1.00,1.37
2016.05.27 13:03:52.650,0.87745,0.87784,1.37,1.37
2016.05.27 13:03:52.751,0.87746,0.87783,1.37,1.37
2016.05.27 13:03:53.442,0.87746,0.87782,1.37,1.37
2016.05.27 13:03:53.743,0.87751,0.87782,1.00,1.12
2016.05.27 13:03:54.285,0.87751,0.87785,1.00,1.37
2016.05.27 13:03:54.494,0.87746,0.87782,1.12,1.37
2016.05.27 13:03:54.897,0.8775,0.87786,1.00,1.37
2016.05.27 13:03:55.048,0.8775,0.87786,1.50,1.00
2016.05.27 13:03:55.257,0.87756,0.87792,1.00,1.37
2016.05.27 13:03:55.378,0.87755,0.87793,1.12,1.87
2016.05.27 13:03:55.479,0.87756,0.87792,1.00,1.37
2016.05.27 13:03:55.580,0.87755,0.87793,1.37,1.00
2016.05.27 13:03:56.080,0.87756,0.87792,1.12,1.37
2016.05.27 13:03:56.611,0.87756,0.87792,1.37,1.12
2016.05.27 13:03:56.900,0.87755,0.87793,1.12,1.12
2016.05.27 13:03:57.001,0.87756,0.87792,1.37,1.00
2016.05.27 13:03:57.302,0.87756,0.87792,1.00,1.37
2016.05.27 13:03:57.357,0.87755,0.87793,1.12,1.37
2016.05.27 13:03:57.962,0.87755,0.87793,1.37,1.37
2016.05.27 13:03:58.059,0.87756,0.87792,1.37,1.00
2016.05.27 13:03:58.384,0.87762,0.87797,1.00,1.37
2016.05.27 13:03:59.096,0.87761,0.87798,1.00,1.37
2016.05.27 13:03:59.206,0.87762,0.87798,1.00,1.87
2016.05.27 13:03:59.307,0.87762,0.87798,1.87,1.37
2016.05.27 13:03:59.836,0.87761,0.87797,1.00,1.37
2016.05.27 13:03:59.937,0.87763,0.87798,1.00,1.37
2016.05.27 13:03:59.988,0.87763,0.87798,1.37,1.00
2016.05.27 13:04:00.089,0.87762,0.87798,1.37,1.37
2016.05.27 13:04:00.405,0.87762,0.87798,1.37,1.37
2016.05.27 13:04:00.607,0.87763,0.87798,1.12,1.37
2016.05.27 13:04:01.219,0.87765,0.87802,1.37,1.87
2016.05.27 13:04:02.003,0.87764,0.87802,1.12,1.37
2016.05.27 13:04:02.104,0.87769,0.87802,1.37,1.00
2016.05.27 13:04:02.281,0.87769,0.87802,1.00,1.12
2016.05.27 13:04:02.383,0.87764,0.878,1.37,1.12
2016.05.27 13:04:04.517,0.87763,0.87801,1.87,1.37
2016.05.27 13:04:04.618,0.87763,0.87801,1.87,1.37
2016.05.27 13:04:04.945,0.87759,0.87796,1.37,1.37
2016.05.27 13:04:05.282,0.87758,0.87797,1.50,1.37
2016.05.27 13:04:05.562,0.87755,0.87793,1.37,1.87
2016.05.27 13:04:06.121,0.87755,0.87793,1.37,1.87
2016.05.27 13:04:06.803,0.87756,0.87792,1.37,1.12
2016.05.27 13:04:07.333,0.87755,0.87793,1.37,1.00
2016.05.27 13:04:07.912,0.87756,0.87792,1.37,1.00
2016.05.27 13:04:08.528,0.87755,0.87793,1.87,1.00
2016.05.27 13:04:08.728,0.87759,0.87797,1.12,1.87
2016.05.27 13:04:09.130,0.8776,0.87796,1.37,1.50
2016.05.27 13:04:09.432,0.87763,0.87798,1.00,1.12
2016.05.27 13:04:09.834,0.8776,0.87796,1.00,1.37
2016.05.27 13:04:10.035,0.8776,0.87796,1.37,1.37
2016.05.27 13:04:10.410,0.87759,0.87797,1.00,1.37
2016.05.27 13:04:10.511,0.87756,0.87791,1.50,1.00
2016.05.27 13:04:10.611,0.87755,0.87791,1.37,1.37
2016.05.27 13:04:11.140,0.87753,0.87792,1.87,1.37
2016.05.27 13:04:11.679,0.87754,0.87791,1.37,1.37
2016.05.27 13:04:12.498,0.87754,0.87791,1.37,1.12
2016.05.27 13:04:12.642,0.87757,0.87795,1.12,1.37
2016.05.27 13:04:13.633,0.87758,0.87794,1.00,1.37
2016.05.27 13:04:13.835,0.87757,0.87795,1.37,1.37
2016.05.27 13:04:14.646,0.87758,0.87793,1.12,1.12
2016.05.27 13:04:14.747,0.87757,0.87795,1.00,1.37
2016.05.27 13:04:15.048,0.87752,0.8779,1.37,1.37
2016.05.27 13:04:15.149,0.87757,0.87793,1.12,1.37
2016.05.27 13:04:15.507,0.87757,0.87793,1.00,1.37
2016.05.27 13:04:15.648,0.87752,0.8779,1.37,1.12
2016.05.27 13:04:16.309,0.87753,0.87789,1.37,1.12
2016.05.27 13:04:16.832,0.87752,0.8779,1.12,1.37
2016.05.27 13:04:16.915,0.87752,0.8779,1.00,1.37
2016.05.27 13:04:17.914,0.87753,0.87789,1.00,1.37
2016.05.27 13:04:18.214,0.87752,0.8779,1.12,1.37
2016.05.27 13:04:18.267,0.87753,0.87789,1.87,1.37
2016.05.27 13:04:18.654,0.87753,0.8779,1.37,1.12
2016.05.27 13:04:18.953,0.87753,0.87788,1.00,1.87
2016.05.27 13:04:19.053,0.87741,0.87781,1.37,1.00
2016.05.27 13:04:19.235,0.87742,0.8778,1.37,1.37
2016.05.27 13:04:19.457,0.87741,0.87781,1.37,1.37
2016.05.27 13:04:19.657,0.87741,0.87781,1.37,1.37
2016.05.27 13:04:20.208,0.87741,0.87781,1.87,1.37
2016.05.27 13:04:20.728,0.87742,0.8778,1.37,1.37
2016.05.27 13:04:21.317,0.87741,0.87781,1.37,1.37
2016.05.27 13:04:21.822,0.87741,0.87781,1.37,1.37
2016.05.27 13:04:22.124,0.87741,0.87781,1.00,1.87
2016.05.27 13:04:22.672,0.8774,0.87776,1.12,1.37
2016.05.27 13:04:22.773,0.87739,0.87777,1.37,1.37
2016.05.27 13:04:22.974,0.8774,0.87776,1.12,1.37
2016.05.27 13:04:23.361,0.8774,0.87776,1.37,1.12
2016.05.27 13:04:23.462,0.87743,0.87781,1.12,1.37
2016.05.27 13:04:23.967,0.87744,0.8778,1.00,1.37
2016.05.27 13:04:24.568,0.87743,0.87781,1.00,1.37
2016.05.27 13:04:25.671,0.87744,0.8778,1.37,1.37
2016.05.27 13:04:26.015,0.87748,0.87781,1.87,1.00
2016.05.27 13:04:26.167,0.87749,0.87784,1.00,1.37
2016.05.27 13:04:26.668,0.87747,0.87784,2.62,1.37
2016.05.27 13:04:27.173,0.87748,0.87784,1.75,1.00
2016.05.27 13:04:27.724,0.87748,0.87785,1.75,1.12
2016.05.27 13:04:28.284,0.87747,0.87784,2.62,1.12
2016.05.27 13:04:28.575,0.87758,0.87788,1.00,1.37
2016.05.27 13:04:29.250,0.87758,0.87788,1.00,1.37
2016.05.27 13:04:29.679,0.87758,0.87784,1.00,1.37
2016.05.27 13:04:29.880,0.87752,0.87785,1.00,1.00
2016.05.27 13:04:30.083,0.87748,0.87784,1.87,1.12
2016.05.27 13:04:32.986,0.87747,0.87784,1.87,1.37
2016.05.27 13:04:33.737,0.87747,0.87784,1.87,1.12
2016.05.27 13:04:34.189,0.87748,0.87785,1.37,1.00
2016.05.27 13:04:34.289,0.87748,0.87785,1.37,1.37
2016.05.27 13:04:34.890,0.87747,0.87784,1.87,1.37
2016.05.27 13:04:35.430,0.87747,0.87784,1.37,1.37
2016.05.27 13:04:36.095,0.87748,0.87784,1.37,1.37
2016.05.27 13:04:36.398,0.87751,0.87788,1.37,1.00
2016.05.27 13:04:36.700,0.87754,0.87792,1.37,2.62
2016.05.27 13:04:37.048,0.87755,0.87791,1.00,1.87
2016.05.27 13:04:37.098,0.87754,0.87792,1.12,1.87
2016.05.27 13:04:37.348,0.87758,0.87792,1.00,1.87
2016.05.27 13:04:37.449,0.87755,0.87791,1.50,1.00
2016.05.27 13:04:37.500,0.87755,0.87791,1.50,1.00
2016.05.27 13:04:37.601,0.87755,0.87791,1.50,1.00
2016.05.27 13:04:37.799,0.87758,0.87792,1.37,1.00
2016.05.27 13:04:38.303,0.87754,0.87792,3.00,1.00
2016.05.27 13:04:38.852,0.87758,0.87791,1.37,1.00
2016.05.27 13:04:39.154,0.87755,0.87791,2.25,1.00
2016.05.27 13:04:39.205,0.87761,0.87797,1.37,1.37
2016.05.27 13:04:39.705,0.87759,0.87794,1.00,1.00
2016.05.27 13:04:40.209,0.87758,0.87793,1.12,1.00
2016.05.27 13:04:40.768,0.87758,0.87794,1.87,1.00
2016.05.27 13:04:41.884,0.87758,0.87794,1.87,1.00
2016.05.27 13:04:42.210,0.87761,0.87797,1.00,1.37
2016.05.27 13:04:42.411,0.87756,0.87794,1.37,1.00
2016.05.27 13:04:42.711,0.87756,0.87794,1.37,1.00
2016.05.27 13:04:42.785,0.87756,0.87794,1.37,1.00
2016.05.27 13:04:42.886,0.87757,0.87793,1.37,1.00
2016.05.27 13:04:43.402,0.87756,0.87794,1.37,1.00
2016.05.27 13:04:43.914,0.87757,0.87793,1.37,1.00
2016.05.27 13:04:45.202,0.87757,0.87793,1.37,1.00
2016.05.27 13:04:45.676,0.8776,0.87798,1.37,1.12
2016.05.27 13:04:45.726,0.87761,0.87797,1.37,1.00
2016.05.27 13:04:46.682,0.8776,0.87798,1.50,1.00
2016.05.27 13:04:47.096,0.87761,0.87797,1.37,1.00
2016.05.27 13:04:47.636,0.87765,0.87801,1.37,1.87
2016.05.27 13:04:47.997,0.87764,0.87802,1.12,1.50
2016.05.27 13:04:48.499,0.87764,0.87802,1.12,1.87
2016.05.27 13:04:48.722,0.87765,0.87801,1.00,1.37
2016.05.27 13:04:49.023,0.87761,0.87798,1.37,1.00
2016.05.27 13:04:49.124,0.87761,0.87798,1.12,1.37
2016.05.27 13:04:49.225,0.87759,0.87793,1.37,1.00
2016.05.27 13:04:50.274,0.87756,0.87794,1.87,1.00
2016.05.27 13:04:50.905,0.87756,0.87794,1.37,1.00
2016.05.27 13:04:51.317,0.87757,0.87793,1.37,1.00
2016.05.27 13:04:51.707,0.8776,0.87798,1.12,1.00
2016.05.27 13:04:52.129,0.87761,0.87797,1.12,1.37
2016.05.27 13:04:52.480,0.87761,0.87797,1.00,1.37
2016.05.27 13:04:52.531,0.87757,0.87793,1.37,1.00
2016.05.27 13:04:53.446,0.87757,0.87793,1.37,1.12
2016.05.27 13:04:54.849,0.87757,0.87793,1.37,1.00
2016.05.27 13:04:55.051,0.87757,0.87793,1.12,1.00
2016.05.27 13:04:55.928,0.87757,0.87793,1.00,1.37
2016.05.27 13:04:56.680,0.87756,0.87794,1.00,1.37
2016.05.27 13:04:57.021,0.87757,0.87793,1.00,1.37
2016.05.27 13:04:57.523,0.87757,0.87793,1.00,1.37
2016.05.27 13:04:57.722,0.87756,0.87794,1.12,1.12
2016.05.27 13:04:57.772,0.87757,0.87792,1.37,1.00
2016.05.27 13:04:57.873,0.87752,0.8779,1.37,1.00
2016.05.27 13:04:58.259,0.87752,0.87791,1.50,1.87
2016.05.27 13:04:59.068,0.87753,0.87791,1.00,1.87
2016.05.27 13:05:00.429,0.87752,0.87791,1.00,1.87
2016.05.27 13:05:00.530,0.87748,0.87784,1.12,1.37
2016.05.27 13:05:00.899,0.87744,0.8778,1.37,1.00
2016.05.27 13:05:01.653,0.87744,0.8778,1.00,1.12
2016.05.27 13:05:02.310,0.87743,0.87781,1.00,1.37
2016.05.27 13:05:02.665,0.87743,0.87781,1.37,1.37
2016.05.27 13:05:03.012,0.8774,0.87776,1.50,1.12
2016.05.27 13:05:03.163,0.87738,0.87776,1.00,1.87
2016.05.27 13:05:03.716,0.87739,0.87775,1.00,1.75
2016.05.27 13:05:04.194,0.87739,0.87775,1.00,1.00
2016.05.27 13:05:05.272,0.87743,0.87779,1.12,1.00
2016.05.27 13:05:05.584,0.87746,0.87782,1.00,1.00
2016.05.27 13:05:05.888,0.87746,0.87783,1.37,1.50
2016.05.27 13:05:06.039,0.8775,0.87788,1.00,1.37
2016.05.27 13:05:06.090,0.87751,0.87787,1.00,1.37
2016.05.27 13:05:06.300,0.8775,0.87788,1.00,1.37
2016.05.27 13:05:06.400,0.87751,0.87787,1.00,1.37
2016.05.27 13:05:06.454,0.87746,0.87784,1.00,1.12
2016.05.27 13:05:07.120,0.87746,0.87784,1.37,1.12
2016.05.27 13:05:07.571,0.87747,0.87783,1.37,1.12
2016.05.27 13:05:08.142,0.87747,0.87783,1.37,1.12
2016.05.27 13:05:08.834,0.87747,0.87783,1.37,1.00
2016.05.27 13:05:09.775,0.87747,0.87783,1.37,1.37
2016.05.27 13:05:10.114,0.87745,0.87778,1.37,2.25
2016.05.27 13:05:10.765,0.87748,0.87778,1.00,2.25
2016.05.27 13:05:11.213,0.87748,0.87784,1.00,1.50
2016.05.27 13:05:11.314,0.87743,0.87781,1.37,1.37
2016.05.27 13:05:11.906,0.87743,0.87781,1.37,1.37
2016.05.27 13:05:12.304,0.87744,0.8778,1.12,1.37
2016.05.27 13:05:12.585,0.87743,0.87781,1.00,1.37
2016.05.27 13:05:12.983,0.87744,0.8778,1.00,1.37
2016.05.27 13:05:13.773,0.87744,0.8778,1.00,1.37
2016.05.27 13:05:14.075,0.87744,0.8778,1.00,1.87
2016.05.27 13:05:14.677,0.87743,0.8778,1.00,1.37
2016.05.27 13:05:15.188,0.87744,0.87779,1.00,1.37
2016.05.27 13:05:15.489,0.87743,0.8778,1.00,1.37
2016.05.27 13:05:15.993,0.8774,0.87776,1.37,1.37
2016.05.27 13:05:16.264,0.87743,0.87776,1.00,1.37
2016.05.27 13:05:17.524,0.87743,0.87776,1.00,1.37
2016.05.27 13:05:17.702,0.87739,0.87777,1.00,1.37
2016.05.27 13:05:18.289,0.87739,0.87777,1.37,1.12
2016.05.27 13:05:18.667,0.87743,0.87777,1.00,1.12
2016.05.27 13:05:19.006,0.87739,0.87777,1.37,1.37
2016.05.27 13:05:19.495,0.8774,0.87776,1.37,1.12
2016.05.27 13:05:19.693,0.87743,0.87781,1.12,1.87
2016.05.27 13:05:19.930,0.87744,0.8778,1.12,1.37
2016.05.27 13:05:20.314,0.87742,0.87778,1.00,1.37
2016.05.27 13:05:20.531,0.87742,0.87778,1.00,1.12
2016.05.27 13:05:20.693,0.87739,0.87775,1.37,1.50
2016.05.27 13:05:20.744,0.87735,0.87771,1.00,1.37
2016.05.27 13:05:20.794,0.87737,0.87771,1.00,1.37
2016.05.27 13:05:21.111,0.87738,0.87772,1.00,1.12
2016.05.27 13:05:21.212,0.87738,0.87771,1.00,1.37
2016.05.27 13:05:21.513,0.87738,0.87772,1.00,1.12
2016.05.27 13:05:22.099,0.87738,0.87771,1.00,1.12
2016.05.27 13:05:22.215,0.87735,0.87771,1.00,1.12
2016.05.27 13:05:22.967,0.87735,0.87771,1.00,1.37
2016.05.27 13:05:23.017,0.87738,0.87775,1.00,1.87
2016.05.27 13:05:23.349,0.87738,0.87774,1.00,1.00
2016.05.27 13:05:24.304,0.87739,0.87775,1.00,1.87
2016.05.27 13:05:24.723,0.87734,0.87772,1.00,1.37
2016.05.27 13:05:24.824,0.87735,0.87771,1.00,1.37
2016.05.27 13:05:25.224,0.87734,0.87772,1.00,1.37
2016.05.27 13:05:25.779,0.87738,0.87771,1.00,1.37
2016.05.27 13:05:25.880,0.87735,0.87771,1.00,1.37
2016.05.27 13:05:26.180,0.87737,0.87771,1.00,1.12
2016.05.27 13:05:26.380,0.87735,0.87771,1.00,1.12
2016.05.27 13:05:26.829,0.87735,0.87771,1.00,1.37
2016.05.27 13:05:27.513,0.87735,0.87771,1.00,1.37
2016.05.27 13:05:28.131,0.87733,0.87767,1.00,1.37
2016.05.27 13:05:28.324,0.87732,0.87768,1.00,1.37
2016.05.27 13:05:28.504,0.8773,0.87768,1.00,1.37
2016.05.27 13:05:29.117,0.87731,0.87767,1.00,1.37
2016.05.27 13:05:29.735,0.87731,0.87767,1.00,1.37
2016.05.27 13:05:29.987,0.87733,0.87768,1.00,1.37
2016.05.27 13:05:30.037,0.87733,0.87768,1.00,1.00
2016.05.27 13:05:30.386,0.87737,0.87768,1.00,1.00
2016.05.27 13:05:30.486,0.87733,0.87767,1.00,1.00
2016.05.27 13:05:30.537,0.87733,0.87767,1.00,1.37
2016.05.27 13:05:30.912,0.87738,0.87767,1.00,1.37
2016.05.27 13:05:31.024,0.87732,0.87767,1.00,1.37
2016.05.27 13:05:31.806,0.87733,0.87767,1.00,1.37
2016.05.27 13:05:32.125,0.87733,0.87767,1.00,1.37
2016.05.27 13:05:32.440,0.87728,0.87764,1.00,1.87
2016.05.27 13:05:32.541,0.87732,0.87764,1.00,1.87
2016.05.27 13:05:33.046,0.87733,0.87764,1.00,1.00
2016.05.27 13:05:34.144,0.87733,0.87764,1.00,1.37
2016.05.27 13:05:34.245,0.87729,0.87766,1.00,1.37
2016.05.27 13:05:34.346,0.87727,0.87762,1.87,1.00
2016.05.27 13:05:34.397,0.87733,0.87762,1.00,1.00
2016.05.27 13:05:34.548,0.87727,0.87767,1.00,1.37
2016.05.27 13:05:34.674,0.87728,0.87761,1.00,1.00
2016.05.27 13:05:34.775,0.87729,0.87767,1.00,1.37
2016.05.27 13:05:35.075,0.87729,0.87767,1.00,1.37
2016.05.27 13:05:35.735,0.87729,0.87767,1.00,1.12
2016.05.27 13:05:36.334,0.8773,0.87766,1.00,1.12
2016.05.27 13:05:37.149,0.8773,0.87766,1.00,1.37
2016.05.27 13:05:37.688,0.8773,0.87766,1.00,1.37
2016.05.27 13:05:38.101,0.87732,0.87766,1.00,1.37
2016.05.27 13:05:38.351,0.87729,0.87767,1.00,1.87
2016.05.27 13:05:38.503,0.87732,0.87766,1.00,1.37
2016.05.27 13:05:38.572,0.87736,0.8777,1.00,1.50
2016.05.27 13:05:39.059,0.87737,0.87773,1.00,1.37
2016.05.27 13:05:39.260,0.87736,0.87773,1.00,1.37
2016.05.27 13:05:39.661,0.87732,0.87771,1.50,1.37
2016.05.27 13:05:41.165,0.87733,0.8777,1.00,1.12
2016.05.27 13:05:41.891,0.87732,0.87771,1.50,1.37
2016.05.27 13:05:42.197,0.87729,0.87765,1.00,1.37
2016.05.27 13:05:43.472,0.87729,0.87765,1.37,1.12
2016.05.27 13:05:43.573,0.87732,0.87768,1.00,1.87
2016.05.27 13:05:44.813,0.87732,0.87771,1.00,1.37
2016.05.27 13:05:44.914,0.87737,0.87774,1.00,1.87
2016.05.27 13:05:45.438,0.87736,0.87775,1.00,1.87
2016.05.27 13:05:46.968,0.8773,0.87767,1.00,1.12
2016.05.27 13:05:47.431,0.87732,0.87764,1.00,1.12
2016.05.27 13:05:47.733,0.87732,0.87764,1.00,1.87
2016.05.27 13:05:47.834,0.87727,0.87764,1.50,1.87
2016.05.27 13:05:47.919,0.87732,0.87764,1.00,1.87
2016.05.27 13:05:47.970,0.87732,0.87763,1.00,1.00
2016.05.27 13:05:48.163,0.87728,0.87764,1.00,1.87
2016.05.27 13:05:48.664,0.87728,0.87765,1.00,1.87
2016.05.27 13:05:49.216,0.87728,0.87764,1.00,1.75
2016.05.27 13:05:50.288,0.87728,0.87763,1.00,1.00
2016.05.27 13:05:51.206,0.87728,0.87765,1.00,1.87
2016.05.27 13:05:51.882,0.87728,0.87764,1.00,1.50
2016.05.27 13:05:52.244,0.87733,0.87765,1.00,1.87
2016.05.27 13:05:52.295,0.87733,0.87765,1.00,1.50
2016.05.27 13:05:53.244,0.87733,0.87765,1.00,1.12
2016.05.27 13:05:55.912,0.87731,0.87766,1.00,1.12
2016.05.27 13:05:56.013,0.87733,0.87766,1.00,1.12
2016.05.27 13:05:57.508,0.87733,0.87766,1.00,1.12
2016.05.27 13:05:57.925,0.87733,0.87766,1.00,1.12
2016.05.27 13:05:58.490,0.87733,0.87766,1.00,1.12
2016.05.27 13:05:59.112,0.87733,0.87766,1.00,1.12
2016.05.27 13:05:59.413,0.87733,0.87764,1.00,1.12
2016.05.27 13:06:01.156,0.87732,0.87767,1.00,1.37
2016.05.27 13:06:01.257,0.87733,0.87769,1.50,1.37
2016.05.27 13:06:01.440,0.87738,0.8777,1.00,1.00
2016.05.27 13:06:01.541,0.87732,0.8777,1.87,1.00
2016.05.27 13:06:02.641,0.87733,0.87769,1.00,1.12
2016.05.27 13:06:03.522,0.87732,0.8777,1.50,1.12
2016.05.27 13:06:03.622,0.87733,0.87769,1.00,1.37
2016.05.27 13:06:04.164,0.87732,0.8777,1.50,1.37
2016.05.27 13:06:05.212,0.87733,0.87769,1.00,1.87
2016.05.27 13:06:05.513,0.87733,0.87765,1.00,1.37
2016.05.27 13:06:06.686,0.87732,0.87765,1.00,1.37
2016.05.27 13:06:07.531,0.87732,0.87766,1.00,1.87
2016.05.27 13:06:08.116,0.87732,0.87765,1.00,1.37
2016.05.27 13:06:09.119,0.87732,0.87765,1.00,1.50
2016.05.27 13:06:09.737,0.87732,0.87766,1.00,1.87
2016.05.27 13:06:10.839,0.87732,0.87766,1.00,1.87
2016.05.27 13:06:11.472,0.87733,0.87765,1.00,1.37
2016.05.27 13:06:12.076,0.87733,0.87765,1.00,1.37
2016.05.27 13:06:12.705,0.87733,0.87765,1.00,1.37
2016.05.27 13:06:14.037,0.87729,0.87765,1.00,1.37
2016.05.27 13:06:14.188,0.87729,0.87763,1.00,1.12
2016.05.27 13:06:14.738,0.87728,0.87763,1.50,1.37
2016.05.27 13:06:15.041,0.87729,0.8776,1.00,1.00
2016.05.27 13:06:15.253,0.87724,0.8776,1.00,1.87
2016.05.27 13:06:15.455,0.87728,0.8776,1.00,1.12
2016.05.27 13:06:15.987,0.87724,0.8776,1.00,1.12
2016.05.27 13:06:16.881,0.87723,0.87761,1.50,1.37
2016.05.27 13:06:18.196,0.87724,0.8776,1.00,1.37
2016.05.27 13:06:18.464,0.87724,0.8776,1.00,1.87
2016.05.27 13:06:19.055,0.87723,0.87761,1.50,1.37
2016.05.27 13:06:19.766,0.87723,0.87761,1.50,1.37
2016.05.27 13:06:19.967,0.87724,0.8776,1.00,1.37
2016.05.27 13:06:20.683,0.87724,0.8776,1.00,1.37
2016.05.27 13:06:21.547,0.87724,0.8776,1.00,1.37
2016.05.27 13:06:22.374,0.87723,0.87761,1.00,1.37
2016.05.27 13:06:22.685,0.87723,0.87757,1.00,1.37
2016.05.27 13:06:22.787,0.87719,0.87757,1.00,1.37
2016.05.27 13:06:23.092,0.87719,0.87758,1.00,1.37
2016.05.27 13:06:23.818,0.87718,0.87754,1.00,1.00
2016.05.27 13:06:24.119,0.8772,0.87757,1.00,1.37
2016.05.27 13:06:24.459,0.87722,0.87757,1.00,1.37
2016.05.27 13:06:24.560,0.8772,0.87757,1.00,1.37
2016.05.27 13:06:24.688,0.8772,0.87757,1.87,1.00
2016.05.27 13:06:25.019,0.87728,0.87757,1.00,1.00
2016.05.27 13:06:25.069,0.87723,0.87757,1.00,1.00
2016.05.27 13:06:25.356,0.87727,0.87757,1.00,1.12
2016.05.27 13:06:25.857,0.87723,0.87757,1.12,1.37
2016.05.27 13:06:25.958,0.87728,0.8776,1.00,1.37
2016.05.27 13:06:26.121,0.87728,0.87761,1.00,1.37
2016.05.27 13:06:26.247,0.87723,0.87761,1.50,1.37
2016.05.27 13:06:26.348,0.87727,0.87761,1.00,1.37
2016.05.27 13:06:26.688,0.87727,0.8776,1.00,1.37
2016.05.27 13:06:27.213,0.87728,0.87761,1.00,1.37
2016.05.27 13:06:27.640,0.87723,0.87757,1.00,1.00
2016.05.27 13:06:27.741,0.87727,0.87762,1.00,2.25
2016.05.27 13:06:28.412,0.87728,0.87762,1.00,1.50
2016.05.27 13:06:28.613,0.87728,0.87765,1.37,1.50
2016.05.27 13:06:28.814,0.87733,0.87769,1.00,2.62
2016.05.27 13:06:29.495,0.87733,0.8777,1.00,1.37
2016.05.27 13:06:29.902,0.87733,0.87769,1.50,1.37
2016.05.27 13:06:31.132,0.87727,0.87764,1.50,1.00
2016.05.27 13:06:31.242,0.87727,0.87763,1.50,1.37
2016.05.27 13:06:31.545,0.87727,0.87764,1.37,1.00
2016.05.27 13:06:32.124,0.87727,0.87763,1.37,1.12
2016.05.27 13:06:32.233,0.87727,0.87763,1.00,1.37
2016.05.27 13:06:32.364,0.87726,0.87764,1.12,1.37
2016.05.27 13:06:32.415,0.87727,0.87763,1.37,1.37
2016.05.27 13:06:32.749,0.87727,0.87764,1.12,1.37
2016.05.27 13:06:32.912,0.87727,0.87763,1.87,1.37
2016.05.27 13:06:33.012,0.87727,0.87764,1.12,1.37
2016.05.27 13:06:33.513,0.87727,0.87763,1.87,1.37
2016.05.27 13:06:33.852,0.87727,0.87764,1.12,1.37
2016.05.27 13:06:33.914,0.87727,0.87763,1.87,1.37
2016.05.27 13:06:34.616,0.87727,0.87764,1.00,1.37
2016.05.27 13:06:35.252,0.87726,0.87764,1.00,1.37
2016.05.27 13:06:35.450,0.87726,0.87764,1.00,1.37
2016.05.27 13:06:35.625,0.87728,0.87764,1.00,1.37
2016.05.27 13:06:36.020,0.87728,0.87763,1.00,1.37
2016.05.27 13:06:36.233,0.87723,0.87759,1.50,1.37
2016.05.27 13:06:36.339,0.87723,0.87759,1.50,1.37
2016.05.27 13:06:36.520,0.87723,0.87759,1.50,1.50
2016.05.27 13:06:36.852,0.87729,0.87761,1.00,1.37
2016.05.27 13:06:37.525,0.87724,0.87761,1.37,1.12
2016.05.27 13:06:38.092,0.87724,0.87762,1.37,1.37
2016.05.27 13:06:38.143,0.87724,0.87762,1.00,1.37
2016.05.27 13:06:39.031,0.87724,0.87762,1.12,1.37
2016.05.27 13:06:39.567,0.87724,0.87762,1.00,1.37
2016.05.27 13:06:40.169,0.87725,0.87761,1.00,1.37
2016.05.27 13:06:40.231,0.87725,0.87761,1.12,1.12
2016.05.27 13:06:40.733,0.87724,0.87762,1.00,1.37
2016.05.27 13:06:41.243,0.87725,0.87761,1.12,1.37
2016.05.27 13:06:41.936,0.87724,0.87762,1.00,1.37
2016.05.27 13:06:42.438,0.87725,0.87761,1.12,1.37
2016.05.27 13:06:42.587,0.87724,0.87762,1.37,1.12
2016.05.27 13:06:42.849,0.87728,0.87762,1.00,1.37
2016.05.27 13:06:43.341,0.87725,0.87761,1.00,1.12
2016.05.27 13:06:43.848,0.87724,0.87762,1.00,1.37
2016.05.27 13:06:44.139,0.87727,0.87761,1.00,1.37
2016.05.27 13:06:44.911,0.87727,0.87761,1.00,1.12
2016.05.27 13:06:45.303,0.87727,0.87761,1.00,1.37
2016.05.27 13:06:45.654,0.87727,0.87762,1.00,1.37
2016.05.27 13:06:46.283,0.87727,0.87762,1.00,1.12
2016.05.27 13:06:46.349,0.87727,0.87761,1.00,1.37
2016.05.27 13:06:47.743,0.87725,0.87761,1.00,1.37
2016.05.27 13:06:48.144,0.87727,0.87761,1.00,1.37
2016.05.27 13:06:48.256,0.87727,0.87762,1.00,1.00
2016.05.27 13:06:48.707,0.87727,0.87761,1.00,1.37
2016.05.27 13:06:48.808,0.87727,0.87761,1.00,1.00
2016.05.27 13:06:49.743,0.87727,0.87762,1.00,1.00
2016.05.27 13:06:51.363,0.87724,0.87761,1.12,1.00
2016.05.27 13:06:51.515,0.87724,0.87761,1.00,1.87
2016.05.27 13:06:51.849,0.87728,0.87756,1.00,1.00
2016.05.27 13:06:52.550,0.87728,0.87757,1.00,1.50
2016.05.27 13:06:53.571,0.87728,0.87756,1.00,1.00
2016.05.27 13:06:54.917,0.87728,0.87757,1.00,1.00
2016.05.27 13:06:55.439,0.87727,0.87757,1.00,1.00
2016.05.27 13:06:57.422,0.87727,0.87756,1.00,1.12
2016.05.27 13:06:59.125,0.87727,0.87757,1.00,1.12
2016.05.27 13:06:59.777,0.87727,0.87756,1.00,1.00
2016.05.27 13:07:00.440,0.87727,0.87757,1.00,1.00
2016.05.27 13:07:01.194,0.87727,0.87756,1.00,1.12
2016.05.27 13:07:01.261,0.87723,0.87756,1.00,1.12
2016.05.27 13:07:01.463,0.87719,0.87757,1.37,1.12
2016.05.27 13:07:01.513,0.87719,0.87757,1.00,1.37
2016.05.27 13:07:01.815,0.87723,0.87754,1.00,1.00
2016.05.27 13:07:02.163,0.87717,0.87753,1.00,1.00
2016.05.27 13:07:02.789,0.87717,0.87753,1.00,1.37
2016.05.27 13:07:02.840,0.87717,0.87754,1.00,1.12
2016.05.27 13:07:03.041,0.87717,0.87753,1.00,1.37
2016.05.27 13:07:03.442,0.87717,0.87754,1.00,1.12
2016.05.27 13:07:03.765,0.87715,0.87754,1.12,1.37
2016.05.27 13:07:04.873,0.87717,0.87749,1.00,1.00
2016.05.27 13:07:05.094,0.87713,0.87749,1.50,1.50
2016.05.27 13:07:05.195,0.87717,0.87749,1.00,1.50
2016.05.27 13:07:05.295,0.87715,0.87749,1.00,1.00
2016.05.27 13:07:05.924,0.87714,0.87749,1.12,1.00
2016.05.27 13:07:06.470,0.87714,0.87754,1.87,1.50
2016.05.27 13:07:07.121,0.87715,0.87753,1.12,1.37
2016.05.27 13:07:07.171,0.87717,0.87753,1.00,1.37
2016.05.27 13:07:07.222,0.87715,0.87753,1.12,1.37
2016.05.27 13:07:07.272,0.87718,0.87753,1.00,1.37
2016.05.27 13:07:07.714,0.87718,0.87754,1.00,1.50
2016.05.27 13:07:07.849,0.87718,0.87753,1.00,1.37
2016.05.27 13:07:08.356,0.87718,0.87754,1.00,1.50
2016.05.27 13:07:09.051,0.87718,0.87754,1.00,1.50
2016.05.27 13:07:09.461,0.87719,0.87755,1.00,1.00
2016.05.27 13:07:09.962,0.87718,0.87756,1.50,1.87
2016.05.27 13:07:10.164,0.87719,0.87755,1.00,1.37
2016.05.27 13:07:10.489,0.87717,0.87752,1.00,1.37
2016.05.27 13:07:10.735,0.87717,0.87753,1.00,1.12
2016.05.27 13:07:11.306,0.87717,0.87752,1.00,1.00
2016.05.27 13:07:11.407,0.87722,0.87751,1.00,1.00
2016.05.27 13:07:12.003,0.87717,0.87751,1.00,1.00
2016.05.27 13:07:12.203,0.87722,0.87751,1.00,1.00
2016.05.27 13:07:13.830,0.87718,0.87751,1.00,1.00
2016.05.27 13:07:14.007,0.87723,0.87751,1.00,1.00
2016.05.27 13:07:19.449,0.87723,0.87752,1.00,1.12
2016.05.27 13:07:20.748,0.87723,0.87753,1.00,1.50
2016.05.27 13:07:21.016,0.87717,0.87753,1.00,1.50
2016.05.27 13:07:21.232,0.87723,0.87752,1.00,1.12
2016.05.27 13:07:21.918,0.87718,0.87752,1.00,1.00
2016.05.27 13:07:21.969,0.87722,0.87753,1.00,1.00
2016.05.27 13:07:22.019,0.87722,0.87758,1.00,1.00
2016.05.27 13:07:22.070,0.87729,0.87763,1.00,2.62
2016.05.27 13:07:23.155,0.87724,0.87762,1.00,1.12
2016.05.27 13:07:23.256,0.87724,0.87763,1.00,1.37
2016.05.27 13:07:23.556,0.87725,0.87762,1.00,1.37
2016.05.27 13:07:23.657,0.87724,0.87763,1.00,1.37
2016.05.27 13:07:24.122,0.87728,0.87763,1.00,1.37
2016.05.27 13:07:24.223,0.87724,0.87763,1.00,1.37
2016.05.27 13:07:24.273,0.87724,0.8776,1.00,3.00
2016.05.27 13:07:24.480,0.87722,0.87756,1.00,1.12
2016.05.27 13:07:25.023,0.87723,0.87756,1.00,1.12
2016.05.27 13:07:25.572,0.87724,0.87759,1.00,1.75
2016.05.27 13:07:25.674,0.87722,0.87758,1.00,1.75
2016.05.27 13:07:26.137,0.8772,0.87758,1.00,1.87
2016.05.27 13:07:26.676,0.87721,0.87757,1.12,1.75
2016.05.27 13:07:27.076,0.87721,0.87757,1.12,1.00
2016.05.27 13:07:27.292,0.87726,0.87762,1.00,1.87
2016.05.27 13:07:28.022,0.87725,0.87763,1.12,1.37
2016.05.27 13:07:28.588,0.87726,0.87762,1.00,1.50
2016.05.27 13:07:29.292,0.87726,0.87762,1.00,1.50
2016.05.27 13:07:29.971,0.87725,0.87763,1.00,1.37
2016.05.27 13:07:30.681,0.87726,0.87762,1.00,1.37
2016.05.27 13:07:34.385,0.87725,0.87763,1.00,1.37
2016.05.27 13:07:35.436,0.87726,0.87762,1.00,1.37
2016.05.27 13:07:35.738,0.87716,0.87755,1.00,1.87
2016.05.27 13:07:36.127,0.87716,0.87755,1.00,1.37
2016.05.27 13:07:36.687,0.87717,0.87754,1.00,1.12
2016.05.27 13:07:37.188,0.87716,0.87755,1.00,1.00
2016.05.27 13:07:37.807,0.87717,0.87754,1.00,1.12
2016.05.27 13:07:38.519,0.87716,0.87755,1.00,1.12
2016.05.27 13:07:38.791,0.87717,0.87754,1.00,1.37
2016.05.27 13:07:39.578,0.87716,0.87755,1.00,1.37
2016.05.27 13:07:40.194,0.87717,0.87754,1.12,1.12
2016.05.27 13:07:40.712,0.87717,0.87754,1.00,1.37
2016.05.27 13:07:41.234,0.87717,0.87754,1.12,1.12
2016.05.27 13:07:41.763,0.87716,0.87754,1.00,1.00
2016.05.27 13:07:43.038,0.87717,0.87754,1.00,1.12
2016.05.27 13:07:43.692,0.87717,0.87754,1.00,1.50
2016.05.27 13:07:44.242,0.87717,0.87754,1.00,1.50
2016.05.27 13:07:44.744,0.87716,0.87754,1.00,1.37
2016.05.27 13:07:47.378,0.87716,0.87754,1.00,1.00
2016.05.27 13:07:47.710,0.87717,0.87754,1.00,1.50
2016.05.27 13:07:50.816,0.87717,0.87753,1.00,1.12
2016.05.27 13:07:50.917,0.87714,0.87752,1.00,1.00
2016.05.27 13:07:51.742,0.87715,0.87752,1.00,1.50
2016.05.27 13:07:52.264,0.87715,0.87752,1.00,1.50
2016.05.27 13:07:53.333,0.87715,0.87752,1.00,1.50
2016.05.27 13:07:55.140,0.87714,0.87752,1.00,1.37
2016.05.27 13:07:55.444,0.87713,0.87743,1.00,1.00
2016.05.27 13:07:55.502,0.87709,0.87743,1.00,1.00
2016.05.27 13:07:55.882,0.87712,0.87743,1.00,1.00
2016.05.27 13:07:56.183,0.8771,0.87743,1.00,1.00
2016.05.27 13:07:56.480,0.87718,0.87743,1.00,1.00
2016.05.27 13:07:56.581,0.87712,0.87743,1.12,1.00
2016.05.27 13:07:56.865,0.87717,0.87743,1.00,1.00
2016.05.27 13:07:57.596,0.87714,0.87743,1.00,1.00
2016.05.27 13:07:57.760,0.87718,0.87743,1.00,1.00
2016.05.27 13:07:57.888,0.87718,0.8775,1.00,1.12
2016.05.27 13:07:59.838,0.87718,0.87751,1.00,1.12
2016.05.27 13:08:00.341,0.87718,0.87754,1.00,1.50
2016.05.27 13:08:00.903,0.87718,0.87754,1.00,1.50
2016.05.27 13:08:01.693,0.87718,0.87754,1.00,1.50
2016.05.27 13:08:02.206,0.87718,0.8775,1.00,1.00
2016.05.27 13:08:02.733,0.87717,0.8775,1.00,1.00
2016.05.27 13:08:03.293,0.87718,0.87751,1.00,1.00
2016.05.27 13:08:03.806,0.87713,0.8775,1.87,1.50
2016.05.27 13:08:04.103,0.87718,0.8775,1.00,1.50
2016.05.27 13:08:05.259,0.87718,0.8775,1.00,1.50
2016.05.27 13:08:05.753,0.87718,0.8775,1.00,1.50
2016.05.27 13:08:05.854,0.87713,0.8775,1.00,1.50
2016.05.27 13:08:08.066,0.87712,0.87751,1.50,3.37
2016.05.27 13:08:08.116,0.87718,0.87751,1.00,3.37
2016.05.27 13:08:08.167,0.87718,0.87751,1.00,3.37
2016.05.27 13:08:08.319,0.87713,0.87751,1.00,3.37
2016.05.27 13:08:08.635,0.87718,0.8775,1.00,1.50
2016.05.27 13:08:08.813,0.87713,0.8775,1.12,1.50
2016.05.27 13:08:09.350,0.87713,0.8775,1.00,1.37
2016.05.27 13:08:10.664,0.87712,0.87751,1.50,1.37
2016.05.27 13:08:10.872,0.87713,0.8775,1.50,1.37
2016.05.27 13:08:11.366,0.87712,0.87751,1.00,1.37
2016.05.27 13:08:11.891,0.87713,0.8775,1.12,1.12
2016.05.27 13:08:12.578,0.87712,0.87751,1.50,1.12
2016.05.27 13:08:12.776,0.87713,0.8775,1.37,1.12
2016.05.27 13:08:13.077,0.87717,0.87755,1.00,2.25
2016.05.27 13:08:14.579,0.87718,0.87754,1.00,1.37
2016.05.27 13:08:15.188,0.87717,0.87755,1.00,1.50
2016.05.27 13:08:16.190,0.87718,0.87754,1.00,1.37
2016.05.27 13:08:17.086,0.87717,0.87755,1.00,1.87
2016.05.27 13:08:18.086,0.87718,0.87754,1.00,1.50
2016.05.27 13:08:18.633,0.87718,0.87754,1.00,1.50
2016.05.27 13:08:19.184,0.87717,0.87755,1.00,1.87
2016.05.27 13:08:21.088,0.87718,0.87754,1.00,1.50
2016.05.27 13:08:21.389,0.87718,0.87755,1.00,1.87
2016.05.27 13:08:21.993,0.87721,0.87754,1.37,1.00
2016.05.27 13:08:22.094,0.87726,0.8776,1.00,1.50
2016.05.27 13:08:23.204,0.87727,0.8776,1.00,1.12
2016.05.27 13:08:23.305,0.87723,0.87759,1.00,1.50
2016.05.27 13:08:23.833,0.87722,0.87758,1.00,1.37
2016.05.27 13:08:24.336,0.87726,0.87763,1.00,1.37
2016.05.27 13:08:24.637,0.87726,0.87764,1.00,1.50
2016.05.27 13:08:25.399,0.87727,0.87763,1.00,1.37
2016.05.27 13:08:26.117,0.87727,0.87763,1.00,1.37
2016.05.27 13:08:26.850,0.87729,0.87763,1.12,1.00
2016.05.27 13:08:26.951,0.87738,0.87769,1.00,3.00
2016.05.27 13:08:27.099,0.87739,0.87768,1.37,1.00
2016.05.27 13:08:27.150,0.87744,0.87777,1.00,1.00
2016.05.27 13:08:27.351,0.87744,0.8778,1.00,1.37
2016.05.27 13:08:27.552,0.87748,0.87782,1.00,1.37
2016.05.27 13:08:27.854,0.87741,0.8778,1.12,1.37
2016.05.27 13:08:27.955,0.87742,0.87779,1.00,1.37
2016.05.27 13:08:28.298,0.87744,0.87781,1.37,1.00
2016.05.27 13:08:28.348,0.87743,0.87782,1.87,1.87
2016.05.27 13:08:28.549,0.87742,0.87778,1.12,1.00
2016.05.27 13:08:29.208,0.87742,0.87777,1.12,1.00
2016.05.27 13:08:29.742,0.87741,0.87777,1.00,1.87
2016.05.27 13:08:30.271,0.8774,0.87777,1.00,1.12
2016.05.27 13:08:30.612,0.87743,0.87777,1.00,1.12
2016.05.27 13:08:31.145,0.8774,0.87778,1.12,1.37
2016.05.27 13:08:31.546,0.87742,0.87777,1.00,1.37
2016.05.27 13:08:32.332,0.87742,0.87777,1.00,1.12
2016.05.27 13:08:32.949,0.8774,0.87777,1.12,1.00
2016.05.27 13:08:33.050,0.87741,0.87777,1.37,1.50
2016.05.27 13:08:33.736,0.87744,0.87777,1.12,1.00
2016.05.27 13:08:34.426,0.87744,0.8778,1.12,1.37
2016.05.27 13:08:35.411,0.87744,0.8778,1.00,1.37
2016.05.27 13:08:35.765,0.87738,0.87776,2.62,1.00
2016.05.27 13:08:36.769,0.87739,0.87775,1.50,1.00
2016.05.27 13:08:37.286,0.87739,0.87775,1.50,1.00
2016.05.27 13:08:37.345,0.87742,0.87779,1.00,1.37
2016.05.27 13:08:37.921,0.87742,0.87779,1.00,1.37
2016.05.27 13:08:39.266,0.87742,0.87779,1.00,1.37
2016.05.27 13:08:40.208,0.87746,0.87779,1.00,1.37
2016.05.27 13:08:40.258,0.87746,0.87779,1.37,1.00
2016.05.27 13:08:40.359,0.87748,0.87782,1.00,1.00
2016.05.27 13:08:40.585,0.8775,0.87787,1.00,1.12
2016.05.27 13:08:40.793,0.8775,0.87785,1.00,1.50
2016.05.27 13:08:40.894,0.87743,0.87778,1.50,1.00
2016.05.27 13:08:41.095,0.87742,0.87777,1.00,1.37
2016.05.27 13:08:41.589,0.8774,0.87778,1.00,1.37
2016.05.27 13:08:41.890,0.8774,0.87778,1.00,1.12
2016.05.27 13:08:43.162,0.87741,0.87777,1.00,1.37
2016.05.27 13:08:43.563,0.8774,0.87776,1.00,1.87
2016.05.27 13:08:43.882,0.87733,0.87766,1.50,1.00
2016.05.27 13:08:44.414,0.87733,0.87767,1.00,1.00
2016.05.27 13:08:44.666,0.87733,0.87771,1.50,1.12
2016.05.27 13:08:44.937,0.87733,0.87771,1.00,1.87
2016.05.27 13:08:45.538,0.87733,0.87767,1.00,1.00
2016.05.27 13:08:46.370,0.87733,0.87766,1.00,1.12
2016.05.27 13:08:46.922,0.87733,0.87767,1.00,1.00
2016.05.27 13:08:48.927,0.87733,0.87766,1.00,1.00
2016.05.27 13:08:50.078,0.87733,0.87767,1.00,1.00
2016.05.27 13:08:50.578,0.87729,0.87767,1.00,1.12
2016.05.27 13:08:50.628,0.8773,0.87766,1.00,1.37
2016.05.27 13:08:51.008,0.87728,0.87763,1.00,1.00
2016.05.27 13:08:51.682,0.87728,0.87762,1.00,1.00
2016.05.27 13:08:52.645,0.87728,0.87763,1.00,1.12
2016.05.27 13:08:53.085,0.87731,0.87767,1.00,1.37
2016.05.27 13:08:53.823,0.87728,0.87763,1.12,1.00
2016.05.27 13:08:54.536,0.87728,0.87763,1.37,1.00
2016.05.27 13:08:55.092,0.87727,0.87764,1.12,1.00
2016.05.27 13:08:55.611,0.87728,0.87764,1.00,1.00
2016.05.27 13:08:56.430,0.87728,0.87763,1.00,1.00
2016.05.27 13:08:57.397,0.87728,0.87764,1.12,1.00
2016.05.27 13:08:57.497,0.8773,0.87768,1.00,1.87
2016.05.27 13:08:57.798,0.87733,0.87767,1.00,1.37
2016.05.27 13:08:58.501,0.87733,0.87763,1.00,1.00
2016.05.27 13:08:58.753,0.87728,0.87764,1.00,1.00
2016.05.27 13:08:59.317,0.87728,0.87763,1.00,1.12
2016.05.27 13:09:00.454,0.87727,0.87764,1.00,1.37
2016.05.27 13:09:01.205,0.87727,0.87763,1.50,1.37
2016.05.27 13:09:02.609,0.87727,0.87763,1.50,1.37
2016.05.27 13:09:04.011,0.87727,0.87763,1.50,1.37
2016.05.27 13:09:04.813,0.87727,0.87764,1.00,1.37
2016.05.27 13:09:05.013,0.87727,0.87763,1.50,1.37
2016.05.27 13:09:06.727,0.87726,0.87764,1.00,1.37
2016.05.27 13:09:07.502,0.87727,0.87763,1.12,1.37
2016.05.27 13:09:07.927,0.87728,0.87763,1.37,1.37
2016.05.27 13:09:08.374,0.87726,0.87764,1.12,1.37
2016.05.27 13:09:08.474,0.87727,0.87763,1.12,1.87
2016.05.27 13:09:09.054,0.87723,0.87758,1.37,1.00
2016.05.27 13:09:09.538,0.87723,0.87759,1.12,1.12
2016.05.27 13:09:09.639,0.87723,0.87758,1.37,1.00
2016.05.27 13:09:09.981,0.87729,0.87764,1.37,2.62
2016.05.27 13:09:10.507,0.87729,0.87764,1.12,2.62
2016.05.27 13:09:11.032,0.87733,0.87765,1.00,1.37
2016.05.27 13:09:11.659,0.87733,0.87765,1.00,1.37
2016.05.27 13:09:12.634,0.87729,0.87765,1.37,1.37
2016.05.27 13:09:13.447,0.87728,0.87766,1.37,1.12
2016.05.27 13:09:13.747,0.87729,0.87765,1.37,1.37
2016.05.27 13:09:14.253,0.87728,0.87766,1.50,1.87
2016.05.27 13:09:14.888,0.87728,0.87766,1.00,1.37
2016.05.27 13:09:15.470,0.87727,0.87762,1.00,1.12
2016.05.27 13:09:18.541,0.87724,0.87762,1.87,1.12
2016.05.27 13:09:18.689,0.87725,0.87761,1.37,1.12
2016.05.27 13:09:19.591,0.87727,0.87761,1.37,1.00
2016.05.27 13:09:20.122,0.87727,0.87762,1.37,1.00
2016.05.27 13:09:20.361,0.87728,0.87766,1.12,1.37
2016.05.27 13:09:20.773,0.87733,0.87766,1.00,1.37
2016.05.27 13:09:21.075,0.87728,0.87761,1.00,1.37
2016.05.27 13:09:21.290,0.87724,0.87761,1.37,1.87
2016.05.27 13:09:21.390,0.87723,0.87756,1.00,1.00
2016.05.27 13:09:21.674,0.87717,0.87756,1.87,1.00
2016.05.27 13:09:21.975,0.87718,0.87755,1.37,1.37
2016.05.27 13:09:22.076,0.87718,0.87756,1.37,1.00
2016.05.27 13:09:22.197,0.87718,0.87755,1.87,1.12
2016.05.27 13:09:22.445,0.87722,0.87759,1.37,1.00
2016.05.27 13:09:22.974,0.87722,0.87759,1.37,1.37
2016.05.27 13:09:23.277,0.87722,0.87758,1.87,1.00
2016.05.27 13:09:23.604,0.87728,0.87763,1.12,1.37
2016.05.27 13:09:23.805,0.87728,0.87764,1.37,1.87
2016.05.27 13:09:24.006,0.87728,0.87763,1.12,1.37
2016.05.27 13:09:24.207,0.87723,0.87761,1.87,1.00
2016.05.27 13:09:24.873,0.87723,0.8776,1.87,1.37
2016.05.27 13:09:25.446,0.87723,0.8776,1.87,1.37
2016.05.27 13:09:26.016,0.87723,0.8776,1.87,1.37
2016.05.27 13:09:26.698,0.87723,0.8776,1.87,1.37
2016.05.27 13:09:26.778,0.87723,0.87761,1.37,1.12
2016.05.27 13:09:26.996,0.87723,0.87761,1.12,1.37
2016.05.27 13:09:28.141,0.87723,0.8776,1.87,1.37
2016.05.27 13:09:29.485,0.87723,0.8776,1.87,1.37
2016.05.27 13:09:29.789,0.87723,0.8776,1.37,1.37
2016.05.27 13:09:30.000,0.87723,0.87761,1.37,1.37
2016.05.27 13:09:30.412,0.87723,0.8776,2.62,1.37
2016.05.27 13:09:30.638,0.87723,0.8776,1.87,1.12
2016.05.27 13:09:30.829,0.87723,0.87756,1.37,1.00
2016.05.27 13:09:32.594,0.87725,0.87761,1.37,1.12
2016.05.27 13:09:32.814,0.87725,0.87761,1.12,1.37
2016.05.27 13:09:33.897,0.87722,0.87756,1.00,1.12
2016.05.27 13:09:35.099,0.87723,0.87755,1.00,1.00
2016.05.27 13:09:35.870,0.87718,0.87755,1.37,1.12
2016.05.27 13:09:36.399,0.87723,0.87756,1.00,1.00
2016.05.27 13:09:36.585,0.87718,0.8775,1.37,1.00
2016.05.27 13:09:36.922,0.87717,0.8775,1.37,1.00
2016.05.27 13:09:37.272,0.87722,0.8775,1.00,1.00
2016.05.27 13:09:37.819,0.87722,0.87751,1.00,1.00
2016.05.27 13:09:38.353,0.87722,0.8775,1.00,1.00
2016.05.27 13:09:41.159,0.87722,0.87751,1.00,1.00
2016.05.27 13:09:42.661,0.87722,0.8775,1.00,1.00
2016.05.27 13:09:43.669,0.87722,0.87754,1.00,1.37
2016.05.27 13:09:43.780,0.87723,0.87755,1.12,1.00
2016.05.27 13:09:43.987,0.87727,0.87755,1.00,1.00
2016.05.27 13:09:44.088,0.87723,0.87755,1.00,1.00
2016.05.27 13:09:45.117,0.87721,0.87755,1.37,1.00
2016.05.27 13:09:45.442,0.87722,0.8775,1.00,1.00
2016.05.27 13:09:46.020,0.87718,0.8775,1.12,1.00
2016.05.27 13:09:46.221,0.87718,0.87754,1.87,1.37
2016.05.27 13:09:47.436,0.87718,0.87755,1.12,1.37
2016.05.27 13:09:47.686,0.87723,0.87755,1.00,1.37
2016.05.27 13:09:48.988,0.87717,0.87755,1.87,1.37
2016.05.27 13:09:50.279,0.87718,0.87754,1.12,1.37
2016.05.27 13:09:50.443,0.87718,0.87754,1.37,1.12
2016.05.27 13:09:51.441,0.87718,0.87754,1.37,1.12
2016.05.27 13:09:51.743,0.87713,0.87751,1.37,1.00
2016.05.27 13:09:52.530,0.87713,0.8775,2.62,1.12
2016.05.27 13:09:52.841,0.87718,0.87754,1.37,1.50
2016.05.27 13:09:53.187,0.87717,0.87754,1.12,1.00
2016.05.27 13:09:53.715,0.87718,0.87754,1.12,1.50
2016.05.27 13:09:54.748,0.87717,0.87755,1.12,1.37
2016.05.27 13:09:54.945,0.87718,0.87754,1.37,1.00
2016.05.27 13:09:57.699,0.87723,0.87754,1.00,1.00
2016.05.27 13:09:58.027,0.87718,0.87754,1.87,1.00
2016.05.27 13:09:58.128,0.87723,0.87754,1.00,1.12
2016.05.27 13:09:58.303,0.87718,0.87755,1.37,1.00
2016.05.27 13:09:58.800,0.87723,0.87755,1.00,1.00
2016.05.27 13:09:59.438,0.87723,0.87754,1.37,1.00
2016.05.27 13:10:06.271,0.87719,0.87754,1.12,1.00
2016.05.27 13:10:06.690,0.87718,0.87755,1.37,1.00
2016.05.27 13:10:06.891,0.87724,0.87759,1.37,1.00
2016.05.27 13:10:07.092,0.87723,0.8776,1.50,1.37
2016.05.27 13:10:07.285,0.87724,0.87759,1.37,1.00
2016.05.27 13:10:08.912,0.87724,0.8776,1.37,1.50
2016.05.27 13:10:09.447,0.87724,0.8776,1.37,1.00
2016.05.27 13:10:09.497,0.87724,0.8776,1.00,1.37
2016.05.27 13:10:10.012,0.87723,0.87761,1.37,1.00
2016.05.27 13:10:10.570,0.87723,0.87761,1.87,1.00
2016.05.27 13:10:11.901,0.87724,0.8776,1.12,1.12
2016.05.27 13:10:12.318,0.87723,0.87761,1.87,1.00
2016.05.27 13:10:14.227,0.87724,0.8776,1.37,1.00
2016.05.27 13:10:14.723,0.87724,0.8776,1.87,1.00
2016.05.27 13:10:14.924,0.87725,0.8776,1.87,1.00
2016.05.27 13:10:15.449,0.87725,0.8776,1.37,1.00
2016.05.27 13:10:15.930,0.87726,0.8776,1.37,1.00
2016.05.27 13:10:16.031,0.87728,0.87765,1.37,1.87
2016.05.27 13:10:16.514,0.87728,0.87765,1.37,1.87
2016.05.27 13:10:17.017,0.87726,0.8776,1.37,1.00
2016.05.27 13:10:17.634,0.87726,0.87761,1.37,1.00
2016.05.27 13:10:18.220,0.87724,0.8776,2.62,1.00
2016.05.27 13:10:18.722,0.87726,0.87761,1.37,1.00
2016.05.27 13:10:20.444,0.87725,0.8776,1.37,1.00
2016.05.27 13:10:20.545,0.87726,0.87761,1.37,1.00
2016.05.27 13:10:21.753,0.87726,0.87761,1.37,1.00
2016.05.27 13:10:22.424,0.87726,0.8776,1.37,1.00
2016.05.27 13:10:22.998,0.87725,0.8776,1.37,1.00
2016.05.27 13:10:23.440,0.87727,0.87765,1.37,1.37
2016.05.27 13:10:23.541,0.87727,0.87762,1.00,1.87
2016.05.27 13:10:23.649,0.87721,0.87757,1.37,1.00
2016.05.27 13:10:24.052,0.87718,0.87753,1.50,1.00
2016.05.27 13:10:24.602,0.87723,0.87752,1.00,1.00
2016.05.27 13:10:24.855,0.87722,0.87758,1.37,1.00
2016.05.27 13:10:24.956,0.87722,0.87758,1.37,1.00
2016.05.27 13:10:25.056,0.87721,0.87759,1.12,1.00
2016.05.27 13:10:25.363,0.87718,0.87756,1.37,1.00
2016.05.27 13:10:25.905,0.87718,0.87755,1.37,1.00
2016.05.27 13:10:26.444,0.87717,0.87756,1.87,1.00
2016.05.27 13:10:27.068,0.87718,0.87755,1.37,1.00
2016.05.27 13:10:27.414,0.87717,0.87751,1.00,1.00
2016.05.27 13:10:28.109,0.87718,0.87751,1.00,1.00
2016.05.27 13:10:28.762,0.87718,0.87752,1.12,1.00
2016.05.27 13:10:29.321,0.87718,0.87751,1.37,1.00
2016.05.27 13:10:30.278,0.87718,0.87752,1.37,1.00
2016.05.27 13:10:30.379,0.87717,0.87752,1.50,1.00
2016.05.27 13:10:30.548,0.87723,0.87752,1.00,1.00
2016.05.27 13:10:31.166,0.87718,0.87752,1.37,1.00
2016.05.27 13:10:31.567,0.87718,0.87756,1.37,1.00
2016.05.27 13:10:32.176,0.87718,0.87755,1.87,1.12
2016.05.27 13:10:32.227,0.87722,0.87758,1.12,1.00
2016.05.27 13:10:32.669,0.87717,0.87756,2.62,1.00
2016.05.27 13:10:32.971,0.87713,0.87751,3.75,1.00
2016.05.27 13:10:33.391,0.87718,0.87755,1.37,1.00
2016.05.27 13:10:33.492,0.87718,0.87754,1.87,1.00
2016.05.27 13:10:33.593,0.87718,0.87755,1.12,1.00
2016.05.27 13:10:34.143,0.87717,0.87755,1.87,1.50
2016.05.27 13:10:34.673,0.87718,0.87754,1.37,1.12
2016.05.27 13:10:34.874,0.87717,0.87755,1.87,1.50
2016.05.27 13:10:34.975,0.87717,0.87752,1.12,1.00
2016.05.27 13:10:35.397,0.87718,0.87754,1.37,1.12
2016.05.27 13:10:37.315,0.87718,0.87754,1.37,1.37
2016.05.27 13:10:37.829,0.87718,0.87754,1.37,1.37
2016.05.27 13:10:38.007,0.87717,0.87755,1.37,1.37
2016.05.27 13:10:38.058,0.87717,0.87751,1.37,1.00
2016.05.27 13:10:38.209,0.87708,0.87746,2.62,1.00
2016.05.27 13:10:38.310,0.87708,0.87746,1.87,1.12
2016.05.27 13:10:38.504,0.87709,0.87745,1.37,1.00
2016.05.27 13:10:39.131,0.87713,0.87745,1.00,1.00
2016.05.27 13:10:39.282,0.87709,0.87745,1.37,1.00
2016.05.27 13:10:39.383,0.8771,0.87745,1.87,1.00
2016.05.27 13:10:39.484,0.87714,0.87751,1.87,1.12
2016.05.27 13:10:39.585,0.87718,0.87752,1.00,1.50
2016.05.27 13:10:41.095,0.87716,0.87751,1.37,1.00
2016.05.27 13:10:41.564,0.87727,0.87751,1.00,1.00
2016.05.27 13:10:42.710,0.87723,0.87751,1.00,1.00
2016.05.27 13:10:43.289,0.87723,0.87752,1.00,1.00
2016.05.27 13:10:43.790,0.87717,0.87751,1.00,1.00
2016.05.27 13:10:43.927,0.87718,0.87745,1.00,1.00
2016.05.27 13:10:44.078,0.87713,0.87746,1.00,1.00
2016.05.27 13:10:44.229,0.87712,0.87741,1.00,1.00
2016.05.27 13:10:44.481,0.87708,0.87741,1.37,1.00
2016.05.27 13:10:44.833,0.87707,0.87741,1.00,1.00
2016.05.27 13:10:44.973,0.87704,0.87742,1.00,1.00
2016.05.27 13:10:45.619,0.87705,0.87741,1.00,1.00
2016.05.27 13:10:45.670,0.87708,0.87741,1.00,1.00
2016.05.27 13:10:45.770,0.87704,0.87742,1.00,2.25
2016.05.27 13:10:45.821,0.87702,0.87737,1.00,1.12
2016.05.27 13:10:46.146,0.87708,0.87732,1.00,1.00
2016.05.27 13:10:46.246,0.87708,0.87738,1.00,1.50
2016.05.27 13:10:46.823,0.87707,0.87737,1.00,1.12
2016.05.27 13:10:46.974,0.87702,0.87737,1.00,1.12
2016.05.27 13:10:47.025,0.87702,0.87736,1.00,1.12
2016.05.27 13:10:47.656,0.87703,0.87733,1.00,1.75
2016.05.27 13:10:48.027,0.87708,0.87733,1.00,1.00
2016.05.27 13:10:48.078,0.87698,0.87733,1.00,1.00
2016.05.27 13:10:48.128,0.87698,0.87729,1.00,1.00
2016.05.27 13:10:48.179,0.87696,0.87729,1.00,1.50
2016.05.27 13:10:48.229,0.87696,0.87723,1.00,1.00
2016.05.27 13:10:48.793,0.87697,0.87724,1.00,1.00
2016.05.27 13:10:49.181,0.87693,0.87724,1.00,1.00
2016.05.27 13:10:49.489,0.87688,0.87724,1.37,1.00
2016.05.27 13:10:49.640,0.87688,0.87723,1.37,1.00
2016.05.27 13:10:49.981,0.87697,0.87723,1.00,1.00
2016.05.27 13:10:50.526,0.87698,0.87723,1.00,1.00
2016.05.27 13:10:50.915,0.87702,0.87724,1.00,1.00
2016.05.27 13:10:51.016,0.87702,0.8773,1.00,1.00
2016.05.27 13:10:51.541,0.87703,0.87731,1.00,1.00
2016.05.27 13:10:51.642,0.87702,0.87735,1.00,1.00
2016.05.27 13:10:51.962,0.87703,0.87728,1.00,1.00
2016.05.27 13:10:52.499,0.87702,0.87729,1.00,1.00
2016.05.27 13:10:52.650,0.87702,0.87732,1.00,1.50
2016.05.27 13:10:53.519,0.87703,0.87732,1.00,1.00
2016.05.27 13:10:54.473,0.87702,0.87732,1.00,1.00
2016.05.27 13:10:54.524,0.87695,0.87732,1.37,1.00
2016.05.27 13:10:54.574,0.87699,0.87733,1.00,1.87
2016.05.27 13:10:54.675,0.87693,0.8773,1.50,1.12
2016.05.27 13:10:55.128,0.87693,0.87731,1.12,2.62
2016.05.27 13:10:55.229,0.87692,0.8773,1.37,1.00
2016.05.27 13:10:55.330,0.87693,0.8773,1.37,1.12
2016.05.27 13:10:55.694,0.87703,0.87731,1.00,1.00
2016.05.27 13:10:55.744,0.87703,0.87734,1.00,1.37
2016.05.27 13:10:56.575,0.87703,0.87733,1.00,1.37
2016.05.27 13:10:57.421,0.87698,0.87733,1.12,1.37
2016.05.27 13:10:57.522,0.87703,0.87734,1.00,1.12
2016.05.27 13:10:57.622,0.87697,0.87733,1.87,1.37
2016.05.27 13:10:57.773,0.87697,0.87729,1.00,1.00
2016.05.27 13:10:58.087,0.87702,0.8773,1.00,1.12
2016.05.27 13:10:58.703,0.87702,0.87729,1.00,1.00
2016.05.27 13:10:59.215,0.87703,0.8773,1.00,1.12
2016.05.27 13:10:59.742,0.87703,0.87729,1.00,1.37
2016.05.27 13:10:59.793,0.87698,0.87729,1.00,1.37
2016.05.27 13:10:59.844,0.87698,0.8773,1.00,1.00
2016.05.27 13:11:00.158,0.87702,0.8773,1.00,1.00
2016.05.27 13:11:00.695,0.87702,0.87729,1.00,1.00
2016.05.27 13:11:00.746,0.87702,0.87733,1.37,1.00
2016.05.27 13:11:00.847,0.87702,0.87737,1.37,1.00
2016.05.27 13:11:00.898,0.87708,0.87737,1.00,1.00
2016.05.27 13:11:01.083,0.87707,0.8774,1.00,1.37
2016.05.27 13:11:01.447,0.87707,0.87741,1.00,1.12
2016.05.27 13:11:01.647,0.87707,0.87741,1.00,1.37
2016.05.27 13:11:01.748,0.87708,0.87742,1.00,2.62
2016.05.27 13:11:02.249,0.87708,0.87737,1.00,1.00
2016.05.27 13:11:02.299,0.87702,0.87737,1.12,1.00
2016.05.27 13:11:02.350,0.87702,0.87736,1.00,1.37
2016.05.27 13:11:02.655,0.87702,0.87732,1.00,1.37
2016.05.27 13:11:03.371,0.87703,0.87733,1.00,1.87
2016.05.27 13:11:03.770,0.87703,0.87732,1.00,1.00
2016.05.27 13:11:04.000,0.87708,0.87733,1.00,1.00
2016.05.27 13:11:04.101,0.87708,0.87738,1.00,1.00
2016.05.27 13:11:04.202,0.87708,0.87742,1.00,1.37
2016.05.27 13:11:04.354,0.87708,0.87742,1.00,1.37
2016.05.27 13:11:04.906,0.87707,0.87739,1.00,1.37
2016.05.27 13:11:05.408,0.87707,0.87738,1.00,1.12
2016.05.27 13:11:05.559,0.877,0.87734,1.00,1.37
2016.05.27 13:11:05.610,0.87698,0.87734,1.12,1.37
2016.05.27 13:11:06.282,0.87697,0.87735,1.50,1.37
2016.05.27 13:11:07.481,0.87698,0.87734,1.50,1.37
2016.05.27 13:11:08.095,0.87698,0.87734,1.00,1.37
2016.05.27 13:11:08.669,0.87698,0.87735,1.12,1.37
2016.05.27 13:11:10.803,0.87703,0.87735,1.00,1.37
2016.05.27 13:11:11.104,0.87707,0.87735,1.00,1.37
2016.05.27 13:11:11.605,0.87703,0.87735,1.00,1.37
2016.05.27 13:11:11.719,0.87703,0.87734,1.00,1.37
2016.05.27 13:11:11.881,0.87703,0.87735,1.00,1.37
2016.05.27 13:11:12.306,0.87707,0.87734,1.00,1.37
2016.05.27 13:11:12.906,0.87707,0.87734,1.00,1.12
2016.05.27 13:11:12.957,0.87703,0.87734,1.00,1.12
2016.05.27 13:11:13.109,0.87705,0.87741,1.37,1.37
2016.05.27 13:11:13.583,0.87704,0.87742,1.12,1.37
2016.05.27 13:11:13.753,0.87707,0.87742,1.00,1.37
2016.05.27 13:11:14.124,0.87707,0.87742,1.00,1.37
2016.05.27 13:11:14.485,0.87704,0.87742,1.37,1.12
2016.05.27 13:11:14.806,0.87705,0.87741,1.12,1.37
2016.05.27 13:11:15.211,0.87707,0.87741,1.00,1.37
2016.05.27 13:11:15.638,0.87704,0.87742,1.12,1.37
2016.05.27 13:11:16.300,0.87705,0.87741,1.00,1.37
2016.05.27 13:11:17.943,0.877,0.87737,1.37,1.37
2016.05.27 13:11:18.094,0.87703,0.87741,1.12,1.50
2016.05.27 13:11:18.195,0.87704,0.8774,1.37,1.37
2016.05.27 13:11:19.096,0.87703,0.87741,1.50,1.50
2016.05.27 13:11:19.806,0.87703,0.87737,1.00,1.37
2016.05.27 13:11:20.940,0.87703,0.87737,1.00,1.37
2016.05.27 13:11:21.620,0.87703,0.87737,1.12,1.12
2016.05.27 13:11:22.514,0.87703,0.87737,1.37,1.12
2016.05.27 13:11:23.717,0.87702,0.87737,1.37,1.00
2016.05.27 13:11:25.112,0.87699,0.87738,1.37,1.87
2016.05.27 13:11:25.413,0.87702,0.87737,1.37,1.00
2016.05.27 13:11:25.514,0.87703,0.87741,1.37,1.37
2016.05.27 13:11:25.616,0.87704,0.8774,1.37,1.00
2016.05.27 13:11:26.016,0.87703,0.87742,1.87,1.87
2016.05.27 13:11:27.318,0.87703,0.87741,1.37,1.37
2016.05.27 13:11:27.924,0.87703,0.87742,1.87,1.37
2016.05.27 13:11:28.354,0.87704,0.87741,1.12,1.37
2016.05.27 13:11:29.199,0.87703,0.87738,1.12,1.12
2016.05.27 13:11:31.232,0.87702,0.87738,1.00,1.12
2016.05.27 13:11:31.535,0.87702,0.87737,1.37,1.00
2016.05.27 13:11:32.039,0.877,0.87737,2.25,1.12
2016.05.27 13:11:32.140,0.87698,0.87728,1.87,1.00
2016.05.27 13:11:32.341,0.87694,0.87728,1.12,1.00
2016.05.27 13:11:32.959,0.87698,0.87728,1.00,1.00
2016.05.27 13:11:33.060,0.87701,0.87737,1.37,1.87
2016.05.27 13:11:33.161,0.87702,0.87738,1.37,1.00
2016.05.27 13:11:33.286,0.87702,0.87737,1.37,1.00
2016.05.27 13:11:35.338,0.87703,0.87737,1.37,1.00
2016.05.27 13:11:35.446,0.87703,0.87737,1.37,1.00
2016.05.27 13:11:35.748,0.87708,0.87737,1.00,1.00
2016.05.27 13:11:35.849,0.87701,0.87738,1.37,1.00
2016.05.27 13:11:35.949,0.87706,0.87744,1.00,2.62
2016.05.27 13:11:36.151,0.87708,0.87743,1.00,1.37
2016.05.27 13:11:36.343,0.87702,0.87739,1.00,1.37
2016.05.27 13:11:36.394,0.87701,0.8774,1.12,1.37
2016.05.27 13:11:36.450,0.87698,0.87736,1.87,1.00
2016.05.27 13:11:36.757,0.87703,0.87736,1.00,1.00
2016.05.27 13:11:37.194,0.87702,0.87735,1.37,1.00
2016.05.27 13:11:37.379,0.87707,0.87743,1.00,1.37
2016.05.27 13:11:37.903,0.87707,0.87743,1.00,1.37
2016.05.27 13:11:38.060,0.87703,0.87739,1.12,1.00
2016.05.27 13:11:38.761,0.87702,0.8774,1.87,1.00
2016.05.27 13:11:39.858,0.87702,0.8774,1.87,1.12
2016.05.27 13:11:39.959,0.87703,0.87739,1.37,1.00
2016.05.27 13:11:40.892,0.87707,0.87743,1.37,1.37
2016.05.27 13:11:40.961,0.87706,0.87744,1.00,1.87
2016.05.27 13:11:41.061,0.87707,0.87743,1.37,1.00
2016.05.27 13:11:41.162,0.87706,0.87744,1.00,1.37
2016.05.27 13:11:41.364,0.87707,0.87743,1.00,1.37
2016.05.27 13:11:41.471,0.87706,0.87744,1.00,1.37
2016.05.27 13:11:42.063,0.87707,0.87743,1.00,1.37
2016.05.27 13:11:42.465,0.87703,0.8774,1.37,1.12
2016.05.27 13:11:43.906,0.87703,0.8774,1.37,1.00
2016.05.27 13:11:44.007,0.87706,0.87744,1.12,1.37
2016.05.27 13:11:44.169,0.87706,0.87744,1.00,1.00
2016.05.27 13:11:44.407,0.87706,0.87744,1.12,1.37
2016.05.27 13:11:44.857,0.87708,0.87744,1.00,1.37
2016.05.27 13:11:44.908,0.87708,0.87744,1.00,1.12
2016.05.27 13:11:45.099,0.87707,0.87743,1.37,1.12
2016.05.27 13:11:46.260,0.87708,0.87743,1.50,1.37
2016.05.27 13:11:46.611,0.87708,0.87743,1.00,1.12
2016.05.27 13:11:48.063,0.87707,0.87743,1.12,1.37
2016.05.27 13:11:48.881,0.87707,0.87744,1.00,1.12
2016.05.27 13:11:48.982,0.87707,0.87743,1.87,1.00
2016.05.27 13:11:49.484,0.87708,0.87744,1.12,1.12
2016.05.27 13:11:49.785,0.87708,0.87744,1.00,1.37
2016.05.27 13:11:50.937,0.87708,0.87743,1.37,1.12
2016.05.27 13:11:51.230,0.87716,0.87754,1.12,1.87
2016.05.27 13:11:51.338,0.87717,0.87753,1.37,1.75
2016.05.27 13:11:51.829,0.87713,0.8775,1.12,1.00
2016.05.27 13:11:52.040,0.87713,0.8775,1.00,1.87
2016.05.27 13:11:52.380,0.87708,0.87745,1.87,1.37
2016.05.27 13:11:52.741,0.87713,0.87745,1.00,1.37
2016.05.27 13:11:53.092,0.87713,0.87744,1.00,1.37
2016.05.27 13:11:53.142,0.87708,0.87744,1.50,1.37
2016.05.27 13:11:53.246,0.87708,0.87744,1.00,1.37
2016.05.27 13:11:54.144,0.87708,0.87744,1.00,1.37
2016.05.27 13:11:54.544,0.87707,0.8774,1.12,1.00
2016.05.27 13:11:54.645,0.87703,0.87741,1.87,1.00
2016.05.27 13:11:54.857,0.87708,0.87741,1.00,1.00
2016.05.27 13:11:55.454,0.87708,0.8774,1.00,1.00
2016.05.27 13:11:55.714,0.87713,0.8775,1.12,1.37
2016.05.27 13:11:55.815,0.87712,0.87751,1.12,1.37
2016.05.27 13:11:56.348,0.87713,0.8775,1.12,1.37
2016.05.27 13:11:56.849,0.87713,0.8775,1.37,1.37
2016.05.27 13:11:57.400,0.87713,0.8775,1.37,1.12
2016.05.27 13:11:57.551,0.87712,0.87751,1.87,1.87
2016.05.27 13:11:57.651,0.87712,0.87746,1.37,1.00
2016.05.27 13:11:59.654,0.87709,0.87747,1.87,1.00
2016.05.27 13:11:59.991,0.8771,0.87746,1.37,1.00
2016.05.27 13:12:00.218,0.87713,0.87751,1.87,1.12
2016.05.27 13:12:00.756,0.87713,0.87751,1.37,1.00
2016.05.27 13:12:00.856,0.87718,0.87754,1.00,1.12
2016.05.27 13:12:01.357,0.87718,0.87754,1.12,1.37
2016.05.27 13:12:01.621,0.87717,0.87755,1.12,1.37
2016.05.27 13:12:01.671,0.8772,0.87755,2.25,1.37
2016.05.27 13:12:01.722,0.87721,0.87759,1.87,1.87
2016.05.27 13:12:02.309,0.87723,0.87755,1.75,1.00
2016.05.27 13:12:02.561,0.87717,0.87755,2.25,1.00
2016.05.27 13:12:02.661,0.87716,0.8775,1.12,1.00
2016.05.27 13:12:02.762,0.87721,0.87757,1.37,1.12
2016.05.27 13:12:02.863,0.8772,0.87758,1.37,1.12
2016.05.27 13:12:03.217,0.87717,0.87753,1.50,1.12
2016.05.27 13:12:03.369,0.87717,0.87753,1.12,1.87
2016.05.27 13:12:03.470,0.87717,0.87753,1.00,1.37
2016.05.27 13:12:03.621,0.87716,0.87754,1.00,1.12
2016.05.27 13:12:03.847,0.87718,0.87753,1.00,1.12
2016.05.27 13:12:04.049,0.8772,0.87759,1.12,1.12
2016.05.27 13:12:04.263,0.87723,0.87759,1.00,1.00
2016.05.27 13:12:04.814,0.87723,0.87758,1.12,1.00
2016.05.27 13:12:05.429,0.87723,0.87758,1.37,1.00
2016.05.27 13:12:05.767,0.87727,0.87759,1.00,1.00
2016.05.27 13:12:05.826,0.87727,0.87763,1.50,1.12
2016.05.27 13:12:06.027,0.87727,0.87765,1.00,1.37
2016.05.27 13:12:06.279,0.87732,0.87765,1.00,1.12
2016.05.27 13:12:06.379,0.87727,0.87765,2.62,1.12
2016.05.27 13:12:06.430,0.87729,0.87765,2.25,1.12
2016.05.27 13:12:06.929,0.87728,0.87764,1.87,1.50
2016.05.27 13:12:07.080,0.87727,0.87765,1.50,1.87
2016.05.27 13:12:07.370,0.87727,0.87758,1.00,1.00
2016.05.27 13:12:07.471,0.87723,0.87758,1.50,1.00
2016.05.27 13:12:08.121,0.87723,0.87758,1.50,1.00
2016.05.27 13:12:08.172,0.87728,0.87762,1.00,1.37
2016.05.27 13:12:08.232,0.87728,0.87763,1.00,1.12
2016.05.27 13:12:08.533,0.87728,0.87762,1.00,1.37
2016.05.27 13:12:08.634,0.87727,0.87763,1.00,1.00
2016.05.27 13:12:08.735,0.87729,0.87764,1.00,1.00
2016.05.27 13:12:09.175,0.87729,0.87767,1.37,1.00
2016.05.27 13:12:09.276,0.87735,0.87774,1.00,1.37
2016.05.27 13:12:09.335,0.87736,0.87773,1.00,1.37
2016.05.27 13:12:09.775,0.87731,0.8777,1.00,1.37
2016.05.27 13:12:10.349,0.87732,0.87769,1.00,1.37
2016.05.27 13:12:10.878,0.87732,0.87769,1.00,1.37
2016.05.27 13:12:11.530,0.87732,0.87769,1.00,1.37
2016.05.27 13:12:12.545,0.87732,0.87769,1.00,1.37
2016.05.27 13:12:13.382,0.87732,0.87769,1.00,1.37
2016.05.27 13:12:13.583,0.87729,0.87765,1.12,1.00
2016.05.27 13:12:14.785,0.87728,0.87766,1.00,1.12
2016.05.27 13:12:15.605,0.87729,0.87765,1.37,1.12
2016.05.27 13:12:16.257,0.87729,0.87765,1.12,1.12
2016.05.27 13:12:16.789,0.87734,0.8777,1.00,1.37
2016.05.27 13:12:16.890,0.87733,0.87771,1.00,1.37
2016.05.27 13:12:17.815,0.87734,0.8777,1.00,1.37
2016.05.27 13:12:17.916,0.87734,0.8777,1.00,1.37
2016.05.27 13:12:18.218,0.87729,0.87765,1.37,1.00
2016.05.27 13:12:18.609,0.87733,0.87772,1.00,1.37
2016.05.27 13:12:18.881,0.87733,0.87772,1.37,1.50
2016.05.27 13:12:19.221,0.87733,0.87772,2.62,1.12
2016.05.27 13:12:19.583,0.87734,0.87771,1.00,1.37
2016.05.27 13:12:19.897,0.87734,0.87771,1.00,1.37
2016.05.27 13:12:20.446,0.87733,0.87769,1.00,1.12
2016.05.27 13:12:21.069,0.87733,0.87769,1.00,1.37
2016.05.27 13:12:21.788,0.87733,0.87769,1.00,1.37
2016.05.27 13:12:22.199,0.87729,0.87768,1.12,1.37
2016.05.27 13:12:22.927,0.87729,0.87768,1.37,1.37
2016.05.27 13:12:23.028,0.8773,0.87767,1.37,1.12
2016.05.27 13:12:23.771,0.8774,0.87767,1.00,1.12
2016.05.27 13:12:23.821,0.87746,0.87776,1.00,1.50
2016.05.27 13:12:23.973,0.87747,0.87782,1.75,1.37
2016.05.27 13:12:24.023,0.8775,0.87787,1.37,1.12
2016.05.27 13:12:24.124,0.87754,0.8779,1.12,1.37
2016.05.27 13:12:24.453,0.87754,0.8779,1.37,1.00
2016.05.27 13:12:25.453,0.87757,0.87791,1.00,1.00
2016.05.27 13:12:25.511,0.87753,0.87791,2.62,1.00
2016.05.27 13:12:25.805,0.87758,0.87791,1.00,1.00
2016.05.27 13:12:26.006,0.87753,0.87791,1.50,1.37
2016.05.27 13:12:26.107,0.87753,0.87787,1.00,1.12
2016.05.27 13:12:26.456,0.87752,0.87786,1.00,1.37
2016.05.27 13:12:26.959,0.87753,0.87786,1.00,1.37
2016.05.27 13:12:28.308,0.87753,0.87786,1.00,1.37
2016.05.27 13:12:28.811,0.87753,0.87786,1.00,1.37
2016.05.27 13:12:29.810,0.87753,0.87787,1.00,1.87
2016.05.27 13:12:30.439,0.87749,0.87782,1.12,1.00
2016.05.27 13:12:30.889,0.87748,0.87787,1.12,1.37
2016.05.27 13:12:31.141,0.87748,0.87787,1.37,1.00
2016.05.27 13:12:31.342,0.87748,0.87787,1.37,1.12
2016.05.27 13:12:31.443,0.87749,0.87786,1.00,1.37
2016.05.27 13:12:32.770,0.87749,0.87784,1.00,1.00
2016.05.27 13:12:32.820,0.87744,0.87781,1.00,1.00
2016.05.27 13:12:32.921,0.87743,0.87776,1.00,1.00
2016.05.27 13:12:32.972,0.8774,0.87776,1.87,1.00
2016.05.27 13:12:33.255,0.87738,0.87776,1.87,1.00
2016.05.27 13:12:34.320,0.87738,0.87776,1.87,1.00
2016.05.27 13:12:34.839,0.87739,0.87775,1.37,1.00
2016.05.27 13:12:35.167,0.87744,0.8778,1.37,1.00
2016.05.27 13:12:35.345,0.87747,0.87784,1.12,1.12
2016.05.27 13:12:35.775,0.87747,0.87784,1.00,1.37
2016.05.27 13:12:36.469,0.87747,0.87783,1.12,1.37
2016.05.27 13:12:36.993,0.87746,0.87783,1.00,1.37
2016.05.27 13:12:37.043,0.87743,0.8778,1.37,1.00
2016.05.27 13:12:37.544,0.87743,0.8778,1.12,1.12
2016.05.27 13:12:38.045,0.87743,0.8778,1.12,1.37
2016.05.27 13:12:38.329,0.87742,0.87781,1.87,1.12
2016.05.27 13:12:38.379,0.87742,0.87778,1.87,1.00
2016.05.27 13:12:38.975,0.87743,0.87778,1.12,1.00
2016.05.27 13:12:39.754,0.87743,0.87778,1.37,1.00
2016.05.27 13:12:40.456,0.87742,0.87778,1.87,1.00
2016.05.27 13:12:40.987,0.87747,0.87781,1.00,1.37
2016.05.27 13:12:41.654,0.87747,0.87781,1.00,1.00
2016.05.27 13:12:41.979,0.87743,0.87777,1.37,1.00
2016.05.27 13:12:42.080,0.87743,0.8778,1.87,1.00
2016.05.27 13:12:42.267,0.87743,0.8778,1.87,1.37
2016.05.27 13:12:42.606,0.87743,0.87777,1.00,1.00
2016.05.27 13:12:43.057,0.87743,0.8778,1.50,1.37
2016.05.27 13:12:43.911,0.87743,0.87777,1.00,1.00
2016.05.27 13:12:44.217,0.87737,0.87773,2.62,1.00
2016.05.27 13:12:44.775,0.87738,0.87773,1.50,1.00
2016.05.27 13:12:44.976,0.87744,0.87778,1.00,1.00
2016.05.27 13:12:45.077,0.8774,0.87774,1.00,1.37
2016.05.27 13:12:45.178,0.87734,0.87772,1.00,1.37
2016.05.27 13:12:45.279,0.8773,0.87768,1.00,1.12
2016.05.27 13:12:45.799,0.87731,0.87767,1.37,1.00
2016.05.27 13:12:45.965,0.87736,0.87773,1.12,1.00
2016.05.27 13:12:46.499,0.87735,0.87774,1.37,1.00
2016.05.27 13:12:46.690,0.87736,0.87773,1.37,1.12
2016.05.27 13:12:48.571,0.87735,0.87774,1.37,1.12
2016.05.27 13:12:48.972,0.87735,0.87774,1.00,1.12
2016.05.27 13:12:49.274,0.87736,0.87773,1.37,1.00
2016.05.27 13:12:49.774,0.87738,0.87773,1.37,1.00
2016.05.27 13:12:50.176,0.87738,0.87774,1.00,1.12
2016.05.27 13:12:50.908,0.87738,0.87773,1.12,1.00
2016.05.27 13:12:51.778,0.87738,0.87774,1.00,1.00
2016.05.27 13:12:52.381,0.8774,0.87776,1.12,1.00
2016.05.27 13:12:53.610,0.87738,0.87774,1.00,1.00
2016.05.27 13:12:54.539,0.87738,0.87773,1.12,1.00
2016.05.27 13:12:55.298,0.87737,0.87773,1.37,1.00
2016.05.27 13:12:56.079,0.87737,0.87774,1.37,1.00
2016.05.27 13:12:56.848,0.87738,0.87773,1.00,1.00
2016.05.27 13:12:57.198,0.87736,0.87773,1.12,1.00
2016.05.27 13:12:57.650,0.87736,0.87773,1.37,1.00
2016.05.27 13:12:57.704,0.8774,0.87777,1.00,1.12
2016.05.27 13:13:00.211,0.8774,0.87777,1.37,1.00
2016.05.27 13:13:00.864,0.8774,0.87777,1.12,1.00
2016.05.27 13:13:01.829,0.87743,0.87777,1.37,1.00
2016.05.27 13:13:02.030,0.87744,0.87781,1.37,1.00
2016.05.27 13:13:02.152,0.87743,0.87782,1.00,1.00
2016.05.27 13:13:02.517,0.87744,0.87781,1.00,1.37
2016.05.27 13:13:03.838,0.87744,0.87781,1.00,1.00
2016.05.27 13:13:04.926,0.87744,0.87781,1.00,1.37
2016.05.27 13:13:05.428,0.87744,0.87781,1.00,1.12
2016.05.27 13:13:05.743,0.87744,0.87781,1.00,1.37
2016.05.27 13:13:05.847,0.87741,0.87777,1.12,1.00
2016.05.27 13:13:06.048,0.87733,0.8777,2.62,1.00
2016.05.27 13:13:06.149,0.87732,0.87771,2.25,1.00
2016.05.27 13:13:06.250,0.87733,0.8777,1.50,1.00
2016.05.27 13:13:06.775,0.87733,0.8777,1.50,1.12
2016.05.27 13:13:07.285,0.87733,0.8777,2.25,1.12
2016.05.27 13:13:07.336,0.87732,0.87769,1.00,1.37
2016.05.27 13:13:08.104,0.87733,0.87769,1.12,1.12
2016.05.27 13:13:08.739,0.8773,0.87766,1.37,1.00
2016.05.27 13:13:08.839,0.87734,0.8777,1.37,1.00
2016.05.27 13:13:09.170,0.87733,0.87771,1.12,1.37
2016.05.27 13:13:09.271,0.8773,0.87766,1.37,1.12
2016.05.27 13:13:09.573,0.87732,0.87767,1.37,1.00
2016.05.27 13:13:10.120,0.8773,0.87766,1.37,1.00
2016.05.27 13:13:10.543,0.87735,0.87771,1.37,1.12
2016.05.27 13:13:10.744,0.87734,0.87771,1.12,1.12
2016.05.27 13:13:10.946,0.8773,0.87768,1.12,1.00
2016.05.27 13:13:11.022,0.87732,0.87768,1.00,1.00
2016.05.27 13:13:11.434,0.87736,0.87772,1.12,1.75
2016.05.27 13:13:11.536,0.87736,0.87772,1.12,1.12
2016.05.27 13:13:12.424,0.87742,0.87772,1.00,1.12
2016.05.27 13:13:12.648,0.87742,0.87778,1.37,1.00
2016.05.27 13:13:13.024,0.87741,0.87777,1.12,1.00
2016.05.27 13:13:13.199,0.87741,0.87777,1.00,1.37
2016.05.27 13:13:13.250,0.87741,0.87777,1.00,1.37
2016.05.27 13:13:13.351,0.87741,0.87777,1.00,1.37
2016.05.27 13:13:13.451,0.87738,0.87773,1.12,1.00
2016.05.27 13:13:13.652,0.87738,0.87773,1.37,1.00
2016.05.27 13:13:13.753,0.87739,0.87777,1.12,1.12
2016.05.27 13:13:13.854,0.8774,0.87776,1.00,1.37
2016.05.27 13:13:14.352,0.8774,0.87776,1.37,1.00
2016.05.27 13:13:14.453,0.8774,0.87776,1.37,1.00
2016.05.27 13:13:14.666,0.87744,0.8778,1.00,1.37
2016.05.27 13:13:14.868,0.87738,0.87776,2.62,1.00
2016.05.27 13:13:15.855,0.87738,0.87776,1.87,1.00
2016.05.27 13:13:16.299,0.87739,0.87775,1.12,1.37
2016.05.27 13:13:16.849,0.87739,0.87775,1.00,1.37
2016.05.27 13:13:17.160,0.87733,0.87766,1.00,1.00
2016.05.27 13:13:18.025,0.87733,0.87767,1.00,1.00
2016.05.27 13:13:18.076,0.87733,0.87769,1.87,1.12
2016.05.27 13:13:18.363,0.87736,0.87773,1.12,1.00
2016.05.27 13:13:18.463,0.87737,0.87773,1.37,1.50
2016.05.27 13:13:18.982,0.87737,0.87773,1.87,1.12
2016.05.27 13:13:19.233,0.87742,0.8778,1.37,1.00
2016.05.27 13:13:19.777,0.87742,0.8778,1.00,1.37
2016.05.27 13:13:20.166,0.87743,0.87779,1.87,1.37
2016.05.27 13:13:20.267,0.87739,0.87775,1.12,1.12
2016.05.27 13:13:20.770,0.87738,0.87776,1.12,1.00
2016.05.27 13:13:21.668,0.87738,0.87776,1.00,1.37
2016.05.27 13:13:21.795,0.87738,0.87776,1.00,1.37
2016.05.27 13:13:23.276,0.87738,0.87776,1.00,1.37
2016.05.27 13:13:23.878,0.87739,0.87775,1.00,1.37
2016.05.27 13:13:23.978,0.87739,0.87775,1.00,1.37
2016.05.27 13:13:24.179,0.87738,0.87776,1.37,1.12
2016.05.27 13:13:29.243,0.87741,0.8778,1.12,1.87
2016.05.27 13:13:29.565,0.87738,0.87775,1.37,1.00
2016.05.27 13:13:29.615,0.87738,0.87775,1.00,1.12
2016.05.27 13:13:29.798,0.87738,0.87774,1.12,1.37
2016.05.27 13:13:30.145,0.87736,0.87775,1.00,1.87
2016.05.27 13:13:30.250,0.87737,0.87772,1.00,1.87
2016.05.27 13:13:30.301,0.87734,0.8777,1.37,1.00
2016.05.27 13:13:31.046,0.87734,0.8777,1.37,1.00
2016.05.27 13:13:31.626,0.87737,0.8777,1.12,1.00
2016.05.27 13:13:32.308,0.87737,0.87771,1.00,1.12
2016.05.27 13:13:33.050,0.87737,0.8777,1.00,1.12
2016.05.27 13:13:33.829,0.87734,0.8777,1.37,1.12
2016.05.27 13:13:34.229,0.87737,0.8777,1.00,1.00
2016.05.27 13:13:34.854,0.87737,0.87771,1.00,1.00
2016.05.27 13:13:35.157,0.87738,0.8777,1.37,1.00
2016.05.27 13:13:35.258,0.87741,0.87778,1.37,1.12
2016.05.27 13:13:35.768,0.87743,0.87779,1.00,1.12
2016.05.27 13:13:36.223,0.87743,0.87779,1.00,1.37
2016.05.27 13:13:37.325,0.87743,0.87779,1.00,1.37
2016.05.27 13:13:38.529,0.87743,0.87779,1.00,1.12
2016.05.27 13:13:39.362,0.87745,0.87781,1.00,1.12
2016.05.27 13:13:39.563,0.87742,0.87778,1.37,1.12
2016.05.27 13:13:40.037,0.87741,0.87778,1.00,1.37
2016.05.27 13:13:41.133,0.8774,0.87779,1.00,1.37
2016.05.27 13:13:42.035,0.87741,0.87778,1.00,1.37
2016.05.27 13:13:42.169,0.87741,0.87778,1.37,1.00
2016.05.27 13:13:42.721,0.87743,0.87778,1.00,1.50
2016.05.27 13:13:42.771,0.87738,0.87774,1.12,1.37
2016.05.27 13:13:43.462,0.87737,0.87775,1.50,1.37
2016.05.27 13:13:43.991,0.87738,0.87775,1.00,1.37
2016.05.27 13:13:44.466,0.87742,0.87777,1.00,2.62
2016.05.27 13:13:44.576,0.87737,0.87773,1.37,1.37
2016.05.27 13:13:44.642,0.87736,0.87774,1.12,1.12
2016.05.27 13:13:44.743,0.87737,0.87773,1.00,1.37
2016.05.27 13:13:45.046,0.87737,0.87772,1.00,1.87
2016.05.27 13:13:45.791,0.87737,0.87772,1.12,1.50
2016.05.27 13:13:46.880,0.87736,0.87774,1.00,1.75
2016.05.27 13:13:47.082,0.87737,0.87773,1.37,1.50
2016.05.27 13:13:47.201,0.87736,0.87773,1.12,1.00
2016.05.27 13:13:47.251,0.87737,0.87773,1.50,1.50
2016.05.27 13:13:47.583,0.87733,0.87768,1.37,1.00
2016.05.27 13:13:47.751,0.87735,0.87773,1.37,1.12
2016.05.27 13:13:47.953,0.87735,0.87773,1.00,1.50
2016.05.27 13:13:48.154,0.87735,0.87773,1.12,1.12
2016.05.27 13:13:48.255,0.87736,0.87772,1.37,1.00
2016.05.27 13:13:48.784,0.8774,0.87775,1.00,1.12
2016.05.27 13:13:48.971,0.87733,0.87769,1.12,1.12
2016.05.27 13:13:49.186,0.87733,0.87769,1.00,1.37
2016.05.27 13:13:49.254,0.87733,0.8777,1.00,1.37
2016.05.27 13:13:49.757,0.87731,0.87768,1.37,1.00
2016.05.27 13:13:50.288,0.87731,0.87767,1.12,1.00
2016.05.27 13:13:50.492,0.87729,0.87766,1.37,1.37
2016.05.27 13:13:50.974,0.87728,0.87766,1.00,1.37
2016.05.27 13:13:51.543,0.87729,0.87765,1.00,1.37
2016.05.27 13:13:51.908,0.87729,0.87765,1.12,1.12
2016.05.27 13:13:52.545,0.87729,0.87765,1.37,1.00
2016.05.27 13:13:52.760,0.87733,0.87765,1.00,1.00
2016.05.27 13:13:53.197,0.87734,0.87769,1.00,1.37
2016.05.27 13:13:53.566,0.87734,0.87769,1.00,1.12
2016.05.27 13:13:53.913,0.87733,0.87772,1.87,2.25
2016.05.27 13:13:54.114,0.87733,0.87767,1.00,1.00
2016.05.27 13:13:54.299,0.8773,0.87767,1.00,1.12
2016.05.27 13:13:54.664,0.87732,0.87768,1.00,1.37
2016.05.27 13:13:54.970,0.87732,0.87767,1.00,1.37
2016.05.27 13:13:55.504,0.87732,0.87768,1.00,1.37
2016.05.27 13:13:56.362,0.87732,0.87767,1.00,1.37
2016.05.27 13:13:56.575,0.8773,0.87767,1.37,1.00
2016.05.27 13:13:56.814,0.87733,0.87767,1.37,1.00
2016.05.27 13:13:57.118,0.87734,0.87769,1.00,1.00
2016.05.27 13:13:57.401,0.87734,0.87767,1.00,1.00
2016.05.27 13:13:58.050,0.87733,0.87767,1.00,1.00
2016.05.27 13:13:58.202,0.87733,0.87769,1.00,1.12
2016.05.27 13:13:58.379,0.87734,0.8777,1.00,2.25
2016.05.27 13:13:59.203,0.87733,0.87768,1.00,1.12
2016.05.27 13:14:00.854,0.87733,0.87768,1.50,1.12
2016.05.27 13:14:00.954,0.87734,0.8777,1.50,1.00
2016.05.27 13:14:01.005,0.87734,0.8777,1.50,1.00
2016.05.27 13:14:01.106,0.87737,0.87775,1.37,3.00
2016.05.27 13:14:01.391,0.87734,0.87771,1.50,1.37
2016.05.27 13:14:01.693,0.87731,0.87765,2.25,1.00
2016.05.27 13:14:01.793,0.87729,0.87765,1.37,1.00
2016.05.27 13:14:02.318,0.87728,0.87766,1.00,1.00
2016.05.27 13:14:02.590,0.87729,0.87765,1.00,1.37
2016.05.27 13:14:03.091,0.87729,0.87765,1.12,1.12
2016.05.27 13:14:03.707,0.87729,0.87765,1.37,1.00
2016.05.27 13:14:04.209,0.87728,0.87766,1.12,1.00
2016.05.27 13:14:04.310,0.87733,0.87769,1.00,1.37
2016.05.27 13:14:04.411,0.87733,0.87769,1.00,1.00
2016.05.27 13:14:05.191,0.87733,0.87769,1.87,1.12
2016.05.27 13:14:05.698,0.87733,0.87769,1.87,1.12
2016.05.27 13:14:06.828,0.87733,0.87769,1.87,1.37
2016.05.27 13:14:07.261,0.87733,0.87767,1.00,1.37
2016.05.27 13:14:08.204,0.87732,0.8777,1.00,1.87
2016.05.27 13:14:09.910,0.87733,0.87767,1.00,1.37
2016.05.27 13:14:10.111,0.87728,0.87764,1.00,1.37
2016.05.27 13:14:10.712,0.87728,0.87764,1.12,1.37
2016.05.27 13:14:10.813,0.87728,0.87764,1.00,1.37
2016.05.27 13:14:11.348,0.87728,0.87764,1.00,1.37
2016.05.27 13:14:11.532,0.87719,0.87755,1.00,1.37
2016.05.27 13:14:11.743,0.87719,0.87755,1.00,1.37
2016.05.27 13:14:11.844,0.87719,0.87755,1.00,1.87
2016.05.27 13:14:12.493,0.87718,0.87756,2.25,1.12
2016.05.27 13:14:12.953,0.87716,0.87752,2.25,1.12
2016.05.27 13:14:13.623,0.87716,0.87751,2.25,1.12
2016.05.27 13:14:13.767,0.87715,0.87751,1.00,1.12
2016.05.27 13:14:14.298,0.87714,0.87752,1.00,1.37
2016.05.27 13:14:14.832,0.87715,0.87751,1.00,1.37
2016.05.27 13:14:14.933,0.87715,0.87751,1.00,1.37
2016.05.27 13:14:15.034,0.87711,0.87745,1.37,1.00
2016.05.27 13:14:15.386,0.87708,0.87745,1.12,1.00
2016.05.27 13:14:16.131,0.87707,0.87746,1.12,1.00
2016.05.27 13:14:16.232,0.87708,0.87745,1.37,1.00
2016.05.27 13:14:16.833,0.87708,0.87745,1.37,1.00
2016.05.27 13:14:17.163,0.87707,0.87746,1.12,1.00
2016.05.27 13:14:17.535,0.87708,0.87745,1.37,1.00
2016.05.27 13:14:18.052,0.87708,0.87745,1.12,1.12
2016.05.27 13:14:18.838,0.87708,0.87745,1.00,1.37
2016.05.27 13:14:19.139,0.87708,0.87745,1.12,1.12
2016.05.27 13:14:19.641,0.87708,0.87745,1.87,1.12
2016.05.27 13:14:19.818,0.87712,0.87745,1.37,1.00
2016.05.27 13:14:19.869,0.87714,0.87752,1.37,1.50
2016.05.27 13:14:20.763,0.87715,0.87751,1.12,1.12
2016.05.27 13:14:21.066,0.87714,0.87752,1.00,1.37
2016.05.27 13:14:21.267,0.87708,0.87746,1.87,1.00
2016.05.27 13:14:21.815,0.87709,0.87745,1.50,1.00
2016.05.27 13:14:22.548,0.87708,0.87746,1.12,1.00
2016.05.27 13:14:22.666,0.87709,0.87745,1.37,1.00
2016.05.27 13:14:22.954,0.87708,0.87746,1.12,1.00
2016.05.27 13:14:23.068,0.87709,0.87745,1.87,1.00
2016.05.27 13:14:23.370,0.87708,0.87743,1.00,1.37
2016.05.27 13:14:23.672,0.87708,0.87743,1.00,1.37
2016.05.27 13:14:24.173,0.87707,0.87743,1.00,1.37
2016.05.27 13:14:24.853,0.87706,0.87744,1.00,1.37
2016.05.27 13:14:25.459,0.87707,0.87743,1.00,1.37
2016.05.27 13:14:25.756,0.87706,0.87744,1.00,1.37
2016.05.27 13:14:26.074,0.87708,0.87744,1.00,1.37
2016.05.27 13:14:26.301,0.87708,0.87744,1.12,1.00
2016.05.27 13:14:26.402,0.87712,0.87749,1.00,1.37
2016.05.27 13:14:26.766,0.87711,0.8775,1.00,1.37
2016.05.27 13:14:27.077,0.87712,0.87749,1.00,1.37
2016.05.27 13:14:27.611,0.87711,0.8775,1.12,1.37
2016.05.27 13:14:28.781,0.87712,0.87748,1.37,1.37
2016.05.27 13:14:28.982,0.87711,0.8775,1.50,1.87
2016.05.27 13:14:29.083,0.87712,0.87749,1.00,1.37
2016.05.27 13:14:29.184,0.87708,0.87746,1.37,1.12
2016.05.27 13:14:29.378,0.87708,0.87746,1.00,1.12
2016.05.27 13:14:29.479,0.87708,0.87746,1.87,1.12
2016.05.27 13:14:30.071,0.87709,0.87745,1.37,1.12
2016.05.27 13:14:31.875,0.87709,0.87745,1.37,1.00
2016.05.27 13:14:32.419,0.87709,0.87745,1.00,1.37
2016.05.27 13:14:32.956,0.87709,0.87745,1.00,1.37
2016.05.27 13:14:33.590,0.87708,0.87746,1.00,1.37
2016.05.27 13:14:34.281,0.87709,0.87745,1.12,1.37
2016.05.27 13:14:34.901,0.87708,0.87746,1.00,1.37
2016.05.27 13:14:36.018,0.87708,0.87746,1.12,1.00
2016.05.27 13:14:37.097,0.87708,0.87746,1.00,1.37
2016.05.27 13:14:38.599,0.87709,0.87745,1.00,1.37
2016.05.27 13:14:40.696,0.87708,0.87746,1.00,1.37
2016.05.27 13:14:41.699,0.87709,0.87745,1.12,1.00
2016.05.27 13:14:42.101,0.87709,0.87745,1.00,1.87
2016.05.27 13:14:42.219,0.87705,0.87741,1.00,1.12
2016.05.27 13:14:42.319,0.87705,0.87741,1.00,1.37
2016.05.27 13:14:42.854,0.87704,0.87742,1.00,1.87
2016.05.27 13:14:43.405,0.87704,0.87742,1.00,1.87
2016.05.27 13:14:44.024,0.87705,0.87741,1.00,1.37
2016.05.27 13:14:44.525,0.87705,0.87741,1.00,1.37
2016.05.27 13:14:45.147,0.87704,0.87742,1.00,1.37
2016.05.27 13:14:47.730,0.87704,0.87742,1.12,1.37
2016.05.27 13:14:48.532,0.87705,0.87741,1.00,1.37
2016.05.27 13:14:48.857,0.87706,0.87741,1.12,1.00
2016.05.27 13:14:49.360,0.87704,0.87742,1.75,1.37
2016.05.27 13:14:50.980,0.87704,0.87742,1.50,1.37
2016.05.27 13:14:51.688,0.87705,0.87741,1.12,1.37
2016.05.27 13:14:52.456,0.87703,0.87736,1.75,1.00
2016.05.27 13:14:52.846,0.87703,0.8774,2.62,1.37
2016.05.27 13:14:53.247,0.87703,0.87736,1.87,1.00
2016.05.27 13:14:53.311,0.87703,0.87736,1.12,1.00
2016.05.27 13:14:55.898,0.87703,0.87737,1.12,1.00
2016.05.27 13:14:56.099,0.87703,0.8774,1.87,1.00
2016.05.27 13:14:56.257,0.87706,0.87743,1.37,1.12
2016.05.27 13:14:57.111,0.87706,0.87744,1.50,1.00
2016.05.27 13:14:57.613,0.87706,0.87744,1.50,1.00
2016.05.27 13:14:57.663,0.87707,0.87743,1.87,1.00
2016.05.27 13:14:57.997,0.87713,0.87748,1.00,1.87
2016.05.27 13:14:58.265,0.87709,0.87745,1.50,1.37
2016.05.27 13:14:58.646,0.87712,0.87745,1.00,1.37
2016.05.27 13:14:58.866,0.87712,0.87746,1.00,1.12
2016.05.27 13:14:59.688,0.87713,0.87745,1.00,1.12
2016.05.27 13:15:00.149,0.87709,0.87745,2.25,1.00
2016.05.27 13:15:00.311,0.8771,0.87746,2.62,1.00
2016.05.27 13:15:01.019,0.87713,0.87745,1.50,1.00
2016.05.27 13:15:01.372,0.87717,0.8775,1.00,1.12
2016.05.27 13:15:01.722,0.87718,0.87754,1.37,1.37
2016.05.27 13:15:01.893,0.87717,0.87754,1.87,1.37
2016.05.27 13:15:02.394,0.87718,0.87754,1.00,1.37
2016.05.27 13:15:03.063,0.87717,0.87754,1.87,1.37
2016.05.27 13:15:04.097,0.87717,0.87755,1.00,1.37
2016.05.27 13:15:04.328,0.87713,0.87751,2.25,1.87
2016.05.27 13:15:04.698,0.87713,0.87746,1.87,1.00
2016.05.27 13:15:06.085,0.87713,0.87746,1.37,1.00
2016.05.27 13:15:06.765,0.87713,0.87746,1.12,1.00
2016.05.27 13:15:07.405,0.87713,0.87747,1.00,1.00
2016.05.27 13:15:08.153,0.87713,0.87746,1.37,1.00
2016.05.27 13:15:08.207,0.87713,0.87751,1.37,1.00
2016.05.27 13:15:08.412,0.87718,0.87751,1.00,1.00
2016.05.27 13:15:08.513,0.87713,0.87751,1.37,1.00
2016.05.27 13:15:09.076,0.87713,0.8775,1.87,1.00
2016.05.27 13:15:09.343,0.87713,0.8775,1.87,1.12
2016.05.27 13:15:10.414,0.87713,0.87751,1.00,1.12
2016.05.27 13:15:11.417,0.87713,0.87751,1.00,1.37
2016.05.27 13:15:12.242,0.87713,0.87751,1.00,1.37
2016.05.27 13:15:12.931,0.87713,0.8775,1.50,1.37
2016.05.27 13:15:13.450,0.87709,0.87745,1.12,1.12
2016.05.27 13:15:13.833,0.87708,0.87743,1.50,1.00
2016.05.27 13:15:14.139,0.87712,0.87743,1.00,1.00
2016.05.27 13:15:14.644,0.87712,0.87742,1.00,1.00
2016.05.27 13:15:14.920,0.87713,0.87747,1.00,1.12
2016.05.27 13:15:15.171,0.87712,0.87749,1.00,1.00
2016.05.27 13:15:15.530,0.87713,0.87749,1.00,1.50
2016.05.27 13:15:15.740,0.87712,0.8775,1.87,1.87
2016.05.27 13:15:16.022,0.87712,0.87747,1.12,1.00
2016.05.27 13:15:17.724,0.87713,0.8775,1.00,1.00
2016.05.27 13:15:18.237,0.87713,0.87749,1.50,1.37
2016.05.27 13:15:19.446,0.87713,0.87749,1.87,1.00
2016.05.27 13:15:22.359,0.87713,0.87749,1.12,1.37
2016.05.27 13:15:22.651,0.87713,0.8775,1.00,1.50
2016.05.27 13:15:22.751,0.87718,0.87752,1.00,1.75
2016.05.27 13:15:23.352,0.87717,0.87752,1.00,1.75
2016.05.27 13:15:23.879,0.87718,0.87754,1.00,1.12
2016.05.27 13:15:24.147,0.87718,0.87754,1.00,1.00
2016.05.27 13:15:25.057,0.87718,0.87752,1.00,1.00
2016.05.27 13:15:25.558,0.87717,0.87752,1.00,1.00
2016.05.27 13:15:25.658,0.87718,0.87754,1.00,1.00
2016.05.27 13:15:27.112,0.87718,0.87755,1.00,1.50
2016.05.27 13:15:27.481,0.87718,0.87755,1.37,1.12
2016.05.27 13:15:28.164,0.87718,0.87754,1.87,1.00
2016.05.27 13:15:28.466,0.87718,0.87754,1.87,1.00
2016.05.27 13:15:28.967,0.87718,0.87755,1.37,1.12
2016.05.27 13:15:29.515,0.87718,0.87755,1.37,1.00
2016.05.27 13:15:30.016,0.87718,0.87754,1.87,1.00
2016.05.27 13:15:30.217,0.87722,0.87758,1.00,2.25
2016.05.27 13:15:30.818,0.87722,0.87758,1.00,2.25
2016.05.27 13:15:31.412,0.87722,0.87758,1.00,2.25
2016.05.27 13:15:31.512,0.87723,0.87758,1.37,1.00
2016.05.27 13:15:31.703,0.87726,0.87762,1.37,1.50
2016.05.27 13:15:31.804,0.87725,0.87763,1.00,1.37
2016.05.27 13:15:33.289,0.87726,0.87762,1.37,1.00
2016.05.27 13:15:33.390,0.87722,0.8776,1.37,1.00
2016.05.27 13:15:33.924,0.87722,0.87759,1.37,1.00
2016.05.27 13:15:34.403,0.87721,0.8776,1.37,1.37
2016.05.27 13:15:34.826,0.87719,0.87755,2.62,1.00
2016.05.27 13:15:34.927,0.87724,0.8776,1.12,1.87
2016.05.27 13:15:35.327,0.87724,0.8776,1.00,1.87
2016.05.27 13:15:35.428,0.8772,0.87753,1.00,1.00
2016.05.27 13:15:35.629,0.8772,0.87756,1.50,1.00
2016.05.27 13:15:36.723,0.8772,0.87756,2.25,1.00
2016.05.27 13:15:36.989,0.87724,0.8776,1.12,1.12
2016.05.27 13:15:37.490,0.87723,0.87761,1.37,1.00
2016.05.27 13:15:37.832,0.8772,0.87757,1.37,1.00
2016.05.27 13:15:38.683,0.8772,0.87756,1.37,1.00
2016.05.27 13:15:39.184,0.8772,0.87756,1.37,1.00
2016.05.27 13:15:39.235,0.8772,0.87756,1.37,1.00
2016.05.27 13:15:39.535,0.87723,0.87757,1.37,1.00
2016.05.27 13:15:39.841,0.87716,0.87752,1.00,1.37
2016.05.27 13:15:39.942,0.87716,0.87752,1.00,2.25
2016.05.27 13:15:40.042,0.87711,0.87746,1.00,1.00
2016.05.27 13:15:40.660,0.87713,0.87745,1.00,1.00
2016.05.27 13:15:40.761,0.87709,0.87746,1.12,1.00
2016.05.27 13:15:40.912,0.87714,0.87751,1.00,2.25
2016.05.27 13:15:41.013,0.8771,0.87746,1.50,1.00
2016.05.27 13:15:41.418,0.8771,0.87746,1.50,1.12
2016.05.27 13:15:41.947,0.87709,0.87747,1.00,2.25
2016.05.27 13:15:42.249,0.87708,0.87742,1.12,1.00
2016.05.27 13:15:42.842,0.87708,0.87742,1.37,1.00
2016.05.27 13:15:43.049,0.87708,0.87742,1.12,1.00
2016.05.27 13:15:43.251,0.87709,0.87742,1.12,1.00
2016.05.27 13:15:43.352,0.8771,0.87747,1.75,1.37
2016.05.27 13:15:43.453,0.87711,0.87743,1.37,1.00
2016.05.27 13:15:43.686,0.87711,0.87747,1.87,1.00
2016.05.27 13:15:43.837,0.87712,0.87748,1.37,1.37
2016.05.27 13:15:44.139,0.87713,0.87748,1.12,1.37
2016.05.27 13:15:44.340,0.87712,0.87749,1.75,1.00
2016.05.27 13:15:44.633,0.87716,0.87752,1.12,1.12
2016.05.27 13:15:44.836,0.87712,0.87749,2.25,1.00
2016.05.27 13:15:45.625,0.87713,0.87749,1.00,1.37
2016.05.27 13:15:45.826,0.87711,0.87748,1.00,1.00
2016.05.27 13:15:45.927,0.87712,0.8775,1.00,1.37
2016.05.27 13:15:46.028,0.8771,0.87746,1.00,1.00
2016.05.27 13:15:46.257,0.87709,0.87745,1.12,1.00
2016.05.27 13:15:46.759,0.87713,0.87745,1.00,1.00
2016.05.27 13:15:47.353,0.87713,0.87746,1.00,1.00
2016.05.27 13:15:48.119,0.87713,0.87745,1.00,1.00
2016.05.27 13:15:48.862,0.87713,0.87749,1.12,1.12
2016.05.27 13:15:49.215,0.87711,0.87747,1.00,1.00
2016.05.27 13:15:49.814,0.87712,0.87748,1.87,1.12
2016.05.27 13:15:50.526,0.87712,0.87748,1.87,1.12
2016.05.27 13:15:53.634,0.87712,0.87749,1.87,1.37
2016.05.27 13:15:54.173,0.87712,0.87749,2.25,1.12
2016.05.27 13:15:54.568,0.87713,0.87749,1.37,1.12
2016.05.27 13:15:56.339,0.87713,0.87745,1.00,1.00
2016.05.27 13:15:56.884,0.87712,0.87745,1.00,1.00
2016.05.27 13:15:57.436,0.8771,0.87745,1.00,1.12
2016.05.27 13:15:57.487,0.87709,0.87745,1.50,1.37
2016.05.27 13:15:57.641,0.87709,0.87745,1.50,1.12
2016.05.27 13:15:57.983,0.87709,0.87745,1.87,1.00
2016.05.27 13:15:58.196,0.87713,0.87749,1.50,1.12
2016.05.27 13:15:58.743,0.87713,0.87749,1.87,1.00
2016.05.27 13:15:58.898,0.87713,0.87747,1.37,1.00
2016.05.27 13:15:58.949,0.8771,0.87745,1.00,1.12
2016.05.27 13:15:59.278,0.87709,0.87745,1.12,1.37
2016.05.27 13:16:00.949,0.87708,0.87746,1.37,1.37
2016.05.27 13:16:02.052,0.87709,0.87745,1.12,1.12
2016.05.27 13:16:02.584,0.87708,0.87746,2.25,1.37
2016.05.27 13:16:03.957,0.87709,0.87745,1.75,1.00
2016.05.27 13:16:04.289,0.87713,0.87745,1.00,1.00
2016.05.27 13:16:04.431,0.87709,0.87745,1.37,1.00
2016.05.27 13:16:04.582,0.87704,0.87742,1.87,1.00
2016.05.27 13:16:04.887,0.87709,0.87742,1.87,1.00
2016.05.27 13:16:04.988,0.87709,0.87743,1.87,1.00
2016.05.27 13:16:05.135,0.87713,0.87743,1.00,1.00
2016.05.27 13:16:05.186,0.87713,0.87745,1.00,1.00
2016.05.27 13:16:05.287,0.87709,0.87745,1.37,1.00
2016.05.27 13:16:05.488,0.87711,0.87746,1.37,1.00
2016.05.27 13:16:05.812,0.87717,0.87745,1.00,1.00
2016.05.27 13:16:06.113,0.87713,0.87745,1.12,1.00
2016.05.27 13:16:06.688,0.87713,0.87745,1.50,1.00
2016.05.27 13:16:06.738,0.87718,0.87745,1.00,1.00
2016.05.27 13:16:06.849,0.87712,0.87749,1.75,1.00
2016.05.27 13:16:07.403,0.87713,0.87749,1.50,1.00
2016.05.27 13:16:07.504,0.87715,0.87754,1.12,1.50
2016.05.27 13:16:07.692,0.87716,0.87753,1.00,1.37
2016.05.27 13:16:07.954,0.87713,0.8775,1.00,1.12
2016.05.27 13:16:08.105,0.87713,0.87749,1.37,1.00
2016.05.27 13:16:08.607,0.87718,0.87754,1.00,2.25
2016.05.27 13:16:08.758,0.87718,0.87754,1.87,1.00
2016.05.27 13:16:08.909,0.87722,0.87758,1.00,1.37
2016.05.27 13:16:09.080,0.87718,0.87754,1.12,1.00
2016.05.27 13:16:10.286,0.87721,0.87758,1.00,1.37
2016.05.27 13:16:10.910,0.87717,0.87752,1.00,1.00
2016.05.27 13:16:11.524,0.87718,0.87752,1.00,1.00
2016.05.27 13:16:11.964,0.87716,0.87752,1.00,1.00
2016.05.27 13:16:12.539,0.87715,0.87753,1.00,1.12
2016.05.27 13:16:13.158,0.87716,0.87752,1.00,1.37
2016.05.27 13:16:13.944,0.87716,0.87752,1.00,1.37
2016.05.27 13:16:14.456,0.87715,0.87753,1.00,1.37
2016.05.27 13:16:14.607,0.87715,0.87753,1.00,1.37
2016.05.27 13:16:15.178,0.87715,0.87753,1.00,1.12
2016.05.27 13:16:15.892,0.87716,0.87752,1.37,1.12
2016.05.27 13:16:16.694,0.87715,0.87753,1.00,1.12
2016.05.27 13:16:16.897,0.87716,0.87752,1.00,1.37
2016.05.27 13:16:17.848,0.87716,0.87752,1.00,1.37
2016.05.27 13:16:18.157,0.87713,0.87747,1.00,1.12
2016.05.27 13:16:18.527,0.87713,0.87751,1.37,1.50
2016.05.27 13:16:18.628,0.87719,0.87755,1.12,1.87
2016.05.27 13:16:19.262,0.87719,0.87755,1.12,1.37
2016.05.27 13:16:20.430,0.87719,0.87755,1.12,1.12
2016.05.27 13:16:22.734,0.87719,0.87755,1.87,1.00
2016.05.27 13:16:22.835,0.87725,0.8776,1.12,2.25
2016.05.27 13:16:22.938,0.87725,0.8776,1.37,2.25
2016.05.27 13:16:23.039,0.87724,0.87762,1.37,1.37
2016.05.27 13:16:23.786,0.87725,0.87761,1.12,1.50
2016.05.27 13:16:24.572,0.87724,0.87762,1.12,1.87
2016.05.27 13:16:25.116,0.87725,0.87761,1.12,1.00
2016.05.27 13:16:25.818,0.87725,0.87761,1.37,1.00
2016.05.27 13:16:28.545,0.87728,0.87767,1.00,1.87
2016.05.27 13:16:28.646,0.87728,0.87762,1.37,1.00
2016.05.27 13:16:28.747,0.8773,0.87766,1.00,1.00
2016.05.27 13:16:29.306,0.87729,0.87767,1.00,2.62
2016.05.27 13:16:29.557,0.87729,0.87767,1.00,1.50
2016.05.27 13:16:29.938,0.8773,0.87766,1.00,1.37
2016.05.27 13:16:30.466,0.8773,0.87766,1.00,1.12
2016.05.27 13:16:31.068,0.87729,0.87767,1.00,1.37
2016.05.27 13:16:31.624,0.87729,0.87767,1.00,1.00
2016.05.27 13:16:32.170,0.87726,0.87762,1.37,1.00
2016.05.27 13:16:32.271,0.87726,0.87762,1.00,1.00
2016.05.27 13:16:32.372,0.87723,0.87757,1.12,1.00
2016.05.27 13:16:32.904,0.87722,0.87758,1.00,1.00
2016.05.27 13:16:33.169,0.87725,0.87763,1.00,1.87
2016.05.27 13:16:33.470,0.87728,0.87762,1.00,1.00
2016.05.27 13:16:33.772,0.87725,0.87762,1.00,1.00
2016.05.27 13:16:34.436,0.87728,0.87762,1.00,1.00
2016.05.27 13:16:34.758,0.87725,0.87763,1.12,1.00
2016.05.27 13:16:34.959,0.87728,0.87762,1.00,1.00
2016.05.27 13:16:35.944,0.87728,0.87763,1.00,1.00
2016.05.27 13:16:36.510,0.87728,0.87762,1.00,1.00
2016.05.27 13:16:36.840,0.87725,0.87763,1.12,1.00
2016.05.27 13:16:37.348,0.87726,0.87762,1.12,1.00
2016.05.27 13:16:37.564,0.87728,0.87762,1.12,1.00
2016.05.27 13:16:37.992,0.87725,0.87763,1.37,1.00
2016.05.27 13:16:39.053,0.87726,0.87762,1.37,1.00
2016.05.27 13:16:39.567,0.87726,0.87762,1.00,1.00
2016.05.27 13:16:40.519,0.87727,0.87762,1.00,1.00
2016.05.27 13:16:40.570,0.87728,0.87762,1.37,1.00
2016.05.27 13:16:40.671,0.87729,0.87767,1.00,1.50
2016.05.27 13:16:40.771,0.87733,0.87766,1.00,1.00
2016.05.27 13:16:40.872,0.8773,0.87766,1.00,1.00
2016.05.27 13:16:41.174,0.87728,0.87761,1.00,1.00
2016.05.27 13:16:41.727,0.87725,0.87761,1.87,1.00
2016.05.27 13:16:42.386,0.87725,0.87761,1.37,1.00
2016.05.27 13:16:42.688,0.87724,0.87762,1.00,1.37
2016.05.27 13:16:42.789,0.87722,0.87757,2.25,1.00
2016.05.27 13:16:43.301,0.87723,0.87758,1.00,1.12
2016.05.27 13:16:44.607,0.87723,0.87757,1.00,1.00
2016.05.27 13:16:45.469,0.87723,0.87758,1.00,1.12
2016.05.27 13:16:46.205,0.87723,0.87757,1.00,1.12
2016.05.27 13:16:46.726,0.87722,0.87757,1.00,1.12
2016.05.27 13:16:47.303,0.87725,0.87761,1.12,1.75
2016.05.27 13:16:47.404,0.87725,0.87761,1.12,1.00
2016.05.27 13:16:47.939,0.87724,0.87762,1.87,1.00
2016.05.27 13:16:48.780,0.87724,0.87762,1.37,1.00
2016.05.27 13:16:49.281,0.87725,0.87761,1.37,1.00
2016.05.27 13:16:49.606,0.87727,0.87765,1.00,1.50
2016.05.27 13:16:50.304,0.87728,0.87765,1.00,2.62
2016.05.27 13:16:50.506,0.87725,0.87761,1.00,1.00
2016.05.27 13:16:52.319,0.87724,0.87762,1.00,1.00
2016.05.27 13:16:52.632,0.87717,0.8775,1.75,1.00
2016.05.27 13:16:53.293,0.87714,0.87751,1.12,1.00
2016.05.27 13:16:53.685,0.87714,0.8775,1.37,1.00
2016.05.27 13:16:54.868,0.87718,0.8775,1.00,1.00
2016.05.27 13:16:55.470,0.87717,0.87751,1.00,1.00
2016.05.27 13:16:56.069,0.87718,0.87751,1.00,1.50
2016.05.27 13:16:56.397,0.87718,0.87751,1.00,2.62
2016.05.27 13:16:56.701,0.87718,0.87751,1.00,1.87
2016.05.27 13:16:57.310,0.87718,0.8775,1.00,1.00
2016.05.27 13:16:57.850,0.87717,0.87751,1.00,1.00
2016.05.27 13:16:59.325,0.87718,0.87749,1.00,1.00
2016.05.27 13:17:02.361,0.87718,0.87751,1.00,1.50
2016.05.27 13:17:02.613,0.87721,0.87751,1.00,1.00
2016.05.27 13:17:03.314,0.87722,0.87751,1.00,1.00
2016.05.27 13:17:03.613,0.87722,0.87756,1.00,1.00
2016.05.27 13:17:03.965,0.87723,0.87756,1.00,1.87
2016.05.27 13:17:04.066,0.87717,0.8775,1.00,1.00
2016.05.27 13:17:04.357,0.87718,0.87752,1.00,1.12
2016.05.27 13:17:04.635,0.87718,0.8775,1.00,1.00
2016.05.27 13:17:05.537,0.87722,0.8775,1.00,1.00
2016.05.27 13:17:05.765,0.87718,0.87752,1.00,1.12
2016.05.27 13:17:05.866,0.87714,0.87751,1.87,1.00
2016.05.27 13:17:05.967,0.87717,0.87751,1.00,1.00
2016.05.27 13:17:06.295,0.87723,0.87751,1.00,1.00
2016.05.27 13:17:06.798,0.87722,0.87751,1.00,1.00
2016.05.27 13:17:07.727,0.87718,0.87751,1.00,1.00
2016.05.27 13:17:07.818,0.87718,0.87754,1.00,1.50
2016.05.27 13:17:08.344,0.87714,0.87751,1.50,1.00
2016.05.27 13:17:08.892,0.87714,0.87752,1.00,1.00
2016.05.27 13:17:10.895,0.87714,0.87751,1.12,1.00
2016.05.27 13:17:11.046,0.87717,0.87751,1.00,1.00
2016.05.27 13:17:11.576,0.87718,0.87752,1.00,1.00
2016.05.27 13:17:12.099,0.87718,0.87751,1.00,1.00
2016.05.27 13:17:12.250,0.87719,0.87756,1.00,1.50
2016.05.27 13:17:12.735,0.87722,0.87756,1.00,1.12
2016.05.27 13:17:13.150,0.87727,0.87757,1.00,1.00
2016.05.27 13:17:13.201,0.87727,0.87759,1.00,1.00
2016.05.27 13:17:14.229,0.87727,0.87762,1.00,1.87
2016.05.27 13:17:14.757,0.87727,0.87762,1.00,1.87
2016.05.27 13:17:15.259,0.87727,0.87758,1.00,1.00
2016.05.27 13:17:16.682,0.87723,0.87758,1.00,1.00
2016.05.27 13:17:17.240,0.87722,0.87758,1.50,1.12
2016.05.27 13:17:17.290,0.87722,0.87755,1.00,1.00
2016.05.27 13:17:17.342,0.87717,0.87755,1.87,1.00
2016.05.27 13:17:17.865,0.87717,0.87755,1.50,1.12
2016.05.27 13:17:18.444,0.87718,0.87754,1.00,1.12
2016.05.27 13:17:19.810,0.87718,0.87755,1.00,1.00
2016.05.27 13:17:20.309,0.87718,0.87748,1.00,1.00
2016.05.27 13:17:20.828,0.87717,0.87749,1.00,1.00
2016.05.27 13:17:21.397,0.87717,0.87748,1.00,1.00
2016.05.27 13:17:21.692,0.87714,0.87748,1.37,1.00
2016.05.27 13:17:22.231,0.87714,0.87749,1.12,1.00
2016.05.27 13:17:22.832,0.87712,0.87748,2.62,1.00
2016.05.27 13:17:23.383,0.87713,0.87749,1.00,1.00
2016.05.27 13:17:23.886,0.87713,0.87748,1.00,1.00
2016.05.27 13:17:25.035,0.87713,0.87749,1.00,1.00
2016.05.27 13:17:25.591,0.87713,0.87748,1.12,1.00
2016.05.27 13:17:26.357,0.87717,0.87748,1.00,1.00
2016.05.27 13:17:28.600,0.87717,0.87749,1.00,1.00
2016.05.27 13:17:29.174,0.87718,0.87749,1.00,1.00
2016.05.27 13:17:29.761,0.87717,0.87749,1.00,1.00
2016.05.27 13:17:29.962,0.87715,0.87748,1.00,1.00
2016.05.27 13:17:30.012,0.87716,0.87752,1.37,1.00
2016.05.27 13:17:30.113,0.8772,0.87755,1.37,1.00
2016.05.27 13:17:30.264,0.87723,0.87756,1.00,1.00
2016.05.27 13:17:30.765,0.87727,0.87756,1.00,1.00
2016.05.27 13:17:30.916,0.87727,0.8776,1.00,1.12
2016.05.27 13:17:30.967,0.87723,0.8776,1.00,1.12
2016.05.27 13:17:31.046,0.87723,0.87761,1.00,1.37
2016.05.27 13:17:31.147,0.87723,0.87757,1.00,1.00
2016.05.27 13:17:32.330,0.87723,0.87756,1.00,1.00
2016.05.27 13:17:33.570,0.87722,0.87756,1.00,1.00
2016.05.27 13:17:33.798,0.87719,0.87757,1.00,2.62
2016.05.27 13:17:33.900,0.87722,0.87757,1.00,1.87
2016.05.27 13:17:34.418,0.87722,0.87757,1.00,1.12
2016.05.27 13:17:35.098,0.87722,0.87756,1.00,1.37
2016.05.27 13:17:35.421,0.87722,0.87753,1.00,1.00
2016.05.27 13:17:35.522,0.87718,0.87753,1.00,1.12
2016.05.27 13:17:36.728,0.87718,0.87752,1.00,1.00
2016.05.27 13:17:37.234,0.87718,0.87753,1.00,1.12
2016.05.27 13:17:37.626,0.87718,0.87752,1.00,1.37
2016.05.27 13:17:38.027,0.87718,0.87753,1.00,1.00
2016.05.27 13:17:38.229,0.87718,0.87752,1.00,1.37
2016.05.27 13:17:38.329,0.87718,0.87753,1.00,1.12
2016.05.27 13:17:39.081,0.87718,0.87753,1.00,1.37
2016.05.27 13:17:39.878,0.87717,0.87752,1.12,1.37
2016.05.27 13:17:40.470,0.87718,0.87752,1.00,1.37
2016.05.27 13:17:40.943,0.87718,0.87747,1.00,1.00
2016.05.27 13:17:42.247,0.87718,0.87753,1.00,1.00
2016.05.27 13:17:42.347,0.87718,0.8775,1.00,1.00
2016.05.27 13:17:42.898,0.87718,0.87749,1.00,1.00
2016.05.27 13:17:43.442,0.87717,0.87749,1.00,1.00
2016.05.27 13:17:43.991,0.87718,0.87749,1.00,1.37
2016.05.27 13:17:44.501,0.87717,0.8775,1.00,1.87
2016.05.27 13:17:44.902,0.87713,0.87744,1.00,1.00
2016.05.27 13:17:45.311,0.87707,0.87743,1.87,1.00
2016.05.27 13:17:45.494,0.87711,0.87747,1.00,1.37
2016.05.27 13:17:46.104,0.87712,0.87747,1.00,1.37
2016.05.27 13:17:46.710,0.87712,0.87743,1.00,1.00
2016.05.27 13:17:47.107,0.87713,0.87748,1.00,1.00
2016.05.27 13:17:47.419,0.87718,0.87747,1.00,1.00
2016.05.27 13:17:47.695,0.87713,0.87747,1.00,1.00
2016.05.27 13:17:48.298,0.87713,0.87747,1.00,1.37
2016.05.27 13:17:48.595,0.87712,0.87743,1.00,1.00
2016.05.27 13:17:49.108,0.87712,0.87744,1.00,1.00
2016.05.27 13:17:49.209,0.87708,0.87743,1.00,1.00
2016.05.27 13:17:49.392,0.87713,0.87748,1.50,1.50
2016.05.27 13:17:49.905,0.87712,0.8775,1.50,1.87
2016.05.27 13:17:50.006,0.87712,0.8775,1.87,1.12
2016.05.27 13:17:50.269,0.87713,0.87749,1.00,1.37
2016.05.27 13:17:50.870,0.87713,0.87749,1.00,1.00
2016.05.27 13:17:51.402,0.87712,0.8775,1.87,1.00
2016.05.27 13:17:52.211,0.87713,0.87749,1.12,1.00
2016.05.27 13:17:52.795,0.87713,0.87749,1.00,1.37
2016.05.27 13:17:53.238,0.87713,0.87744,1.00,1.00
2016.05.27 13:17:53.289,0.87713,0.87749,1.00,1.00
2016.05.27 13:17:54.316,0.87713,0.8775,1.12,1.00
2016.05.27 13:17:54.367,0.87717,0.8775,1.00,1.00
2016.05.27 13:17:54.417,0.87717,0.87753,1.00,1.12
2016.05.27 13:17:54.908,0.87712,0.87747,1.12,1.00
2016.05.27 13:17:55.279,0.87712,0.87748,1.75,1.00
2016.05.27 13:17:56.107,0.87712,0.87747,1.87,1.00
2016.05.27 13:17:56.311,0.87714,0.87753,1.50,1.87
2016.05.27 13:17:56.462,0.87718,0.87752,1.00,1.00
2016.05.27 13:17:56.563,0.87718,0.87756,1.50,1.00
2016.05.27 13:17:57.223,0.87719,0.87755,1.00,1.00
2016.05.27 13:17:57.753,0.87718,0.87756,1.50,1.12
2016.05.27 13:17:59.111,0.87718,0.87751,1.00,1.00
2016.05.27 13:17:59.314,0.87719,0.87755,1.00,1.00
2016.05.27 13:18:00.200,0.87718,0.87756,1.37,1.00
2016.05.27 13:18:00.480,0.87722,0.87755,1.12,1.00
2016.05.27 13:18:01.077,0.87728,0.87755,1.00,1.00
2016.05.27 13:18:02.687,0.87719,0.8775,1.00,1.00
2016.05.27 13:18:02.737,0.87713,0.87745,1.75,1.00
2016.05.27 13:18:02.939,0.87712,0.87749,2.25,1.00
2016.05.27 13:18:03.673,0.87712,0.87749,2.25,1.37
2016.05.27 13:18:03.889,0.87713,0.8775,1.00,1.37
2016.05.27 13:18:04.040,0.87713,0.87749,1.00,1.37
2016.05.27 13:18:04.353,0.87709,0.87745,1.87,1.00
2016.05.27 13:18:04.404,0.87713,0.87745,1.00,1.00
2016.05.27 13:18:04.706,0.87709,0.87745,1.87,1.00
2016.05.27 13:18:05.140,0.87709,0.87742,1.37,1.00
2016.05.27 13:18:05.792,0.87709,0.87743,1.37,1.00
2016.05.27 13:18:06.885,0.87708,0.87743,1.50,1.00
2016.05.27 13:18:07.036,0.87708,0.87746,1.50,1.00
2016.05.27 13:18:08.157,0.87708,0.87746,1.50,1.00
2016.05.27 13:18:08.422,0.87707,0.87742,1.87,1.00
2016.05.27 13:18:08.761,0.87703,0.87737,1.75,1.00
2016.05.27 13:18:08.962,0.87705,0.87741,1.50,1.00
2016.05.27 13:18:09.500,0.87708,0.87741,1.12,1.00
2016.05.27 13:18:09.587,0.87712,0.87741,1.00,1.00
2016.05.27 13:18:09.889,0.87708,0.87742,1.00,1.50
2016.05.27 13:18:10.928,0.87708,0.87741,1.00,1.00
2016.05.27 13:18:11.429,0.87708,0.87742,1.00,1.87
2016.05.27 13:18:12.857,0.87708,0.87741,1.12,1.00
2016.05.27 13:18:13.960,0.87705,0.87741,1.87,1.00
2016.05.27 13:18:14.345,0.87707,0.87742,1.00,1.00
2016.05.27 13:18:14.904,0.87706,0.87741,1.12,1.00
2016.05.27 13:18:15.539,0.87706,0.87742,1.37,1.00
2016.05.27 13:18:16.042,0.87707,0.87741,1.12,1.37
2016.05.27 13:18:17.746,0.87707,0.87742,1.00,1.37
2016.05.27 13:18:18.268,0.87707,0.87741,1.00,1.37
2016.05.27 13:18:18.494,0.87707,0.87742,1.00,1.87
2016.05.27 13:18:19.336,0.87707,0.87741,1.00,1.12
2016.05.27 13:18:21.056,0.87707,0.87742,1.00,1.87
2016.05.27 13:18:21.306,0.87704,0.87742,1.12,2.62
2016.05.27 13:18:21.466,0.87705,0.87741,1.37,1.00
2016.05.27 13:18:21.980,0.87705,0.87741,1.37,1.00
2016.05.27 13:18:22.609,0.87708,0.87741,1.00,1.00
2016.05.27 13:18:23.260,0.87708,0.87742,1.00,1.00
2016.05.27 13:18:25.585,0.87705,0.87741,1.37,1.00
2016.05.27 13:18:26.128,0.87708,0.87741,1.12,1.00
2016.05.27 13:18:26.735,0.87713,0.87741,1.00,1.00
2016.05.27 13:18:28.518,0.87708,0.87741,1.12,1.00
2016.05.27 13:18:29.119,0.87713,0.87741,1.00,1.37
2016.05.27 13:18:29.219,0.87713,0.87742,1.00,1.00
2016.05.27 13:18:30.120,0.87707,0.87741,1.00,1.00
2016.05.27 13:18:30.526,0.87712,0.87741,1.50,1.00
2016.05.27 13:18:30.708,0.87717,0.87753,1.00,1.12
2016.05.27 13:18:31.110,0.87717,0.87753,1.50,1.37
2016.05.27 13:18:31.679,0.87717,0.87754,1.00,2.25
2016.05.27 13:18:32.882,0.87717,0.87753,1.87,1.12
2016.05.27 13:18:33.214,0.87723,0.87753,1.00,1.00
2016.05.27 13:18:33.415,0.87724,0.8776,1.12,1.50
2016.05.27 13:18:33.617,0.87718,0.87755,1.87,1.00
2016.05.27 13:18:34.003,0.87721,0.87759,1.00,1.12
2016.05.27 13:18:34.628,0.87723,0.87759,1.00,1.12
2016.05.27 13:18:34.955,0.87713,0.87744,1.37,1.00
2016.05.27 13:18:35.106,0.87708,0.87744,1.37,1.00
2016.05.27 13:18:35.207,0.87712,0.87747,1.50,1.37
2016.05.27 13:18:35.258,0.87712,0.87747,2.25,1.00
2016.05.27 13:18:35.309,0.87716,0.87754,1.50,1.00
2016.05.27 13:18:35.606,0.87721,0.87758,1.00,1.37
2016.05.27 13:18:36.309,0.87722,0.87758,1.00,1.37
2016.05.27 13:18:36.593,0.87722,0.87759,1.00,1.87
2016.05.27 13:18:37.094,0.87722,0.87754,1.00,1.00
2016.05.27 13:18:37.145,0.87718,0.87754,1.00,1.00
2016.05.27 13:18:37.402,0.87722,0.87754,1.00,1.00
2016.05.27 13:18:37.711,0.87718,0.87754,1.00,1.00
2016.05.27 13:18:38.331,0.87718,0.87753,1.50,1.00
2016.05.27 13:18:38.432,0.87722,0.87754,1.00,1.00
2016.05.27 13:18:38.763,0.87723,0.87753,1.00,1.37
2016.05.27 13:18:38.814,0.87717,0.87753,1.87,1.12
2016.05.27 13:18:39.736,0.87718,0.87754,1.50,1.00
2016.05.27 13:18:39.837,0.87723,0.87753,1.00,1.00
2016.05.27 13:18:40.472,0.87723,0.87754,1.00,1.00
2016.05.27 13:18:40.973,0.87721,0.87757,1.75,1.37
2016.05.27 13:18:41.024,0.8772,0.87758,1.87,1.12
2016.05.27 13:18:41.408,0.87721,0.87757,1.75,1.37
2016.05.27 13:18:41.627,0.8772,0.87756,1.00,1.50
2016.05.27 13:18:41.728,0.87722,0.87751,1.00,1.00
2016.05.27 13:18:42.307,0.87722,0.8775,1.00,1.00
2016.05.27 13:18:42.922,0.87723,0.87751,1.00,1.00
2016.05.27 13:18:43.925,0.87723,0.8775,1.00,1.37
2016.05.27 13:18:45.417,0.87718,0.8775,1.00,1.37
2016.05.27 13:18:46.418,0.87718,0.87751,1.00,1.37
2016.05.27 13:18:47.221,0.87717,0.87751,1.00,1.37
2016.05.27 13:18:48.034,0.87717,0.87751,1.00,1.37
2016.05.27 13:18:48.336,0.87718,0.8775,1.00,1.37
2016.05.27 13:18:48.836,0.87718,0.87751,1.00,2.62
2016.05.27 13:18:49.338,0.87717,0.87749,1.00,1.12
2016.05.27 13:18:50.240,0.87714,0.87749,1.12,1.12
2016.05.27 13:18:50.341,0.87714,0.8775,1.12,1.37
2016.05.27 13:18:51.436,0.87713,0.87751,1.50,1.37
2016.05.27 13:18:52.054,0.87714,0.8775,1.12,1.00
2016.05.27 13:18:52.246,0.87714,0.8775,1.00,1.37
2016.05.27 13:18:52.645,0.87714,0.8775,1.00,1.50
2016.05.27 13:18:52.739,0.87712,0.87746,1.00,1.00
2016.05.27 13:18:53.146,0.87713,0.87749,1.00,1.00
2016.05.27 13:18:53.247,0.87713,0.87749,1.00,1.37
2016.05.27 13:18:53.487,0.87713,0.8775,1.00,1.50
2016.05.27 13:18:53.842,0.87713,0.87749,1.50,1.37
2016.05.27 13:18:55.245,0.87713,0.87749,1.50,1.37
2016.05.27 13:18:56.185,0.87713,0.87749,1.50,1.37
2016.05.27 13:18:56.853,0.87713,0.87749,1.87,1.37
2016.05.27 13:18:57.208,0.87712,0.87746,1.00,1.00
2016.05.27 13:18:57.359,0.87708,0.87743,1.12,1.00
2016.05.27 13:18:57.990,0.87707,0.87742,1.50,1.00
2016.05.27 13:18:58.192,0.87716,0.87752,1.37,2.25
2016.05.27 13:18:58.642,0.87722,0.87753,1.00,1.00
2016.05.27 13:18:59.258,0.87723,0.87753,1.00,1.00
2016.05.27 13:19:00.198,0.87723,0.87752,1.00,1.00
2016.05.27 13:19:00.674,0.87722,0.87758,1.00,1.37
2016.05.27 13:19:01.263,0.87723,0.87759,1.00,1.37
2016.05.27 13:19:01.782,0.87723,0.87758,1.00,1.37
2016.05.27 13:19:02.365,0.87723,0.87758,1.00,1.37
2016.05.27 13:19:03.086,0.87723,0.87759,1.00,1.37
2016.05.27 13:19:04.571,0.87723,0.87758,1.00,1.37
2016.05.27 13:19:04.873,0.87728,0.87758,1.00,1.37
2016.05.27 13:19:05.020,0.87728,0.87759,1.00,1.37
2016.05.27 13:19:05.221,0.87728,0.87758,1.00,1.37
2016.05.27 13:19:05.272,0.87723,0.87758,1.00,1.37
2016.05.27 13:19:05.585,0.87723,0.87759,1.00,1.37
2016.05.27 13:19:05.686,0.87723,0.87758,1.87,1.12
2016.05.27 13:19:05.787,0.87724,0.87762,1.37,1.87
2016.05.27 13:19:05.838,0.87728,0.87762,1.00,1.37
2016.05.27 13:19:06.177,0.87728,0.87761,1.00,1.37
2016.05.27 13:19:06.413,0.87725,0.87761,1.12,1.37
2016.05.27 13:19:07.179,0.87725,0.87761,1.12,1.37
2016.05.27 13:19:07.230,0.87727,0.87761,1.00,1.37
2016.05.27 13:19:08.081,0.87727,0.87761,1.00,1.37
2016.05.27 13:19:08.232,0.87724,0.87762,1.37,1.87
2016.05.27 13:19:08.707,0.87723,0.87759,1.12,1.37
2016.05.27 13:19:10.586,0.87723,0.87759,1.12,1.12
2016.05.27 13:19:10.834,0.87723,0.87758,1.12,1.37
2016.05.27 13:19:11.008,0.87723,0.87759,1.12,1.37
2016.05.27 13:19:11.736,0.87723,0.87759,1.12,1.37
2016.05.27 13:19:11.888,0.87723,0.87759,1.12,1.12
2016.05.27 13:19:12.590,0.87723,0.87758,1.12,1.37
2016.05.27 13:19:13.362,0.87723,0.87758,1.50,1.37
2016.05.27 13:19:14.744,0.87727,0.87758,1.00,1.37
2016.05.27 13:19:14.794,0.87727,0.87761,1.00,1.37
2016.05.27 13:19:14.895,0.87727,0.87762,1.12,1.00
2016.05.27 13:19:14.946,0.87733,0.87762,1.00,1.00
2016.05.27 13:19:15.197,0.87733,0.87766,1.00,1.00
2016.05.27 13:19:15.298,0.87733,0.87766,1.00,1.37
2016.05.27 13:19:15.647,0.87733,0.87765,1.00,1.37
2016.05.27 13:19:16.196,0.87733,0.87766,1.00,1.37
2016.05.27 13:19:16.717,0.87733,0.87766,1.00,1.37
2016.05.27 13:19:17.801,0.87733,0.87765,1.00,1.37
2016.05.27 13:19:18.403,0.87733,0.87765,1.00,1.37
2016.05.27 13:19:18.654,0.87728,0.87766,1.00,2.62
2016.05.27 13:19:18.888,0.87725,0.87761,1.00,1.37
2016.05.27 13:19:20.533,0.87724,0.87762,1.00,1.37
2016.05.27 13:19:20.835,0.87722,0.87754,1.00,1.37
2016.05.27 13:19:20.951,0.87718,0.87754,1.50,1.37
2016.05.27 13:19:21.233,0.87722,0.87755,1.00,1.37
2016.05.27 13:19:21.652,0.87717,0.87755,1.50,1.37
2016.05.27 13:19:21.835,0.87718,0.87754,1.37,1.37
2016.05.27 13:19:22.137,0.87722,0.87758,1.00,1.12
2016.05.27 13:19:22.421,0.87718,0.87756,1.37,1.37
2016.05.27 13:19:22.613,0.87719,0.87755,1.12,1.37
2016.05.27 13:19:23.364,0.87719,0.87755,1.00,1.37
2016.05.27 13:19:23.616,0.87718,0.87756,1.37,1.37
2016.05.27 13:19:23.717,0.87718,0.87756,1.87,1.50
2016.05.27 13:19:23.818,0.87719,0.87755,1.12,1.37
2016.05.27 13:19:24.118,0.87718,0.87756,1.87,1.12
2016.05.27 13:19:24.319,0.87718,0.87756,1.87,1.50
2016.05.27 13:19:24.670,0.87723,0.87756,1.00,1.50
2016.05.27 13:19:25.022,0.87723,0.87758,1.37,1.12
2016.05.27 13:19:25.547,0.87723,0.87757,1.37,1.37
2016.05.27 13:19:26.076,0.87723,0.87759,1.12,1.00
2016.05.27 13:19:26.526,0.87722,0.87756,1.00,1.00
2016.05.27 13:19:26.675,0.87718,0.87756,1.87,1.00
2016.05.27 13:19:26.776,0.87719,0.87755,1.00,1.37
2016.05.27 13:19:27.079,0.87718,0.87756,1.50,1.37
2016.05.27 13:19:27.552,0.87714,0.87751,1.37,1.12
2016.05.27 13:19:27.982,0.87718,0.87751,1.00,1.12
2016.05.27 13:19:28.435,0.87717,0.87756,1.12,1.12
2016.05.27 13:19:28.640,0.87718,0.87755,1.37,1.00
2016.05.27 13:19:29.337,0.87717,0.87756,2.62,1.00
2016.05.27 13:19:29.890,0.87718,0.87756,1.00,1.12
2016.05.27 13:19:30.165,0.87722,0.8776,1.00,1.50
2016.05.27 13:19:30.567,0.87722,0.8776,1.00,1.12
2016.05.27 13:19:30.743,0.87723,0.87759,1.37,1.12
2016.05.27 13:19:31.696,0.87723,0.87759,1.12,1.12
2016.05.27 13:19:32.321,0.87723,0.87759,1.12,1.37
2016.05.27 13:19:32.844,0.87723,0.87759,1.87,1.12
2016.05.27 13:19:33.349,0.87722,0.8776,1.50,1.00
2016.05.27 13:19:33.852,0.87723,0.87759,1.50,1.12
2016.05.27 13:19:34.770,0.87726,0.87762,1.00,1.37
2016.05.27 13:19:35.072,0.87722,0.87758,1.50,1.12
2016.05.27 13:19:35.353,0.87728,0.87758,1.00,1.12
2016.05.27 13:19:36.257,0.87728,0.87762,1.00,1.37
2016.05.27 13:19:36.658,0.87728,0.87763,1.00,1.37
2016.05.27 13:19:37.473,0.87728,0.87763,1.00,1.37
2016.05.27 13:19:38.262,0.87728,0.87763,1.00,1.37
2016.05.27 13:19:38.963,0.87728,0.87762,1.00,1.37
2016.05.27 13:19:39.665,0.87728,0.87762,1.00,1.37
2016.05.27 13:19:39.867,0.87728,0.87763,1.00,1.37
2016.05.27 13:19:40.102,0.87728,0.87762,1.00,1.37
2016.05.27 13:19:40.660,0.87727,0.87762,1.12,1.37
2016.05.27 13:19:41.009,0.87728,0.87762,1.00,1.00
2016.05.27 13:19:41.276,0.87725,0.87763,1.50,1.87
2016.05.27 13:19:41.327,0.87725,0.87763,1.00,1.50
2016.05.27 13:19:41.378,0.87728,0.87763,1.00,1.50
2016.05.27 13:19:41.680,0.87726,0.87762,1.00,1.00
2016.05.27 13:19:41.781,0.87728,0.87763,1.00,1.50
2016.05.27 13:19:42.130,0.87728,0.87756,1.00,1.12
2016.05.27 13:19:42.281,0.87722,0.87756,1.00,1.00
2016.05.27 13:19:42.880,0.87722,0.87759,1.50,1.87
2016.05.27 13:19:43.567,0.87727,0.87759,1.00,1.87
2016.05.27 13:19:43.618,0.87727,0.87759,1.00,1.12
2016.05.27 13:19:43.882,0.87723,0.87759,1.00,1.12
2016.05.27 13:19:44.240,0.87723,0.87759,1.00,1.87
2016.05.27 13:19:45.478,0.87722,0.87756,1.00,1.12
2016.05.27 13:19:46.672,0.87723,0.87756,1.00,1.12
2016.05.27 13:19:47.573,0.87728,0.87756,1.00,1.00
2016.05.27 13:19:48.374,0.87723,0.87755,1.00,1.00
2016.05.27 13:19:48.692,0.87718,0.87755,1.00,1.37
2016.05.27 13:19:48.793,0.87717,0.87756,2.25,1.37
2016.05.27 13:19:49.210,0.87718,0.87756,1.12,1.12
2016.05.27 13:19:49.541,0.87721,0.87759,1.00,1.50
2016.05.27 13:19:50.038,0.87722,0.87758,1.37,1.12
2016.05.27 13:19:50.597,0.87722,0.87758,1.37,1.12
2016.05.27 13:19:51.299,0.87721,0.87759,1.37,1.37
2016.05.27 13:19:51.543,0.87719,0.87751,1.00,1.12
2016.05.27 13:19:51.644,0.87715,0.87751,1.00,1.12
2016.05.27 13:19:51.747,0.87713,0.8775,1.37,1.12
2016.05.27 13:19:51.800,0.87716,0.87753,1.00,1.12
2016.05.27 13:19:51.850,0.87716,0.87754,1.00,1.87
2016.05.27 13:19:51.951,0.87717,0.87749,1.12,1.00
2016.05.27 13:19:52.002,0.87713,0.87746,1.50,1.00
2016.05.27 13:19:52.541,0.87715,0.87752,1.37,1.00
2016.05.27 13:19:53.032,0.87719,0.87756,1.00,1.37
2016.05.27 13:19:53.355,0.87718,0.87754,1.00,1.37
2016.05.27 13:19:53.520,0.87717,0.87754,1.00,1.12
2016.05.27 13:19:54.384,0.87718,0.87754,1.00,1.37
2016.05.27 13:19:54.908,0.87717,0.87755,1.00,1.87
2016.05.27 13:19:55.478,0.87718,0.87754,1.00,1.87
2016.05.27 13:19:56.003,0.87717,0.87753,1.00,2.62
2016.05.27 13:19:56.054,0.87717,0.8775,1.00,1.00
2016.05.27 13:19:56.112,0.87714,0.8775,1.00,1.87
2016.05.27 13:19:56.226,0.87714,0.8775,1.00,1.37
2016.05.27 13:19:56.327,0.87709,0.87747,1.50,1.37
2016.05.27 13:19:56.428,0.87709,0.87746,1.00,1.12
2016.05.27 13:19:56.634,0.87709,0.87743,1.00,1.00
2016.05.27 13:19:56.939,0.87709,0.87747,1.00,1.50
2016.05.27 13:19:57.040,0.87708,0.87748,1.37,1.00
2016.05.27 13:19:57.140,0.87709,0.87751,1.87,1.37
2016.05.27 13:19:57.707,0.87714,0.87752,1.00,1.37
2016.05.27 13:19:58.317,0.87715,0.87751,1.00,1.37
2016.05.27 13:19:58.910,0.87714,0.87752,1.00,1.37
2016.05.27 13:19:59.720,0.87715,0.87751,1.00,1.37
2016.05.27 13:20:00.262,0.87715,0.87751,1.00,1.37
2016.05.27 13:20:00.523,0.87714,0.87752,1.00,1.12
2016.05.27 13:20:01.049,0.87715,0.87751,1.00,1.37
2016.05.27 13:20:01.375,0.87713,0.87746,1.00,1.12
2016.05.27 13:20:01.526,0.87713,0.87751,1.50,1.87
2016.05.27 13:20:02.199,0.87714,0.8775,1.00,1.37
2016.05.27 13:20:02.628,0.87714,0.8775,1.00,1.12
2016.05.27 13:20:02.929,0.87714,0.8775,1.00,1.37
2016.05.27 13:20:03.149,0.87709,0.87747,1.87,1.37
2016.05.27 13:20:03.250,0.87709,0.87747,1.50,2.62
2016.05.27 13:20:03.566,0.87707,0.87742,1.00,1.37
2016.05.27 13:20:03.667,0.87708,0.87743,1.00,1.12
2016.05.27 13:20:03.731,0.87708,0.87743,1.37,1.00
2016.05.27 13:20:03.832,0.87712,0.87747,1.12,1.00
2016.05.27 13:20:03.883,0.87712,0.87751,1.12,1.87
2016.05.27 13:20:03.933,0.87713,0.8775,1.37,1.12
2016.05.27 13:20:04.232,0.87713,0.87751,1.12,1.87
2016.05.27 13:20:05.020,0.87713,0.8775,1.87,1.12
2016.05.27 13:20:06.137,0.87713,0.8775,1.50,1.37
2016.05.27 13:20:06.586,0.87713,0.8775,1.50,1.87
2016.05.27 13:20:06.905,0.8771,0.87746,1.00,1.37
2016.05.27 13:20:07.392,0.87709,0.87747,1.00,1.00
2016.05.27 13:20:07.644,0.87713,0.87746,1.00,1.37
2016.05.27 13:20:08.177,0.87713,0.87746,1.00,1.37
2016.05.27 13:20:09.183,0.87713,0.87747,1.00,1.87
2016.05.27 13:20:09.233,0.87709,0.87747,1.00,1.87
2016.05.27 13:20:09.344,0.87708,0.87742,1.00,1.37
2016.05.27 13:20:09.646,0.87705,0.87742,1.00,1.37
2016.05.27 13:20:09.839,0.87705,0.87736,1.00,1.00
2016.05.27 13:20:10.091,0.87708,0.8774,1.00,1.50
2016.05.27 13:20:10.192,0.87706,0.87741,1.00,1.12
2016.05.27 13:20:10.549,0.87706,0.87741,1.37,1.00
2016.05.27 13:20:10.649,0.87711,0.87747,1.37,1.50
2016.05.27 13:20:11.168,0.87713,0.87747,1.00,1.00
2016.05.27 13:20:11.786,0.87713,0.87747,1.00,1.37
2016.05.27 13:20:12.351,0.87713,0.87748,1.00,1.37
2016.05.27 13:20:12.596,0.87713,0.87747,1.00,1.37
2016.05.27 13:20:13.209,0.87712,0.87748,1.00,1.37
2016.05.27 13:20:13.756,0.87712,0.87748,1.00,1.37
2016.05.27 13:20:14.482,0.87712,0.87748,1.12,1.00
2016.05.27 13:20:14.796,0.87712,0.87747,1.37,1.00
2016.05.27 13:20:16.771,0.87712,0.87748,1.00,1.00
2016.05.27 13:20:16.973,0.87712,0.87747,1.00,1.37
2016.05.27 13:20:17.662,0.87712,0.87748,1.00,1.37
2016.05.27 13:20:17.965,0.87712,0.87747,1.37,1.00
2016.05.27 13:20:18.066,0.87717,0.87751,1.12,1.00
2016.05.27 13:20:18.297,0.87714,0.87751,1.00,1.37
2016.05.27 13:20:18.515,0.87711,0.87748,1.50,1.00
2016.05.27 13:20:18.674,0.87714,0.8775,1.00,1.00
2016.05.27 13:20:19.009,0.87712,0.87748,1.12,1.00
2016.05.27 13:20:19.554,0.8771,0.87749,1.87,1.00
2016.05.27 13:20:19.856,0.87715,0.87751,1.00,1.37
2016.05.27 13:20:20.389,0.87715,0.87751,1.00,1.12
2016.05.27 13:20:20.915,0.87714,0.87752,1.12,1.00
2016.05.27 13:20:21.880,0.87718,0.87752,1.00,1.37
2016.05.27 13:20:22.182,0.87714,0.87749,1.00,1.12
2016.05.27 13:20:22.278,0.87714,0.87749,1.00,1.37
2016.05.27 13:20:23.013,0.87713,0.87748,1.00,1.37
2016.05.27 13:20:23.332,0.87713,0.87746,1.00,1.37
2016.05.27 13:20:23.382,0.87708,0.87744,1.00,1.37
2016.05.27 13:20:23.483,0.87708,0.87743,1.00,1.37
2016.05.27 13:20:23.734,0.87708,0.87744,1.12,1.12
2016.05.27 13:20:24.482,0.87708,0.87743,1.12,1.00
2016.05.27 13:20:25.585,0.87708,0.87744,1.00,1.00
2016.05.27 13:20:26.299,0.87708,0.87743,1.00,1.00
2016.05.27 13:20:26.637,0.87713,0.87744,1.00,1.00
2016.05.27 13:20:27.788,0.87713,0.87743,1.00,1.00
2016.05.27 13:20:28.639,0.87708,0.87743,1.12,1.00
2016.05.27 13:20:29.493,0.87708,0.87744,1.00,1.00
2016.05.27 13:20:30.198,0.87708,0.87743,1.00,1.12
2016.05.27 13:20:30.248,0.87712,0.87743,1.00,1.12
2016.05.27 13:20:30.349,0.87707,0.87743,1.87,1.12
2016.05.27 13:20:30.400,0.8771,0.87747,1.00,1.87
2016.05.27 13:20:30.551,0.87709,0.87748,1.00,1.37
2016.05.27 13:20:30.651,0.8771,0.87747,1.12,1.12
2016.05.27 13:20:30.702,0.8771,0.87747,1.37,1.00
2016.05.27 13:20:34.055,0.8771,0.87747,1.37,1.12
2016.05.27 13:20:34.106,0.87709,0.87748,1.87,1.87
2016.05.27 13:20:34.286,0.8771,0.87747,1.00,1.37
2016.05.27 13:20:34.706,0.87707,0.87741,1.00,1.00
2016.05.27 13:20:35.413,0.87708,0.87741,1.00,1.00
2016.05.27 13:20:36.614,0.87705,0.87741,1.50,1.00
2016.05.27 13:20:36.918,0.87705,0.87741,1.50,1.37
2016.05.27 13:20:37.558,0.87705,0.87741,1.00,1.37
2016.05.27 13:20:38.315,0.87704,0.87742,1.00,2.62
2016.05.27 13:20:39.311,0.87705,0.87741,1.00,1.37
2016.05.27 13:20:40.222,0.87704,0.87742,1.00,1.87
2016.05.27 13:20:40.823,0.87705,0.87741,1.00,1.37
2016.05.27 13:20:42.370,0.87704,0.87742,1.00,1.37
2016.05.27 13:20:42.766,0.87704,0.87742,1.00,1.12
2016.05.27 13:20:43.346,0.87705,0.87741,1.00,1.37
2016.05.27 13:20:44.022,0.87704,0.87741,1.00,1.87
2016.05.27 13:20:45.420,0.87705,0.87741,1.00,2.62
2016.05.27 13:20:46.274,0.87704,0.87741,1.00,1.37
2016.05.27 13:20:47.061,0.87705,0.87741,1.00,1.87
2016.05.27 13:20:48.154,0.87704,0.8774,1.00,1.87
2016.05.27 13:20:49.869,0.87703,0.8774,1.00,1.87
2016.05.27 13:20:51.079,0.87703,0.8774,1.00,1.12
2016.05.27 13:20:51.311,0.87707,0.87742,1.00,1.87
2016.05.27 13:20:52.623,0.87707,0.87742,1.00,1.87
2016.05.27 13:20:54.516,0.87706,0.87742,1.00,1.12
2016.05.27 13:20:56.634,0.87707,0.87742,1.00,1.87
2016.05.27 13:20:56.735,0.87701,0.8774,1.12,1.00
2016.05.27 13:20:56.937,0.87699,0.87735,1.12,1.00
2016.05.27 13:20:57.284,0.87702,0.87735,1.00,1.00
2016.05.27 13:20:57.737,0.87702,0.8774,2.25,1.00
2016.05.27 13:20:57.936,0.87708,0.8774,1.00,1.00
2016.05.27 13:20:58.637,0.87703,0.87739,1.00,1.12
2016.05.27 13:20:59.338,0.87708,0.87739,1.00,1.12
2016.05.27 13:21:03.042,0.87703,0.87739,1.00,1.00
2016.05.27 13:21:03.251,0.87708,0.87739,1.00,1.12
2016.05.27 13:21:04.578,0.87707,0.87739,1.00,1.00
2016.05.27 13:21:05.468,0.87703,0.87739,1.50,1.12
2016.05.27 13:21:05.518,0.87703,0.87739,1.50,1.37
2016.05.27 13:21:06.046,0.87708,0.8774,1.00,1.37
2016.05.27 13:21:06.608,0.87708,0.8774,1.00,1.12
2016.05.27 13:21:07.309,0.87708,0.8774,1.00,1.37
2016.05.27 13:21:07.510,0.87708,0.87739,1.00,1.37
2016.05.27 13:21:08.428,0.87708,0.87739,1.00,1.37
2016.05.27 13:21:09.952,0.87708,0.8774,1.00,1.37
2016.05.27 13:21:12.052,0.87703,0.87739,1.50,1.37
2016.05.27 13:21:12.862,0.87703,0.87739,1.50,1.37
2016.05.27 13:21:13.454,0.87703,0.87739,1.00,1.37
2016.05.27 13:21:13.737,0.87702,0.87738,1.00,1.12
2016.05.27 13:21:14.800,0.87703,0.87738,1.00,1.12
2016.05.27 13:21:15.373,0.87708,0.87739,1.00,1.00
2016.05.27 13:21:15.481,0.87702,0.87738,1.87,1.00
2016.05.27 13:21:16.032,0.87703,0.87738,1.12,1.00
2016.05.27 13:21:16.665,0.87702,0.87738,1.12,1.00
2016.05.27 13:21:17.260,0.87703,0.87738,1.00,1.00
2016.05.27 13:21:17.361,0.87705,0.87741,1.00,1.37
2016.05.27 13:21:18.061,0.87705,0.87741,1.00,1.87
2016.05.27 13:21:18.841,0.87705,0.87741,1.00,1.87
2016.05.27 13:21:19.953,0.877,0.87739,1.00,1.37
2016.05.27 13:21:20.054,0.877,0.87737,1.00,1.37
2016.05.27 13:21:20.255,0.87698,0.87735,1.00,1.37
2016.05.27 13:21:21.043,0.87698,0.87735,1.00,1.00
2016.05.27 13:21:21.556,0.87698,0.87734,1.00,1.00
2016.05.27 13:21:24.249,0.87698,0.87735,1.00,1.00
2016.05.27 13:21:24.650,0.87702,0.87738,1.00,1.37
2016.05.27 13:21:25.252,0.87703,0.87738,1.00,1.12
2016.05.27 13:21:25.764,0.87702,0.87738,1.00,1.00
2016.05.27 13:21:26.647,0.87706,0.87742,1.00,1.37
2016.05.27 13:21:27.178,0.87706,0.87742,1.00,1.37
2016.05.27 13:21:27.997,0.87706,0.87742,1.00,1.37
2016.05.27 13:21:28.359,0.87706,0.87742,1.00,1.87
2016.05.27 13:21:29.161,0.87706,0.87742,1.00,3.37
2016.05.27 13:21:29.486,0.87703,0.87739,1.00,1.37
2016.05.27 13:21:29.762,0.87703,0.87738,1.00,1.50
2016.05.27 13:21:30.485,0.87701,0.87736,1.00,1.37
2016.05.27 13:21:30.616,0.87698,0.87733,1.00,1.00
2016.05.27 13:21:31.077,0.87699,0.87733,1.37,1.00
2016.05.27 13:21:31.178,0.87706,0.8774,1.00,1.12
2016.05.27 13:21:31.814,0.87705,0.87743,1.00,1.37
2016.05.27 13:21:31.915,0.87706,0.87742,1.00,1.37
2016.05.27 13:21:32.167,0.87705,0.87743,1.00,1.37
2016.05.27 13:21:32.668,0.87705,0.87743,1.00,1.37
2016.05.27 13:21:33.519,0.87706,0.87743,1.00,1.87
2016.05.27 13:21:34.071,0.87705,0.87744,1.00,1.37
2016.05.27 13:21:34.172,0.87703,0.87739,1.00,1.37
2016.05.27 13:21:34.973,0.87703,0.87739,1.00,1.12
2016.05.27 13:21:35.799,0.87702,0.87739,2.25,1.00
2016.05.27 13:21:36.249,0.87705,0.87743,1.00,1.37
2016.05.27 13:21:36.877,0.87706,0.87742,1.12,1.00
2016.05.27 13:21:39.582,0.87705,0.87743,1.12,1.00
2016.05.27 13:21:40.283,0.87706,0.87742,1.00,1.12
2016.05.27 13:21:40.885,0.87705,0.87743,1.00,1.00
2016.05.27 13:21:41.501,0.87706,0.87742,1.00,1.12
2016.05.27 13:21:43.552,0.87706,0.87742,1.00,1.75
2016.05.27 13:21:43.703,0.87697,0.87731,1.00,1.00
2016.05.27 13:21:44.221,0.87695,0.87731,1.87,1.00
2016.05.27 13:21:44.756,0.87695,0.87732,1.00,1.00
2016.05.27 13:21:45.481,0.87695,0.87731,1.87,1.00
2016.05.27 13:21:47.342,0.87697,0.87731,1.00,1.00
2016.05.27 13:21:47.901,0.87698,0.87731,1.37,1.00
2016.05.27 13:21:48.002,0.87701,0.87737,1.00,1.12
2016.05.27 13:21:48.646,0.87701,0.87737,1.00,1.37
2016.05.27 13:21:49.348,0.877,0.87738,1.00,1.37
2016.05.27 13:21:49.630,0.87697,0.87734,1.00,1.37
2016.05.27 13:21:50.138,0.87697,0.87733,1.00,1.87
2016.05.27 13:21:50.933,0.87696,0.87734,1.00,1.37
2016.05.27 13:21:51.709,0.87697,0.87732,1.00,1.37
2016.05.27 13:21:52.126,0.87692,0.87728,1.87,1.00
2016.05.27 13:21:52.402,0.87698,0.87728,1.00,1.00
2016.05.27 13:21:57.145,0.87697,0.87728,1.00,1.12
2016.05.27 13:21:57.447,0.87692,0.87723,1.00,1.12
2016.05.27 13:21:57.997,0.87693,0.87724,1.00,1.00
2016.05.27 13:21:59.024,0.87693,0.87727,1.00,1.37
2016.05.27 13:21:59.843,0.87693,0.87727,1.00,1.12
2016.05.27 13:22:00.128,0.87697,0.87727,1.00,1.00
2016.05.27 13:22:01.214,0.87697,0.87728,1.00,1.00
2016.05.27 13:22:01.415,0.87693,0.87728,1.00,1.00
2016.05.27 13:22:03.155,0.87694,0.87728,1.00,1.00
2016.05.27 13:22:03.617,0.87698,0.87728,1.00,1.00
2016.05.27 13:22:03.668,0.87698,0.87731,1.00,1.00
2016.05.27 13:22:04.056,0.87695,0.87731,1.00,1.00
2016.05.27 13:22:06.639,0.87695,0.87731,1.00,1.37
2016.05.27 13:22:07.185,0.87694,0.87732,1.12,1.37
2016.05.27 13:22:07.741,0.87695,0.87731,1.00,1.37
2016.05.27 13:22:08.544,0.87695,0.87731,1.00,1.37
2016.05.27 13:22:09.073,0.87694,0.87732,1.12,1.37
2016.05.27 13:22:09.278,0.87694,0.87727,1.00,1.12
2016.05.27 13:22:09.625,0.87694,0.87727,1.00,1.37
2016.05.27 13:22:10.090,0.87694,0.87727,1.00,1.00
2016.05.27 13:22:11.269,0.87694,0.87728,1.00,1.37
2016.05.27 13:22:11.421,0.8769,0.87728,1.00,1.37
2016.05.27 13:22:12.154,0.87691,0.87727,1.00,1.37
2016.05.27 13:22:12.755,0.87691,0.87727,1.00,1.37
2016.05.27 13:22:13.257,0.87691,0.87727,1.00,1.12
2016.05.27 13:22:14.276,0.8769,0.87728,1.00,1.37
2016.05.27 13:22:14.980,0.87691,0.87727,1.00,1.12
2016.05.27 13:22:16.384,0.8769,0.87728,1.00,1.00
2016.05.27 13:22:16.976,0.87691,0.87727,1.12,1.00
2016.05.27 13:22:19.672,0.87691,0.87727,1.00,1.37
2016.05.27 13:22:21.376,0.8769,0.87728,1.00,1.37
2016.05.27 13:22:22.579,0.8769,0.87728,1.00,1.37
2016.05.27 13:22:22.692,0.87691,0.87727,1.00,1.00
2016.05.27 13:22:25.888,0.87691,0.87727,1.00,1.37
2016.05.27 13:22:26.438,0.87691,0.87727,1.00,1.12
2016.05.27 13:22:28.293,0.8769,0.87728,1.00,1.37
2016.05.27 13:22:29.103,0.87691,0.87727,1.00,1.37
2016.05.27 13:22:29.405,0.87688,0.87721,1.00,1.00
2016.05.27 13:22:30.100,0.87688,0.87722,1.00,1.00
2016.05.27 13:22:33.543,0.87688,0.87721,1.00,1.00
2016.05.27 13:22:33.643,0.87689,0.87725,1.00,1.12
2016.05.27 13:22:34.188,0.87688,0.87726,1.87,1.00
2016.05.27 13:22:34.427,0.87689,0.87725,1.37,1.00
2016.05.27 13:22:34.528,0.87692,0.87729,1.00,1.37
2016.05.27 13:22:35.629,0.87692,0.87729,1.00,1.12
2016.05.27 13:22:35.931,0.87692,0.87729,1.87,1.00
2016.05.27 13:22:37.080,0.87692,0.8773,1.12,1.00
2016.05.27 13:22:37.535,0.87693,0.87729,1.00,1.37
2016.05.27 13:22:37.837,0.87691,0.8773,1.00,1.37
2016.05.27 13:22:38.746,0.87692,0.87729,1.00,1.37
2016.05.27 13:22:40.179,0.87691,0.8773,1.00,1.87
2016.05.27 13:22:40.342,0.87692,0.87729,1.00,1.37
2016.05.27 13:22:40.881,0.87692,0.87728,1.00,1.37
2016.05.27 13:22:40.981,0.87688,0.87725,1.00,1.37
2016.05.27 13:22:42.192,0.87688,0.87725,1.00,1.00
2016.05.27 13:22:43.047,0.87688,0.87726,1.00,1.12
2016.05.27 13:22:43.161,0.87688,0.87725,1.00,1.37
2016.05.27 13:22:43.915,0.87688,0.87726,1.00,1.37
2016.05.27 13:22:44.651,0.87688,0.87725,1.50,1.37
2016.05.27 13:22:47.789,0.87688,0.87726,1.00,1.37
2016.05.27 13:22:48.460,0.87688,0.87725,1.50,1.37
2016.05.27 13:22:48.961,0.87688,0.87725,1.00,1.37
2016.05.27 13:22:49.508,0.87687,0.87722,1.00,1.00
2016.05.27 13:22:49.559,0.87684,0.87722,1.12,1.50
2016.05.27 13:22:49.763,0.87685,0.87721,1.00,1.37
2016.05.27 13:22:50.265,0.87684,0.87722,1.00,1.12
2016.05.27 13:22:50.773,0.87685,0.87721,1.12,1.12
2016.05.27 13:22:51.530,0.87685,0.87721,1.12,1.37
2016.05.27 13:22:52.805,0.87684,0.87722,1.50,1.12
2016.05.27 13:22:53.114,0.87689,0.87722,1.00,1.00
2016.05.27 13:22:53.215,0.87692,0.8773,1.00,1.37
2016.05.27 13:22:53.288,0.87693,0.87729,1.00,1.37
2016.05.27 13:22:53.389,0.87692,0.8773,1.00,1.12
2016.05.27 13:22:53.490,0.87693,0.87729,1.00,1.37
2016.05.27 13:22:54.791,0.87692,0.8773,1.00,1.37
2016.05.27 13:22:55.292,0.87692,0.8773,1.00,1.87
2016.05.27 13:22:58.500,0.87693,0.87729,1.00,1.12
2016.05.27 13:22:59.903,0.87692,0.8773,1.00,1.12
2016.05.27 13:23:00.606,0.87693,0.87729,1.00,1.00
2016.05.27 13:23:01.074,0.87696,0.87733,1.00,1.37
2016.05.27 13:23:01.609,0.87697,0.87732,1.00,1.37
2016.05.27 13:23:05.639,0.87697,0.87733,1.00,1.37
2016.05.27 13:23:06.526,0.87697,0.87733,1.00,1.37
2016.05.27 13:23:06.827,0.87697,0.87733,1.00,1.37
2016.05.27 13:23:07.228,0.87697,0.87733,1.00,1.37
2016.05.27 13:23:09.734,0.87697,0.87733,1.00,1.37
2016.05.27 13:23:10.067,0.87697,0.87733,1.00,1.87
2016.05.27 13:23:10.135,0.87692,0.8773,1.00,1.00
2016.05.27 13:23:10.236,0.87693,0.87729,1.00,1.37
2016.05.27 13:23:10.538,0.87693,0.87729,1.00,1.37
2016.05.27 13:23:10.639,0.87688,0.87724,1.00,1.37
2016.05.27 13:23:11.452,0.87688,0.87724,1.00,1.00
2016.05.27 13:23:12.543,0.87687,0.87725,1.00,1.00
2016.05.27 13:23:13.546,0.87692,0.87728,1.00,1.37
2016.05.27 13:23:14.095,0.87691,0.87729,1.50,1.37
2016.05.27 13:23:14.446,0.87695,0.87729,1.00,1.37
2016.05.27 13:23:14.496,0.87692,0.87728,1.00,1.37
2016.05.27 13:23:15.350,0.87692,0.87728,1.00,1.37
2016.05.27 13:23:15.451,0.87685,0.87722,1.00,1.37
2016.05.27 13:23:15.552,0.87684,0.87723,1.00,1.00
2016.05.27 13:23:15.653,0.87685,0.87722,1.00,1.37
2016.05.27 13:23:16.260,0.87684,0.87723,1.00,1.87
2016.05.27 13:23:17.054,0.87684,0.87723,1.00,1.12
2016.05.27 13:23:17.656,0.87685,0.87722,1.37,1.00
2016.05.27 13:23:18.306,0.87688,0.87722,1.00,1.00
2016.05.27 13:23:18.407,0.87691,0.87727,1.00,1.00
2016.05.27 13:23:19.063,0.87692,0.87728,1.00,1.12
2016.05.27 13:23:19.568,0.87692,0.87728,1.00,1.37
2016.05.27 13:23:19.661,0.87691,0.87729,1.00,1.12
2016.05.27 13:23:20.381,0.87691,0.87725,1.00,1.50
2016.05.27 13:23:20.510,0.87687,0.87721,1.00,1.00
2016.05.27 13:23:20.611,0.87683,0.87721,1.12,1.00
2016.05.27 13:23:21.171,0.87684,0.8772,1.00,1.00
2016.05.27 13:23:22.069,0.87683,0.87721,1.87,1.00
2016.05.27 13:23:23.771,0.87684,0.8772,1.12,1.00
2016.05.27 13:23:25.420,0.87688,0.87724,1.00,1.37
2016.05.27 13:23:25.521,0.87693,0.87729,1.00,1.87
2016.05.27 13:23:25.823,0.8769,0.87723,1.00,1.12
2016.05.27 13:23:25.874,0.87685,0.87723,1.00,1.12
2016.05.27 13:23:26.075,0.87687,0.87723,1.00,1.00
2016.05.27 13:23:26.424,0.87692,0.87729,1.50,1.37
2016.05.27 13:23:26.525,0.87692,0.8773,1.00,1.12
2016.05.27 13:23:26.626,0.87692,0.87729,1.50,1.37
2016.05.27 13:23:26.916,0.87691,0.8773,1.00,1.12
2016.05.27 13:23:27.024,0.87691,0.8773,1.00,1.37
2016.05.27 13:23:27.375,0.87689,0.87725,1.12,1.00
2016.05.27 13:23:28.067,0.87688,0.87726,1.87,1.00
2016.05.27 13:23:28.533,0.87692,0.87728,1.50,1.12
2016.05.27 13:23:29.750,0.87691,0.87729,1.00,1.00
2016.05.27 13:23:31.092,0.87692,0.87728,1.00,1.00
2016.05.27 13:23:31.442,0.87696,0.87732,1.00,1.37
2016.05.27 13:23:32.144,0.87695,0.87733,1.00,1.87
2016.05.27 13:23:32.871,0.87696,0.87732,1.00,1.37
2016.05.27 13:23:34.116,0.87695,0.87733,1.00,1.87
2016.05.27 13:23:34.644,0.87696,0.87732,1.00,1.37
2016.05.27 13:23:35.223,0.87696,0.87732,1.00,1.37
2016.05.27 13:23:35.345,0.87695,0.87733,1.00,1.00
2016.05.27 13:23:35.525,0.87699,0.87737,1.00,1.87
2016.05.27 13:23:35.750,0.87695,0.87733,1.00,1.37
2016.05.27 13:23:36.104,0.87696,0.87732,1.00,1.37
2016.05.27 13:23:36.409,0.87698,0.87732,1.00,1.37
2016.05.27 13:23:38.227,0.87698,0.87732,1.00,1.37
2016.05.27 13:23:38.810,0.87698,0.87732,1.00,1.12
2016.05.27 13:23:39.349,0.87698,0.87732,1.00,1.37
2016.05.27 13:23:39.512,0.87698,0.87733,1.00,1.37
2016.05.27 13:23:41.216,0.87696,0.87732,1.00,1.37
2016.05.27 13:23:41.660,0.87695,0.87733,1.00,1.12
2016.05.27 13:23:41.918,0.87696,0.87732,1.00,1.37
2016.05.27 13:23:42.511,0.87695,0.87731,1.00,1.12
2016.05.27 13:23:44.871,0.87696,0.8773,1.00,1.12
2016.05.27 13:23:45.366,0.87691,0.87727,1.00,1.37
2016.05.27 13:23:45.482,0.87687,0.87724,1.12,1.37
2016.05.27 13:23:46.126,0.87685,0.87724,1.87,1.00
2016.05.27 13:23:46.568,0.8769,0.87727,1.00,1.37
2016.05.27 13:23:47.369,0.8769,0.87727,1.00,1.37
2016.05.27 13:23:48.020,0.8769,0.87726,1.00,1.37
2016.05.27 13:23:48.130,0.87686,0.87724,1.37,1.37
2016.05.27 13:23:49.122,0.87687,0.87723,1.00,1.37
2016.05.27 13:23:49.878,0.87687,0.87723,1.00,1.00
2016.05.27 13:23:50.485,0.87686,0.87724,1.00,1.00
2016.05.27 13:23:51.114,0.87686,0.87724,1.50,1.00
2016.05.27 13:23:53.541,0.87687,0.87723,2.25,1.00
2016.05.27 13:23:54.159,0.87687,0.87723,1.87,1.00
2016.05.27 13:23:54.732,0.87687,0.87724,1.00,1.00
2016.05.27 13:23:55.233,0.87686,0.87724,1.00,1.12
2016.05.27 13:23:55.577,0.87679,0.87717,1.87,1.00
2016.05.27 13:23:56.086,0.8768,0.87716,1.12,1.00
2016.05.27 13:23:56.389,0.87683,0.87717,1.00,1.50
2016.05.27 13:23:57.287,0.8768,0.87716,1.00,1.12
2016.05.27 13:23:58.088,0.87677,0.87713,1.00,1.00
2016.05.27 13:23:58.420,0.87676,0.8771,1.00,1.37
2016.05.27 13:23:58.471,0.87675,0.87712,1.00,3.00
2016.05.27 13:23:58.540,0.87678,0.87712,1.00,2.25
2016.05.27 13:23:58.591,0.87678,0.87712,1.00,1.12
2016.05.27 13:23:59.259,0.87678,0.87712,1.00,1.50
2016.05.27 13:23:59.856,0.87678,0.87712,1.00,1.12
2016.05.27 13:24:00.393,0.87677,0.87713,1.00,1.00
2016.05.27 13:24:00.844,0.87682,0.87712,1.00,1.00
2016.05.27 13:24:00.995,0.87682,0.8772,1.50,1.00
2016.05.27 13:24:01.297,0.87687,0.87723,1.00,1.37
2016.05.27 13:24:01.796,0.87683,0.87719,1.00,1.12
2016.05.27 13:24:02.197,0.87681,0.87719,1.00,1.00
2016.05.27 13:24:02.447,0.87683,0.87719,1.00,1.00
2016.05.27 13:24:02.949,0.87683,0.87718,1.00,1.00
2016.05.27 13:24:03.500,0.87685,0.8772,1.00,1.00
2016.05.27 13:24:03.799,0.87685,0.87722,1.00,1.50
2016.05.27 13:24:05.804,0.87684,0.87723,1.12,1.00
2016.05.27 13:24:05.855,0.87693,0.87723,1.00,1.00
2016.05.27 13:24:06.271,0.87693,0.87722,1.00,1.37
2016.05.27 13:24:06.638,0.87693,0.87718,1.00,1.00
2016.05.27 13:24:06.906,0.87693,0.87722,1.00,1.12
2016.05.27 13:24:07.575,0.87692,0.87723,1.00,1.00
2016.05.27 13:24:08.208,0.87693,0.87723,1.00,1.00
2016.05.27 13:24:08.610,0.87692,0.87729,1.00,1.00
2016.05.27 13:24:09.161,0.87693,0.8773,1.00,1.12
2016.05.27 13:24:09.534,0.87698,0.87729,1.00,1.00
2016.05.27 13:24:09.812,0.87698,0.87732,1.00,1.87
2016.05.27 13:24:10.363,0.87698,0.87731,1.00,1.12
2016.05.27 13:24:10.864,0.87698,0.87732,1.00,1.87
2016.05.27 13:24:11.186,0.87698,0.87732,1.00,1.12
2016.05.27 13:24:12.548,0.87701,0.87732,1.00,1.00
2016.05.27 13:24:13.318,0.87701,0.87733,1.00,1.00
2016.05.27 13:24:13.869,0.87701,0.87732,1.00,1.00
2016.05.27 13:24:15.222,0.87698,0.87732,1.00,1.12
2016.05.27 13:24:15.273,0.87696,0.87732,1.00,1.12
2016.05.27 13:24:15.323,0.87693,0.87729,1.00,1.00
2016.05.27 13:24:15.667,0.87697,0.8773,1.00,1.87
2016.05.27 13:24:16.208,0.87697,0.87729,1.00,1.87
2016.05.27 13:24:16.802,0.87697,0.87729,1.00,1.12
2016.05.27 13:24:17.770,0.87693,0.87729,1.00,1.12
2016.05.27 13:24:18.770,0.87698,0.87729,1.00,1.12
2016.05.27 13:24:20.132,0.87698,0.8773,1.00,1.12
2016.05.27 13:24:21.109,0.87698,0.87732,1.00,1.87
2016.05.27 13:24:23.028,0.87698,0.87732,1.00,1.87
2016.05.27 13:24:23.578,0.87692,0.87732,1.00,1.87
2016.05.27 13:24:24.116,0.87698,0.87729,1.00,1.87
2016.05.27 13:24:24.218,0.87698,0.87729,1.00,1.37
2016.05.27 13:24:24.278,0.87693,0.87729,1.00,1.37
2016.05.27 13:24:25.079,0.87693,0.87729,1.00,1.00
2016.05.27 13:24:25.537,0.87693,0.8773,1.00,1.37
2016.05.27 13:24:25.920,0.87697,0.8773,1.00,1.37
2016.05.27 13:24:26.181,0.87693,0.8773,1.00,1.37
2016.05.27 13:24:26.822,0.87693,0.8773,1.00,1.37
2016.05.27 13:24:28.626,0.87693,0.8773,1.00,1.37
2016.05.27 13:24:29.123,0.87698,0.8773,1.00,1.37
2016.05.27 13:24:29.274,0.87698,0.87729,1.00,1.00
2016.05.27 13:24:29.785,0.87693,0.87729,1.00,1.37
2016.05.27 13:24:29.836,0.87693,0.87732,1.00,1.37
2016.05.27 13:24:30.142,0.87693,0.87734,1.87,1.00
2016.05.27 13:24:30.449,0.87698,0.87734,1.00,1.00
2016.05.27 13:24:30.687,0.87693,0.87734,1.12,1.37
2016.05.27 13:24:30.888,0.87698,0.87733,1.00,1.37
2016.05.27 13:24:30.989,0.87693,0.87732,1.87,1.37
2016.05.27 13:24:31.040,0.87693,0.87732,1.00,2.62
2016.05.27 13:24:31.394,0.87698,0.87732,1.00,1.87
2016.05.27 13:24:32.109,0.87692,0.8773,1.00,1.37
2016.05.27 13:24:33.038,0.87692,0.8773,1.00,1.37
2016.05.27 13:24:34.593,0.87693,0.8773,1.00,1.37
2016.05.27 13:24:34.643,0.87693,0.8773,1.00,1.37
2016.05.27 13:24:35.487,0.87693,0.8773,1.00,1.37
2016.05.27 13:24:36.296,0.87697,0.8773,1.00,1.37
2016.05.27 13:24:36.812,0.87693,0.8773,1.00,1.37
2016.05.27 13:24:36.948,0.87693,0.8773,1.00,1.37
2016.05.27 13:24:37.663,0.87693,0.87731,1.00,1.37
2016.05.27 13:24:38.251,0.87693,0.87731,1.00,1.37
2016.05.27 13:24:39.453,0.87693,0.87731,1.00,1.37
2016.05.27 13:24:39.954,0.87693,0.8773,1.00,1.37
2016.05.27 13:24:40.400,0.87688,0.8773,2.62,1.37
2016.05.27 13:24:40.868,0.87689,0.87729,1.00,1.37
2016.05.27 13:24:41.104,0.87693,0.87729,1.00,1.00
2016.05.27 13:24:41.205,0.87688,0.8773,1.37,1.00
2016.05.27 13:24:41.433,0.87693,0.8773,1.00,1.00
2016.05.27 13:24:41.633,0.87688,0.87729,1.87,1.00
2016.05.27 13:24:41.920,0.87689,0.87727,1.12,1.00
2016.05.27 13:24:43.051,0.87689,0.87728,1.12,1.00
2016.05.27 13:24:43.824,0.87688,0.87729,1.87,1.00
2016.05.27 13:24:44.490,0.87693,0.87728,1.00,1.12
2016.05.27 13:24:46.219,0.87692,0.87728,1.50,1.00
2016.05.27 13:24:46.757,0.87692,0.87729,1.00,1.12
2016.05.27 13:24:48.163,0.87692,0.87728,1.50,1.12
2016.05.27 13:24:49.677,0.87692,0.87728,1.50,1.37
2016.05.27 13:24:50.186,0.87692,0.87728,1.50,1.00
2016.05.27 13:24:51.488,0.87696,0.87731,1.00,1.00
2016.05.27 13:24:52.033,0.87695,0.87732,1.00,1.50
2016.05.27 13:24:52.403,0.87696,0.87731,1.00,1.37
2016.05.27 13:24:53.191,0.87692,0.8773,1.50,1.12
2016.05.27 13:24:53.443,0.87692,0.87727,1.00,1.00
2016.05.27 13:24:53.782,0.87693,0.87726,1.00,1.37
2016.05.27 13:24:54.293,0.87692,0.87726,1.00,1.37
2016.05.27 13:24:56.094,0.87693,0.87726,1.00,1.37
2016.05.27 13:24:56.195,0.87689,0.87725,1.12,1.75
2016.05.27 13:24:56.296,0.87693,0.87727,1.00,2.62
2016.05.27 13:24:56.628,0.8769,0.87726,1.12,1.75
2016.05.27 13:24:56.829,0.87692,0.87727,1.00,4.12
2016.05.27 13:24:57.565,0.87692,0.87726,1.00,1.12
2016.05.27 13:24:57.677,0.87689,0.87727,1.00,1.87
2016.05.27 13:24:57.828,0.8769,0.87726,1.00,1.87
2016.05.27 13:24:58.201,0.8769,0.87724,1.00,1.37
2016.05.27 13:25:00.833,0.87689,0.87724,1.00,1.12
2016.05.27 13:25:01.379,0.8769,0.87724,1.00,1.12
2016.05.27 13:25:02.367,0.8769,0.87724,1.00,1.37
2016.05.27 13:25:02.717,0.87688,0.87725,1.00,1.50
2016.05.27 13:25:03.319,0.87688,0.87725,1.00,1.50
2016.05.27 13:25:05.125,0.87688,0.87725,1.00,1.50
2016.05.27 13:25:05.628,0.87687,0.87725,1.00,1.50
2016.05.27 13:25:05.829,0.87687,0.87725,1.00,1.12
2016.05.27 13:25:07.139,0.87688,0.87725,1.00,1.50
2016.05.27 13:25:07.240,0.87684,0.87725,1.37,1.50
2016.05.27 13:25:07.584,0.87688,0.87724,1.00,1.00
2016.05.27 13:25:08.536,0.87688,0.87723,1.00,1.37
2016.05.27 13:25:08.586,0.87683,0.87723,1.50,1.37
2016.05.27 13:25:09.237,0.87682,0.87723,1.75,1.12
2016.05.27 13:25:09.580,0.87684,0.87723,1.37,1.00
2016.05.27 13:25:09.739,0.87683,0.87723,1.87,1.00
2016.05.27 13:25:10.240,0.87683,0.87724,1.00,3.00
2016.05.27 13:25:11.242,0.87683,0.87723,1.12,1.00
2016.05.27 13:25:11.759,0.87683,0.87724,1.00,1.75
2016.05.27 13:25:12.295,0.87679,0.87722,1.87,1.37
2016.05.27 13:25:12.346,0.8768,0.87722,1.37,1.37
2016.05.27 13:25:12.860,0.87682,0.87723,1.37,1.50
2016.05.27 13:25:13.448,0.8768,0.87722,1.37,1.37
2016.05.27 13:25:13.549,0.8768,0.87722,1.37,1.12
2016.05.27 13:25:13.975,0.87683,0.87723,1.37,1.12
2016.05.27 13:25:14.314,0.87684,0.87727,1.37,2.62
2016.05.27 13:25:14.854,0.87684,0.87725,1.37,1.12
2016.05.27 13:25:15.487,0.87684,0.87725,1.00,2.62
2016.05.27 13:25:15.702,0.87685,0.87725,1.37,2.62
2016.05.27 13:25:16.008,0.87687,0.87725,1.37,2.25
2016.05.27 13:25:16.159,0.87686,0.87725,1.12,2.62
2016.05.27 13:25:16.461,0.87688,0.87725,1.12,2.25
2016.05.27 13:25:17.054,0.87685,0.87725,1.12,2.25
2016.05.27 13:25:17.188,0.87685,0.87727,1.87,1.37
2016.05.27 13:25:17.504,0.87685,0.87727,1.87,1.37
2016.05.27 13:25:18.815,0.87685,0.87727,1.37,1.37
2016.05.27 13:25:19.116,0.87688,0.87727,1.37,1.12
2016.05.27 13:25:19.259,0.87688,0.87729,1.37,1.12
2016.05.27 13:25:19.460,0.87688,0.87729,1.37,1.37
2016.05.27 13:25:19.567,0.87687,0.87729,2.62,1.37
2016.05.27 13:25:19.760,0.87688,0.87728,1.12,1.37
2016.05.27 13:25:20.403,0.87688,0.87729,1.00,1.37
2016.05.27 13:25:20.462,0.87687,0.87729,2.62,1.37
2016.05.27 13:25:21.364,0.87687,0.87729,2.62,1.37
2016.05.27 13:25:21.865,0.87687,0.87729,2.62,1.37
2016.05.27 13:25:22.484,0.87688,0.87729,1.37,1.37
2016.05.27 13:25:23.190,0.87688,0.87729,1.37,1.12
2016.05.27 13:25:24.371,0.87691,0.87731,1.12,1.37
2016.05.27 13:25:25.007,0.8769,0.87733,1.87,1.37
2016.05.27 13:25:25.208,0.87695,0.87732,1.00,1.12
2016.05.27 13:25:25.529,0.87699,0.87735,1.00,1.12
2016.05.27 13:25:26.763,0.87698,0.87736,1.00,1.37
2016.05.27 13:25:27.376,0.87699,0.87735,1.00,1.37
2016.05.27 13:25:28.003,0.87699,0.87735,1.00,1.37
2016.05.27 13:25:28.103,0.87695,0.87731,1.00,1.37
2016.05.27 13:25:28.204,0.87694,0.87732,1.00,1.37
2016.05.27 13:25:28.860,0.87694,0.87732,1.00,1.12
2016.05.27 13:25:30.282,0.87695,0.87731,1.00,1.12
2016.05.27 13:25:30.694,0.87695,0.87731,1.37,1.00
2016.05.27 13:25:31.345,0.87695,0.87731,1.37,1.00
2016.05.27 13:25:31.496,0.87698,0.87736,1.00,1.12
2016.05.27 13:25:32.434,0.87698,0.87736,1.00,1.37
2016.05.27 13:25:32.486,0.87699,0.87735,1.00,1.37
2016.05.27 13:25:33.018,0.87698,0.87736,1.00,1.87
2016.05.27 13:25:33.690,0.87699,0.87735,1.00,1.37
2016.05.27 13:25:33.890,0.87699,0.87735,1.00,1.12
2016.05.27 13:25:34.327,0.87698,0.87736,1.00,1.37
2016.05.27 13:25:34.428,0.87695,0.87731,1.00,1.12
2016.05.27 13:25:34.806,0.87699,0.87735,1.00,1.37
2016.05.27 13:25:35.193,0.87694,0.87729,1.00,1.00
2016.05.27 13:25:35.468,0.87697,0.87733,1.00,1.37
2016.05.27 13:25:35.519,0.87697,0.87733,1.00,1.37
2016.05.27 13:25:35.620,0.87696,0.87734,1.00,1.12
2016.05.27 13:25:36.424,0.87697,0.87733,1.00,1.37
2016.05.27 13:25:37.062,0.87696,0.87734,1.00,1.37
2016.05.27 13:25:37.563,0.87697,0.87733,1.00,1.37
2016.05.27 13:25:38.624,0.87696,0.87734,1.00,1.37
2016.05.27 13:25:38.950,0.87697,0.87733,1.00,1.37
2016.05.27 13:25:39.295,0.87693,0.87729,1.00,1.37
2016.05.27 13:25:39.828,0.87693,0.87729,1.00,1.12
2016.05.27 13:25:41.707,0.87696,0.87733,1.00,1.37
2016.05.27 13:25:42.531,0.87697,0.87733,1.00,1.37
2016.05.27 13:25:43.060,0.87697,0.87733,1.00,1.37
2016.05.27 13:25:45.215,0.87697,0.87733,1.00,1.37
2016.05.27 13:25:45.744,0.87696,0.87734,1.00,1.37
2016.05.27 13:25:47.018,0.87696,0.87734,1.00,1.37
2016.05.27 13:25:47.370,0.87697,0.87731,1.00,1.00
2016.05.27 13:25:47.471,0.87692,0.87728,1.50,1.12
2016.05.27 13:25:47.987,0.87693,0.87729,1.00,1.00
2016.05.27 13:25:48.139,0.87692,0.87725,1.00,1.00
2016.05.27 13:25:48.239,0.87689,0.87725,2.25,1.00
2016.05.27 13:25:48.418,0.87693,0.87726,1.00,1.00
2016.05.27 13:25:49.338,0.87692,0.87726,1.00,1.00
2016.05.27 13:25:50.226,0.87693,0.87729,1.00,1.12
2016.05.27 13:25:50.848,0.87692,0.8773,1.87,1.00
2016.05.27 13:25:50.949,0.87697,0.87735,1.00,1.37
2016.05.27 13:25:51.456,0.87697,0.87736,1.00,2.25
2016.05.27 13:25:53.734,0.87697,0.87736,1.37,1.00
2016.05.27 13:25:54.052,0.87702,0.87738,1.00,1.37
2016.05.27 13:25:54.335,0.87701,0.87739,1.00,1.87
2016.05.27 13:25:54.552,0.87702,0.87737,1.00,1.00
2016.05.27 13:25:58.143,0.87698,0.87734,1.87,1.00
2016.05.27 13:25:58.916,0.87698,0.87735,1.12,1.12
2016.05.27 13:25:59.677,0.87698,0.87734,1.87,1.37
2016.05.27 13:26:02.072,0.87697,0.87735,1.00,1.37
2016.05.27 13:26:02.373,0.87697,0.87731,1.00,1.37
2016.05.27 13:26:02.474,0.87693,0.87732,1.00,1.87
2016.05.27 13:26:02.981,0.87694,0.87731,1.00,1.37
2016.05.27 13:26:03.054,0.87698,0.87731,1.00,1.37
2016.05.27 13:26:03.621,0.87698,0.87732,1.00,1.37
2016.05.27 13:26:04.656,0.87697,0.87731,1.00,1.37
2016.05.27 13:26:05.077,0.87698,0.87733,1.00,1.37
2016.05.27 13:26:05.609,0.87698,0.87732,1.00,1.37
2016.05.27 13:26:06.885,0.87697,0.87734,1.00,1.37
2016.05.27 13:26:07.183,0.87697,0.87734,1.00,1.12
2016.05.27 13:26:07.839,0.87697,0.87734,1.50,1.00
2016.05.27 13:26:08.193,0.87698,0.8773,1.12,1.37
2016.05.27 13:26:08.295,0.8769,0.87729,1.00,1.50
2016.05.27 13:26:08.412,0.87688,0.87724,1.12,1.00
2016.05.27 13:26:08.964,0.87687,0.87723,1.00,1.00
2016.05.27 13:26:09.308,0.87687,0.87723,1.00,1.37
2016.05.27 13:26:09.388,0.87686,0.87724,1.00,1.87
2016.05.27 13:26:09.489,0.87686,0.87724,1.00,1.12
2016.05.27 13:26:09.690,0.87686,0.87724,1.87,1.00
2016.05.27 13:26:09.892,0.87693,0.87729,1.12,1.00
2016.05.27 13:26:10.125,0.87696,0.87734,1.00,1.12
2016.05.27 13:26:10.226,0.87697,0.87733,1.00,1.37
2016.05.27 13:26:10.792,0.87696,0.87734,1.00,1.37
2016.05.27 13:26:11.594,0.87696,0.87734,1.00,1.12
2016.05.27 13:26:11.912,0.87696,0.87734,1.00,1.37
2016.05.27 13:26:12.296,0.87697,0.87733,1.00,1.37
2016.05.27 13:26:13.327,0.87693,0.87729,1.00,1.12
2016.05.27 13:26:13.528,0.87696,0.87733,1.00,1.37
2016.05.27 13:26:14.100,0.87696,0.87733,1.00,1.37
2016.05.27 13:26:15.301,0.87695,0.87734,1.00,1.12
2016.05.27 13:26:15.522,0.877,0.87736,1.00,1.37
2016.05.27 13:26:16.004,0.87699,0.87737,1.00,1.37
2016.05.27 13:26:16.575,0.877,0.87736,1.00,1.37
2016.05.27 13:26:16.705,0.877,0.87736,1.00,1.37
2016.05.27 13:26:16.806,0.87699,0.87737,1.00,1.87
2016.05.27 13:26:17.206,0.87699,0.87737,1.00,1.37
2016.05.27 13:26:17.886,0.877,0.87736,1.00,1.37
2016.05.27 13:26:17.936,0.877,0.87736,1.00,1.37
2016.05.27 13:26:18.037,0.877,0.87736,1.00,1.37
2016.05.27 13:26:18.711,0.877,0.87736,1.00,1.37
2016.05.27 13:26:19.028,0.87699,0.87737,1.87,1.00
2016.05.27 13:26:19.079,0.87704,0.87737,1.00,1.00
2016.05.27 13:26:19.330,0.87703,0.87741,1.00,1.37
2016.05.27 13:26:19.863,0.87704,0.8774,1.00,1.37
2016.05.27 13:26:20.415,0.87704,0.8774,1.00,1.37
2016.05.27 13:26:21.149,0.87703,0.87741,1.00,1.12
2016.05.27 13:26:21.250,0.87707,0.87746,1.00,1.87
2016.05.27 13:26:21.763,0.87708,0.87745,1.00,1.37
2016.05.27 13:26:22.619,0.87708,0.87745,1.00,1.37
2016.05.27 13:26:23.823,0.87707,0.87745,1.00,1.37
2016.05.27 13:26:24.324,0.87708,0.87745,1.00,1.87
2016.05.27 13:26:26.367,0.87707,0.87746,1.00,1.00
2016.05.27 13:26:26.555,0.87705,0.87741,1.00,1.12
2016.05.27 13:26:26.889,0.87705,0.87741,1.00,1.37
2016.05.27 13:26:27.080,0.87704,0.87742,1.50,1.37
2016.05.27 13:26:27.380,0.87705,0.87741,1.00,1.37
2016.05.27 13:26:27.881,0.87705,0.8774,1.00,1.37
2016.05.27 13:26:27.982,0.877,0.87734,1.00,1.37
2016.05.27 13:26:28.033,0.87698,0.87734,1.00,1.37
2016.05.27 13:26:28.234,0.87697,0.87735,1.00,1.12
2016.05.27 13:26:28.735,0.87698,0.87734,1.00,1.37
2016.05.27 13:26:29.335,0.87698,0.87734,1.00,1.37
2016.05.27 13:26:30.066,0.87697,0.87735,1.00,1.37
2016.05.27 13:26:31.530,0.87697,0.87735,1.00,1.37
2016.05.27 13:26:31.938,0.87698,0.87734,1.00,1.37
2016.05.27 13:26:32.081,0.87697,0.87735,1.00,1.37
2016.05.27 13:26:32.278,0.87697,0.87735,1.50,1.00
2016.05.27 13:26:32.580,0.87701,0.87738,1.00,1.12
2016.05.27 13:26:33.085,0.87705,0.8774,1.00,1.37
2016.05.27 13:26:33.483,0.87704,0.87742,1.00,1.87
2016.05.27 13:26:34.209,0.87705,0.87741,1.00,1.37
2016.05.27 13:26:35.785,0.87704,0.87742,1.00,1.37
2016.05.27 13:26:35.984,0.87701,0.87737,1.00,1.37
2016.05.27 13:26:36.050,0.877,0.87738,1.00,1.12
2016.05.27 13:26:36.687,0.877,0.87738,1.00,1.37
2016.05.27 13:26:37.316,0.877,0.87738,1.00,1.00
2016.05.27 13:26:37.850,0.87701,0.87737,1.00,1.00
2016.05.27 13:26:38.690,0.877,0.87735,1.00,1.37
2016.05.27 13:26:38.791,0.87698,0.87733,1.00,1.00
2016.05.27 13:26:38.970,0.87696,0.87734,1.87,1.00
2016.05.27 13:26:39.103,0.87697,0.87733,1.37,1.00
2016.05.27 13:26:39.454,0.87701,0.87737,1.00,1.37
2016.05.27 13:26:39.504,0.877,0.87738,1.00,1.12
2016.05.27 13:26:39.905,0.87701,0.87737,1.00,1.37
2016.05.27 13:26:40.974,0.87701,0.87737,1.00,1.37
2016.05.27 13:26:41.183,0.87694,0.8773,1.00,1.12
2016.05.27 13:26:41.385,0.87693,0.87731,1.00,1.37
2016.05.27 13:26:42.015,0.87694,0.8773,1.00,1.37
2016.05.27 13:26:42.066,0.87691,0.87727,1.00,1.37
2016.05.27 13:26:42.409,0.87691,0.87727,1.00,1.00
2016.05.27 13:26:42.460,0.87689,0.87727,1.50,1.00
2016.05.27 13:26:43.396,0.8769,0.87726,1.00,1.00
2016.05.27 13:26:44.062,0.87689,0.87727,1.50,1.12
2016.05.27 13:26:44.600,0.8769,0.87726,1.00,1.00
2016.05.27 13:26:45.472,0.87689,0.87727,1.50,1.00
2016.05.27 13:26:47.018,0.87694,0.8773,1.00,1.37
2016.05.27 13:26:48.304,0.8769,0.87726,1.00,1.12
2016.05.27 13:26:48.405,0.87686,0.87723,2.25,1.12
2016.05.27 13:26:48.706,0.87686,0.87722,1.75,1.87
2016.05.27 13:26:48.807,0.87682,0.87719,1.75,1.12
2016.05.27 13:26:48.908,0.87681,0.8772,1.00,1.37
2016.05.27 13:26:49.009,0.87682,0.87719,1.00,1.37
2016.05.27 13:26:49.801,0.87681,0.8772,1.00,1.37
2016.05.27 13:26:50.103,0.87677,0.87716,1.87,1.00
2016.05.27 13:26:50.408,0.87681,0.87719,1.00,1.12
2016.05.27 13:26:51.202,0.87681,0.87719,1.00,1.37
2016.05.27 13:26:51.509,0.87682,0.87718,1.00,1.37
2016.05.27 13:26:52.555,0.87681,0.87719,1.00,1.87
2016.05.27 13:26:53.056,0.87681,0.87719,1.00,1.87
2016.05.27 13:26:53.207,0.87682,0.87718,1.00,1.37
2016.05.27 13:26:53.435,0.87685,0.87723,1.00,1.00
2016.05.27 13:26:54.797,0.87686,0.87722,1.12,1.00
2016.05.27 13:26:54.863,0.87688,0.87722,1.00,1.00
2016.05.27 13:26:55.014,0.87691,0.87728,1.00,1.37
2016.05.27 13:26:55.114,0.87692,0.87728,1.00,1.12
2016.05.27 13:26:55.683,0.87691,0.87729,1.00,1.12
2016.05.27 13:26:57.536,0.87692,0.87728,1.00,1.37
2016.05.27 13:26:58.209,0.87687,0.87725,2.25,1.00
2016.05.27 13:26:58.996,0.87687,0.87725,1.12,1.00
2016.05.27 13:26:59.570,0.87688,0.87724,1.00,1.12
2016.05.27 13:27:01.108,0.87687,0.87725,1.12,1.00
2016.05.27 13:27:01.747,0.87688,0.87724,1.00,1.00
2016.05.27 13:27:02.549,0.87688,0.87725,1.12,1.00
2016.05.27 13:27:03.214,0.87688,0.87724,1.87,1.00
2016.05.27 13:27:04.026,0.87688,0.87725,1.12,1.00
2016.05.27 13:27:04.602,0.87688,0.87724,1.87,1.00
2016.05.27 13:27:05.128,0.87688,0.87725,1.00,1.00
2016.05.27 13:27:05.654,0.87691,0.87728,1.00,1.37
2016.05.27 13:27:06.683,0.87691,0.87724,1.00,1.00
2016.05.27 13:27:07.034,0.87682,0.87717,2.25,1.00
2016.05.27 13:27:08.086,0.87682,0.87717,2.25,1.37
2016.05.27 13:27:08.137,0.8768,0.87717,1.12,1.37
2016.05.27 13:27:08.259,0.87679,0.87718,2.25,1.00
2016.05.27 13:27:08.360,0.87686,0.87722,1.00,3.37
2016.05.27 13:27:08.934,0.87686,0.87722,1.00,1.37
2016.05.27 13:27:09.585,0.87686,0.87722,1.00,1.12
2016.05.27 13:27:10.353,0.87685,0.87723,1.00,1.00
2016.05.27 13:27:11.238,0.87686,0.87722,1.12,1.00
2016.05.27 13:27:15.444,0.87685,0.87723,1.00,1.12
2016.05.27 13:27:16.798,0.87685,0.87723,1.00,1.37
2016.05.27 13:27:17.321,0.87685,0.87723,1.00,1.12
2016.05.27 13:27:18.051,0.87686,0.87722,1.00,1.12
2016.05.27 13:27:18.373,0.87685,0.87723,1.00,1.37
2016.05.27 13:27:19.016,0.87685,0.87722,1.00,1.37
2016.05.27 13:27:19.275,0.87681,0.87718,1.87,1.00
2016.05.27 13:27:20.233,0.87681,0.87719,1.00,1.00
2016.05.27 13:27:22.232,0.8768,0.87719,1.87,1.00
2016.05.27 13:27:24.265,0.87681,0.87718,1.00,1.12
2016.05.27 13:27:26.073,0.87681,0.87718,1.00,1.37
2016.05.27 13:27:26.174,0.8768,0.87719,1.00,1.00
2016.05.27 13:27:26.395,0.8768,0.87719,2.62,1.00
2016.05.27 13:27:26.696,0.87688,0.87723,1.00,1.12
2016.05.27 13:27:27.072,0.87687,0.87725,1.00,1.87
2016.05.27 13:27:27.407,0.87688,0.87724,1.00,1.87
2016.05.27 13:27:29.479,0.87682,0.87721,1.00,1.12
2016.05.27 13:27:29.580,0.87683,0.8772,1.00,1.37
2016.05.27 13:27:30.250,0.87683,0.87717,1.00,1.00
2016.05.27 13:27:30.300,0.8768,0.87716,1.12,1.00
2016.05.27 13:27:30.401,0.87678,0.87712,1.50,1.00
2016.05.27 13:27:31.128,0.87676,0.87713,1.50,1.00
2016.05.27 13:27:32.303,0.87676,0.87712,2.62,1.00
2016.05.27 13:27:32.806,0.87679,0.87712,1.12,1.00
2016.05.27 13:27:33.060,0.87676,0.87713,1.37,1.00
2016.05.27 13:27:33.308,0.87674,0.87708,1.00,1.00
2016.05.27 13:27:33.409,0.87672,0.87708,1.12,1.00
2016.05.27 13:27:34.006,0.87671,0.87709,1.00,2.25
2016.05.27 13:27:34.057,0.87674,0.87709,1.00,2.25
2016.05.27 13:27:34.208,0.87677,0.87716,1.00,1.37
2016.05.27 13:27:34.329,0.87674,0.87711,2.25,1.00
2016.05.27 13:27:34.893,0.87673,0.87712,2.25,1.00
2016.05.27 13:27:35.295,0.87674,0.87711,1.12,1.37
2016.05.27 13:27:35.643,0.87671,0.87707,1.75,1.00
2016.05.27 13:27:36.161,0.8767,0.87708,1.87,1.00
2016.05.27 13:27:36.740,0.87672,0.87707,1.12,1.00
2016.05.27 13:27:37.535,0.87673,0.87707,1.00,1.00
2016.05.27 13:27:39.729,0.87673,0.87708,1.00,1.00
2016.05.27 13:27:40.476,0.87672,0.87708,1.00,1.00
2016.05.27 13:27:41.026,0.87672,0.87707,1.00,1.00
2016.05.27 13:27:41.605,0.87672,0.87708,1.00,1.00
2016.05.27 13:27:42.121,0.87672,0.87708,1.37,1.00
2016.05.27 13:27:42.657,0.87674,0.87711,1.87,1.00
2016.05.27 13:27:42.822,0.87673,0.87712,1.12,1.00
2016.05.27 13:27:43.567,0.87674,0.87711,1.00,1.12
2016.05.27 13:27:44.812,0.87673,0.87712,1.50,1.87
2016.05.27 13:27:44.868,0.87674,0.87711,1.00,1.37
2016.05.27 13:27:45.027,0.87668,0.87706,1.00,1.37
2016.05.27 13:27:45.228,0.87669,0.87706,1.00,1.37
2016.05.27 13:27:45.853,0.87666,0.87702,1.00,1.37
2016.05.27 13:27:46.401,0.87666,0.87703,1.00,1.37
2016.05.27 13:27:46.753,0.87666,0.87702,1.00,1.37
2016.05.27 13:27:47.732,0.87666,0.87702,1.00,1.37
2016.05.27 13:27:47.855,0.87665,0.87702,1.75,1.37
2016.05.27 13:27:48.360,0.87664,0.87703,1.87,1.12
2016.05.27 13:27:48.461,0.87665,0.87702,1.75,1.37
2016.05.27 13:27:48.663,0.87665,0.87702,1.87,1.12
2016.05.27 13:27:49.372,0.87665,0.87702,1.87,1.37
2016.05.27 13:27:50.232,0.87665,0.87702,1.75,1.37
2016.05.27 13:27:50.839,0.87664,0.87703,1.87,1.37
2016.05.27 13:27:51.155,0.87671,0.87708,1.12,1.12
2016.05.27 13:27:51.736,0.87671,0.87708,1.00,1.37
2016.05.27 13:27:52.066,0.87667,0.87705,1.50,1.12
2016.05.27 13:27:52.379,0.87668,0.87704,1.12,1.37
2016.05.27 13:27:52.967,0.87667,0.87705,1.50,1.12
2016.05.27 13:27:53.868,0.87667,0.87705,1.75,1.12
2016.05.27 13:27:56.874,0.87668,0.87704,1.00,1.12
2016.05.27 13:27:56.975,0.87668,0.87704,1.00,1.37
2016.05.27 13:27:57.152,0.87667,0.87705,1.12,1.00
2016.05.27 13:27:57.252,0.87668,0.87704,1.00,1.37
2016.05.27 13:27:57.353,0.87664,0.87701,1.37,1.00
2016.05.27 13:27:57.904,0.87664,0.877,1.87,1.00
2016.05.27 13:27:58.676,0.87664,0.877,1.87,1.12
2016.05.27 13:27:59.005,0.87672,0.87708,1.12,1.12
2016.05.27 13:27:59.658,0.87671,0.87709,1.12,1.12
2016.05.27 13:28:00.399,0.87672,0.87708,1.12,1.00
2016.05.27 13:28:02.816,0.87674,0.87708,1.00,1.00
2016.05.27 13:28:02.971,0.87679,0.87717,1.00,1.87
2016.05.27 13:28:03.072,0.87677,0.87713,1.00,1.37
2016.05.27 13:28:03.618,0.87676,0.87714,1.12,1.12
2016.05.27 13:28:04.167,0.87676,0.87714,1.00,1.37
2016.05.27 13:28:04.813,0.87676,0.87714,1.00,1.12
2016.05.27 13:28:05.911,0.87677,0.87713,1.00,1.37
2016.05.27 13:28:06.012,0.87677,0.87713,1.00,1.12
2016.05.27 13:28:06.213,0.87678,0.87713,1.50,1.12
2016.05.27 13:28:08.718,0.87678,0.87713,1.00,1.12
2016.05.27 13:28:09.085,0.87676,0.87714,2.62,1.00
2016.05.27 13:28:09.192,0.87677,0.87713,1.12,1.00
2016.05.27 13:28:09.394,0.87677,0.87713,1.37,1.00
2016.05.27 13:28:09.495,0.87681,0.87717,1.00,1.50
2016.05.27 13:28:10.232,0.8768,0.87718,1.00,1.87
2016.05.27 13:28:10.487,0.87677,0.87713,1.00,1.37
2016.05.27 13:28:11.672,0.87677,0.87713,1.00,1.12
2016.05.27 13:28:12.102,0.87671,0.87707,1.75,1.00
2016.05.27 13:28:12.505,0.87671,0.87707,1.00,1.37
2016.05.27 13:28:13.432,0.87671,0.87707,1.00,1.37
2016.05.27 13:28:13.734,0.8767,0.87708,1.12,1.12
2016.05.27 13:28:14.095,0.87674,0.87712,1.00,1.87
2016.05.27 13:28:14.836,0.8767,0.87707,1.75,1.37
2016.05.27 13:28:14.987,0.8767,0.87707,1.00,1.50
2016.05.27 13:28:15.087,0.87666,0.87703,1.00,1.12
2016.05.27 13:28:15.138,0.87666,0.87702,1.87,1.00
2016.05.27 13:28:15.440,0.87675,0.87711,1.00,1.87
2016.05.27 13:28:15.943,0.87674,0.87711,1.00,1.12
2016.05.27 13:28:15.994,0.87674,0.87712,1.00,1.37
2016.05.27 13:28:16.145,0.87674,0.87712,1.00,2.62
2016.05.27 13:28:16.246,0.87671,0.87707,1.00,1.12
2016.05.27 13:28:16.753,0.87671,0.87707,1.00,1.37
2016.05.27 13:28:17.693,0.87671,0.87707,1.00,1.12
2016.05.27 13:28:18.348,0.8767,0.87708,1.12,1.00
2016.05.27 13:28:21.413,0.87671,0.87707,1.12,1.12
2016.05.27 13:28:21.650,0.87671,0.87707,1.00,1.37
2016.05.27 13:28:21.813,0.87671,0.87707,1.00,1.37
2016.05.27 13:28:22.615,0.8767,0.87708,1.00,1.37
2016.05.27 13:28:23.158,0.8767,0.87708,1.00,1.37
2016.05.27 13:28:23.259,0.8767,0.87708,1.00,1.87
2016.05.27 13:28:23.360,0.87668,0.87704,1.00,1.12
2016.05.27 13:28:23.543,0.87666,0.87705,1.87,1.37
2016.05.27 13:28:24.209,0.87667,0.87704,1.00,1.37
2016.05.27 13:28:24.620,0.87666,0.87705,1.00,1.12
2016.05.27 13:28:24.760,0.87667,0.87704,1.00,1.37
2016.05.27 13:28:24.920,0.87666,0.87705,1.00,1.00
2016.05.27 13:28:25.427,0.87667,0.87704,1.00,1.37
2016.05.27 13:28:25.959,0.87667,0.87704,1.00,1.87
2016.05.27 13:28:26.313,0.87659,0.87697,1.37,1.00
2016.05.27 13:28:26.845,0.8766,0.87696,1.00,1.37
2016.05.27 13:28:27.365,0.87658,0.87696,1.12,1.12
2016.05.27 13:28:28.275,0.87658,0.87695,1.87,1.00
2016.05.27 13:28:29.667,0.87658,0.87696,1.37,1.50
2016.05.27 13:28:30.182,0.87658,0.87696,1.37,1.50
2016.05.27 13:28:30.791,0.87658,0.87696,1.37,1.50
2016.05.27 13:28:31.292,0.87658,0.87695,1.87,1.00
2016.05.27 13:28:31.940,0.87657,0.87696,2.25,1.00
2016.05.27 13:28:32.343,0.87662,0.87699,1.00,1.37
2016.05.27 13:28:32.923,0.87662,0.87699,1.00,1.12
2016.05.27 13:28:33.345,0.87658,0.87695,1.12,1.00
2016.05.27 13:28:34.075,0.87658,0.87695,1.37,1.00
2016.05.27 13:28:35.552,0.87657,0.87696,1.87,1.00
2016.05.27 13:28:35.652,0.87661,0.87699,1.00,1.12
2016.05.27 13:28:35.854,0.87657,0.87695,1.00,1.00
2016.05.27 13:28:36.404,0.87658,0.87694,1.00,1.00
2016.05.27 13:28:37.357,0.87657,0.87695,1.12,1.00
2016.05.27 13:28:38.182,0.87658,0.87694,1.00,1.00
2016.05.27 13:28:39.462,0.87658,0.87695,1.00,1.12
2016.05.27 13:28:40.302,0.87658,0.87694,1.00,1.12
2016.05.27 13:28:41.311,0.87657,0.87695,1.00,1.12
2016.05.27 13:28:41.617,0.87658,0.87694,1.00,1.37
2016.05.27 13:28:41.819,0.87651,0.87689,1.00,1.12
2016.05.27 13:28:41.869,0.87651,0.87689,1.00,1.37
2016.05.27 13:28:42.070,0.87653,0.87691,1.00,1.00
2016.05.27 13:28:42.171,0.87657,0.87694,1.00,1.00
2016.05.27 13:28:42.838,0.87658,0.87694,1.00,1.37
2016.05.27 13:28:43.873,0.87657,0.87695,1.00,1.12
2016.05.27 13:28:43.976,0.87658,0.87694,1.00,1.37
2016.05.27 13:28:44.448,0.87657,0.87688,1.00,1.00
2016.05.27 13:28:44.498,0.8765,0.87684,1.00,1.00
2016.05.27 13:28:44.975,0.87647,0.87683,3.00,1.37
2016.05.27 13:28:45.476,0.87647,0.87683,3.00,1.12
2016.05.27 13:28:45.708,0.87647,0.87683,1.00,1.12
2016.05.27 13:28:46.516,0.87646,0.87684,1.00,1.37
2016.05.27 13:28:47.295,0.87647,0.87683,1.00,1.00
2016.05.27 13:28:48.397,0.87647,0.87683,1.00,1.37
2016.05.27 13:28:49.621,0.87646,0.87684,1.00,1.37
2016.05.27 13:28:50.258,0.87647,0.87683,1.00,1.00
2016.05.27 13:28:50.950,0.87646,0.87684,1.00,1.00
2016.05.27 13:28:51.902,0.87647,0.87683,1.12,1.00
2016.05.27 13:28:53.198,0.87646,0.87684,1.00,1.00
2016.05.27 13:28:53.700,0.87647,0.87683,1.00,1.00
2016.05.27 13:28:54.501,0.87646,0.87684,1.00,1.00
2016.05.27 13:28:55.049,0.87647,0.87683,1.00,1.00
2016.05.27 13:28:55.822,0.87646,0.87684,1.00,1.00
2016.05.27 13:28:56.135,0.87651,0.87687,1.00,1.37
2016.05.27 13:28:56.908,0.8765,0.87688,1.00,1.37
2016.05.27 13:28:57.410,0.87647,0.87683,1.12,1.00
2016.05.27 13:28:58.212,0.87646,0.87684,1.00,1.00
2016.05.27 13:28:59.028,0.87647,0.87683,1.00,1.00
2016.05.27 13:28:59.726,0.87646,0.87684,1.00,1.00
2016.05.27 13:29:00.504,0.87647,0.87683,1.00,1.00
2016.05.27 13:29:01.117,0.87646,0.87684,1.00,1.00
2016.05.27 13:29:01.628,0.87647,0.87683,1.12,1.00
2016.05.27 13:29:02.621,0.87646,0.87684,1.00,1.00
2016.05.27 13:29:03.171,0.87663,0.87683,1.00,1.00
2016.05.27 13:29:03.273,0.87665,0.87695,1.37,1.00
2016.05.27 13:29:03.324,0.87667,0.87695,1.37,1.00
2016.05.27 13:29:03.375,0.87668,0.87703,1.37,1.00
2016.05.27 13:29:03.426,0.87673,0.8771,1.12,1.75
2016.05.27 13:29:03.526,0.87677,0.87711,1.00,2.25
2016.05.27 13:29:03.577,0.87677,0.87715,1.00,1.37
2016.05.27 13:29:03.729,0.8768,0.87717,1.00,1.00
2016.05.27 13:29:04.239,0.8768,0.87719,1.00,1.87
2016.05.27 13:29:04.790,0.87681,0.87718,1.12,1.12
2016.05.27 13:29:05.128,0.87677,0.87715,1.12,1.00
2016.05.27 13:29:05.829,0.87678,0.87714,1.12,1.00
2016.05.27 13:29:07.943,0.87677,0.87715,1.37,1.00
2016.05.27 13:29:08.044,0.87686,0.87721,1.00,1.50
2016.05.27 13:29:08.586,0.87685,0.87723,1.00,2.62
2016.05.27 13:29:08.888,0.87686,0.87722,1.37,1.00
2016.05.27 13:29:09.339,0.8769,0.87726,1.12,1.75
2016.05.27 13:29:09.849,0.87689,0.87726,1.00,1.75
2016.05.27 13:29:09.950,0.87684,0.87723,1.37,1.00
2016.05.27 13:29:10.541,0.87685,0.87722,1.37,1.00
2016.05.27 13:29:10.748,0.87685,0.87722,1.87,1.00
2016.05.27 13:29:10.849,0.87684,0.87723,1.87,1.00
2016.05.27 13:29:10.950,0.87688,0.87726,1.12,1.37
2016.05.27 13:29:11.051,0.87689,0.87725,1.37,1.37
2016.05.27 13:29:11.544,0.87688,0.87726,1.37,1.12
2016.05.27 13:29:12.257,0.87688,0.87726,1.37,1.12
2016.05.27 13:29:12.807,0.87689,0.87725,1.37,1.12
2016.05.27 13:29:14.262,0.87689,0.87725,1.00,1.37
2016.05.27 13:29:14.362,0.87684,0.87722,1.37,1.00
2016.05.27 13:29:14.450,0.87681,0.87716,1.37,1.12
2016.05.27 13:29:14.951,0.8768,0.87716,1.37,1.00
2016.05.27 13:29:15.262,0.87688,0.87724,1.12,1.37
2016.05.27 13:29:15.661,0.87688,0.87724,1.00,1.37
2016.05.27 13:29:16.963,0.87684,0.8772,1.37,1.12
2016.05.27 13:29:17.256,0.87684,0.8772,1.37,1.00
2016.05.27 13:29:17.394,0.87686,0.87725,1.37,1.37
2016.05.27 13:29:17.657,0.87687,0.87724,1.37,1.37
2016.05.27 13:29:18.464,0.87682,0.87718,1.00,1.37
2016.05.27 13:29:18.565,0.87685,0.8772,1.12,1.00
2016.05.27 13:29:18.666,0.87685,0.87723,1.37,1.12
2016.05.27 13:29:19.010,0.87691,0.87725,1.00,1.37
2016.05.27 13:29:19.161,0.87692,0.87728,1.37,1.87
2016.05.27 13:29:19.261,0.87692,0.87727,1.12,1.00
2016.05.27 13:29:19.776,0.87692,0.87727,1.12,1.00
2016.05.27 13:29:19.962,0.87694,0.87732,1.37,1.37
2016.05.27 13:29:20.464,0.87695,0.87731,1.37,1.37
2016.05.27 13:29:20.770,0.87694,0.87732,1.37,1.00
2016.05.27 13:29:21.298,0.87697,0.87736,1.12,1.37
2016.05.27 13:29:22.116,0.87698,0.87735,1.00,1.37
2016.05.27 13:29:22.469,0.87695,0.87731,1.12,1.37
2016.05.27 13:29:23.019,0.87694,0.87732,1.37,1.37
2016.05.27 13:29:23.070,0.87694,0.87732,1.00,1.37
2016.05.27 13:29:23.171,0.87691,0.87729,1.37,1.37
2016.05.27 13:29:23.719,0.8769,0.87729,1.37,1.37
2016.05.27 13:29:24.173,0.87691,0.87728,1.37,1.00
2016.05.27 13:29:24.474,0.87691,0.87728,1.37,1.00
2016.05.27 13:29:24.990,0.87691,0.87728,1.37,1.00
2016.05.27 13:29:25.191,0.87691,0.87728,1.12,1.12
2016.05.27 13:29:25.476,0.87687,0.87725,1.37,1.00
2016.05.27 13:29:26.680,0.87688,0.87724,1.37,1.00
2016.05.27 13:29:27.057,0.87692,0.87728,1.12,1.00
2016.05.27 13:29:27.208,0.87685,0.87724,1.50,1.00
2016.05.27 13:29:27.481,0.87685,0.87724,1.50,1.37
2016.05.27 13:29:27.983,0.87686,0.87723,1.12,1.12
2016.05.27 13:29:28.633,0.87685,0.87724,1.00,1.37
2016.05.27 13:29:29.184,0.87685,0.87724,1.37,1.12
2016.05.27 13:29:29.285,0.87695,0.87728,1.00,1.87
2016.05.27 13:29:29.386,0.87694,0.87732,1.12,1.12
2016.05.27 13:29:29.888,0.87695,0.87731,1.12,1.00
2016.05.27 13:29:30.306,0.87699,0.87735,1.37,1.37
2016.05.27 13:29:30.407,0.87698,0.87736,2.62,1.00
2016.05.27 13:29:30.508,0.87699,0.87736,1.37,1.37
2016.05.27 13:29:30.820,0.87703,0.87739,1.37,1.00
2016.05.27 13:29:31.122,0.87712,0.87746,1.37,1.00
2016.05.27 13:29:31.390,0.87712,0.8775,1.00,1.12
2016.05.27 13:29:31.592,0.87713,0.87749,1.00,1.37
2016.05.27 13:29:31.924,0.87704,0.87742,1.75,1.00
2016.05.27 13:29:32.243,0.87705,0.87741,1.75,1.37
2016.05.27 13:29:32.394,0.877,0.87737,1.37,1.00
2016.05.27 13:29:32.693,0.87699,0.87738,1.87,1.00
2016.05.27 13:29:33.796,0.877,0.87737,1.12,1.00
2016.05.27 13:29:34.443,0.877,0.87737,1.37,1.00
2016.05.27 13:29:34.597,0.87704,0.8774,1.00,1.37
2016.05.27 13:29:35.048,0.87699,0.87738,1.87,1.00
2016.05.27 13:29:35.699,0.87699,0.87738,1.75,1.00
2016.05.27 13:29:36.776,0.877,0.87737,1.87,1.00
2016.05.27 13:29:38.266,0.877,0.87737,1.00,1.00
2016.05.27 13:29:39.042,0.87704,0.87742,1.00,1.12
2016.05.27 13:29:39.143,0.87709,0.87742,1.00,1.37
2016.05.27 13:29:39.244,0.87705,0.87741,1.00,1.87
2016.05.27 13:29:39.456,0.87701,0.87737,1.00,1.00
2016.05.27 13:29:40.229,0.87701,0.87737,1.37,1.00
2016.05.27 13:29:40.909,0.87701,0.87737,1.00,1.00
2016.05.27 13:29:41.568,0.877,0.87738,1.00,1.00
2016.05.27 13:29:42.164,0.877,0.87738,1.37,1.00
2016.05.27 13:29:42.669,0.877,0.87738,1.00,1.00
2016.05.27 13:29:42.720,0.87703,0.87737,1.37,1.00
2016.05.27 13:29:42.821,0.87705,0.87741,1.37,1.00
2016.05.27 13:29:43.123,0.87709,0.87742,1.00,1.00
2016.05.27 13:29:43.984,0.87709,0.87745,1.00,1.37
2016.05.27 13:29:44.402,0.87708,0.87742,1.00,1.00
2016.05.27 13:29:44.653,0.87704,0.87742,1.12,1.12
2016.05.27 13:29:45.469,0.87705,0.87741,1.00,1.00
2016.05.27 13:29:45.959,0.87705,0.87737,1.00,1.00
2016.05.27 13:29:46.490,0.87704,0.87737,1.00,1.00
2016.05.27 13:29:47.222,0.87701,0.87737,1.37,1.00
2016.05.27 13:29:47.373,0.87706,0.87742,1.00,1.87
2016.05.27 13:29:48.362,0.87705,0.87743,1.50,1.00
2016.05.27 13:29:48.875,0.87705,0.87742,1.87,1.00
2016.05.27 13:29:48.926,0.87705,0.8774,1.87,1.00
2016.05.27 13:29:49.626,0.87703,0.87736,1.12,1.00
2016.05.27 13:29:49.677,0.877,0.87736,1.37,1.00
2016.05.27 13:29:50.335,0.87703,0.87735,1.00,1.00
2016.05.27 13:29:50.966,0.87702,0.87735,1.12,1.00
2016.05.27 13:29:51.666,0.87703,0.87735,1.00,1.00
2016.05.27 13:29:52.467,0.87699,0.87735,2.62,1.00
2016.05.27 13:29:52.581,0.87699,0.87735,2.62,1.00
2016.05.27 13:29:52.782,0.87703,0.87735,1.00,1.00
2016.05.27 13:29:52.882,0.87705,0.87742,1.00,1.50
2016.05.27 13:29:53.433,0.87705,0.87742,1.37,1.50
2016.05.27 13:29:53.534,0.87704,0.87742,1.00,1.50
2016.05.27 13:29:53.584,0.87703,0.87737,1.00,1.00
2016.05.27 13:29:53.786,0.877,0.87738,1.50,1.00
2016.05.27 13:29:54.244,0.87701,0.87737,1.37,1.00
2016.05.27 13:29:54.996,0.87702,0.87737,1.37,1.00
2016.05.27 13:29:56.681,0.87705,0.87742,1.00,1.87
2016.05.27 13:29:57.655,0.87704,0.87743,1.12,1.12
2016.05.27 13:29:58.191,0.87705,0.87742,1.12,1.00
2016.05.27 13:29:58.856,0.87701,0.87739,2.62,1.00
2016.05.27 13:29:59.293,0.87705,0.87742,1.00,1.12
2016.05.27 13:30:00.008,0.87704,0.87743,1.50,1.12
2016.05.27 13:30:00.997,0.87702,0.87739,1.12,1.00
2016.05.27 13:30:01.533,0.87702,0.87738,2.62,1.00
2016.05.27 13:30:01.711,0.87702,0.87738,1.50,1.00
2016.05.27 13:30:02.100,0.87705,0.87741,1.00,1.12
2016.05.27 13:30:02.602,0.87705,0.87741,1.00,1.37
2016.05.27 13:30:02.703,0.87702,0.87739,1.00,1.00
2016.05.27 13:30:04.696,0.87702,0.87739,2.25,1.00
2016.05.27 13:30:05.107,0.87702,0.87735,2.25,1.00
2016.05.27 13:30:06.257,0.87702,0.87736,2.25,1.00
2016.05.27 13:30:06.775,0.87702,0.87735,2.25,1.00
2016.05.27 13:30:07.231,0.87707,0.87738,1.00,1.00
2016.05.27 13:30:07.459,0.87707,0.87743,1.50,1.00
2016.05.27 13:30:08.019,0.87707,0.87743,1.87,1.12
2016.05.27 13:30:08.520,0.87707,0.87744,1.87,1.00
2016.05.27 13:30:08.620,0.87712,0.87748,1.00,1.00
2016.05.27 13:30:08.821,0.87718,0.87748,1.00,1.00
2016.05.27 13:30:09.169,0.87718,0.87744,1.00,1.00
2016.05.27 13:30:09.428,0.87718,0.87747,1.00,1.87
2016.05.27 13:30:09.630,0.87718,0.87742,1.00,1.00
2016.05.27 13:30:09.731,0.87709,0.87742,1.00,1.00
2016.05.27 13:30:09.932,0.87709,0.87738,1.00,1.00
2016.05.27 13:30:10.133,0.87709,0.87742,1.00,1.00
2016.05.27 13:30:10.635,0.87709,0.87742,1.37,1.00
2016.05.27 13:30:10.736,0.87711,0.87748,1.00,1.37
2016.05.27 13:30:10.837,0.87709,0.87744,1.00,1.00
2016.05.27 13:30:11.175,0.87709,0.87741,1.00,1.00
2016.05.27 13:30:11.677,0.87709,0.8774,1.00,1.00
2016.05.27 13:30:11.878,0.87709,0.87744,1.00,1.00
2016.05.27 13:30:12.079,0.87709,0.87741,1.00,1.00
2016.05.27 13:30:12.729,0.87704,0.87741,1.12,1.00
2016.05.27 13:30:13.181,0.87707,0.87744,1.37,1.00
2016.05.27 13:30:13.683,0.8771,0.87749,1.37,1.00
2016.05.27 13:30:13.733,0.8771,0.87749,1.87,1.00
2016.05.27 13:30:13.844,0.87711,0.87748,1.50,1.00
2016.05.27 13:30:14.069,0.8771,0.87744,1.00,1.00
2016.05.27 13:30:14.170,0.87707,0.87745,1.87,1.00
2016.05.27 13:30:14.737,0.87708,0.87744,1.12,1.00
2016.05.27 13:30:16.021,0.87709,0.87744,1.00,1.00
2016.05.27 13:30:16.072,0.87712,0.87748,1.37,1.00
2016.05.27 13:30:16.434,0.87712,0.87748,2.62,1.00
2016.05.27 13:30:16.776,0.87717,0.87748,1.12,1.00
2016.05.27 13:30:17.292,0.87717,0.87749,1.12,1.00
2016.05.27 13:30:18.191,0.87716,0.87748,3.37,1.00
2016.05.27 13:30:18.295,0.87721,0.87757,1.50,1.00
2016.05.27 13:30:18.796,0.87719,0.87753,1.12,1.00
2016.05.27 13:30:19.184,0.87723,0.87759,1.37,1.00
2016.05.27 13:30:20.148,0.87722,0.8776,1.37,1.00
2016.05.27 13:30:21.193,0.87723,0.87759,1.37,1.00
2016.05.27 13:30:21.477,0.87721,0.87756,1.37,1.00
2016.05.27 13:30:22.002,0.87721,0.87756,1.00,1.00
2016.05.27 13:30:22.519,0.87719,0.87757,1.37,1.00
2016.05.27 13:30:23.780,0.87719,0.87756,1.87,1.12
2016.05.27 13:30:24.094,0.87713,0.8775,1.87,1.00
2016.05.27 13:30:25.761,0.87714,0.8775,1.37,1.00
2016.05.27 13:30:26.134,0.87717,0.87754,1.37,1.00
2016.05.27 13:30:26.776,0.87716,0.87755,1.37,1.00
2016.05.27 13:30:27.114,0.87716,0.87755,1.37,1.00
2016.05.27 13:30:27.615,0.87717,0.87754,1.37,1.00
2016.05.27 13:30:28.585,0.87717,0.87754,1.37,1.00
2016.05.27 13:30:29.887,0.87716,0.87755,1.12,1.00
2016.05.27 13:30:30.471,0.87716,0.87755,1.37,1.00
2016.05.27 13:30:31.614,0.87717,0.87754,1.87,1.00
2016.05.27 13:30:31.715,0.87717,0.87755,1.37,1.00
2016.05.27 13:30:31.879,0.87717,0.87754,1.87,1.00
2016.05.27 13:30:32.215,0.87721,0.87757,1.37,1.00
2016.05.27 13:30:32.906,0.8772,0.87758,1.87,1.00
2016.05.27 13:30:33.378,0.87718,0.87754,1.37,1.00
2016.05.27 13:30:33.909,0.87717,0.87755,1.37,1.00
2016.05.27 13:30:34.010,0.87717,0.87755,1.37,1.00
2016.05.27 13:30:34.212,0.87714,0.8775,1.50,1.00
2016.05.27 13:30:35.021,0.87713,0.87751,2.25,1.00
2016.05.27 13:30:35.598,0.87714,0.8775,1.00,1.12
2016.05.27 13:30:36.123,0.87713,0.87751,1.37,1.00
2016.05.27 13:30:36.639,0.87713,0.87751,1.12,1.00
2016.05.27 13:30:36.963,0.87714,0.8775,1.37,1.00
2016.05.27 13:30:37.470,0.87714,0.8775,1.12,1.00
2016.05.27 13:30:37.822,0.87714,0.8775,1.87,1.00
2016.05.27 13:30:38.124,0.87712,0.87747,1.12,1.00
2016.05.27 13:30:38.174,0.8771,0.87747,2.25,1.00
2016.05.27 13:30:39.799,0.8771,0.87747,1.50,1.00
2016.05.27 13:30:41.403,0.87709,0.87748,1.00,1.00
2016.05.27 13:30:41.598,0.8771,0.87747,1.37,1.00
2016.05.27 13:30:41.805,0.87713,0.87751,1.00,1.00
2016.05.27 13:30:42.031,0.87714,0.8775,1.00,1.87
2016.05.27 13:30:43.036,0.87713,0.8775,1.00,1.87
2016.05.27 13:30:43.657,0.87713,0.87749,1.00,1.37
2016.05.27 13:30:46.960,0.87714,0.8775,1.00,2.62
2016.05.27 13:30:49.546,0.87714,0.87747,1.00,1.00
2016.05.27 13:30:49.763,0.87708,0.87743,1.00,1.00
2016.05.27 13:30:49.873,0.87704,0.87742,1.00,1.00
2016.05.27 13:30:50.405,0.87704,0.87742,1.37,1.00
2016.05.27 13:30:50.749,0.87705,0.8774,1.00,1.00
2016.05.27 13:30:51.314,0.87704,0.8774,1.00,1.00
2016.05.27 13:30:51.731,0.87701,0.87738,1.37,1.00
2016.05.27 13:30:52.139,0.87701,0.87737,1.87,1.00
2016.05.27 13:30:52.936,0.87701,0.87737,1.87,1.00
2016.05.27 13:30:53.617,0.87701,0.87738,1.12,1.00
2016.05.27 13:30:53.668,0.87701,0.87738,1.12,1.00
2016.05.27 13:30:54.268,0.87701,0.87737,1.87,1.00
2016.05.27 13:30:55.041,0.877,0.87738,1.75,1.00
2016.05.27 13:30:55.369,0.87704,0.87738,2.25,1.00
2016.05.27 13:30:55.591,0.87705,0.87742,1.75,1.12
2016.05.27 13:30:56.103,0.87705,0.87743,1.12,1.00
2016.05.27 13:30:56.694,0.87704,0.87743,1.50,1.00
2016.05.27 13:30:57.472,0.87704,0.87743,1.50,1.00
2016.05.27 13:30:57.573,0.87705,0.87742,1.00,1.37
2016.05.27 13:30:57.906,0.87702,0.87738,1.12,1.00
2016.05.27 13:30:58.563,0.877,0.87739,1.75,1.50
2016.05.27 13:30:59.064,0.87701,0.87738,1.87,1.00
2016.05.27 13:30:59.424,0.87699,0.87734,1.12,1.00
2016.05.27 13:31:00.303,0.877,0.87735,1.37,1.00
2016.05.27 13:31:00.777,0.87703,0.8774,1.00,1.37
2016.05.27 13:31:01.003,0.87699,0.87736,1.87,1.00
2016.05.27 13:31:01.780,0.87698,0.87737,1.75,1.12
2016.05.27 13:31:02.329,0.877,0.87736,1.37,1.00
2016.05.27 13:31:03.561,0.877,0.87737,1.37,1.87
2016.05.27 13:31:04.080,0.877,0.87736,1.12,1.00
2016.05.27 13:31:04.663,0.877,0.87737,1.12,1.50
2016.05.27 13:31:04.764,0.87702,0.87737,1.12,1.00
2016.05.27 13:31:04.966,0.87699,0.87734,1.12,1.00
2016.05.27 13:31:05.176,0.87698,0.87734,1.00,1.37
2016.05.27 13:31:05.882,0.87698,0.87734,1.00,1.37
2016.05.27 13:31:06.167,0.87698,0.87734,1.00,1.37
2016.05.27 13:31:07.071,0.87698,0.87734,1.00,1.37
2016.05.27 13:31:07.271,0.87697,0.87735,1.00,1.37
2016.05.27 13:31:13.588,0.87698,0.87733,1.00,1.37
2016.05.27 13:31:14.390,0.87697,0.87735,1.00,1.37
2016.05.27 13:31:16.829,0.87698,0.87734,1.00,1.37
2016.05.27 13:31:17.397,0.87697,0.87735,1.00,1.37
2016.05.27 13:31:18.198,0.87698,0.87734,1.00,1.87
2016.05.27 13:31:20.102,0.87695,0.87732,1.37,1.37
2016.05.27 13:31:20.209,0.87695,0.87732,1.37,1.12
2016.05.27 13:31:21.052,0.87694,0.87732,1.12,1.12
2016.05.27 13:31:21.781,0.87695,0.87732,1.00,1.87
2016.05.27 13:31:24.812,0.87694,0.87732,1.00,1.12
2016.05.27 13:31:26.432,0.87695,0.87732,1.37,1.87
2016.05.27 13:31:26.762,0.87695,0.87732,1.37,1.87
2016.05.27 13:31:27.163,0.87695,0.87732,1.37,1.87
2016.05.27 13:31:27.865,0.87694,0.87733,1.87,1.00
2016.05.27 13:31:28.427,0.87695,0.87732,1.50,1.00
2016.05.27 13:31:28.650,0.87701,0.87737,1.12,1.00
2016.05.27 13:31:28.701,0.87701,0.87739,1.12,1.12
2016.05.27 13:31:28.751,0.87702,0.87738,1.00,1.37
2016.05.27 13:31:28.955,0.87697,0.87733,1.00,1.12
2016.05.27 13:31:29.063,0.87697,0.87733,1.00,1.37
2016.05.27 13:31:29.267,0.87696,0.87734,1.00,1.12
2016.05.27 13:31:29.667,0.87697,0.87733,1.00,1.37
2016.05.27 13:31:30.070,0.87693,0.87729,1.37,1.00
2016.05.27 13:31:30.397,0.87699,0.87735,1.00,1.37
2016.05.27 13:31:30.548,0.87694,0.87733,1.50,1.00
2016.05.27 13:31:30.699,0.87695,0.87727,1.12,1.00
2016.05.27 13:31:30.971,0.87695,0.87732,1.00,1.87
2016.05.27 13:31:31.378,0.87694,0.87728,1.37,1.00
2016.05.27 13:31:31.479,0.87695,0.87732,1.12,1.12
2016.05.27 13:31:31.630,0.87692,0.87728,1.37,1.00
2016.05.27 13:31:32.230,0.87692,0.87727,1.37,1.00
2016.05.27 13:31:32.877,0.87697,0.87728,1.00,1.00
2016.05.27 13:31:32.978,0.87696,0.87733,1.00,1.37
2016.05.27 13:31:33.626,0.87697,0.87733,1.00,1.87
2016.05.27 13:31:33.777,0.87696,0.87727,1.00,1.00
2016.05.27 13:31:33.878,0.87696,0.87732,1.00,1.87
2016.05.27 13:31:34.180,0.87696,0.87728,1.00,1.00
2016.05.27 13:31:34.587,0.87693,0.87727,1.00,1.00
2016.05.27 13:31:35.129,0.87692,0.87727,1.00,1.00
2016.05.27 13:31:35.180,0.87688,0.87725,1.87,1.00
2016.05.27 13:31:35.482,0.87687,0.87723,1.37,1.00
2016.05.27 13:31:35.532,0.87688,0.87726,1.37,1.12
2016.05.27 13:31:35.881,0.87688,0.87725,1.87,1.37
2016.05.27 13:31:36.303,0.87688,0.87722,1.12,1.00
2016.05.27 13:31:36.403,0.87688,0.87725,1.87,1.12
2016.05.27 13:31:36.554,0.87691,0.87728,1.00,1.37
2016.05.27 13:31:36.920,0.87692,0.87727,1.00,2.62
2016.05.27 13:31:37.085,0.87688,0.87724,1.00,1.37
2016.05.27 13:31:37.591,0.87687,0.87725,1.12,1.00
2016.05.27 13:31:37.692,0.87688,0.87724,1.00,1.37
2016.05.27 13:31:38.013,0.87683,0.87719,1.37,1.00
2016.05.27 13:31:38.064,0.87686,0.87724,1.00,1.12
2016.05.27 13:31:38.391,0.87687,0.87723,1.00,1.37
2016.05.27 13:31:38.693,0.87686,0.87724,1.00,1.37
2016.05.27 13:31:38.901,0.87687,0.87723,1.00,1.37
2016.05.27 13:31:39.358,0.87687,0.87724,1.00,1.87
2016.05.27 13:31:39.865,0.87688,0.87727,1.12,1.37
2016.05.27 13:31:40.405,0.87688,0.87727,1.00,1.37
2016.05.27 13:31:40.506,0.87687,0.87728,1.12,2.62
2016.05.27 13:31:40.607,0.87687,0.87728,1.00,1.87
2016.05.27 13:31:41.111,0.87687,0.87722,1.12,1.00
2016.05.27 13:31:41.832,0.87687,0.87723,1.12,1.00
2016.05.27 13:31:42.350,0.87687,0.87723,1.37,1.00
2016.05.27 13:31:42.863,0.87687,0.87723,1.50,1.12
2016.05.27 13:31:43.403,0.87687,0.87723,1.50,1.00
2016.05.27 13:31:43.984,0.87687,0.87724,1.00,1.00
2016.05.27 13:31:44.717,0.87687,0.87723,1.00,1.12
2016.05.27 13:31:45.019,0.87687,0.87722,1.00,1.37
2016.05.27 13:31:45.321,0.87687,0.87723,1.00,1.37
2016.05.27 13:31:45.497,0.87689,0.87723,1.00,1.37
2016.05.27 13:31:45.706,0.87683,0.87722,1.87,1.87
2016.05.27 13:31:46.207,0.87683,0.87722,1.75,1.87
2016.05.27 13:31:47.309,0.87683,0.87721,1.75,1.37
2016.05.27 13:31:47.726,0.87683,0.87722,1.00,1.87
2016.05.27 13:31:48.362,0.87683,0.87722,1.00,2.62
2016.05.27 13:31:48.613,0.87684,0.87721,1.37,1.12
2016.05.27 13:31:48.881,0.87683,0.87722,1.12,1.87
2016.05.27 13:31:49.182,0.87684,0.87721,1.37,1.37
2016.05.27 13:31:49.731,0.87683,0.87722,1.12,1.12
2016.05.27 13:31:50.017,0.87688,0.87724,1.00,1.37
2016.05.27 13:31:51.025,0.87687,0.87723,1.00,1.37
2016.05.27 13:31:51.376,0.87683,0.87719,1.00,1.37
2016.05.27 13:31:51.689,0.87682,0.8772,1.12,1.12
2016.05.27 13:31:52.022,0.87687,0.87723,1.00,1.87
2016.05.27 13:31:52.539,0.87687,0.87722,1.00,1.37
2016.05.27 13:31:52.823,0.87681,0.8772,1.12,1.37
2016.05.27 13:31:52.924,0.87682,0.87719,1.37,1.37
2016.05.27 13:31:53.329,0.87681,0.8772,1.37,1.00
2016.05.27 13:31:53.493,0.87685,0.87723,1.12,1.37
2016.05.27 13:31:53.818,0.87686,0.87722,1.37,1.50
2016.05.27 13:31:53.919,0.87686,0.87722,1.00,1.37
2016.05.27 13:31:54.445,0.8769,0.87726,1.00,1.50
2016.05.27 13:31:55.033,0.87686,0.87724,1.37,1.12
2016.05.27 13:31:55.247,0.87687,0.87723,1.12,1.37
2016.05.27 13:31:55.800,0.87686,0.87724,1.00,1.12
2016.05.27 13:31:56.250,0.87686,0.87724,1.00,1.37
2016.05.27 13:31:56.351,0.87686,0.87724,1.12,1.00
2016.05.27 13:31:56.602,0.87687,0.87723,1.00,1.37
2016.05.27 13:31:57.052,0.87683,0.87719,1.37,1.00
2016.05.27 13:31:57.153,0.87683,0.87719,1.00,1.12
2016.05.27 13:31:59.139,0.87683,0.87719,1.37,1.00
2016.05.27 13:31:59.240,0.87686,0.87723,1.00,1.87
2016.05.27 13:31:59.542,0.87687,0.87723,1.00,1.37
2016.05.27 13:31:59.877,0.87676,0.87712,1.37,1.00
2016.05.27 13:32:00.442,0.87675,0.87712,1.50,1.50
2016.05.27 13:32:00.994,0.87674,0.87713,1.87,1.00
2016.05.27 13:32:01.545,0.87683,0.87719,1.00,1.87
2016.05.27 13:32:01.847,0.87686,0.87723,1.37,1.00
2016.05.27 13:32:02.319,0.87689,0.87727,1.00,1.37
2016.05.27 13:32:02.821,0.8769,0.87727,1.00,1.87
2016.05.27 13:32:02.921,0.8769,0.87727,1.00,1.87
2016.05.27 13:32:03.223,0.8769,0.87727,1.00,1.87
2016.05.27 13:32:04.051,0.8769,0.87727,1.00,1.37
2016.05.27 13:32:04.826,0.87689,0.87728,1.00,1.87
2016.05.27 13:32:04.965,0.87689,0.87728,1.00,1.87
2016.05.27 13:32:05.252,0.87686,0.87723,1.37,1.00
2016.05.27 13:32:05.561,0.8769,0.87726,1.00,1.37
2016.05.27 13:32:06.130,0.8769,0.87726,1.00,1.37
2016.05.27 13:32:06.782,0.8769,0.87726,1.00,1.37
2016.05.27 13:32:07.333,0.87689,0.87727,1.00,1.87
2016.05.27 13:32:07.835,0.8769,0.87726,1.00,1.37
2016.05.27 13:32:08.115,0.8769,0.87726,1.00,1.37
2016.05.27 13:32:09.004,0.87689,0.87727,1.00,2.62
2016.05.27 13:32:09.546,0.87689,0.87727,1.00,1.87
2016.05.27 13:32:10.256,0.8769,0.87726,1.00,1.37
2016.05.27 13:32:10.756,0.87689,0.87727,1.00,1.37
2016.05.27 13:32:11.258,0.8769,0.87726,1.12,1.37
2016.05.27 13:32:11.378,0.87689,0.87727,1.37,1.50
2016.05.27 13:32:11.479,0.8769,0.87726,1.37,1.00
2016.05.27 13:32:11.810,0.87692,0.87728,1.37,1.12
2016.05.27 13:32:11.979,0.87692,0.87728,1.00,1.50
2016.05.27 13:32:13.177,0.87693,0.87727,1.00,1.12
2016.05.27 13:32:14.665,0.87693,0.87728,1.00,1.37
2016.05.27 13:32:15.071,0.87692,0.87728,1.00,1.12
2016.05.27 13:32:15.172,0.87698,0.87728,1.00,1.00
2016.05.27 13:32:16.282,0.87697,0.87728,1.00,1.00
2016.05.27 13:32:16.785,0.87697,0.87727,1.00,1.00
2016.05.27 13:32:18.561,0.87694,0.87727,1.00,1.12
2016.05.27 13:32:18.712,0.87691,0.87727,1.00,1.87
2016.05.27 13:32:19.219,0.8769,0.87727,1.00,1.12
2016.05.27 13:32:19.777,0.87691,0.87727,1.00,1.37
2016.05.27 13:32:20.408,0.87691,0.87727,1.00,1.87
2016.05.27 13:32:20.679,0.87694,0.87731,1.00,1.37
2016.05.27 13:32:20.995,0.87697,0.87727,1.00,1.00
2016.05.27 13:32:21.196,0.87694,0.87727,1.00,1.00
2016.05.27 13:32:22.082,0.87695,0.87727,1.00,1.12
2016.05.27 13:32:22.738,0.87694,0.87727,1.00,1.00
2016.05.27 13:32:24.627,0.87694,0.87728,1.00,1.12
2016.05.27 13:32:25.184,0.87695,0.87727,1.00,1.00
2016.05.27 13:32:25.735,0.87694,0.87727,1.00,1.00
2016.05.27 13:32:27.038,0.87695,0.87728,1.00,1.37
2016.05.27 13:32:27.138,0.87689,0.87728,1.12,1.87
2016.05.27 13:32:27.340,0.87689,0.87727,1.37,1.00
2016.05.27 13:32:27.642,0.87694,0.87731,1.00,2.62
2016.05.27 13:32:27.823,0.87691,0.87727,1.12,1.37
2016.05.27 13:32:28.074,0.8769,0.87728,1.37,1.50
2016.05.27 13:32:28.225,0.87691,0.87727,1.00,1.37
2016.05.27 13:32:28.603,0.87691,0.87727,1.00,1.37
2016.05.27 13:32:28.933,0.87691,0.87727,1.00,1.87
2016.05.27 13:32:29.348,0.87686,0.87723,1.00,1.37
2016.05.27 13:32:29.818,0.8769,0.87726,1.00,1.87
2016.05.27 13:32:30.512,0.87689,0.87726,1.00,1.37
2016.05.27 13:32:31.021,0.87689,0.87727,1.00,1.87
2016.05.27 13:32:31.782,0.8769,0.87726,1.00,1.37
2016.05.27 13:32:32.306,0.8769,0.87726,1.00,1.37
2016.05.27 13:32:32.958,0.8769,0.87726,1.12,1.37
2016.05.27 13:32:34.110,0.8769,0.87726,1.37,1.12
2016.05.27 13:32:34.612,0.87689,0.87727,1.87,1.00
2016.05.27 13:32:35.018,0.8769,0.87726,1.37,1.00
2016.05.27 13:32:35.118,0.87689,0.87727,1.87,1.50
2016.05.27 13:32:36.467,0.87693,0.87727,1.00,1.00
2016.05.27 13:32:37.323,0.87693,0.87728,1.00,1.12
2016.05.27 13:32:37.924,0.87694,0.87727,1.00,1.00
2016.05.27 13:32:40.330,0.87694,0.87727,1.00,1.37
2016.05.27 13:32:41.635,0.87694,0.87727,1.00,1.50
2016.05.27 13:32:41.780,0.87694,0.87727,1.00,1.50
2016.05.27 13:32:42.874,0.87694,0.8773,1.12,1.87
2016.05.27 13:32:42.975,0.877,0.87732,1.00,1.00
2016.05.27 13:32:43.840,0.87699,0.87732,1.00,1.00
2016.05.27 13:32:44.359,0.87699,0.87731,1.00,1.00
2016.05.27 13:32:44.460,0.87692,0.87726,2.25,1.00
2016.05.27 13:32:44.751,0.87692,0.87731,3.37,1.87
2016.05.27 13:32:44.852,0.87693,0.8773,1.00,1.37
2016.05.27 13:32:45.061,0.87692,0.87731,1.00,1.87
2016.05.27 13:32:45.256,0.87693,0.8773,1.00,1.37
2016.05.27 13:32:45.357,0.87692,0.87731,1.00,1.87
2016.05.27 13:32:45.458,0.87693,0.87728,1.00,1.37
2016.05.27 13:32:45.653,0.8769,0.87726,1.37,1.12
2016.05.27 13:32:46.229,0.8769,0.87726,1.12,1.37
2016.05.27 13:32:47.982,0.87689,0.87727,1.37,1.50
2016.05.27 13:32:48.083,0.8769,0.87726,1.37,1.00
2016.05.27 13:32:48.208,0.87695,0.87731,1.00,1.37
2016.05.27 13:32:48.309,0.87691,0.87727,1.37,1.12
2016.05.27 13:32:48.991,0.87691,0.87727,1.37,1.00
2016.05.27 13:32:49.452,0.87694,0.87732,1.00,1.37
2016.05.27 13:32:49.788,0.87691,0.87727,1.37,1.00
2016.05.27 13:32:50.470,0.87691,0.87727,1.37,1.00
2016.05.27 13:32:51.272,0.8769,0.87728,1.37,1.00
2016.05.27 13:32:52.087,0.87691,0.87727,1.37,1.00
2016.05.27 13:32:52.623,0.87691,0.87727,1.12,1.37
2016.05.27 13:32:52.909,0.87691,0.87727,1.00,1.37
2016.05.27 13:32:53.224,0.87686,0.87725,1.87,1.12
2016.05.27 13:32:53.325,0.87686,0.87725,1.87,1.12
2016.05.27 13:32:53.426,0.87686,0.87725,1.87,1.00
2016.05.27 13:32:53.728,0.87691,0.87727,1.00,1.37
2016.05.27 13:32:53.925,0.8769,0.87728,1.00,1.37
2016.05.27 13:32:54.466,0.87691,0.87727,1.00,1.37
2016.05.27 13:32:54.681,0.87691,0.87727,1.37,1.12
2016.05.27 13:32:55.066,0.87694,0.87727,1.00,1.12
2016.05.27 13:32:55.117,0.87696,0.87733,1.37,1.00
2016.05.27 13:32:55.217,0.877,0.87732,1.00,1.00
2016.05.27 13:32:55.321,0.87698,0.87732,1.00,1.37
2016.05.27 13:32:56.936,0.87698,0.87732,1.00,1.00
2016.05.27 13:32:58.283,0.87698,0.87733,1.12,1.00
2016.05.27 13:32:58.827,0.87697,0.87733,1.12,1.00
2016.05.27 13:32:59.229,0.87698,0.87732,1.37,1.00
2016.05.27 13:32:59.777,0.87698,0.87734,1.00,1.37
2016.05.27 13:33:00.283,0.87697,0.87732,1.00,1.00
2016.05.27 13:33:00.588,0.87697,0.87728,1.00,1.00
2016.05.27 13:33:00.688,0.87697,0.87732,1.00,1.50
2016.05.27 13:33:00.739,0.87698,0.8773,1.00,1.37
2016.05.27 13:33:00.840,0.87691,0.87728,1.00,1.37
2016.05.27 13:33:00.987,0.8769,0.87729,1.00,1.37
2016.05.27 13:33:01.736,0.87691,0.87728,1.37,1.00
2016.05.27 13:33:02.124,0.87695,0.87731,1.00,1.37
2016.05.27 13:33:02.942,0.87695,0.87731,1.00,1.37
2016.05.27 13:33:03.694,0.87695,0.87731,1.00,1.37
2016.05.27 13:33:03.905,0.87691,0.87727,1.12,1.37
2016.05.27 13:33:04.306,0.87691,0.87727,1.37,1.00
2016.05.27 13:33:04.924,0.8769,0.87728,1.37,1.00
2016.05.27 13:33:05.519,0.87691,0.87727,1.37,1.00
2016.05.27 13:33:05.627,0.87694,0.87732,1.37,1.50
2016.05.27 13:33:06.850,0.87694,0.87732,1.87,1.50
2016.05.27 13:33:06.928,0.877,0.87732,1.00,1.00
2016.05.27 13:33:06.979,0.877,0.87737,1.00,1.87
2016.05.27 13:33:07.029,0.87701,0.87732,1.00,1.00
2016.05.27 13:33:07.099,0.87701,0.87737,1.00,1.37
2016.05.27 13:33:07.200,0.87701,0.87732,1.00,1.00
2016.05.27 13:33:07.603,0.87701,0.87737,1.00,1.87
2016.05.27 13:33:08.802,0.87701,0.87732,1.00,1.00
2016.05.27 13:33:10.003,0.877,0.87732,1.00,1.00
2016.05.27 13:33:10.555,0.87701,0.87732,1.00,1.00
2016.05.27 13:33:10.625,0.87697,0.87732,1.37,1.00
2016.05.27 13:33:11.305,0.87697,0.87733,1.37,1.00
2016.05.27 13:33:11.828,0.87696,0.87732,1.37,1.00
2016.05.27 13:33:12.538,0.87696,0.87735,1.12,1.37
2016.05.27 13:33:12.639,0.87697,0.87734,1.37,1.37
2016.05.27 13:33:13.140,0.87697,0.87733,1.12,1.37
2016.05.27 13:33:13.971,0.87696,0.87733,1.00,1.37
2016.05.27 13:33:14.072,0.87693,0.87731,2.25,1.12
2016.05.27 13:33:14.260,0.87694,0.8773,1.12,1.37
2016.05.27 13:33:14.461,0.87694,0.8773,1.12,1.00
2016.05.27 13:33:14.835,0.87695,0.8773,1.37,1.00
2016.05.27 13:33:15.515,0.87698,0.87732,1.00,1.12
2016.05.27 13:33:19.344,0.87697,0.87732,1.00,1.00
2016.05.27 13:33:19.866,0.87698,0.87732,1.12,1.00
2016.05.27 13:33:20.513,0.87698,0.87732,1.37,1.00
2016.05.27 13:33:20.995,0.87697,0.87734,1.37,1.00
2016.05.27 13:33:21.046,0.87697,0.87731,1.00,1.00
2016.05.27 13:33:21.312,0.87691,0.87727,1.12,1.87
2016.05.27 13:33:21.569,0.87692,0.87727,1.37,1.00
2016.05.27 13:33:21.960,0.87692,0.87727,1.87,1.00
2016.05.27 13:33:22.451,0.87696,0.87733,1.12,1.12
2016.05.27 13:33:23.121,0.87696,0.87732,1.00,1.00
2016.05.27 13:33:23.642,0.87696,0.87733,1.00,1.12
2016.05.27 13:33:24.624,0.87696,0.87732,1.00,1.00
2016.05.27 13:33:24.674,0.87697,0.87732,1.00,1.37
2016.05.27 13:33:24.877,0.87692,0.8773,1.12,1.37
2016.05.27 13:33:24.927,0.87692,0.87727,1.12,1.00
2016.05.27 13:33:25.503,0.87692,0.87727,1.37,1.00
2016.05.27 13:33:27.164,0.87692,0.87727,1.12,1.00
2016.05.27 13:33:27.666,0.87693,0.87727,1.12,1.00
2016.05.27 13:33:27.716,0.87693,0.87729,1.12,1.12
2016.05.27 13:33:27.858,0.87695,0.87729,1.00,1.00
2016.05.27 13:33:27.909,0.87696,0.87732,1.00,1.50
2016.05.27 13:33:28.463,0.87695,0.87729,1.12,1.00
2016.05.27 13:33:28.768,0.87693,0.87727,1.12,1.00
2016.05.27 13:33:28.920,0.87693,0.87729,1.12,1.00
2016.05.27 13:33:29.269,0.87692,0.8773,1.87,1.00
2016.05.27 13:33:29.803,0.87693,0.87729,1.37,1.00
2016.05.27 13:33:29.871,0.87692,0.8773,1.87,1.12
2016.05.27 13:33:30.222,0.87692,0.87728,1.00,1.00
2016.05.27 13:33:30.766,0.87692,0.87727,1.00,1.00
2016.05.27 13:33:31.318,0.87692,0.8773,1.12,1.12
2016.05.27 13:33:31.419,0.87692,0.87728,1.12,1.00
2016.05.27 13:33:31.825,0.87692,0.8773,1.37,1.12
2016.05.27 13:33:32.376,0.87693,0.87729,1.37,1.12
2016.05.27 13:33:32.527,0.87692,0.87728,1.00,1.12
2016.05.27 13:33:33.019,0.87692,0.87728,1.00,1.37
2016.05.27 13:33:33.224,0.87693,0.87729,1.00,1.37
2016.05.27 13:33:33.762,0.87689,0.87725,1.37,1.12
2016.05.27 13:33:34.282,0.87688,0.87725,1.37,1.00
2016.05.27 13:33:34.632,0.87688,0.87723,1.12,1.12
2016.05.27 13:33:35.283,0.87688,0.87723,1.37,1.00
2016.05.27 13:33:38.539,0.87687,0.87726,1.12,1.87
2016.05.27 13:33:38.643,0.87687,0.87722,1.00,1.12
2016.05.27 13:33:38.693,0.87683,0.87721,1.37,1.00
2016.05.27 13:33:39.194,0.87684,0.8772,1.37,1.00
2016.05.27 13:33:39.733,0.87683,0.87721,1.37,1.00
2016.05.27 13:33:40.293,0.87684,0.8772,1.87,1.00
2016.05.27 13:33:40.905,0.87688,0.87724,1.00,1.12
2016.05.27 13:33:41.145,0.87688,0.87724,1.87,1.00
2016.05.27 13:33:41.346,0.87687,0.87725,1.37,1.00
2016.05.27 13:33:41.401,0.87688,0.87724,1.37,1.00
2016.05.27 13:33:41.501,0.87687,0.87725,1.37,1.12
2016.05.27 13:33:41.701,0.87688,0.87724,1.37,1.00
2016.05.27 13:33:42.226,0.87687,0.87725,1.37,1.12
2016.05.27 13:33:42.347,0.87687,0.87723,1.37,1.00
2016.05.27 13:33:42.604,0.87683,0.87721,1.37,1.00
2016.05.27 13:33:43.151,0.87683,0.8772,1.37,1.12
2016.05.27 13:33:44.327,0.87682,0.87721,1.75,1.00
2016.05.27 13:33:45.753,0.87682,0.87721,2.25,1.00
2016.05.27 13:33:46.254,0.87685,0.8772,1.00,1.12
2016.05.27 13:33:46.455,0.87685,0.87715,1.00,1.00
2016.05.27 13:33:46.757,0.87685,0.87713,1.00,1.00
2016.05.27 13:33:46.858,0.87685,0.87716,1.00,1.00
2016.05.27 13:33:46.991,0.87678,0.87716,1.12,1.00
2016.05.27 13:33:47.042,0.87679,0.87715,1.37,1.12
2016.05.27 13:33:47.365,0.87682,0.87717,1.12,1.12
2016.05.27 13:33:47.667,0.87682,0.87717,1.37,1.00
2016.05.27 13:33:48.159,0.87681,0.87717,1.12,1.00
2016.05.27 13:33:48.218,0.87682,0.87717,1.37,1.00
2016.05.27 13:33:48.318,0.87681,0.8772,1.00,1.37
2016.05.27 13:33:48.419,0.87682,0.87719,1.00,1.37
2016.05.27 13:33:48.756,0.87679,0.87716,1.37,1.00
2016.05.27 13:33:49.262,0.87679,0.87715,1.87,1.00
2016.05.27 13:33:49.763,0.87679,0.87715,1.87,1.00
2016.05.27 13:33:50.164,0.87683,0.87719,1.00,1.37
2016.05.27 13:33:52.629,0.87683,0.87719,1.00,1.37
2016.05.27 13:33:52.851,0.87678,0.87715,1.00,1.00
2016.05.27 13:33:53.331,0.87678,0.87714,1.37,1.00
2016.05.27 13:33:53.924,0.87678,0.87714,1.37,1.00
2016.05.27 13:33:54.075,0.87677,0.87715,1.00,1.37
2016.05.27 13:33:54.626,0.87678,0.87714,1.12,1.00
2016.05.27 13:33:55.127,0.87677,0.87715,1.00,1.87
2016.05.27 13:33:55.178,0.87678,0.87713,1.00,1.00
2016.05.27 13:33:55.649,0.87677,0.87715,1.12,1.12
2016.05.27 13:33:56.681,0.87678,0.87714,1.12,1.12
2016.05.27 13:33:57.193,0.87677,0.87715,1.12,1.00
2016.05.27 13:33:57.732,0.87678,0.87714,1.12,1.00
2016.05.27 13:33:57.984,0.87678,0.87714,1.50,1.00
2016.05.27 13:33:58.553,0.87679,0.87715,1.37,1.00
2016.05.27 13:33:59.085,0.87678,0.87714,1.50,1.00
2016.05.27 13:33:59.386,0.87679,0.87715,1.37,1.00
2016.05.27 13:33:59.593,0.87678,0.87715,1.00,1.00
2016.05.27 13:34:00.137,0.87678,0.87714,1.50,1.12
2016.05.27 13:34:00.638,0.87678,0.87714,1.50,1.00
2016.05.27 13:34:01.298,0.87677,0.87715,3.75,1.00
2016.05.27 13:34:01.353,0.87682,0.87718,1.00,1.37
2016.05.27 13:34:01.590,0.87681,0.87718,1.00,1.12
2016.05.27 13:34:02.901,0.87681,0.87717,1.00,1.00
2016.05.27 13:34:04.973,0.87681,0.8772,1.12,1.37
2016.05.27 13:34:05.364,0.87682,0.87719,1.37,1.00
2016.05.27 13:34:05.905,0.87682,0.87719,1.37,1.37
2016.05.27 13:34:06.208,0.87685,0.87722,1.00,1.37
2016.05.27 13:34:06.366,0.87681,0.87719,1.37,1.37
2016.05.27 13:34:06.889,0.87681,0.87719,1.87,1.37
2016.05.27 13:34:07.468,0.87681,0.87719,1.87,1.37
2016.05.27 13:34:08.052,0.87681,0.87717,1.87,1.37
2016.05.27 13:34:08.972,0.87681,0.87717,1.50,1.12
2016.05.27 13:34:09.077,0.87682,0.87717,1.12,1.37
2016.05.27 13:34:09.305,0.87681,0.87717,1.87,1.12
2016.05.27 13:34:09.931,0.87682,0.87717,1.37,1.12
2016.05.27 13:34:10.183,0.87682,0.87717,1.37,1.00
2016.05.27 13:34:10.284,0.87684,0.87723,1.00,2.62
2016.05.27 13:34:10.385,0.87684,0.87723,1.37,2.62
2016.05.27 13:34:10.888,0.87685,0.87722,1.00,1.37
2016.05.27 13:34:10.989,0.87684,0.87723,1.12,1.87
2016.05.27 13:34:11.592,0.87685,0.87722,1.00,1.87
2016.05.27 13:34:12.311,0.87684,0.87722,1.37,1.37
2016.05.27 13:34:12.783,0.8769,0.87726,1.12,1.37
2016.05.27 13:34:13.088,0.87696,0.87733,1.00,1.87
2016.05.27 13:34:13.289,0.87692,0.8773,3.37,1.37
2016.05.27 13:34:13.590,0.87693,0.87729,1.00,1.37
2016.05.27 13:34:14.518,0.87692,0.87727,1.37,1.00
2016.05.27 13:34:14.820,0.87688,0.87723,1.00,1.37
2016.05.27 13:34:15.021,0.87689,0.87725,1.00,2.25
2016.05.27 13:34:15.566,0.87689,0.87725,1.00,1.75
2016.05.27 13:34:15.717,0.87688,0.87725,1.12,1.75
2016.05.27 13:34:15.891,0.87689,0.87725,1.00,2.25
2016.05.27 13:34:16.103,0.87688,0.87725,1.00,1.75
2016.05.27 13:34:16.606,0.87688,0.87726,1.12,1.37
2016.05.27 13:34:17.272,0.87689,0.87725,1.12,1.37
2016.05.27 13:34:17.423,0.87693,0.87728,1.00,1.87
2016.05.27 13:34:17.896,0.87693,0.87728,1.00,1.12
2016.05.27 13:34:18.124,0.87692,0.87729,1.00,1.37
2016.05.27 13:34:18.323,0.87688,0.87725,1.37,1.12
2016.05.27 13:34:18.625,0.87684,0.87722,1.37,1.37
2016.05.27 13:34:19.212,0.87685,0.87721,1.12,1.37
2016.05.27 13:34:20.028,0.87685,0.87721,1.37,1.37
2016.05.27 13:34:20.329,0.87684,0.87722,1.12,1.87
2016.05.27 13:34:21.731,0.87684,0.87722,1.00,2.62
2016.05.27 13:34:22.014,0.8768,0.87718,1.37,1.37
2016.05.27 13:34:22.682,0.8768,0.87718,1.37,1.12
2016.05.27 13:34:23.183,0.87681,0.87717,1.37,1.00
2016.05.27 13:34:24.034,0.8768,0.87718,1.87,1.00
2016.05.27 13:34:24.110,0.87683,0.87722,1.37,1.87
2016.05.27 13:34:24.211,0.87684,0.87721,1.12,1.37
2016.05.27 13:34:25.024,0.87683,0.87722,1.12,1.37
2016.05.27 13:34:25.387,0.87684,0.87721,1.37,1.37
2016.05.27 13:34:26.315,0.87684,0.87721,1.37,1.37
2016.05.27 13:34:26.816,0.87684,0.87721,1.37,1.37
2016.05.27 13:34:27.438,0.87684,0.87721,1.37,1.37
2016.05.27 13:34:28.420,0.87683,0.87722,1.37,1.37
2016.05.27 13:34:29.051,0.87683,0.87722,1.37,1.37
2016.05.27 13:34:29.121,0.87684,0.87721,1.37,1.37
2016.05.27 13:34:29.623,0.87683,0.87722,1.12,1.37
2016.05.27 13:34:30.142,0.87684,0.87721,1.00,1.37
2016.05.27 13:34:30.648,0.87684,0.87721,1.37,1.37
2016.05.27 13:34:31.027,0.87683,0.87722,1.12,2.62
2016.05.27 13:34:31.256,0.87684,0.87721,1.37,1.37
2016.05.27 13:34:31.576,0.87684,0.87721,1.37,1.00
2016.05.27 13:34:31.677,0.87683,0.87722,1.37,1.87
2016.05.27 13:34:32.186,0.87684,0.87721,1.37,1.37
2016.05.27 13:34:32.609,0.87684,0.87718,1.37,1.00
2016.05.27 13:34:32.856,0.87679,0.87718,1.87,1.37
2016.05.27 13:34:33.057,0.8768,0.87717,1.37,1.37
2016.05.27 13:34:33.569,0.8768,0.87717,1.37,1.37
2016.05.27 13:34:34.112,0.87679,0.87718,1.37,1.37
2016.05.27 13:34:34.462,0.87679,0.87718,1.37,1.37
2016.05.27 13:34:35.056,0.87679,0.87718,1.37,1.37
2016.05.27 13:34:35.465,0.87683,0.87717,1.37,1.00
2016.05.27 13:34:35.515,0.87683,0.87721,1.37,1.00
2016.05.27 13:34:35.679,0.87684,0.8772,1.37,1.37
2016.05.27 13:34:36.080,0.87688,0.87723,1.00,1.87
2016.05.27 13:34:36.604,0.87687,0.87722,1.00,1.37
2016.05.27 13:34:37.806,0.87683,0.8772,1.12,1.37
2016.05.27 13:34:38.264,0.87682,0.87721,1.37,1.37
2016.05.27 13:34:38.591,0.87683,0.8772,1.00,1.37
2016.05.27 13:34:38.664,0.87683,0.8772,1.12,1.37
2016.05.27 13:34:39.197,0.87683,0.87717,1.12,1.37
2016.05.27 13:34:39.744,0.8768,0.87716,1.37,1.00
2016.05.27 13:34:40.245,0.8768,0.87716,1.37,1.00
2016.05.27 13:34:40.576,0.87684,0.8772,1.12,1.37
2016.05.27 13:34:40.815,0.87679,0.87717,1.87,1.37
2016.05.27 13:34:41.016,0.8768,0.87716,1.12,1.37
2016.05.27 13:34:41.487,0.8768,0.87716,1.12,1.37
2016.05.27 13:34:41.587,0.87679,0.87717,1.37,1.00
2016.05.27 13:34:42.314,0.8768,0.87716,1.37,1.00
2016.05.27 13:34:42.815,0.87679,0.87717,1.37,1.00
2016.05.27 13:34:43.416,0.87683,0.8772,1.12,1.37
2016.05.27 13:34:43.718,0.87679,0.87715,1.37,1.00
2016.05.27 13:34:44.250,0.87679,0.87715,1.37,1.12
2016.05.27 13:34:44.301,0.87679,0.87715,1.37,1.00
2016.05.27 13:34:44.778,0.87683,0.8772,1.37,1.37
2016.05.27 13:34:45.419,0.87683,0.8772,1.37,1.37
2016.05.27 13:34:45.651,0.87682,0.87721,1.37,1.37
2016.05.27 13:34:46.236,0.87682,0.87721,1.37,1.37
2016.05.27 13:34:46.984,0.87683,0.8772,1.37,1.12
2016.05.27 13:34:47.289,0.87682,0.87721,1.37,1.37
2016.05.27 13:34:47.490,0.87683,0.8772,1.37,1.12
2016.05.27 13:34:47.992,0.87683,0.8772,1.37,1.00
2016.05.27 13:34:48.193,0.87682,0.87721,1.37,1.00
2016.05.27 13:34:48.325,0.87682,0.87717,1.37,1.00
2016.05.27 13:34:48.425,0.87682,0.87721,1.37,1.00
2016.05.27 13:34:48.589,0.87682,0.87721,1.37,1.00
2016.05.27 13:34:49.424,0.87688,0.87723,1.00,1.37
2016.05.27 13:34:51.201,0.87687,0.87722,1.12,1.00
2016.05.27 13:34:51.597,0.87687,0.87726,1.37,1.37
2016.05.27 13:34:52.132,0.87688,0.87723,1.37,1.00
2016.05.27 13:34:52.332,0.87687,0.87722,1.37,1.00
2016.05.27 13:34:52.383,0.87687,0.87726,1.37,1.50
2016.05.27 13:34:52.434,0.87691,0.87728,1.37,1.12
2016.05.27 13:34:53.234,0.87692,0.87728,1.37,1.50
2016.05.27 13:34:53.439,0.87692,0.87728,1.37,1.00
2016.05.27 13:34:54.036,0.87692,0.87728,1.37,1.00
2016.05.27 13:34:54.540,0.87692,0.87728,1.37,1.12
2016.05.27 13:34:54.706,0.87696,0.87731,1.37,1.12
2016.05.27 13:34:54.938,0.87695,0.8773,1.00,1.12
2016.05.27 13:34:55.039,0.8769,0.87728,1.37,1.12
2016.05.27 13:34:55.381,0.87693,0.87728,1.37,1.00
2016.05.27 13:34:55.733,0.87693,0.87731,1.00,1.37
2016.05.27 13:34:56.260,0.8769,0.87726,1.87,1.12
2016.05.27 13:34:56.761,0.87689,0.87727,1.87,1.00
2016.05.27 13:34:57.263,0.87692,0.87726,1.00,1.12
2016.05.27 13:34:57.965,0.8769,0.87726,1.37,1.00
2016.05.27 13:34:58.116,0.8769,0.87726,1.37,1.12
2016.05.27 13:34:58.318,0.87693,0.87731,1.37,1.00
2016.05.27 13:34:58.821,0.87694,0.8773,1.37,1.00
2016.05.27 13:34:59.022,0.87693,0.87731,1.37,1.00
2016.05.27 13:34:59.123,0.87693,0.87731,1.37,1.00
2016.05.27 13:34:59.359,0.87697,0.87735,1.00,1.50
2016.05.27 13:34:59.644,0.87694,0.87731,1.37,1.37
2016.05.27 13:34:59.745,0.87694,0.87731,1.37,1.00
2016.05.27 13:34:59.846,0.87693,0.87732,1.37,1.37
2016.05.27 13:35:00.048,0.87698,0.87734,1.37,1.37
2016.05.27 13:35:00.611,0.87697,0.87735,1.37,1.87
2016.05.27 13:35:01.023,0.87697,0.87735,1.00,1.87
2016.05.27 13:35:01.327,0.87693,0.87732,1.37,1.50
2016.05.27 13:35:02.250,0.87698,0.87734,1.37,1.37
2016.05.27 13:35:02.555,0.87698,0.87734,1.00,1.37
2016.05.27 13:35:02.656,0.87694,0.87731,1.37,1.37
2016.05.27 13:35:03.081,0.87693,0.87732,1.00,2.62
2016.05.27 13:35:03.332,0.87693,0.87731,1.00,1.37
2016.05.27 13:35:03.557,0.87693,0.87728,1.00,1.00
2016.05.27 13:35:04.165,0.87693,0.87731,1.00,1.37
2016.05.27 13:35:04.384,0.87694,0.87731,1.37,1.12
2016.05.27 13:35:04.686,0.87698,0.87732,1.12,1.12
2016.05.27 13:35:05.169,0.87698,0.87734,1.37,1.00
2016.05.27 13:35:05.564,0.87697,0.87735,1.37,1.87
2016.05.27 13:35:05.749,0.87698,0.87734,1.37,1.37
2016.05.27 13:35:06.163,0.87697,0.87735,1.12,1.00
2016.05.27 13:35:06.357,0.87697,0.87735,1.12,1.37
2016.05.27 13:35:06.663,0.87698,0.87735,1.37,1.00
2016.05.27 13:35:06.864,0.87702,0.87738,1.12,1.12
2016.05.27 13:35:07.409,0.87701,0.87737,1.00,1.00
2016.05.27 13:35:07.845,0.87701,0.87738,1.00,1.37
2016.05.27 13:35:08.354,0.87702,0.87738,1.00,1.87
2016.05.27 13:35:08.455,0.87697,0.87736,1.37,1.37
2016.05.27 13:35:08.854,0.87698,0.87735,1.37,1.37
2016.05.27 13:35:08.955,0.87697,0.87736,1.37,1.87
2016.05.27 13:35:10.669,0.87698,0.87735,1.00,1.37
2016.05.27 13:35:11.217,0.87698,0.87732,1.12,1.12
2016.05.27 13:35:11.571,0.87693,0.87727,3.37,1.00
2016.05.27 13:35:12.114,0.87693,0.87727,3.37,1.00
2016.05.27 13:35:12.262,0.87693,0.8773,3.37,1.00
2016.05.27 13:35:12.464,0.87694,0.8773,1.37,1.00
2016.05.27 13:35:12.666,0.87693,0.87729,1.87,1.37
2016.05.27 13:35:13.057,0.87693,0.8773,1.12,1.37
2016.05.27 13:35:13.363,0.87697,0.8773,1.00,1.37
2016.05.27 13:35:13.758,0.87692,0.8773,1.37,1.37
2016.05.27 13:35:14.265,0.87692,0.8773,1.12,1.87
2016.05.27 13:35:14.775,0.87693,0.87729,1.37,1.37
2016.05.27 13:35:15.266,0.87693,0.87729,1.37,1.00
2016.05.27 13:35:15.372,0.87692,0.8773,1.12,1.12
2016.05.27 13:35:15.677,0.87692,0.8773,1.12,1.37
2016.05.27 13:35:16.165,0.87693,0.87729,1.37,1.37
2016.05.27 13:35:16.466,0.87693,0.87729,1.37,1.12
2016.05.27 13:35:16.670,0.87697,0.87733,1.37,1.12
2016.05.27 13:35:17.229,0.87696,0.87734,1.37,1.12
2016.05.27 13:35:17.280,0.87697,0.87733,1.37,1.37
2016.05.27 13:35:20.089,0.87697,0.87733,1.37,1.87
2016.05.27 13:35:23.287,0.87697,0.87732,1.37,1.00
2016.05.27 13:35:24.090,0.87697,0.87733,1.37,1.87
2016.05.27 13:35:24.693,0.87696,0.87733,1.37,1.00
2016.05.27 13:35:25.192,0.87696,0.87733,1.37,1.12
2016.05.27 13:35:25.694,0.87697,0.87732,1.37,1.00
2016.05.27 13:35:25.795,0.87696,0.87734,1.37,1.00
2016.05.27 13:35:25.896,0.87697,0.87733,1.37,1.00
2016.05.27 13:35:26.523,0.87697,0.87732,1.37,1.00
2016.05.27 13:35:26.624,0.87697,0.87732,1.37,1.00
2016.05.27 13:35:27.013,0.87696,0.87734,1.37,1.12
2016.05.27 13:35:27.215,0.877,0.87737,1.00,1.87
2016.05.27 13:35:28.300,0.877,0.87737,1.00,1.87
2016.05.27 13:35:29.014,0.877,0.87737,1.00,1.87
2016.05.27 13:35:29.551,0.877,0.87737,1.00,1.87
2016.05.27 13:35:30.607,0.877,0.87737,1.00,1.87
2016.05.27 13:35:31.814,0.877,0.87737,1.00,2.62
2016.05.27 13:35:33.813,0.877,0.87737,1.00,2.62
2016.05.27 13:35:34.719,0.87699,0.87737,1.37,1.87
2016.05.27 13:35:35.370,0.87699,0.87737,1.37,1.00
2016.05.27 13:35:35.920,0.877,0.87737,1.37,2.62
2016.05.27 13:35:36.227,0.877,0.87737,1.37,2.62
2016.05.27 13:35:37.375,0.87699,0.87737,1.37,1.87
2016.05.27 13:35:37.661,0.877,0.87737,1.37,1.87
2016.05.27 13:35:37.762,0.877,0.87737,1.37,1.12
2016.05.27 13:35:37.863,0.877,0.87737,1.37,1.00
2016.05.27 13:35:38.164,0.87699,0.87738,1.37,1.87
2016.05.27 13:35:38.373,0.87697,0.87733,1.37,1.00
2016.05.27 13:35:38.877,0.87696,0.87734,1.37,1.00
2016.05.27 13:35:39.429,0.87697,0.87733,1.37,1.00
2016.05.27 13:35:39.643,0.87696,0.87734,1.87,1.00
2016.05.27 13:35:39.730,0.87697,0.87733,1.37,1.00
2016.05.27 13:35:40.031,0.87701,0.87737,1.37,1.50
2016.05.27 13:35:40.580,0.87701,0.87737,1.37,1.50
2016.05.27 13:35:41.169,0.877,0.87737,1.00,1.50
2016.05.27 13:35:41.270,0.87696,0.87732,1.87,1.00
2016.05.27 13:35:41.876,0.87695,0.87733,1.37,1.00
2016.05.27 13:35:42.422,0.87695,0.87733,1.37,1.00
2016.05.27 13:35:42.724,0.87699,0.87735,1.37,1.00
2016.05.27 13:35:43.179,0.87698,0.87736,1.37,1.37
2016.05.27 13:35:43.380,0.87696,0.87732,1.37,1.00
2016.05.27 13:35:43.481,0.87695,0.87733,1.37,1.00
2016.05.27 13:35:43.840,0.87696,0.87732,1.37,1.00
2016.05.27 13:35:44.480,0.87697,0.87732,1.37,1.00
2016.05.27 13:35:44.581,0.87699,0.87737,1.37,1.37
2016.05.27 13:35:44.682,0.87699,0.87737,1.12,1.37
2016.05.27 13:35:44.991,0.87696,0.87733,1.37,1.00
2016.05.27 13:35:45.282,0.87696,0.87733,1.37,1.00
2016.05.27 13:35:45.691,0.87696,0.87733,1.37,1.37
2016.05.27 13:35:46.102,0.87696,0.87732,1.37,1.12
2016.05.27 13:35:46.694,0.87695,0.87733,1.37,1.12
2016.05.27 13:35:47.290,0.87695,0.87731,1.37,1.37
2016.05.27 13:35:47.391,0.87692,0.87728,1.37,1.00
2016.05.27 13:35:47.735,0.87695,0.87733,1.37,1.75
2016.05.27 13:35:48.273,0.87695,0.87733,1.37,1.75
2016.05.27 13:35:48.545,0.87695,0.87733,1.37,1.87
2016.05.27 13:35:48.905,0.87695,0.87733,1.37,1.87
2016.05.27 13:35:49.299,0.87696,0.87732,1.37,1.50
2016.05.27 13:35:49.543,0.87695,0.87732,1.37,1.50
2016.05.27 13:35:49.593,0.87691,0.87727,1.37,1.00
2016.05.27 13:35:50.107,0.8769,0.87728,1.37,1.12
2016.05.27 13:35:50.430,0.87691,0.87727,1.37,1.00
2016.05.27 13:35:50.882,0.87691,0.87727,1.37,1.37
2016.05.27 13:35:51.184,0.8769,0.87728,1.37,1.12
2016.05.27 13:35:51.285,0.87691,0.87727,1.37,1.37
2016.05.27 13:35:51.758,0.8769,0.87728,1.37,1.00
2016.05.27 13:35:51.909,0.87694,0.87732,1.37,1.12
2016.05.27 13:35:52.010,0.87694,0.87732,1.37,1.12
2016.05.27 13:35:52.607,0.87699,0.87735,1.37,3.00
2016.05.27 13:35:52.914,0.87703,0.87735,1.37,2.25
2016.05.27 13:35:53.115,0.87703,0.87739,1.37,1.37
2016.05.27 13:35:53.910,0.87703,0.87739,1.37,1.12
2016.05.27 13:35:54.411,0.87698,0.87734,1.37,1.00
2016.05.27 13:35:54.512,0.87697,0.87735,1.37,1.00
2016.05.27 13:35:54.794,0.87698,0.87734,1.37,1.00
2016.05.27 13:35:55.322,0.87697,0.87735,1.37,1.00
2016.05.27 13:35:55.873,0.87698,0.87734,1.37,1.00
2016.05.27 13:35:56.209,0.87698,0.87734,1.37,1.00
2016.05.27 13:35:56.897,0.87702,0.87739,1.37,1.50
2016.05.27 13:35:56.998,0.87701,0.8774,1.37,1.87
2016.05.27 13:35:57.200,0.87702,0.87739,1.37,1.87
2016.05.27 13:35:58.218,0.87701,0.87738,1.37,1.00
2016.05.27 13:35:59.086,0.87701,0.87739,1.37,1.00
2016.05.27 13:35:59.187,0.87702,0.87739,1.37,1.50
2016.05.27 13:35:59.720,0.87702,0.87739,1.37,1.50
2016.05.27 13:36:00.257,0.87701,0.8774,1.37,1.50
2016.05.27 13:36:00.792,0.87702,0.87739,1.37,1.50
2016.05.27 13:36:02.219,0.87702,0.87739,1.37,1.50
2016.05.27 13:36:02.744,0.87701,0.8774,1.37,1.87
2016.05.27 13:36:03.322,0.87702,0.87739,1.37,1.50
2016.05.27 13:36:03.708,0.87701,0.87739,1.37,1.00
2016.05.27 13:36:03.948,0.87698,0.87735,1.37,1.00
2016.05.27 13:36:04.328,0.87695,0.87731,1.37,1.00
2016.05.27 13:36:04.406,0.87694,0.87732,1.37,1.12
2016.05.27 13:36:05.230,0.87694,0.87732,1.37,1.12
2016.05.27 13:36:05.760,0.87695,0.87731,1.37,1.00
2016.05.27 13:36:06.347,0.87695,0.87731,1.37,1.00
2016.05.27 13:36:06.850,0.87694,0.87732,1.37,1.12
2016.05.27 13:36:07.152,0.87698,0.87728,1.37,1.00
2016.05.27 13:36:07.346,0.87693,0.87728,1.12,1.00
2016.05.27 13:36:07.447,0.8769,0.87726,1.37,1.00
2016.05.27 13:36:07.750,0.8769,0.87726,1.37,1.00
2016.05.27 13:36:07.951,0.87694,0.87728,1.12,1.00
2016.05.27 13:36:08.571,0.87693,0.87728,1.12,1.00
2016.05.27 13:36:08.727,0.87694,0.87728,1.37,1.00
2016.05.27 13:36:09.150,0.87698,0.87728,1.00,1.00
2016.05.27 13:36:09.251,0.87693,0.87728,1.87,1.00
2016.05.27 13:36:09.564,0.87694,0.87728,1.12,1.12
2016.05.27 13:36:10.083,0.8769,0.87727,1.37,1.00
2016.05.27 13:36:10.611,0.8769,0.87727,1.37,1.12
2016.05.27 13:36:10.871,0.8769,0.87727,1.37,1.00
2016.05.27 13:36:11.246,0.87693,0.87728,1.12,1.00
2016.05.27 13:36:13.043,0.8769,0.87727,1.87,1.00
2016.05.27 13:36:13.450,0.8769,0.87727,1.37,1.00
2016.05.27 13:36:13.751,0.8769,0.87728,1.37,1.00
2016.05.27 13:36:14.145,0.8769,0.87727,1.87,1.00
2016.05.27 13:36:14.246,0.87694,0.87731,1.37,1.37
2016.05.27 13:36:14.792,0.87693,0.87732,1.37,1.87
2016.05.27 13:36:15.258,0.87694,0.87731,1.37,1.37
2016.05.27 13:36:15.749,0.87698,0.87731,1.37,1.00
2016.05.27 13:36:16.057,0.87698,0.87731,1.12,1.00
2016.05.27 13:36:16.584,0.87694,0.87731,1.37,1.87
2016.05.27 13:36:17.854,0.87694,0.87731,1.37,1.87
2016.05.27 13:36:18.707,0.87693,0.87731,1.37,1.37
2016.05.27 13:36:18.856,0.87694,0.87731,1.37,1.87
2016.05.27 13:36:19.358,0.87693,0.87731,1.37,1.00
2016.05.27 13:36:20.015,0.87697,0.87731,1.37,1.00
2016.05.27 13:36:21.088,0.87698,0.87731,1.37,1.00
2016.05.27 13:36:21.141,0.87698,0.87734,1.37,1.12
2016.05.27 13:36:21.668,0.87698,0.87734,1.00,1.37
2016.05.27 13:36:21.769,0.87692,0.8773,1.37,1.00
2016.05.27 13:36:22.272,0.87693,0.87725,1.87,1.00
2016.05.27 13:36:22.943,0.87693,0.87729,1.37,1.00
2016.05.27 13:36:24.318,0.87693,0.87729,1.37,1.00
2016.05.27 13:36:24.494,0.87692,0.87729,1.87,1.12
2016.05.27 13:36:24.695,0.87688,0.87723,1.12,1.00
2016.05.27 13:36:24.854,0.87687,0.87723,1.37,1.00
2016.05.27 13:36:25.155,0.8769,0.87726,1.37,1.75
2016.05.27 13:36:25.487,0.87694,0.8773,1.37,1.12
2016.05.27 13:36:25.688,0.87694,0.87731,1.37,1.50
2016.05.27 13:36:25.953,0.87694,0.87731,1.37,1.87
2016.05.27 13:36:26.224,0.87693,0.87731,1.37,1.00
2016.05.27 13:36:26.541,0.87698,0.87731,1.37,1.00
2016.05.27 13:36:27.178,0.87698,0.87731,1.37,1.00
2016.05.27 13:36:27.625,0.87697,0.87731,1.37,1.00
2016.05.27 13:36:28.677,0.87697,0.87732,1.37,1.00
2016.05.27 13:36:28.798,0.87697,0.87732,1.37,1.00
2016.05.27 13:36:29.129,0.87698,0.87732,1.37,1.00
2016.05.27 13:36:29.230,0.87698,0.87732,1.37,1.00
2016.05.27 13:36:29.331,0.87698,0.87732,1.37,1.00
2016.05.27 13:36:29.701,0.87697,0.87732,1.37,1.00
2016.05.27 13:36:30.231,0.87697,0.87732,1.37,1.00
2016.05.27 13:36:30.332,0.877,0.87734,1.87,1.00
2016.05.27 13:36:30.433,0.87704,0.87741,1.37,1.37
2016.05.27 13:36:30.930,0.87701,0.87737,1.00,1.00
2016.05.27 13:36:31.290,0.87701,0.87737,1.37,1.00
2016.05.27 13:36:31.401,0.87704,0.87741,1.00,1.50
2016.05.27 13:36:31.502,0.87699,0.87735,1.37,1.00
2016.05.27 13:36:31.804,0.87704,0.8774,1.37,1.00
2016.05.27 13:36:31.911,0.87703,0.87741,1.00,1.87
2016.05.27 13:36:32.012,0.87704,0.8774,1.00,1.37
2016.05.27 13:36:32.519,0.87704,0.8774,1.12,1.00
2016.05.27 13:36:32.822,0.87704,0.8774,1.37,1.00
2016.05.27 13:36:32.923,0.87703,0.87741,1.37,1.00
2016.05.27 13:36:33.638,0.87704,0.8774,1.00,1.37
2016.05.27 13:36:34.237,0.87704,0.8774,1.12,1.00
2016.05.27 13:36:34.761,0.87703,0.87741,1.37,1.00
2016.05.27 13:36:35.049,0.87703,0.87741,1.12,1.00
2016.05.27 13:36:35.249,0.87703,0.87741,1.37,1.00
2016.05.27 13:36:35.790,0.87704,0.8774,1.37,1.00
2016.05.27 13:36:36.303,0.87703,0.87741,1.37,1.00
2016.05.27 13:36:36.727,0.87709,0.87745,1.00,1.12
2016.05.27 13:36:37.342,0.87708,0.87746,1.12,1.00
2016.05.27 13:36:38.207,0.87709,0.87745,1.37,1.00
2016.05.27 13:36:38.744,0.87708,0.87746,1.37,1.00
2016.05.27 13:36:39.089,0.87708,0.87746,1.00,1.00
2016.05.27 13:36:39.510,0.87709,0.87745,1.37,1.00
2016.05.27 13:36:39.854,0.87708,0.87746,1.00,1.37
2016.05.27 13:36:40.555,0.87709,0.87745,1.00,1.12
2016.05.27 13:36:40.807,0.87709,0.87742,1.00,1.00
2016.05.27 13:36:40.907,0.87708,0.87746,1.12,1.00
2016.05.27 13:36:40.958,0.87709,0.87745,1.00,1.37
2016.05.27 13:36:41.247,0.87708,0.87746,1.00,1.00
2016.05.27 13:36:41.522,0.87709,0.87745,1.37,1.00
2016.05.27 13:36:42.131,0.87708,0.87746,1.37,1.00
2016.05.27 13:36:42.648,0.87709,0.87745,1.37,1.00
2016.05.27 13:36:43.209,0.87709,0.87745,1.00,1.00
2016.05.27 13:36:45.863,0.87708,0.87746,1.00,1.87
2016.05.27 13:36:46.579,0.87708,0.87746,1.12,1.12
2016.05.27 13:36:47.111,0.87709,0.87745,1.00,1.12
2016.05.27 13:36:47.478,0.87709,0.87745,1.37,1.00
2016.05.27 13:36:47.580,0.87708,0.87746,1.12,1.12
2016.05.27 13:36:47.681,0.87709,0.87745,1.37,1.00
2016.05.27 13:36:48.216,0.87709,0.87745,1.37,1.00
2016.05.27 13:36:49.507,0.87708,0.87746,1.87,1.12
2016.05.27 13:36:49.819,0.87709,0.87745,1.87,1.00
2016.05.27 13:36:50.157,0.87714,0.8775,1.00,1.12
2016.05.27 13:36:50.671,0.87714,0.87751,1.37,3.00
2016.05.27 13:36:50.980,0.87713,0.87751,1.00,3.75
2016.05.27 13:36:51.541,0.8771,0.87748,1.37,1.50
2016.05.27 13:36:51.671,0.87711,0.87747,1.37,1.37
2016.05.27 13:36:51.772,0.8771,0.87748,2.62,1.50
2016.05.27 13:36:52.485,0.87711,0.87745,1.00,1.00
2016.05.27 13:36:53.606,0.87711,0.87747,1.12,1.00
2016.05.27 13:36:53.656,0.87712,0.87747,1.37,1.00
2016.05.27 13:36:53.791,0.87712,0.87747,1.87,1.00
2016.05.27 13:36:53.891,0.87715,0.87752,1.00,2.62
2016.05.27 13:36:54.607,0.87714,0.87752,1.00,1.12
2016.05.27 13:36:55.126,0.87714,0.87752,1.37,1.50
2016.05.27 13:36:57.079,0.87715,0.87752,1.00,1.87
2016.05.27 13:36:57.630,0.87715,0.87752,1.00,1.37
2016.05.27 13:36:57.730,0.87712,0.87748,1.50,1.00
2016.05.27 13:36:58.281,0.87711,0.87749,1.50,1.00
2016.05.27 13:36:58.382,0.87714,0.87752,1.00,1.37
2016.05.27 13:36:59.081,0.87715,0.87752,1.00,1.87
2016.05.27 13:36:59.645,0.87715,0.87752,1.12,1.50
2016.05.27 13:37:00.802,0.87706,0.87743,1.00,1.00
2016.05.27 13:37:01.150,0.87706,0.87739,1.00,1.00
2016.05.27 13:37:01.343,0.87701,0.8774,1.37,1.50
2016.05.27 13:37:01.853,0.87701,0.87738,1.37,1.00
2016.05.27 13:37:02.184,0.87698,0.87733,1.37,1.00
2016.05.27 13:37:02.707,0.877,0.87733,1.12,1.00
2016.05.27 13:37:02.808,0.87701,0.87736,1.37,1.00
2016.05.27 13:37:03.313,0.877,0.87737,1.12,1.12
2016.05.27 13:37:03.364,0.877,0.87734,1.12,1.00
2016.05.27 13:37:03.414,0.87699,0.87734,1.37,1.00
2016.05.27 13:37:03.890,0.87697,0.87733,1.87,1.00
2016.05.27 13:37:04.291,0.87699,0.87732,1.87,1.00
2016.05.27 13:37:04.392,0.87703,0.87736,1.00,1.00
2016.05.27 13:37:04.664,0.87703,0.87738,1.00,1.12
2016.05.27 13:37:05.178,0.87704,0.87737,1.00,1.00
2016.05.27 13:37:05.669,0.87704,0.87739,1.00,1.12
2016.05.27 13:37:05.770,0.87704,0.87736,1.12,1.00
2016.05.27 13:37:06.135,0.87703,0.87736,1.37,1.00
2016.05.27 13:37:06.621,0.87704,0.87736,1.37,1.00
2016.05.27 13:37:07.245,0.87705,0.87737,1.00,1.00
2016.05.27 13:37:07.773,0.87701,0.87737,1.37,1.50
2016.05.27 13:37:08.297,0.87701,0.87737,1.37,1.50
2016.05.27 13:37:08.495,0.87701,0.87737,1.37,1.00
2016.05.27 13:37:09.017,0.877,0.87738,1.37,1.50
2016.05.27 13:37:09.126,0.87701,0.87737,1.37,1.50
2016.05.27 13:37:09.227,0.87705,0.87741,1.37,1.00
2016.05.27 13:37:09.428,0.87705,0.87742,1.37,1.00
2016.05.27 13:37:09.489,0.87705,0.87742,1.12,1.00
2016.05.27 13:37:09.728,0.87706,0.87742,1.37,1.00
2016.05.27 13:37:10.429,0.87706,0.87742,1.37,1.00
2016.05.27 13:37:10.895,0.87705,0.87743,1.37,1.50
2016.05.27 13:37:11.604,0.87705,0.87743,1.37,1.50
2016.05.27 13:37:11.832,0.87701,0.87739,1.37,1.00
2016.05.27 13:37:12.155,0.87695,0.87731,1.12,1.00
2016.05.27 13:37:12.205,0.87695,0.87732,1.12,1.00
2016.05.27 13:37:12.534,0.87697,0.87731,1.50,1.00
2016.05.27 13:37:12.635,0.87704,0.87739,1.37,1.00
2016.05.27 13:37:12.813,0.87704,0.8774,1.37,1.00
2016.05.27 13:37:13.350,0.87704,0.8774,1.12,1.00
2016.05.27 13:37:13.887,0.87705,0.8774,1.12,1.37
2016.05.27 13:37:14.417,0.87704,0.87737,1.00,1.00
2016.05.27 13:37:14.954,0.87705,0.87738,1.12,1.00
2016.05.27 13:37:15.490,0.87704,0.87738,1.00,1.00
2016.05.27 13:37:16.050,0.87705,0.87738,1.00,1.00
2016.05.27 13:37:16.742,0.87699,0.87738,1.50,1.50
2016.05.27 13:37:17.296,0.877,0.87737,1.37,1.00
2016.05.27 13:37:17.944,0.87695,0.87731,1.12,1.00
2016.05.27 13:37:18.437,0.87695,0.87731,1.12,1.00
2016.05.27 13:37:18.638,0.87705,0.8774,1.37,1.00
2016.05.27 13:37:19.148,0.87704,0.87742,1.37,1.87
2016.05.27 13:37:19.349,0.87701,0.87737,1.37,1.00
2016.05.27 13:37:21.671,0.87704,0.87737,1.12,1.00
2016.05.27 13:37:21.853,0.87706,0.87742,1.87,2.62
2016.05.27 13:37:22.249,0.87703,0.87739,1.12,1.00
2016.05.27 13:37:22.472,0.87701,0.87739,1.37,1.00
2016.05.27 13:37:23.178,0.87702,0.87738,1.37,1.00
2016.05.27 13:37:23.229,0.877,0.87735,1.37,1.00
2016.05.27 13:37:23.350,0.87701,0.8774,1.37,1.00
2016.05.27 13:37:23.566,0.87702,0.87739,1.00,1.87
2016.05.27 13:37:23.943,0.87698,0.87732,1.37,1.00
2016.05.27 13:37:24.277,0.877,0.87736,1.37,1.00
2016.05.27 13:37:24.759,0.877,0.87736,1.37,1.00
2016.05.27 13:37:25.457,0.877,0.87736,1.37,1.00
2016.05.27 13:37:25.761,0.87698,0.87732,1.37,1.00
2016.05.27 13:37:26.635,0.87697,0.87732,1.37,1.00
2016.05.27 13:37:27.781,0.87697,0.87732,1.37,1.00
2016.05.27 13:37:28.635,0.87698,0.87732,1.37,1.00
2016.05.27 13:37:29.369,0.87698,0.87732,1.37,1.00
2016.05.27 13:37:29.920,0.87697,0.87733,1.37,1.00
2016.05.27 13:37:30.222,0.87701,0.87732,1.37,1.00
2016.05.27 13:37:30.272,0.87701,0.87737,1.87,1.00
2016.05.27 13:37:30.373,0.87701,0.87737,1.37,1.12
2016.05.27 13:37:30.474,0.877,0.87737,1.00,1.37
2016.05.27 13:37:30.655,0.87695,0.87732,3.37,1.00
2016.05.27 13:37:31.174,0.87695,0.87732,3.37,1.37
2016.05.27 13:37:31.285,0.87692,0.87728,1.37,1.00
2016.05.27 13:37:31.802,0.87692,0.87728,1.37,1.00
2016.05.27 13:37:32.176,0.87691,0.87729,1.37,1.00
2016.05.27 13:37:32.643,0.87692,0.87728,1.37,1.00
2016.05.27 13:37:33.164,0.87691,0.87729,1.37,1.00
2016.05.27 13:37:33.691,0.87697,0.87733,1.37,1.00
2016.05.27 13:37:33.792,0.87697,0.87733,1.37,1.00
2016.05.27 13:37:33.892,0.87696,0.87733,1.37,1.00
2016.05.27 13:37:34.144,0.87696,0.87731,1.00,1.00
2016.05.27 13:37:34.245,0.87696,0.87733,1.00,1.00
2016.05.27 13:37:34.442,0.8769,0.87726,1.50,1.00
2016.05.27 13:37:34.493,0.87694,0.87732,1.37,1.37
2016.05.27 13:37:34.567,0.87689,0.87728,1.87,1.00
2016.05.27 13:37:34.970,0.87694,0.8773,1.00,1.12
2016.05.27 13:37:35.460,0.87694,0.8773,1.37,1.00
2016.05.27 13:37:35.765,0.87698,0.87734,1.12,1.37
2016.05.27 13:37:36.186,0.87698,0.87734,1.37,1.00
2016.05.27 13:37:36.507,0.87696,0.87731,1.00,1.00
2016.05.27 13:37:36.708,0.87695,0.8773,1.12,1.00
2016.05.27 13:37:37.868,0.87694,0.8773,1.50,1.00
2016.05.27 13:37:38.170,0.87694,0.8773,1.50,1.00
2016.05.27 13:37:38.665,0.87693,0.87731,1.75,1.00
2016.05.27 13:37:39.070,0.87695,0.8773,1.37,1.00
2016.05.27 13:37:39.171,0.87699,0.87735,1.37,1.00
2016.05.27 13:37:40.069,0.87699,0.87735,1.37,1.00
2016.05.27 13:37:40.220,0.87698,0.87736,1.00,1.37
2016.05.27 13:37:40.293,0.87698,0.87732,1.00,1.00
2016.05.27 13:37:40.504,0.87693,0.87728,1.12,1.00
2016.05.27 13:37:41.072,0.87693,0.87728,1.37,1.00
2016.05.27 13:37:41.475,0.87693,0.87728,1.37,1.00
2016.05.27 13:37:42.006,0.87691,0.87727,1.37,1.00
2016.05.27 13:37:42.549,0.8769,0.87728,1.87,1.00
2016.05.27 13:37:42.820,0.87694,0.87731,1.50,1.00
2016.05.27 13:37:43.022,0.87694,0.87731,1.12,1.37
2016.05.27 13:37:43.122,0.87694,0.87731,1.50,1.37
2016.05.27 13:37:43.428,0.87694,0.87731,1.50,1.00
2016.05.27 13:37:43.830,0.87694,0.87731,1.50,1.00
2016.05.27 13:37:43.981,0.87698,0.87736,1.37,1.50
2016.05.27 13:37:44.182,0.87698,0.87736,1.37,1.37
2016.05.27 13:37:44.484,0.87697,0.87737,1.87,1.00
2016.05.27 13:37:44.806,0.87698,0.87734,2.62,1.00
2016.05.27 13:37:45.427,0.87697,0.87735,1.87,1.00
2016.05.27 13:37:45.908,0.87698,0.87734,1.37,1.00
2016.05.27 13:37:46.290,0.87698,0.87734,1.37,1.00
2016.05.27 13:37:46.711,0.87696,0.87732,1.37,1.00
2016.05.27 13:37:46.813,0.87699,0.87734,1.37,1.00
2016.05.27 13:37:46.914,0.87698,0.87736,1.37,1.00
2016.05.27 13:37:47.294,0.87698,0.87736,1.37,1.12
2016.05.27 13:37:47.395,0.87694,0.8773,1.37,1.00
2016.05.27 13:37:47.812,0.87697,0.87734,1.37,1.00
2016.05.27 13:37:48.013,0.87697,0.87734,1.37,1.00
2016.05.27 13:37:48.114,0.87696,0.87735,1.37,1.00
2016.05.27 13:37:48.215,0.87692,0.87731,2.62,1.00
2016.05.27 13:37:48.416,0.87696,0.87735,1.37,1.12
2016.05.27 13:37:48.618,0.87693,0.8773,1.37,1.00
2016.05.27 13:37:49.033,0.87696,0.87735,1.37,1.37
2016.05.27 13:37:49.740,0.87697,0.87734,1.37,1.37
2016.05.27 13:37:49.942,0.87693,0.87729,1.37,1.00
2016.05.27 13:37:50.103,0.87693,0.8773,1.37,1.00
2016.05.27 13:37:50.305,0.87693,0.87729,1.37,1.37
2016.05.27 13:37:50.423,0.87692,0.8773,1.87,1.12
2016.05.27 13:37:50.942,0.87692,0.8773,1.12,1.00
2016.05.27 13:37:51.105,0.87693,0.87729,1.37,1.00
2016.05.27 13:37:51.643,0.87693,0.87729,1.12,1.00
2016.05.27 13:37:52.207,0.87692,0.8773,1.37,1.00
2016.05.27 13:37:52.573,0.87693,0.87729,1.37,1.37
2016.05.27 13:37:52.846,0.87692,0.8773,1.37,1.12
2016.05.27 13:37:53.047,0.87693,0.87729,1.37,1.00
2016.05.27 13:37:53.613,0.87693,0.87729,1.37,1.00
2016.05.27 13:37:54.417,0.87692,0.8773,1.87,1.00
2016.05.27 13:37:54.518,0.87692,0.8773,1.37,1.00
2016.05.27 13:37:54.915,0.87693,0.87729,1.37,1.00
2016.05.27 13:37:55.469,0.87693,0.8773,1.37,1.00
2016.05.27 13:37:55.847,0.87693,0.87729,1.37,1.00
2016.05.27 13:37:55.948,0.87693,0.87729,1.37,1.12
2016.05.27 13:37:56.048,0.87688,0.87724,1.37,1.00
2016.05.27 13:37:56.149,0.87692,0.87728,1.37,1.00
2016.05.27 13:37:56.832,0.87692,0.87728,1.37,1.00
2016.05.27 13:37:56.932,0.87692,0.87728,1.37,1.00
2016.05.27 13:37:57.734,0.87691,0.87729,1.37,1.00
2016.05.27 13:37:58.124,0.87692,0.87728,1.37,1.00
2016.05.27 13:37:58.727,0.87692,0.87728,1.37,1.00
2016.05.27 13:37:59.136,0.87691,0.87729,1.37,1.12
2016.05.27 13:37:59.237,0.87688,0.87724,4.12,1.00
2016.05.27 13:37:59.876,0.87688,0.87724,2.62,1.00
2016.05.27 13:38:00.572,0.87688,0.87724,1.37,1.00
2016.05.27 13:38:02.135,0.87688,0.87724,1.37,1.00
2016.05.27 13:38:02.342,0.87688,0.87724,1.37,1.00
2016.05.27 13:38:02.644,0.87688,0.87724,1.37,1.00
2016.05.27 13:38:03.338,0.87688,0.87724,1.37,1.00
2016.05.27 13:38:03.846,0.87687,0.87725,1.37,1.00
2016.05.27 13:38:03.939,0.87688,0.87724,1.37,1.00
2016.05.27 13:38:04.241,0.8769,0.87724,1.37,1.00
2016.05.27 13:38:04.342,0.8769,0.87728,1.37,1.00
2016.05.27 13:38:04.764,0.8769,0.87729,1.87,1.50
2016.05.27 13:38:07.564,0.87691,0.87728,1.37,1.00
2016.05.27 13:38:08.850,0.8769,0.87729,1.37,1.50
2016.05.27 13:38:09.652,0.87691,0.87728,1.37,1.00
2016.05.27 13:38:10.529,0.87691,0.87728,1.37,1.00
2016.05.27 13:38:11.594,0.87691,0.87728,1.87,1.00
2016.05.27 13:38:12.095,0.87691,0.87728,1.37,1.00
2016.05.27 13:38:12.377,0.8769,0.87729,1.37,1.37
2016.05.27 13:38:13.662,0.8769,0.87729,1.37,1.37
2016.05.27 13:38:13.762,0.87691,0.87728,1.37,1.37
2016.05.27 13:38:14.327,0.87691,0.87728,1.37,1.37
2016.05.27 13:38:15.099,0.87691,0.87728,1.37,1.37
2016.05.27 13:38:15.416,0.87687,0.87724,1.87,1.00
2016.05.27 13:38:15.467,0.87686,0.87725,1.37,1.00
2016.05.27 13:38:15.568,0.87687,0.87725,1.37,1.00
2016.05.27 13:38:16.170,0.87689,0.87724,1.12,1.00
2016.05.27 13:38:16.472,0.87691,0.87725,1.00,1.00
2016.05.27 13:38:16.670,0.87689,0.87724,1.12,1.00
2016.05.27 13:38:16.989,0.87689,0.87725,1.12,1.00
2016.05.27 13:38:17.472,0.87687,0.87724,1.37,1.00
2016.05.27 13:38:18.273,0.87686,0.87725,1.37,1.00
2016.05.27 13:38:19.878,0.87686,0.87725,1.37,1.00
2016.05.27 13:38:20.530,0.87686,0.87725,1.37,1.00
2016.05.27 13:38:21.396,0.87686,0.87725,1.37,1.00
2016.05.27 13:38:21.497,0.87687,0.87724,1.37,1.00
2016.05.27 13:38:21.632,0.87686,0.87725,1.37,1.00
2016.05.27 13:38:21.923,0.87686,0.87725,1.12,1.12
2016.05.27 13:38:22.024,0.87684,0.8772,1.37,1.00
2016.05.27 13:38:22.399,0.87687,0.87724,1.37,1.00
2016.05.27 13:38:22.712,0.87687,0.87724,1.37,1.00
2016.05.27 13:38:23.029,0.8769,0.87728,1.37,1.00
2016.05.27 13:38:23.130,0.8769,0.87728,1.37,1.00
2016.05.27 13:38:23.653,0.87691,0.87727,1.37,1.00
2016.05.27 13:38:24.603,0.8769,0.87728,1.37,1.00
2016.05.27 13:38:24.704,0.87691,0.87727,1.37,1.00
2016.05.27 13:38:24.905,0.87687,0.87723,1.87,1.00
2016.05.27 13:38:25.305,0.87686,0.87724,3.37,1.00
2016.05.27 13:38:26.668,0.87687,0.87723,1.37,1.00
2016.05.27 13:38:27.743,0.87687,0.87723,1.37,1.00
2016.05.27 13:38:28.243,0.87685,0.8772,1.37,1.00
2016.05.27 13:38:28.343,0.87687,0.87724,1.37,1.00
2016.05.27 13:38:28.845,0.87686,0.87725,1.87,1.00
2016.05.27 13:38:29.122,0.87684,0.87721,1.50,1.00
2016.05.27 13:38:29.323,0.87683,0.87721,1.87,1.00
2016.05.27 13:38:29.945,0.87683,0.87721,1.87,1.00
2016.05.27 13:38:30.483,0.87684,0.87717,1.00,1.00
2016.05.27 13:38:30.635,0.87684,0.87723,2.25,1.00
2016.05.27 13:38:30.736,0.87685,0.87723,1.37,1.00
2016.05.27 13:38:31.118,0.87686,0.87723,1.37,1.00
2016.05.27 13:38:31.661,0.87689,0.87725,1.37,1.00
2016.05.27 13:38:33.725,0.87688,0.87726,1.37,1.00
2016.05.27 13:38:34.433,0.87689,0.87725,1.37,1.00
2016.05.27 13:38:34.734,0.87692,0.8773,1.37,1.00
2016.05.27 13:38:34.835,0.87693,0.87729,1.37,1.00
2016.05.27 13:38:35.458,0.87693,0.87729,1.37,1.00
2016.05.27 13:38:35.631,0.87689,0.87727,1.87,1.00
2016.05.27 13:38:36.132,0.87689,0.87726,1.37,1.00
2016.05.27 13:38:36.333,0.87688,0.87722,1.37,1.00
2016.05.27 13:38:36.501,0.87688,0.87723,1.37,1.00
2016.05.27 13:38:37.224,0.87686,0.87722,1.87,1.00
2016.05.27 13:38:38.252,0.87686,0.87723,1.37,1.00
2016.05.27 13:38:39.038,0.87686,0.87722,1.87,1.00
2016.05.27 13:38:39.239,0.87689,0.87726,1.37,1.00
2016.05.27 13:38:39.778,0.87689,0.87726,1.37,1.00
2016.05.27 13:38:39.878,0.87689,0.87726,1.37,1.00
2016.05.27 13:38:40.400,0.87688,0.87727,1.37,1.00
2016.05.27 13:38:40.945,0.87689,0.87726,1.37,1.12
2016.05.27 13:38:41.808,0.87689,0.87726,1.37,1.12
2016.05.27 13:38:42.350,0.87689,0.87726,1.37,1.00
2016.05.27 13:38:42.574,0.87689,0.87726,1.00,1.37
2016.05.27 13:38:42.947,0.87686,0.87722,1.37,1.00
2016.05.27 13:38:43.253,0.87686,0.87722,1.37,1.00
2016.05.27 13:38:43.761,0.87686,0.87722,1.37,1.00
2016.05.27 13:38:44.126,0.87686,0.87722,1.37,1.00
2016.05.27 13:38:44.485,0.87685,0.87723,1.50,1.00
2016.05.27 13:38:44.986,0.87686,0.87722,1.87,1.00
2016.05.27 13:38:45.989,0.87685,0.87723,1.37,1.00
2016.05.27 13:38:46.291,0.87685,0.87723,1.37,1.12
2016.05.27 13:38:46.464,0.87685,0.87722,1.37,1.00
2016.05.27 13:38:47.339,0.87686,0.87722,1.37,1.00
2016.05.27 13:38:47.892,0.87685,0.87723,1.37,1.00
2016.05.27 13:38:48.579,0.87685,0.87723,1.37,1.00
2016.05.27 13:38:48.902,0.87686,0.87722,1.37,1.00
2016.05.27 13:38:51.094,0.87686,0.87722,1.37,1.00
2016.05.27 13:38:52.491,0.87685,0.87723,1.37,1.00
2016.05.27 13:38:52.993,0.87686,0.87722,1.37,1.00
2016.05.27 13:38:53.807,0.87686,0.87722,1.37,1.00
2016.05.27 13:38:54.398,0.87686,0.87722,1.37,1.00
2016.05.27 13:38:54.499,0.87686,0.87722,1.37,1.00
2016.05.27 13:38:54.600,0.87686,0.87722,1.37,1.00
2016.05.27 13:38:57.201,0.87685,0.87723,1.37,1.00
2016.05.27 13:38:57.892,0.87686,0.87722,1.37,1.00
2016.05.27 13:38:58.002,0.87685,0.87724,1.37,1.00
2016.05.27 13:38:58.203,0.87686,0.87723,1.37,1.37
2016.05.27 13:38:59.205,0.87685,0.87724,1.37,2.62
2016.05.27 13:39:00.255,0.87686,0.87723,1.37,1.37
2016.05.27 13:39:00.573,0.87683,0.87719,2.25,1.00
2016.05.27 13:39:00.956,0.87688,0.8772,1.12,1.00
2016.05.27 13:39:01.460,0.87688,0.87719,1.12,1.00
2016.05.27 13:39:01.831,0.87687,0.87719,1.87,1.00
2016.05.27 13:39:02.208,0.87688,0.8772,1.00,1.00
2016.05.27 13:39:02.688,0.87683,0.87719,1.37,1.00
2016.05.27 13:39:02.739,0.87683,0.87719,1.37,1.00
2016.05.27 13:39:02.904,0.87685,0.87724,1.87,1.00
2016.05.27 13:39:03.005,0.87689,0.87727,1.37,1.00
2016.05.27 13:39:03.407,0.87693,0.8773,1.37,1.50
2016.05.27 13:39:03.709,0.87693,0.87731,1.00,2.62
2016.05.27 13:39:04.171,0.87693,0.87731,1.00,1.87
2016.05.27 13:39:04.391,0.87693,0.87729,1.00,1.00
2016.05.27 13:39:06.112,0.87694,0.87729,1.37,1.00
2016.05.27 13:39:06.214,0.87693,0.87729,1.12,1.00
2016.05.27 13:39:08.116,0.87694,0.87729,1.12,1.00
2016.05.27 13:39:10.020,0.87693,0.87729,1.37,1.00
2016.05.27 13:39:10.616,0.87693,0.87731,1.37,1.12
2016.05.27 13:39:10.666,0.87693,0.87726,1.00,1.00
2016.05.27 13:39:10.822,0.87687,0.87721,1.00,1.00
2016.05.27 13:39:11.023,0.87685,0.87721,1.75,1.00
2016.05.27 13:39:11.124,0.87684,0.87722,3.37,1.00
2016.05.27 13:39:11.325,0.87687,0.87721,1.37,1.00
2016.05.27 13:39:11.524,0.87687,0.87726,1.87,1.50
2016.05.27 13:39:11.625,0.87692,0.87726,1.37,1.00
2016.05.27 13:39:11.811,0.87693,0.87729,1.37,1.00
2016.05.27 13:39:12.164,0.87693,0.87729,1.87,1.00
2016.05.27 13:39:12.264,0.87693,0.87729,1.50,1.50
2016.05.27 13:39:12.575,0.87688,0.87723,1.37,1.00
2016.05.27 13:39:12.958,0.87686,0.87724,1.87,1.00
2016.05.27 13:39:13.059,0.87687,0.87723,1.37,1.00
2016.05.27 13:39:13.609,0.87686,0.87724,1.87,1.00
2016.05.27 13:39:13.910,0.87693,0.87729,1.37,1.00
2016.05.27 13:39:13.961,0.87692,0.8773,1.37,1.00
2016.05.27 13:39:14.258,0.87689,0.87726,1.87,1.00
2016.05.27 13:39:14.836,0.87689,0.87725,1.37,1.00
2016.05.27 13:39:15.412,0.87689,0.87725,1.37,1.00
2016.05.27 13:39:15.462,0.87688,0.87726,2.25,1.00
2016.05.27 13:39:15.987,0.8769,0.87726,1.37,1.00
2016.05.27 13:39:16.038,0.87693,0.87728,1.37,1.00
2016.05.27 13:39:16.583,0.87693,0.87729,1.37,1.00
2016.05.27 13:39:17.089,0.87692,0.8773,1.37,1.00
2016.05.27 13:39:17.564,0.87693,0.87729,1.37,1.00
2016.05.27 13:39:17.841,0.87692,0.8773,1.37,1.00
2016.05.27 13:39:17.955,0.87693,0.87729,1.37,1.00
2016.05.27 13:39:18.143,0.87693,0.87729,1.37,1.00
2016.05.27 13:39:18.708,0.87693,0.87729,1.37,1.00
2016.05.27 13:39:19.395,0.87692,0.8773,1.50,1.00
2016.05.27 13:39:19.446,0.87692,0.8773,1.50,1.37
2016.05.27 13:39:19.769,0.87692,0.87725,1.00,1.00
2016.05.27 13:39:20.073,0.87694,0.87729,1.37,1.00
2016.05.27 13:39:20.584,0.87694,0.87729,1.37,1.12
2016.05.27 13:39:21.289,0.87694,0.87729,1.37,1.00
2016.05.27 13:39:22.170,0.87693,0.87729,1.12,1.00
2016.05.27 13:39:22.221,0.87693,0.87731,1.12,1.87
2016.05.27 13:39:22.272,0.87693,0.87731,1.37,1.50
2016.05.27 13:39:22.821,0.87693,0.8773,1.37,1.00
2016.05.27 13:39:23.455,0.87693,0.8773,1.12,1.00
2016.05.27 13:39:23.957,0.8769,0.87726,1.37,1.00
2016.05.27 13:39:24.057,0.87689,0.87727,1.87,1.00
2016.05.27 13:39:24.558,0.87689,0.87727,1.37,1.00
2016.05.27 13:39:24.658,0.87689,0.87727,1.37,1.12
2016.05.27 13:39:25.159,0.8769,0.87726,1.37,1.37
2016.05.27 13:39:26.462,0.8769,0.87726,1.12,1.37
2016.05.27 13:39:28.166,0.87689,0.87727,1.12,1.12
2016.05.27 13:39:28.409,0.8769,0.87727,1.37,1.00
2016.05.27 13:39:28.510,0.87693,0.87731,1.37,1.12
2016.05.27 13:39:28.898,0.87693,0.87731,1.12,1.37
2016.05.27 13:39:29.434,0.87694,0.87731,1.37,1.87
2016.05.27 13:39:31.017,0.87693,0.87731,1.37,1.12
2016.05.27 13:39:32.275,0.87693,0.87731,1.37,1.37
2016.05.27 13:39:32.713,0.87694,0.8773,1.37,1.37
2016.05.27 13:39:33.278,0.87694,0.8773,1.37,1.12
2016.05.27 13:39:33.814,0.87693,0.8773,1.37,1.37
2016.05.27 13:39:33.879,0.87694,0.8773,1.12,1.37
2016.05.27 13:39:34.181,0.87691,0.87728,1.37,1.00
2016.05.27 13:39:34.434,0.87691,0.87727,1.37,4.12
2016.05.27 13:39:34.484,0.87687,0.87722,1.37,1.37
2016.05.27 13:39:35.009,0.8769,0.87726,1.37,1.87
2016.05.27 13:39:35.484,0.8769,0.87726,1.37,1.75
2016.05.27 13:39:35.608,0.8769,0.87726,1.37,1.00
2016.05.27 13:39:35.795,0.87689,0.87727,1.37,1.00
2016.05.27 13:39:35.895,0.87689,0.87727,1.12,1.87
2016.05.27 13:39:36.229,0.87683,0.87719,1.37,1.00
2016.05.27 13:39:36.810,0.87683,0.87719,1.37,1.00
2016.05.27 13:39:37.098,0.87681,0.8772,3.00,1.12
2016.05.27 13:39:37.607,0.87681,0.8772,3.37,1.37
2016.05.27 13:39:37.707,0.87683,0.8772,1.50,1.00
2016.05.27 13:39:38.215,0.87683,0.87719,1.50,1.00
2016.05.27 13:39:38.597,0.87682,0.8772,1.75,1.12
2016.05.27 13:39:38.650,0.87682,0.8772,1.75,1.37
2016.05.27 13:39:38.801,0.87683,0.87719,1.00,1.37
2016.05.27 13:39:39.318,0.87682,0.87719,1.75,1.37
2016.05.27 13:39:40.096,0.87682,0.87719,1.75,1.37
2016.05.27 13:39:41.823,0.87682,0.87719,1.87,1.12
2016.05.27 13:39:42.226,0.87685,0.87723,1.37,1.87
2016.05.27 13:39:42.407,0.87682,0.87718,1.87,1.00
2016.05.27 13:39:42.508,0.87682,0.87719,1.12,1.37
2016.05.27 13:39:46.211,0.87681,0.87719,1.37,1.37
2016.05.27 13:39:46.412,0.87681,0.87719,1.37,1.12
2016.05.27 13:39:46.931,0.87682,0.87718,1.37,1.12
2016.05.27 13:39:47.833,0.87681,0.87719,1.37,1.00
2016.05.27 13:39:48.239,0.87682,0.87718,1.37,1.00
2016.05.27 13:39:49.019,0.87682,0.87718,1.37,1.00
2016.05.27 13:39:49.336,0.87682,0.87718,1.37,1.00
2016.05.27 13:39:49.548,0.87686,0.87723,1.37,1.37
2016.05.27 13:39:49.637,0.87683,0.87719,1.37,1.00
2016.05.27 13:39:49.738,0.87683,0.87719,1.37,1.00
2016.05.27 13:39:50.339,0.87684,0.8772,1.12,1.00
2016.05.27 13:39:50.903,0.87684,0.87719,1.12,1.00
2016.05.27 13:39:51.004,0.87684,0.8772,1.12,1.37
2016.05.27 13:39:51.154,0.87684,0.87719,1.37,1.37
2016.05.27 13:39:53.124,0.87682,0.87719,1.37,1.37
2016.05.27 13:39:53.446,0.87681,0.8772,1.37,1.37
2016.05.27 13:39:55.249,0.87682,0.87719,1.37,1.37
2016.05.27 13:39:55.951,0.87682,0.87719,1.37,1.37
2016.05.27 13:39:56.294,0.87681,0.8772,1.37,1.37
2016.05.27 13:39:57.254,0.87682,0.87719,1.37,1.37
2016.05.27 13:39:57.855,0.87681,0.8772,1.37,1.12
2016.05.27 13:39:58.753,0.87681,0.8772,1.37,1.37
2016.05.27 13:40:01.780,0.87681,0.8772,1.37,1.00
2016.05.27 13:40:02.310,0.87681,0.8772,1.37,1.00
2016.05.27 13:40:02.720,0.87679,0.87714,1.37,1.00
2016.05.27 13:40:03.222,0.87682,0.87718,1.87,1.00
2016.05.27 13:40:03.323,0.87681,0.87719,1.87,1.00
2016.05.27 13:40:03.610,0.87682,0.87718,1.37,1.12
2016.05.27 13:40:03.711,0.87681,0.87719,1.50,1.00
2016.05.27 13:40:04.014,0.87682,0.87718,1.37,1.00
2016.05.27 13:40:04.574,0.87681,0.87719,1.50,1.00
2016.05.27 13:40:05.183,0.87682,0.87718,1.37,1.00
2016.05.27 13:40:05.419,0.87681,0.87719,1.87,1.00
2016.05.27 13:40:07.589,0.87682,0.87718,1.87,1.00
2016.05.27 13:40:08.118,0.87682,0.87718,1.87,1.00
2016.05.27 13:40:08.488,0.87682,0.87719,1.12,1.12
2016.05.27 13:40:08.589,0.87682,0.87718,1.87,1.37
2016.05.27 13:40:09.090,0.87682,0.87718,1.87,1.12
2016.05.27 13:40:10.879,0.87683,0.87719,1.50,1.37
2016.05.27 13:40:11.390,0.87682,0.87718,2.62,1.12
2016.05.27 13:40:11.973,0.87683,0.87719,1.00,1.37
2016.05.27 13:40:12.298,0.87682,0.87718,1.87,1.37
2016.05.27 13:40:13.951,0.87681,0.87719,1.37,1.87
2016.05.27 13:40:14.001,0.87682,0.87718,1.37,1.37
2016.05.27 13:40:14.600,0.87681,0.87719,1.37,1.87
2016.05.27 13:40:15.346,0.87681,0.87719,1.37,1.37
2016.05.27 13:40:16.247,0.87681,0.87709,1.37,1.00
2016.05.27 13:40:16.448,0.87675,0.87709,1.37,1.00
2016.05.27 13:40:16.752,0.87679,0.87715,1.37,1.37
2016.05.27 13:40:17.502,0.87679,0.87715,1.37,1.37
2016.05.27 13:40:18.015,0.87678,0.87716,2.25,1.12
2016.05.27 13:40:18.107,0.87678,0.87716,2.25,1.37
2016.05.27 13:40:18.708,0.87679,0.87715,1.37,1.37
2016.05.27 13:40:19.009,0.87678,0.87708,1.12,1.00
2016.05.27 13:40:19.110,0.87673,0.87708,1.37,1.12
2016.05.27 13:40:19.211,0.87673,0.87708,1.87,1.00
2016.05.27 13:40:19.758,0.87673,0.87708,1.87,1.00
2016.05.27 13:40:20.412,0.87673,0.87711,1.37,1.37
2016.05.27 13:40:21.235,0.87674,0.8771,1.37,1.37
2016.05.27 13:40:21.566,0.87674,0.87708,1.37,1.00
2016.05.27 13:40:21.736,0.87674,0.87708,1.37,1.37
2016.05.27 13:40:22.738,0.87674,0.8771,1.12,1.37
2016.05.27 13:40:23.119,0.87674,0.8771,1.00,1.37
2016.05.27 13:40:23.347,0.87672,0.87706,1.00,1.12
2016.05.27 13:40:23.594,0.87673,0.87706,1.37,1.00
2016.05.27 13:40:23.645,0.87672,0.8771,3.37,1.00
2016.05.27 13:40:23.946,0.87673,0.87709,1.12,1.87
2016.05.27 13:40:23.997,0.87678,0.87709,1.00,1.87
2016.05.27 13:40:24.311,0.87677,0.87709,1.37,1.00
2016.05.27 13:40:24.653,0.87678,0.87714,1.37,1.00
2016.05.27 13:40:24.924,0.87677,0.87713,1.37,1.00
2016.05.27 13:40:25.024,0.87677,0.87713,1.37,1.12
2016.05.27 13:40:25.125,0.87676,0.87714,1.12,1.37
2016.05.27 13:40:25.226,0.87677,0.87713,1.37,1.00
2016.05.27 13:40:25.628,0.87676,0.87714,1.00,1.00
2016.05.27 13:40:26.427,0.87677,0.87713,1.00,1.00
2016.05.27 13:40:26.628,0.87678,0.87713,1.37,1.00
2016.05.27 13:40:27.135,0.87676,0.87714,1.87,1.00
2016.05.27 13:40:27.378,0.87678,0.87714,1.37,1.00
2016.05.27 13:40:27.496,0.87683,0.87714,1.00,1.00
2016.05.27 13:40:28.038,0.87677,0.87713,1.37,1.00
2016.05.27 13:40:28.340,0.87677,0.87713,1.00,1.37
2016.05.27 13:40:28.856,0.87677,0.87709,1.00,1.00
2016.05.27 13:40:28.967,0.87673,0.8771,1.12,1.87
2016.05.27 13:40:29.068,0.87673,0.87709,1.37,1.50
2016.05.27 13:40:29.858,0.87672,0.8771,1.37,1.87
2016.05.27 13:40:30.047,0.87673,0.87709,1.37,1.50
2016.05.27 13:40:30.670,0.87673,0.87703,1.37,1.00
2016.05.27 13:40:30.770,0.87673,0.87703,1.12,1.00
2016.05.27 13:40:31.192,0.87668,0.87703,2.62,1.00
2016.05.27 13:40:32.330,0.87668,0.87707,1.87,1.37
2016.05.27 13:40:32.381,0.87669,0.87706,1.37,1.00
2016.05.27 13:40:33.586,0.87673,0.87707,1.00,1.00
2016.05.27 13:40:35.267,0.87673,0.87706,1.12,1.12
2016.05.27 13:40:36.768,0.87673,0.87707,1.00,1.50
2016.05.27 13:40:37.304,0.87673,0.87706,1.12,1.12
2016.05.27 13:40:37.660,0.87668,0.87707,1.37,1.87
2016.05.27 13:40:38.156,0.87672,0.87706,1.00,1.37
2016.05.27 13:40:40.465,0.87672,0.87707,1.00,1.87
2016.05.27 13:40:40.976,0.87672,0.87706,1.12,1.37
2016.05.27 13:40:41.368,0.87672,0.87707,1.00,1.37
2016.05.27 13:40:42.200,0.87672,0.87706,1.37,1.12
2016.05.27 13:40:43.074,0.87673,0.87707,1.12,1.00
2016.05.27 13:40:43.575,0.87673,0.87709,1.00,1.37
2016.05.27 13:40:44.081,0.87673,0.87709,1.00,1.37
2016.05.27 13:40:44.177,0.87673,0.87709,1.50,1.87
2016.05.27 13:40:44.691,0.87673,0.87709,1.87,1.50
2016.05.27 13:40:45.480,0.87673,0.87709,1.87,1.50
2016.05.27 13:40:46.081,0.87673,0.8771,1.00,1.50
2016.05.27 13:40:46.282,0.87673,0.87705,1.00,1.37
2016.05.27 13:40:46.582,0.87673,0.87706,1.00,1.00
2016.05.27 13:40:46.834,0.87669,0.87705,1.00,1.00
2016.05.27 13:40:46.885,0.87673,0.87705,1.00,1.00
2016.05.27 13:40:47.015,0.87676,0.87712,1.00,1.50
2016.05.27 13:40:47.385,0.87681,0.87713,1.00,1.12
2016.05.27 13:40:47.587,0.87677,0.87712,1.00,1.00
2016.05.27 13:40:48.162,0.87677,0.87707,1.00,1.00
2016.05.27 13:40:48.388,0.87672,0.87707,1.50,1.00
2016.05.27 13:40:48.539,0.87673,0.87711,1.00,1.00
2016.05.27 13:40:49.340,0.87673,0.8771,1.50,1.00
2016.05.27 13:40:49.982,0.87673,0.8771,1.87,1.00
2016.05.27 13:40:50.536,0.87673,0.8771,1.87,1.00
2016.05.27 13:40:51.532,0.87673,0.87711,1.12,1.00
2016.05.27 13:40:52.296,0.87673,0.8771,1.87,1.00
2016.05.27 13:40:52.762,0.87673,0.87708,1.00,1.00
2016.05.27 13:40:53.405,0.87673,0.87707,1.00,1.00
2016.05.27 13:40:54.006,0.87673,0.87708,1.00,1.00
2016.05.27 13:40:55.654,0.87673,0.87707,1.00,1.00
2016.05.27 13:40:55.838,0.87673,0.8771,1.50,1.50
2016.05.27 13:40:56.373,0.87672,0.87707,1.00,1.00
2016.05.27 13:40:56.439,0.87672,0.87711,1.50,1.50
2016.05.27 13:40:56.963,0.87673,0.8771,1.12,1.12
2016.05.27 13:40:58.162,0.87673,0.87707,1.00,1.00
2016.05.27 13:40:58.673,0.87673,0.8771,1.00,1.12
2016.05.27 13:40:59.214,0.87672,0.87711,1.50,1.75
2016.05.27 13:40:59.844,0.87673,0.87711,1.00,1.75
2016.05.27 13:41:00.638,0.87672,0.87711,1.50,1.75
2016.05.27 13:41:01.419,0.87673,0.8771,1.50,1.50
2016.05.27 13:41:01.995,0.87673,0.87711,1.12,1.50
2016.05.27 13:41:02.435,0.87673,0.87711,1.37,1.50
2016.05.27 13:41:02.785,0.87677,0.87712,1.00,1.75
2016.05.27 13:41:02.922,0.87673,0.8771,1.00,1.12
2016.05.27 13:41:03.050,0.87673,0.87708,1.00,1.00
2016.05.27 13:41:03.574,0.87672,0.87711,1.50,1.50
2016.05.27 13:41:03.684,0.87672,0.87707,1.00,1.00
2016.05.27 13:41:04.237,0.87673,0.87707,1.00,1.00
2016.05.27 13:41:04.998,0.87672,0.87707,1.00,1.00
2016.05.27 13:41:05.529,0.87673,0.87708,1.50,1.00
2016.05.27 13:41:06.038,0.87673,0.87707,1.00,1.00
2016.05.27 13:41:06.407,0.87682,0.8771,1.00,1.00
2016.05.27 13:41:06.457,0.87683,0.87718,1.00,1.37
2016.05.27 13:41:09.187,0.87682,0.8772,1.50,1.75
2016.05.27 13:41:10.346,0.87683,0.87719,1.00,1.50
2016.05.27 13:41:11.643,0.87682,0.8772,1.50,1.75
2016.05.27 13:41:12.144,0.87683,0.87719,1.00,1.87
2016.05.27 13:41:12.645,0.87683,0.8772,1.00,1.75
2016.05.27 13:41:13.147,0.87682,0.8772,1.50,1.75
2016.05.27 13:41:13.888,0.87683,0.87719,1.50,1.87
2016.05.27 13:41:15.087,0.87682,0.87717,1.00,1.00
2016.05.27 13:41:15.953,0.87683,0.87719,1.00,1.87
2016.05.27 13:41:17.857,0.87682,0.8772,1.50,1.87
2016.05.27 13:41:18.661,0.87683,0.87719,1.00,1.87
2016.05.27 13:41:19.361,0.87682,0.8772,1.00,1.75
2016.05.27 13:41:19.714,0.87683,0.87719,1.00,1.00
2016.05.27 13:41:19.865,0.87687,0.87723,1.00,1.37
2016.05.27 13:41:20.072,0.87687,0.87723,1.00,1.87
2016.05.27 13:41:20.607,0.87687,0.87722,1.00,1.87
2016.05.27 13:41:20.707,0.87682,0.8772,1.00,1.00
2016.05.27 13:41:20.923,0.87682,0.87718,1.00,1.00
2016.05.27 13:41:21.468,0.87683,0.87718,1.00,1.00
2016.05.27 13:41:22.304,0.87682,0.87718,1.00,1.00
2016.05.27 13:41:22.670,0.87682,0.8772,1.12,1.00
2016.05.27 13:41:22.771,0.87687,0.87721,1.00,1.00
2016.05.27 13:41:23.277,0.87687,0.87722,1.00,1.00
2016.05.27 13:41:23.378,0.87686,0.87724,2.25,1.12
2016.05.27 13:41:23.904,0.87687,0.87723,1.00,1.00
2016.05.27 13:41:25.881,0.87686,0.87724,1.00,1.50
2016.05.27 13:41:26.181,0.87687,0.87723,1.00,1.50
2016.05.27 13:41:26.682,0.87687,0.87723,1.00,1.50
2016.05.27 13:41:26.984,0.87681,0.8772,1.50,1.00
2016.05.27 13:41:27.135,0.87682,0.87719,1.00,1.75
2016.05.27 13:41:27.995,0.87681,0.8772,1.00,1.75
2016.05.27 13:41:29.885,0.87682,0.8772,1.00,1.75
2016.05.27 13:41:30.124,0.87682,0.8772,1.00,1.75
2016.05.27 13:41:30.856,0.87681,0.8772,1.50,1.75
2016.05.27 13:41:31.379,0.87682,0.87719,1.87,1.50
2016.05.27 13:41:31.430,0.87686,0.87722,1.00,1.75
2016.05.27 13:41:31.739,0.87687,0.87723,1.00,1.50
2016.05.27 13:41:32.290,0.87687,0.87722,1.00,1.00
2016.05.27 13:41:32.942,0.87687,0.87723,1.00,1.00
2016.05.27 13:41:33.327,0.87687,0.87722,1.00,2.25
2016.05.27 13:41:34.444,0.87686,0.87722,1.00,2.25
2016.05.27 13:41:34.995,0.87687,0.87722,1.00,2.25
2016.05.27 13:41:35.945,0.87686,0.87722,1.00,2.25
2016.05.27 13:41:36.598,0.87687,0.87723,1.00,3.00
2016.05.27 13:41:36.845,0.87683,0.87719,1.00,1.50
2016.05.27 13:41:38.154,0.87683,0.87719,2.62,1.00
2016.05.27 13:41:38.355,0.87687,0.87721,1.00,1.87
2016.05.27 13:41:38.456,0.87683,0.87719,1.00,1.37
2016.05.27 13:41:38.557,0.87679,0.87715,1.00,1.00
2016.05.27 13:41:38.954,0.87675,0.87712,1.50,1.00
2016.05.27 13:41:39.260,0.87679,0.87715,1.00,1.75
2016.05.27 13:41:39.955,0.87678,0.87716,1.00,1.75
2016.05.27 13:41:40.264,0.87679,0.87715,1.37,1.75
2016.05.27 13:41:40.364,0.87678,0.87716,1.00,1.75
2016.05.27 13:41:41.308,0.87679,0.87715,1.00,1.75
2016.05.27 13:41:41.960,0.87684,0.8772,1.00,1.87
2016.05.27 13:41:42.561,0.87679,0.87718,1.00,1.12
2016.05.27 13:41:43.112,0.8768,0.87717,1.00,1.00
2016.05.27 13:41:43.849,0.8768,0.87717,1.00,1.37
2016.05.27 13:41:44.350,0.87679,0.87718,1.00,1.12
2016.05.27 13:41:44.940,0.8768,0.87717,1.00,1.50
2016.05.27 13:41:46.736,0.87683,0.87717,1.00,1.00
2016.05.27 13:41:46.974,0.87679,0.87715,1.00,1.00
2016.05.27 13:41:48.139,0.87678,0.87716,1.00,1.50
2016.05.27 13:41:48.665,0.87679,0.87715,1.00,1.12
2016.05.27 13:41:49.542,0.87678,0.87716,1.00,1.50
2016.05.27 13:41:50.075,0.87679,0.87715,1.00,1.50
2016.05.27 13:41:50.277,0.87683,0.87719,1.00,1.87
2016.05.27 13:41:50.673,0.87683,0.87717,1.00,2.62
2016.05.27 13:41:50.777,0.87677,0.87715,1.00,1.75
2016.05.27 13:41:51.868,0.87678,0.87715,1.00,1.75
2016.05.27 13:41:52.431,0.87677,0.87716,1.00,1.75
2016.05.27 13:41:52.985,0.87678,0.87715,1.12,1.12
2016.05.27 13:41:54.134,0.87677,0.87716,1.00,1.50
2016.05.27 13:41:54.856,0.87678,0.87715,1.12,1.12
2016.05.27 13:41:55.057,0.87678,0.87715,1.37,1.12
2016.05.27 13:41:55.687,0.87681,0.87719,1.00,1.75
2016.05.27 13:41:56.361,0.87682,0.87718,1.00,1.87
2016.05.27 13:41:57.563,0.87681,0.87719,1.00,1.87
2016.05.27 13:41:58.954,0.87681,0.87719,1.12,1.75
2016.05.27 13:41:59.491,0.87682,0.87718,1.00,1.75
2016.05.27 13:42:00.542,0.87678,0.87714,1.50,1.00
2016.05.27 13:42:00.601,0.87676,0.87714,1.87,1.00
2016.05.27 13:42:01.355,0.87676,0.87714,1.00,1.50
2016.05.27 13:42:02.006,0.87677,0.87713,1.00,1.12
2016.05.27 13:42:02.509,0.87677,0.87713,1.00,1.50
2016.05.27 13:42:03.778,0.87676,0.87713,1.00,1.00
2016.05.27 13:42:04.286,0.87677,0.87712,1.00,1.00
2016.05.27 13:42:07.905,0.87673,0.8771,2.62,1.00
2016.05.27 13:42:08.419,0.87675,0.87711,1.50,1.00
2016.05.27 13:42:08.531,0.87677,0.87711,1.00,1.00
2016.05.27 13:42:08.932,0.87675,0.8771,1.00,1.00
2016.05.27 13:42:09.250,0.87672,0.87711,2.25,1.12
2016.05.27 13:42:09.568,0.87672,0.87709,1.50,1.00
2016.05.27 13:42:10.187,0.87673,0.87709,1.00,1.00
2016.05.27 13:42:10.489,0.87678,0.87709,1.00,1.00
2016.05.27 13:42:11.070,0.87679,0.87715,1.00,1.50
2016.05.27 13:42:11.121,0.87677,0.87711,1.00,1.00
2016.05.27 13:42:11.435,0.87673,0.87707,1.00,1.00
2016.05.27 13:42:11.636,0.87671,0.87707,1.00,1.00
2016.05.27 13:42:12.385,0.8767,0.87706,1.37,1.00
2016.05.27 13:42:13.000,0.87671,0.87707,1.00,1.00
2016.05.27 13:42:13.538,0.87669,0.87706,1.12,1.00
2016.05.27 13:42:13.802,0.87668,0.87707,1.37,1.00
2016.05.27 13:42:13.903,0.87672,0.87711,1.00,1.75
2016.05.27 13:42:14.139,0.87673,0.8771,3.37,1.50
2016.05.27 13:42:14.503,0.87677,0.87712,1.00,1.87
2016.05.27 13:42:15.474,0.87677,0.87712,1.00,1.87
2016.05.27 13:42:16.007,0.87676,0.87713,1.00,1.87
2016.05.27 13:42:16.545,0.87677,0.87708,1.00,1.00
2016.05.27 13:42:16.809,0.87673,0.87708,1.50,1.00
2016.05.27 13:42:16.944,0.87674,0.8771,1.00,1.00
2016.05.27 13:42:17.146,0.87678,0.87713,1.00,1.00
2016.05.27 13:42:17.448,0.87682,0.87718,1.00,1.75
2016.05.27 13:42:18.334,0.87682,0.87719,1.37,1.75
2016.05.27 13:42:19.115,0.87681,0.87719,1.87,1.75
2016.05.27 13:42:19.616,0.87682,0.87718,1.87,1.75
2016.05.27 13:42:19.679,0.87682,0.87718,1.87,1.00
2016.05.27 13:42:20.047,0.87686,0.87722,1.00,1.87
2016.05.27 13:42:20.349,0.87683,0.87719,1.00,1.00
2016.05.27 13:42:21.159,0.87683,0.87718,1.87,1.00
2016.05.27 13:42:21.461,0.87681,0.87719,1.00,1.00
2016.05.27 13:42:22.155,0.87682,0.87718,1.00,1.12
2016.05.27 13:42:23.025,0.87681,0.87719,1.00,1.00
2016.05.27 13:42:23.570,0.87682,0.87718,1.00,1.00
2016.05.27 13:42:26.232,0.87681,0.87719,1.00,1.00
2016.05.27 13:42:26.733,0.87682,0.87718,1.00,1.00
2016.05.27 13:42:28.165,0.87681,0.87719,1.00,1.00
2016.05.27 13:42:28.903,0.87682,0.87718,1.00,1.00
2016.05.27 13:42:29.581,0.87681,0.87719,1.00,1.00
2016.05.27 13:42:30.073,0.87682,0.87718,1.87,1.00
2016.05.27 13:42:30.173,0.87687,0.87724,1.00,1.87
2016.05.27 13:42:30.442,0.8769,0.87724,1.00,1.00
2016.05.27 13:42:30.492,0.8769,0.87727,1.00,1.50
2016.05.27 13:42:31.484,0.87691,0.87727,1.00,1.50
2016.05.27 13:42:31.584,0.87686,0.87722,1.00,1.12
2016.05.27 13:42:31.786,0.87684,0.87723,1.00,1.87
2016.05.27 13:42:32.048,0.87689,0.87726,1.00,1.37
2016.05.27 13:42:32.471,0.87689,0.87726,1.00,1.00
2016.05.27 13:42:33.004,0.87689,0.87726,1.00,1.37
2016.05.27 13:42:33.155,0.87688,0.87727,1.00,1.87
2016.05.27 13:42:33.283,0.87689,0.87726,1.00,1.37
2016.05.27 13:42:33.564,0.87688,0.87727,1.00,1.00
2016.05.27 13:42:33.665,0.87694,0.8773,1.00,1.00
2016.05.27 13:42:33.968,0.87688,0.87726,1.00,1.00
2016.05.27 13:42:34.536,0.87689,0.87725,1.00,1.00
2016.05.27 13:42:35.107,0.87688,0.87726,1.00,1.12
2016.05.27 13:42:35.403,0.87689,0.87725,1.00,1.37
2016.05.27 13:42:35.504,0.87688,0.87726,1.00,1.50
2016.05.27 13:42:36.509,0.87689,0.87725,1.00,1.12
2016.05.27 13:42:36.669,0.87691,0.87729,1.00,1.00
2016.05.27 13:42:36.719,0.87691,0.87727,1.00,1.00
2016.05.27 13:42:37.171,0.87691,0.87729,1.00,1.00
2016.05.27 13:42:37.272,0.87687,0.87725,1.50,1.00
2016.05.27 13:42:37.805,0.87688,0.87724,1.00,1.00
2016.05.27 13:42:38.375,0.87687,0.87725,1.00,1.00
2016.05.27 13:42:38.877,0.87688,0.87724,1.00,1.00
2016.05.27 13:42:41.751,0.87689,0.87724,1.00,1.00
2016.05.27 13:42:41.902,0.87696,0.87733,1.00,1.12
2016.05.27 13:42:42.453,0.87695,0.87734,1.00,1.00
2016.05.27 13:42:43.292,0.87696,0.87733,1.00,1.12
2016.05.27 13:42:45.096,0.87695,0.87734,1.00,1.87
2016.05.27 13:42:45.798,0.87696,0.87733,1.00,1.37
2016.05.27 13:42:45.899,0.87695,0.87734,1.00,1.87
2016.05.27 13:42:46.099,0.87696,0.87733,1.00,1.37
2016.05.27 13:42:46.207,0.87692,0.8773,1.50,1.12
2016.05.27 13:42:46.712,0.87697,0.87732,1.00,1.75
2016.05.27 13:42:48.095,0.87697,0.87732,1.00,1.12
2016.05.27 13:42:48.716,0.87697,0.87733,1.00,1.00
2016.05.27 13:42:50.847,0.87693,0.87729,1.12,1.00
2016.05.27 13:42:54.152,0.87692,0.8773,1.50,1.00
2016.05.27 13:42:54.721,0.87693,0.87729,1.00,1.00
2016.05.27 13:42:55.228,0.87692,0.8773,1.87,1.00
2016.05.27 13:42:55.558,0.87695,0.87734,1.12,1.12
2016.05.27 13:42:55.825,0.87696,0.87733,1.37,1.00
2016.05.27 13:42:56.351,0.87695,0.87734,1.00,1.12
2016.05.27 13:42:56.902,0.87695,0.87734,1.00,1.37
2016.05.27 13:42:57.233,0.87693,0.8773,1.00,1.00
2016.05.27 13:42:57.934,0.87699,0.87734,1.00,1.00
2016.05.27 13:42:58.605,0.87699,0.87735,1.00,1.12
2016.05.27 13:42:59.750,0.87699,0.87735,1.00,1.37
2016.05.27 13:43:01.187,0.87699,0.87735,1.00,1.12
2016.05.27 13:43:01.825,0.87698,0.87736,1.00,1.37
2016.05.27 13:43:02.348,0.87698,0.87736,1.00,1.12
2016.05.27 13:43:03.056,0.87699,0.87735,1.00,1.12
2016.05.27 13:43:03.387,0.87699,0.87735,1.00,1.37
2016.05.27 13:43:03.578,0.87699,0.87735,1.00,1.87
2016.05.27 13:43:04.054,0.87695,0.87731,1.87,1.00
2016.05.27 13:43:04.634,0.87694,0.87732,1.37,1.00
2016.05.27 13:43:05.156,0.87694,0.87732,1.12,1.00
2016.05.27 13:43:05.676,0.87695,0.87731,1.00,1.00
2016.05.27 13:43:06.194,0.87695,0.87731,1.37,1.00
2016.05.27 13:43:06.728,0.87695,0.87731,1.00,1.37
2016.05.27 13:43:07.637,0.87694,0.87732,1.00,1.37
2016.05.27 13:43:09.064,0.87695,0.87731,1.00,1.12
2016.05.27 13:43:09.721,0.87697,0.87731,1.00,1.12
2016.05.27 13:43:10.268,0.87697,0.87732,1.00,1.00
2016.05.27 13:43:10.639,0.87694,0.87732,1.00,1.00
2016.05.27 13:43:11.170,0.87695,0.87731,1.00,1.00
2016.05.27 13:43:11.709,0.87694,0.87732,1.50,1.00
2016.05.27 13:43:12.976,0.87695,0.87731,1.37,1.00
2016.05.27 13:43:13.308,0.87694,0.87732,1.00,1.00
2016.05.27 13:43:14.401,0.87695,0.87731,1.00,1.00
2016.05.27 13:43:15.385,0.87694,0.87732,1.00,1.12
2016.05.27 13:43:15.485,0.87695,0.87731,1.00,1.37
2016.05.27 13:43:16.185,0.87695,0.87731,1.00,1.37
2016.05.27 13:43:16.418,0.87694,0.87732,1.00,1.00
2016.05.27 13:43:17.388,0.87694,0.87732,1.00,1.37
2016.05.27 13:43:18.309,0.87695,0.87731,1.00,1.12
2016.05.27 13:43:19.191,0.87693,0.87729,1.12,1.00
2016.05.27 13:43:20.009,0.87692,0.8773,1.37,1.00
2016.05.27 13:43:20.111,0.87696,0.87733,1.00,1.87
2016.05.27 13:43:20.211,0.87696,0.87733,1.00,1.87
2016.05.27 13:43:20.413,0.87693,0.8773,1.00,1.12
2016.05.27 13:43:20.514,0.87693,0.87729,1.00,1.37
2016.05.27 13:43:20.763,0.87688,0.87724,1.00,1.00
2016.05.27 13:43:20.914,0.8769,0.87729,1.00,2.25
2016.05.27 13:43:21.228,0.87691,0.87727,1.00,1.00
2016.05.27 13:43:23.932,0.87691,0.87728,1.00,1.00
2016.05.27 13:43:24.234,0.87698,0.87732,1.00,1.00
2016.05.27 13:43:24.461,0.87697,0.87735,1.50,1.50
2016.05.27 13:43:24.611,0.87697,0.87731,1.00,1.00
2016.05.27 13:43:24.789,0.87694,0.87731,1.12,1.00
2016.05.27 13:43:25.142,0.87697,0.87732,1.00,1.00
2016.05.27 13:43:25.343,0.87698,0.87734,1.00,1.00
2016.05.27 13:43:26.043,0.87698,0.87732,1.00,1.00
2016.05.27 13:43:26.618,0.87697,0.87732,1.00,1.00
2016.05.27 13:43:27.219,0.87698,0.87732,1.00,1.12
2016.05.27 13:43:27.520,0.87694,0.87731,1.87,1.37
2016.05.27 13:43:27.821,0.87694,0.87731,1.12,1.37
2016.05.27 13:43:28.322,0.8769,0.87728,1.75,1.00
2016.05.27 13:43:28.860,0.87691,0.87727,1.00,1.00
2016.05.27 13:43:29.949,0.87691,0.87727,1.00,1.37
2016.05.27 13:43:30.150,0.87685,0.87724,1.37,1.87
2016.05.27 13:43:30.828,0.87686,0.87723,1.12,1.37
2016.05.27 13:43:31.329,0.87682,0.8772,1.37,1.00
2016.05.27 13:43:32.231,0.87683,0.87719,1.37,1.12
2016.05.27 13:43:32.540,0.87679,0.87716,1.00,1.00
2016.05.27 13:43:33.953,0.87679,0.87715,1.12,1.00
2016.05.27 13:43:34.458,0.87678,0.87715,1.12,1.00
2016.05.27 13:43:34.538,0.87679,0.87715,1.37,1.50
2016.05.27 13:43:35.546,0.87679,0.87715,1.37,1.12
2016.05.27 13:43:35.638,0.87678,0.87715,1.12,1.00
2016.05.27 13:43:36.156,0.87678,0.87713,1.00,1.00
2016.05.27 13:43:37.643,0.87679,0.87713,1.00,1.50
2016.05.27 13:43:38.344,0.87679,0.87713,1.00,1.50
2016.05.27 13:43:41.350,0.87678,0.87713,1.00,1.50
2016.05.27 13:43:41.734,0.87675,0.87707,1.00,1.00
2016.05.27 13:43:41.784,0.8767,0.87707,1.37,1.87
2016.05.27 13:43:41.852,0.87669,0.87707,1.12,1.37
2016.05.27 13:43:41.953,0.8767,0.87707,1.37,1.87
2016.05.27 13:43:42.464,0.8767,0.87702,1.12,1.00
2016.05.27 13:43:42.971,0.8767,0.87706,1.12,2.25
2016.05.27 13:43:43.757,0.87669,0.87706,1.12,2.25
2016.05.27 13:43:44.372,0.8767,0.87703,1.12,1.75
2016.05.27 13:43:44.889,0.8767,0.87706,1.37,2.62
2016.05.27 13:43:45.461,0.87667,0.87703,1.37,1.75
2016.05.27 13:43:46.463,0.87667,0.87704,1.37,1.75
2016.05.27 13:43:46.998,0.8767,0.87706,1.12,1.00
2016.05.27 13:43:47.099,0.87673,0.87709,1.00,1.12
2016.05.27 13:43:47.668,0.8767,0.87706,1.00,1.12
2016.05.27 13:43:48.370,0.87669,0.87707,1.00,1.12
2016.05.27 13:43:50.875,0.87669,0.87707,1.00,1.37
2016.05.27 13:43:51.390,0.87669,0.87707,1.00,1.12
2016.05.27 13:43:51.929,0.8767,0.87706,1.00,1.00
2016.05.27 13:43:52.380,0.87665,0.87704,1.87,1.00
2016.05.27 13:43:52.985,0.87665,0.87704,1.87,1.00
2016.05.27 13:43:53.914,0.87666,0.87703,1.37,1.00
2016.05.27 13:43:54.216,0.87665,0.87704,1.37,1.12
2016.05.27 13:43:54.432,0.87666,0.87703,1.37,1.00
2016.05.27 13:43:54.533,0.8767,0.87706,1.37,1.50
2016.05.27 13:43:54.633,0.8767,0.87706,1.00,1.37
2016.05.27 13:43:54.686,0.87669,0.87707,1.12,2.62
2016.05.27 13:43:54.787,0.87674,0.87707,1.00,1.37
2016.05.27 13:43:54.920,0.87667,0.87705,1.37,1.12
2016.05.27 13:43:55.434,0.87668,0.87704,1.00,1.12
2016.05.27 13:43:55.935,0.87667,0.87705,1.00,1.00
2016.05.27 13:43:56.390,0.87668,0.87704,1.37,1.00
2016.05.27 13:43:56.933,0.87667,0.87704,1.00,1.37
2016.05.27 13:43:57.036,0.87662,0.877,1.87,1.12
2016.05.27 13:43:57.192,0.87662,0.87695,1.00,1.00
2016.05.27 13:43:57.300,0.87658,0.87696,3.37,1.00
2016.05.27 13:43:58.102,0.87658,0.87696,1.37,1.00
2016.05.27 13:43:58.304,0.87664,0.87701,1.37,1.37
2016.05.27 13:43:58.602,0.87663,0.87702,1.37,1.12
2016.05.27 13:43:58.936,0.87663,0.87702,1.37,1.37
2016.05.27 13:43:59.298,0.87664,0.87701,1.37,1.37
2016.05.27 13:43:59.399,0.87668,0.87703,1.00,1.37
2016.05.27 13:43:59.699,0.87669,0.87705,1.00,1.37
2016.05.27 13:43:59.941,0.87665,0.87701,1.00,1.37
2016.05.27 13:44:00.200,0.87664,0.87702,1.37,1.37
2016.05.27 13:44:00.300,0.87665,0.87701,1.37,1.37
2016.05.27 13:44:00.809,0.87665,0.87701,1.37,1.37
2016.05.27 13:44:02.304,0.87664,0.87702,1.00,1.37
2016.05.27 13:44:02.405,0.87664,0.87702,1.12,1.00
2016.05.27 13:44:02.632,0.87666,0.87702,1.37,1.00
2016.05.27 13:44:02.934,0.87671,0.87707,1.00,1.37
2016.05.27 13:44:03.035,0.87667,0.87705,1.37,1.87
2016.05.27 13:44:03.166,0.87668,0.87704,1.00,1.37
2016.05.27 13:44:03.345,0.87667,0.87705,1.12,1.37
2016.05.27 13:44:03.446,0.8767,0.87704,1.12,1.00
2016.05.27 13:44:03.547,0.87673,0.8771,1.37,1.37
2016.05.27 13:44:04.510,0.87673,0.8771,1.37,1.12
2016.05.27 13:44:04.912,0.87672,0.87711,1.50,1.37
2016.05.27 13:44:05.512,0.87673,0.8771,1.37,1.12
2016.05.27 13:44:05.945,0.87677,0.87714,1.00,1.87
2016.05.27 13:44:07.551,0.87676,0.87715,1.87,2.25
2016.05.27 13:44:07.652,0.87681,0.87717,1.00,1.87
2016.05.27 13:44:07.853,0.87677,0.87714,1.87,1.00
2016.05.27 13:44:08.719,0.87678,0.87714,1.00,1.50
2016.05.27 13:44:09.453,0.87677,0.87715,1.12,1.37
2016.05.27 13:44:11.625,0.87678,0.87714,1.00,1.37
2016.05.27 13:44:12.025,0.87677,0.87712,1.00,1.12
2016.05.27 13:44:12.357,0.87672,0.87708,1.37,1.00
2016.05.27 13:44:12.890,0.87672,0.87708,1.37,1.00
2016.05.27 13:44:13.132,0.87671,0.87709,1.37,1.00
2016.05.27 13:44:13.529,0.87671,0.87709,1.00,1.37
2016.05.27 13:44:13.889,0.87668,0.87706,1.87,1.00
2016.05.27 13:44:14.191,0.87676,0.87712,1.00,1.12
2016.05.27 13:44:14.492,0.87676,0.87712,1.00,1.37
2016.05.27 13:44:14.543,0.87675,0.87713,1.00,1.37
2016.05.27 13:44:15.052,0.87672,0.87709,1.12,1.00
2016.05.27 13:44:15.253,0.87673,0.87709,1.37,1.00
2016.05.27 13:44:15.664,0.87671,0.87709,1.87,1.00
2016.05.27 13:44:16.136,0.87672,0.87708,1.37,1.00
2016.05.27 13:44:17.061,0.87673,0.87708,1.37,1.00
2016.05.27 13:44:17.137,0.87673,0.87709,1.37,1.00
2016.05.27 13:44:17.671,0.87672,0.87708,1.37,1.37
2016.05.27 13:44:18.641,0.87671,0.87709,1.12,1.12
2016.05.27 13:44:19.143,0.87672,0.87708,1.37,1.37
2016.05.27 13:44:19.467,0.87672,0.87708,1.37,1.00
2016.05.27 13:44:19.582,0.87671,0.87709,1.37,1.00
2016.05.27 13:44:19.682,0.87676,0.87712,1.00,1.87
2016.05.27 13:44:20.244,0.87676,0.87712,1.00,2.62
2016.05.27 13:44:20.469,0.87675,0.87712,1.12,1.12
2016.05.27 13:44:21.147,0.87672,0.87709,1.37,1.12
2016.05.27 13:44:21.247,0.87671,0.8771,1.12,1.12
2016.05.27 13:44:22.249,0.87672,0.87709,1.37,1.37
2016.05.27 13:44:23.074,0.87671,0.8771,1.37,1.37
2016.05.27 13:44:23.752,0.87671,0.8771,1.12,1.37
2016.05.27 13:44:23.853,0.87672,0.87709,1.00,1.37
2016.05.27 13:44:24.554,0.87669,0.87705,1.37,1.12
2016.05.27 13:44:24.956,0.87669,0.87705,1.37,1.00
2016.05.27 13:44:26.259,0.87672,0.8771,1.37,1.37
2016.05.27 13:44:26.360,0.87673,0.87709,1.37,1.37
2016.05.27 13:44:26.710,0.87672,0.8771,1.37,1.00
2016.05.27 13:44:26.988,0.87673,0.87709,1.37,1.00
2016.05.27 13:44:27.964,0.87673,0.87709,1.87,1.00
2016.05.27 13:44:30.175,0.87673,0.8771,1.12,1.00
2016.05.27 13:44:30.485,0.87677,0.87713,1.37,1.12
2016.05.27 13:44:30.586,0.87677,0.87713,1.00,1.37
2016.05.27 13:44:30.921,0.87673,0.87709,1.37,1.00
2016.05.27 13:44:31.426,0.87672,0.87708,1.87,1.00
2016.05.27 13:44:31.947,0.87671,0.87709,1.87,1.00
2016.05.27 13:44:32.627,0.87671,0.87709,1.12,1.00
2016.05.27 13:44:32.780,0.87672,0.87708,1.37,1.00
2016.05.27 13:44:32.889,0.87671,0.87709,1.12,1.00
2016.05.27 13:44:33.490,0.87672,0.87708,1.12,1.12
2016.05.27 13:44:34.869,0.87671,0.87709,1.00,1.37
2016.05.27 13:44:35.398,0.87671,0.87709,1.37,1.12
2016.05.27 13:44:36.056,0.87672,0.87708,1.50,1.37
2016.05.27 13:44:36.107,0.87672,0.87709,1.00,1.37
2016.05.27 13:44:36.394,0.87672,0.87708,1.50,1.37
2016.05.27 13:44:39.704,0.87671,0.87709,1.50,1.37
2016.05.27 13:44:39.804,0.87672,0.87708,1.00,1.37
2016.05.27 13:44:40.306,0.87672,0.87708,1.12,1.37
2016.05.27 13:44:42.353,0.87672,0.87708,1.00,1.37
2016.05.27 13:44:42.860,0.87671,0.87709,1.00,1.37
2016.05.27 13:44:43.463,0.87672,0.87708,1.00,1.37
2016.05.27 13:44:43.865,0.87672,0.87707,1.00,1.12
2016.05.27 13:44:44.395,0.87671,0.87708,1.00,1.87
2016.05.27 13:44:44.445,0.87667,0.87704,1.12,1.12
2016.05.27 13:44:44.717,0.87667,0.87702,1.12,1.00
2016.05.27 13:44:45.018,0.87663,0.87698,1.00,1.00
2016.05.27 13:44:45.249,0.87658,0.87696,1.87,1.00
2016.05.27 13:44:45.450,0.87659,0.87695,1.87,1.00
2016.05.27 13:44:45.533,0.87664,0.877,1.12,1.75
2016.05.27 13:44:45.967,0.87664,0.877,1.37,1.50
2016.05.27 13:44:46.543,0.87667,0.87702,1.12,1.37
2016.05.27 13:44:46.874,0.87663,0.87699,1.12,1.37
2016.05.27 13:44:46.937,0.87663,0.87699,1.12,1.37
2016.05.27 13:44:47.512,0.87662,0.87696,1.00,1.37
2016.05.27 13:44:48.141,0.87661,0.87697,1.37,1.12
2016.05.27 13:44:48.590,0.87661,0.87696,1.37,1.37
2016.05.27 13:44:49.145,0.8766,0.87696,1.50,1.37
2016.05.27 13:44:49.725,0.87659,0.87697,1.87,1.37
2016.05.27 13:44:50.061,0.87664,0.87698,1.12,1.00
2016.05.27 13:44:50.262,0.87659,0.87695,1.12,1.50
2016.05.27 13:44:50.587,0.87659,0.87695,1.37,1.12
2016.05.27 13:44:50.978,0.87662,0.87699,1.12,1.12
2016.05.27 13:44:51.148,0.87663,0.87698,1.37,1.12
2016.05.27 13:44:51.377,0.87662,0.877,1.37,1.12
2016.05.27 13:44:51.478,0.87663,0.87699,1.37,1.12
2016.05.27 13:44:51.683,0.87662,0.877,1.37,1.12
2016.05.27 13:44:52.452,0.87662,0.877,1.12,1.12
2016.05.27 13:44:52.872,0.87663,0.87699,1.12,1.37
2016.05.27 13:44:53.381,0.87662,0.877,1.00,1.12
2016.05.27 13:44:53.855,0.87663,0.87699,1.37,1.00
2016.05.27 13:44:54.164,0.87662,0.877,1.00,1.12
2016.05.27 13:44:54.858,0.87663,0.87699,1.00,1.37
2016.05.27 13:44:56.592,0.87663,0.87699,1.00,1.37
2016.05.27 13:44:57.138,0.87662,0.877,1.00,1.87
2016.05.27 13:44:57.641,0.87663,0.87699,1.00,1.37
2016.05.27 13:44:57.691,0.87662,0.877,1.12,1.37
2016.05.27 13:44:57.978,0.87663,0.87699,1.37,1.12
2016.05.27 13:44:58.480,0.87663,0.87699,1.12,1.37
2016.05.27 13:44:58.581,0.87663,0.87699,1.00,1.12
2016.05.27 13:44:59.132,0.87662,0.877,1.00,1.37
2016.05.27 13:44:59.394,0.87663,0.87699,1.37,1.37
2016.05.27 13:44:59.693,0.87662,0.87697,1.00,1.00
2016.05.27 13:44:59.894,0.87658,0.87694,1.37,1.00
2016.05.27 13:45:00.196,0.87658,0.87695,1.37,1.00
2016.05.27 13:45:00.536,0.87663,0.87699,1.37,1.87
2016.05.27 13:45:00.796,0.87662,0.87699,1.12,1.12
2016.05.27 13:45:01.083,0.87656,0.87694,1.87,1.12
2016.05.27 13:45:01.284,0.87658,0.87693,1.37,1.00
2016.05.27 13:45:01.490,0.87663,0.87699,1.00,2.62
2016.05.27 13:45:01.691,0.87663,0.87699,1.87,1.00
2016.05.27 13:45:01.800,0.87667,0.87703,1.00,1.87
2016.05.27 13:45:02.351,0.87667,0.87703,1.12,1.87
2016.05.27 13:45:02.743,0.87666,0.87703,1.00,1.37
2016.05.27 13:45:03.045,0.87667,0.87703,1.00,1.87
2016.05.27 13:45:03.334,0.87668,0.87703,1.00,1.87
2016.05.27 13:45:04.503,0.87668,0.87703,1.00,1.87
2016.05.27 13:45:04.605,0.87663,0.87699,1.37,1.00
2016.05.27 13:45:04.706,0.87663,0.87699,1.00,1.37
2016.05.27 13:45:04.907,0.87661,0.87699,1.00,1.37
2016.05.27 13:45:05.008,0.87662,0.87699,1.00,1.37
2016.05.27 13:45:05.551,0.87657,0.87694,1.12,1.37
2016.05.27 13:45:05.806,0.87657,0.87694,1.12,1.37
2016.05.27 13:45:05.907,0.87658,0.87695,1.00,1.12
2016.05.27 13:45:06.834,0.87658,0.87695,1.00,1.37
2016.05.27 13:45:07.209,0.87658,0.87694,1.00,1.37
2016.05.27 13:45:07.310,0.87657,0.87694,1.37,1.12
2016.05.27 13:45:08.814,0.87658,0.87695,1.00,1.37
2016.05.27 13:45:09.414,0.87658,0.87695,1.00,1.37
2016.05.27 13:45:09.515,0.87658,0.87694,1.00,1.37
2016.05.27 13:45:09.816,0.87653,0.87689,1.50,1.37
2016.05.27 13:45:10.154,0.87653,0.87689,1.37,1.12
2016.05.27 13:45:10.673,0.87652,0.8769,1.37,1.12
2016.05.27 13:45:10.923,0.87648,0.87685,1.12,1.12
2016.05.27 13:45:11.721,0.87648,0.87684,1.87,1.37
2016.05.27 13:45:12.286,0.87648,0.87684,2.25,1.37
2016.05.27 13:45:12.437,0.87646,0.87684,1.00,1.87
2016.05.27 13:45:12.538,0.87647,0.87683,1.00,1.37
2016.05.27 13:45:12.638,0.87647,0.87683,1.00,1.12
2016.05.27 13:45:12.739,0.87647,0.87683,1.37,1.00
2016.05.27 13:45:12.840,0.8765,0.87688,1.00,2.25
2016.05.27 13:45:13.041,0.87647,0.87683,1.37,1.00
2016.05.27 13:45:13.379,0.87655,0.87689,1.00,2.25
2016.05.27 13:45:13.530,0.8765,0.87688,1.37,1.00
2016.05.27 13:45:14.031,0.87651,0.87688,1.12,1.50
2016.05.27 13:45:17.237,0.8765,0.87689,1.12,1.12
2016.05.27 13:45:17.738,0.87651,0.87688,1.00,1.37
2016.05.27 13:45:17.839,0.8765,0.87689,1.37,1.12
2016.05.27 13:45:18.040,0.87651,0.87688,1.37,1.00
2016.05.27 13:45:18.141,0.8765,0.87689,1.00,1.37
2016.05.27 13:45:18.786,0.87648,0.87684,1.37,1.00
2016.05.27 13:45:19.242,0.87648,0.87685,1.37,1.00
2016.05.27 13:45:19.343,0.87651,0.87688,1.37,1.12
2016.05.27 13:45:20.044,0.8765,0.87689,1.00,1.37
2016.05.27 13:45:20.145,0.87648,0.87684,1.37,1.00
2016.05.27 13:45:20.946,0.87647,0.87685,1.37,1.00
2016.05.27 13:45:21.295,0.87653,0.87689,1.00,1.37
2016.05.27 13:45:21.497,0.87648,0.87687,1.37,1.37
2016.05.27 13:45:21.549,0.87649,0.87686,1.00,1.37
2016.05.27 13:45:22.072,0.87653,0.87687,1.00,1.37
2016.05.27 13:45:22.173,0.87649,0.87686,1.00,1.37
2016.05.27 13:45:22.274,0.87648,0.87687,1.00,1.37
2016.05.27 13:45:22.325,0.87648,0.87685,1.00,1.12
2016.05.27 13:45:22.753,0.87645,0.87683,1.37,1.50
2016.05.27 13:45:23.293,0.87646,0.87682,1.37,1.00
2016.05.27 13:45:24.043,0.87646,0.87682,1.37,1.00
2016.05.27 13:45:24.556,0.87645,0.87683,1.37,1.00
2016.05.27 13:45:25.116,0.87646,0.87682,1.37,1.00
2016.05.27 13:45:25.358,0.87648,0.87687,1.12,1.87
2016.05.27 13:45:25.459,0.87652,0.87689,1.00,1.12
2016.05.27 13:45:25.987,0.87653,0.8769,1.00,1.37
2016.05.27 13:45:26.786,0.87653,0.8769,1.12,1.12
2016.05.27 13:45:28.165,0.87652,0.87691,1.12,1.00
2016.05.27 13:45:28.713,0.87652,0.87691,1.37,1.00
2016.05.27 13:45:29.115,0.87652,0.87687,1.00,1.00
2016.05.27 13:45:29.442,0.87646,0.87683,2.62,1.00
2016.05.27 13:45:29.493,0.87651,0.87688,1.00,1.00
2016.05.27 13:45:29.594,0.87651,0.87688,1.37,1.00
2016.05.27 13:45:29.796,0.8765,0.87689,1.37,1.00
2016.05.27 13:45:30.551,0.87651,0.87688,1.37,1.00
2016.05.27 13:45:30.872,0.8765,0.87689,1.37,1.00
2016.05.27 13:45:30.973,0.8765,0.87689,1.12,1.00
2016.05.27 13:45:31.074,0.87648,0.87684,1.87,1.00
2016.05.27 13:45:31.474,0.87654,0.8769,1.00,1.12
2016.05.27 13:45:32.004,0.87653,0.87691,1.00,1.87
2016.05.27 13:45:32.105,0.87648,0.87687,1.87,1.00
2016.05.27 13:45:32.677,0.87649,0.87686,1.37,1.00
2016.05.27 13:45:33.257,0.87649,0.87686,1.37,1.00
2016.05.27 13:45:33.985,0.87649,0.87686,1.37,1.00
2016.05.27 13:45:34.389,0.87654,0.87692,1.00,3.00
2016.05.27 13:45:34.602,0.87654,0.87691,1.00,1.37
2016.05.27 13:45:34.703,0.87649,0.87686,1.00,1.00
2016.05.27 13:45:34.904,0.87649,0.87686,1.37,1.00
2016.05.27 13:45:35.093,0.87653,0.8769,1.00,1.00
2016.05.27 13:45:36.470,0.87652,0.87691,1.00,1.12
2016.05.27 13:45:36.520,0.87653,0.87689,1.00,2.25
2016.05.27 13:45:36.722,0.87649,0.87686,1.00,1.12
2016.05.27 13:45:37.231,0.87653,0.87688,1.00,1.50
2016.05.27 13:45:37.781,0.87653,0.87689,1.50,4.12
2016.05.27 13:45:38.137,0.87653,0.87688,1.00,2.25
2016.05.27 13:45:38.238,0.87649,0.87686,1.00,1.12
2016.05.27 13:45:38.795,0.87648,0.87687,1.00,1.37
2016.05.27 13:45:39.345,0.87649,0.87686,1.00,1.12
2016.05.27 13:45:39.848,0.87648,0.87687,1.00,1.37
2016.05.27 13:45:40.413,0.87649,0.87686,1.00,1.12
2016.05.27 13:45:40.603,0.87653,0.87686,1.00,1.37
2016.05.27 13:45:41.292,0.87649,0.87686,1.00,1.37
2016.05.27 13:45:41.849,0.87648,0.87687,1.50,1.12
2016.05.27 13:45:42.001,0.87653,0.87689,1.00,1.00
2016.05.27 13:45:42.602,0.87652,0.87691,1.12,1.12
2016.05.27 13:45:43.304,0.87652,0.87691,1.00,1.37
2016.05.27 13:45:44.807,0.87653,0.8769,1.37,1.00
2016.05.27 13:45:44.908,0.87652,0.87691,1.00,1.12
2016.05.27 13:45:45.418,0.87653,0.8769,1.12,1.00
2016.05.27 13:45:46.760,0.87652,0.87691,1.00,1.00
2016.05.27 13:45:47.859,0.87652,0.87691,1.87,1.00
2016.05.27 13:45:48.411,0.87653,0.8769,1.87,1.00
2016.05.27 13:45:48.927,0.87652,0.87691,1.37,1.00
2016.05.27 13:45:50.364,0.87653,0.8769,1.37,1.00
2016.05.27 13:45:50.465,0.87659,0.87695,1.00,1.12
2016.05.27 13:45:50.654,0.87659,0.87695,1.00,1.37
2016.05.27 13:45:50.855,0.87654,0.8769,1.12,1.00
2016.05.27 13:45:51.529,0.87654,0.8769,1.00,1.37
2016.05.27 13:45:51.930,0.87653,0.87691,1.50,1.00
2016.05.27 13:45:52.494,0.87653,0.87691,1.50,1.37
2016.05.27 13:45:52.766,0.87658,0.87694,1.50,1.50
2016.05.27 13:45:52.968,0.87652,0.87689,1.00,1.00
2016.05.27 13:45:53.514,0.87652,0.87688,1.00,2.25
2016.05.27 13:45:53.636,0.87651,0.87688,1.00,1.87
2016.05.27 13:45:54.065,0.87651,0.87689,1.00,2.62
2016.05.27 13:45:54.720,0.87652,0.87688,1.00,2.62
2016.05.27 13:45:54.921,0.87651,0.87689,1.37,1.00
2016.05.27 13:45:54.971,0.87652,0.87688,1.00,1.37
2016.05.27 13:45:55.471,0.8765,0.87685,1.00,1.00
2016.05.27 13:45:56.073,0.8765,0.87684,1.37,1.00
2016.05.27 13:45:56.174,0.87651,0.8769,1.37,1.87
2016.05.27 13:45:56.275,0.87652,0.87689,1.37,1.37
2016.05.27 13:45:56.824,0.87651,0.8769,1.37,2.62
2016.05.27 13:45:57.430,0.87652,0.87689,1.12,1.00
2016.05.27 13:45:57.976,0.87652,0.87689,1.37,1.37
2016.05.27 13:45:58.253,0.87651,0.8769,1.87,1.12
2016.05.27 13:45:58.774,0.87651,0.8769,1.37,1.12
2016.05.27 13:45:58.856,0.87652,0.87689,1.37,1.12
2016.05.27 13:45:59.257,0.87651,0.8769,1.12,1.12
2016.05.27 13:45:59.980,0.87652,0.87689,1.12,1.37
2016.05.27 13:46:00.121,0.87651,0.8769,1.37,1.00
2016.05.27 13:46:00.172,0.87656,0.87692,1.00,1.87
2016.05.27 13:46:00.373,0.87652,0.87689,1.00,1.12
2016.05.27 13:46:01.081,0.87651,0.8769,1.00,1.37
2016.05.27 13:46:01.763,0.87652,0.87689,1.12,1.37
2016.05.27 13:46:02.293,0.87651,0.8769,1.00,1.37
2016.05.27 13:46:02.875,0.87651,0.8769,1.50,1.00
2016.05.27 13:46:02.976,0.87651,0.8769,1.50,1.37
2016.05.27 13:46:03.077,0.87652,0.87689,1.37,1.12
2016.05.27 13:46:03.338,0.87651,0.8769,1.12,1.37
2016.05.27 13:46:03.886,0.87652,0.8769,1.00,1.37
2016.05.27 13:46:05.590,0.87651,0.8769,1.37,1.00
2016.05.27 13:46:06.084,0.87652,0.87689,1.00,1.37
2016.05.27 13:46:06.670,0.87652,0.87689,1.00,1.37
2016.05.27 13:46:06.720,0.87651,0.8769,1.00,1.00
2016.05.27 13:46:06.886,0.87652,0.87689,1.00,1.37
2016.05.27 13:46:07.294,0.87651,0.8769,1.00,1.12
2016.05.27 13:46:07.795,0.87652,0.87689,1.00,1.37
2016.05.27 13:46:08.096,0.87648,0.87684,1.00,1.00
2016.05.27 13:46:08.647,0.87647,0.87685,1.87,1.00
2016.05.27 13:46:08.798,0.87651,0.8769,1.00,1.50
2016.05.27 13:46:08.996,0.87652,0.87689,1.00,1.37
2016.05.27 13:46:09.192,0.87647,0.87686,1.12,1.00
2016.05.27 13:46:09.994,0.87648,0.87685,1.37,1.00
2016.05.27 13:46:10.444,0.87652,0.87688,1.12,1.00
2016.05.27 13:46:10.746,0.87646,0.87685,1.00,1.12
2016.05.27 13:46:10.846,0.87647,0.87684,1.37,1.00
2016.05.27 13:46:11.148,0.87647,0.87684,1.87,1.00
2016.05.27 13:46:11.506,0.87648,0.87685,1.37,1.00
2016.05.27 13:46:11.843,0.87648,0.87685,1.37,1.00
2016.05.27 13:46:11.900,0.87653,0.87689,1.12,1.12
2016.05.27 13:46:12.308,0.87653,0.87689,1.37,1.00
2016.05.27 13:46:12.834,0.87652,0.8769,1.37,1.00
2016.05.27 13:46:13.244,0.87653,0.8769,1.87,1.00
2016.05.27 13:46:13.344,0.87658,0.87694,1.12,1.00
2016.05.27 13:46:14.006,0.87658,0.87694,1.50,2.62
2016.05.27 13:46:14.446,0.87657,0.87695,1.87,1.00
2016.05.27 13:46:14.648,0.87658,0.87693,1.87,1.00
2016.05.27 13:46:14.960,0.87653,0.8769,1.87,1.37
2016.05.27 13:46:15.413,0.87653,0.8769,1.37,1.50
2016.05.27 13:46:15.951,0.87657,0.87691,1.12,1.37
2016.05.27 13:46:16.467,0.87657,0.87693,1.37,1.87
2016.05.27 13:46:16.891,0.87657,0.87693,1.37,1.12
2016.05.27 13:46:17.549,0.87656,0.87694,1.37,1.00
2016.05.27 13:46:18.329,0.87664,0.877,1.00,1.87
2016.05.27 13:46:19.622,0.87664,0.87701,1.00,1.37
2016.05.27 13:46:20.221,0.87665,0.87701,1.00,1.37
2016.05.27 13:46:20.857,0.87665,0.87701,1.00,1.37
2016.05.27 13:46:21.361,0.87665,0.87701,1.00,2.62
2016.05.27 13:46:21.760,0.87659,0.87697,1.87,1.12
2016.05.27 13:46:21.963,0.8766,0.87696,1.12,1.37
2016.05.27 13:46:22.427,0.87659,0.87697,1.37,1.37
2016.05.27 13:46:22.729,0.87663,0.87696,1.00,1.37
2016.05.27 13:46:22.830,0.87659,0.87697,1.37,1.00
2016.05.27 13:46:23.132,0.87663,0.87696,1.00,1.00
2016.05.27 13:46:25.916,0.87662,0.87697,1.00,1.50
2016.05.27 13:46:26.252,0.87659,0.87697,1.00,1.50
2016.05.27 13:46:26.765,0.8766,0.87696,1.00,1.50
2016.05.27 13:46:27.290,0.8766,0.87696,1.12,1.12
2016.05.27 13:46:27.446,0.87666,0.877,1.00,1.12
2016.05.27 13:46:27.648,0.8766,0.87696,1.50,1.00
2016.05.27 13:46:27.749,0.87661,0.87697,1.00,1.87
2016.05.27 13:46:27.890,0.87661,0.87697,1.00,1.87
2016.05.27 13:46:28.270,0.87657,0.87693,1.37,1.00
2016.05.27 13:46:28.541,0.87661,0.87697,1.00,1.37
2016.05.27 13:46:28.743,0.87661,0.87697,1.37,1.00
2016.05.27 13:46:29.082,0.87665,0.877,1.00,1.12
2016.05.27 13:46:29.555,0.87661,0.87697,1.37,1.12
2016.05.27 13:46:29.997,0.87663,0.87702,1.12,1.37
2016.05.27 13:46:30.295,0.87664,0.87701,1.00,1.37
2016.05.27 13:46:30.650,0.87664,0.87701,1.12,1.37
2016.05.27 13:46:31.291,0.87663,0.87702,1.12,1.37
2016.05.27 13:46:31.698,0.87664,0.87701,1.12,1.37
2016.05.27 13:46:32.227,0.87664,0.87701,1.00,1.37
2016.05.27 13:46:32.729,0.87664,0.87701,1.00,1.37
2016.05.27 13:46:32.880,0.87661,0.87697,1.37,1.12
2016.05.27 13:46:33.655,0.8766,0.87698,1.37,1.12
2016.05.27 13:46:34.630,0.8766,0.87698,1.37,1.12
2016.05.27 13:46:35.058,0.87661,0.87697,1.37,1.00
2016.05.27 13:46:37.383,0.87661,0.87697,1.37,1.00
2016.05.27 13:46:37.707,0.87661,0.87698,1.12,1.37
2016.05.27 13:46:37.808,0.87656,0.87695,1.12,1.37
2016.05.27 13:46:38.111,0.87656,0.87695,1.37,1.12
2016.05.27 13:46:38.211,0.87661,0.87698,1.12,1.37
2016.05.27 13:46:39.716,0.87661,0.87698,1.00,1.87
2016.05.27 13:46:40.260,0.87658,0.87695,1.37,1.00
2016.05.27 13:46:40.310,0.87658,0.87695,1.12,1.00
2016.05.27 13:46:40.411,0.87658,0.87695,1.37,1.00
2016.05.27 13:46:40.512,0.87662,0.87698,1.12,1.37
2016.05.27 13:46:40.613,0.87661,0.87699,1.37,1.12
2016.05.27 13:46:40.814,0.87662,0.87698,1.37,1.37
2016.05.27 13:46:41.271,0.87661,0.87699,1.00,1.37
2016.05.27 13:46:41.573,0.87661,0.87699,1.00,1.37
2016.05.27 13:46:42.490,0.87661,0.87698,1.00,1.87
2016.05.27 13:46:42.998,0.87662,0.87698,1.00,1.37
2016.05.27 13:46:43.892,0.87662,0.87698,1.00,1.37
2016.05.27 13:46:44.044,0.87661,0.87699,1.00,1.37
2016.05.27 13:46:44.681,0.87661,0.87699,1.00,1.37
2016.05.27 13:46:45.096,0.87662,0.87698,1.00,1.37
2016.05.27 13:46:45.208,0.87661,0.87699,1.37,1.37
2016.05.27 13:46:45.532,0.87661,0.87698,1.00,2.25
2016.05.27 13:46:45.633,0.87657,0.87693,1.37,1.37
2016.05.27 13:46:45.734,0.87658,0.87696,1.37,1.12
2016.05.27 13:46:45.834,0.87656,0.87694,1.37,1.00
2016.05.27 13:46:45.935,0.87657,0.87693,1.87,1.00
2016.05.27 13:46:46.036,0.87656,0.87694,1.00,1.12
2016.05.27 13:46:46.548,0.87657,0.87693,1.00,1.37
2016.05.27 13:46:46.938,0.87653,0.87689,1.37,1.12
2016.05.27 13:46:47.516,0.87652,0.8769,1.12,1.12
2016.05.27 13:46:47.906,0.87653,0.87689,1.37,1.12
2016.05.27 13:46:48.551,0.87652,0.8769,1.00,1.12
2016.05.27 13:46:48.710,0.87652,0.8769,1.12,1.37
2016.05.27 13:46:49.341,0.87653,0.87689,1.37,1.12
2016.05.27 13:46:49.852,0.87653,0.87689,1.37,1.37
2016.05.27 13:46:50.344,0.87652,0.8769,1.37,1.12
2016.05.27 13:46:50.513,0.87653,0.87689,1.37,1.12
2016.05.27 13:46:50.614,0.87652,0.8769,1.37,1.87
2016.05.27 13:46:51.145,0.87652,0.87689,1.12,1.12
2016.05.27 13:46:51.216,0.87653,0.87689,1.12,1.87
2016.05.27 13:46:52.921,0.87652,0.87689,1.00,1.37
2016.05.27 13:46:53.560,0.87652,0.8769,1.37,1.37
2016.05.27 13:46:54.158,0.87653,0.87689,1.00,1.37
2016.05.27 13:46:55.256,0.87652,0.8769,1.00,1.37
2016.05.27 13:46:55.802,0.87652,0.8769,1.00,1.37
2016.05.27 13:46:56.330,0.87652,0.8769,1.00,1.12
2016.05.27 13:46:56.632,0.87652,0.8769,1.00,1.37
2016.05.27 13:46:57.264,0.87653,0.87689,1.00,1.37
2016.05.27 13:46:57.864,0.87652,0.8769,1.00,1.87
2016.05.27 13:46:58.402,0.87652,0.8769,1.00,1.87
2016.05.27 13:46:58.908,0.87653,0.87689,1.00,1.37
2016.05.27 13:46:59.455,0.87653,0.87689,1.00,1.37
2016.05.27 13:46:59.656,0.87653,0.87689,1.12,1.12
2016.05.27 13:46:59.957,0.87657,0.87693,1.37,1.00
2016.05.27 13:47:00.507,0.87656,0.87694,1.37,1.00
2016.05.27 13:47:00.858,0.87661,0.87697,1.00,1.37
2016.05.27 13:47:01.286,0.87657,0.87693,1.37,1.00
2016.05.27 13:47:01.387,0.87657,0.87693,1.37,1.00
2016.05.27 13:47:01.984,0.87657,0.87693,1.00,1.37
2016.05.27 13:47:02.085,0.87654,0.87689,1.00,1.00
2016.05.27 13:47:03.072,0.87653,0.87689,1.37,1.00
2016.05.27 13:47:03.681,0.87652,0.8769,1.87,1.00
2016.05.27 13:47:03.782,0.87653,0.87689,1.37,1.00
2016.05.27 13:47:03.883,0.87657,0.87693,1.00,1.37
2016.05.27 13:47:03.984,0.87656,0.87694,1.37,1.00
2016.05.27 13:47:04.084,0.87657,0.87693,1.00,1.37
2016.05.27 13:47:04.584,0.87653,0.87688,1.12,1.00
2016.05.27 13:47:04.684,0.87654,0.87691,1.12,1.37
2016.05.27 13:47:04.785,0.87653,0.87692,1.87,1.12
2016.05.27 13:47:05.288,0.87658,0.87694,1.00,1.00
2016.05.27 13:47:05.763,0.87659,0.87695,1.37,1.50
2016.05.27 13:47:06.595,0.87659,0.87695,1.37,1.50
2016.05.27 13:47:06.695,0.87658,0.87696,1.87,1.00
2016.05.27 13:47:07.167,0.87659,0.87695,1.00,1.37
2016.05.27 13:47:07.544,0.87653,0.87689,1.50,1.00
2016.05.27 13:47:07.696,0.87656,0.87693,1.37,1.00
2016.05.27 13:47:08.098,0.87661,0.87696,1.00,1.00
2016.05.27 13:47:08.702,0.87661,0.87698,1.00,1.12
2016.05.27 13:47:09.050,0.87662,0.87698,1.37,1.87
2016.05.27 13:47:09.861,0.87661,0.87699,1.12,1.87
2016.05.27 13:47:10.208,0.87661,0.87699,1.12,1.12
2016.05.27 13:47:11.204,0.87661,0.87699,1.00,1.37
2016.05.27 13:47:12.300,0.87661,0.87699,1.00,1.37
2016.05.27 13:47:12.401,0.87662,0.87698,1.37,1.00
2016.05.27 13:47:12.902,0.87661,0.87699,1.00,1.37
2016.05.27 13:47:13.003,0.87661,0.87699,1.00,1.12
2016.05.27 13:47:13.104,0.87662,0.87698,1.87,1.00
2016.05.27 13:47:13.204,0.87666,0.87704,1.00,1.37
2016.05.27 13:47:13.305,0.87663,0.87699,1.12,1.12
2016.05.27 13:47:13.713,0.87663,0.87699,1.00,1.37
2016.05.27 13:47:13.915,0.87662,0.877,1.00,1.37
2016.05.27 13:47:14.217,0.87662,0.877,1.00,1.37
2016.05.27 13:47:14.614,0.87663,0.87699,1.00,1.37
2016.05.27 13:47:15.189,0.87662,0.877,1.00,1.37
2016.05.27 13:47:15.816,0.87663,0.87699,1.00,1.37
2016.05.27 13:47:16.535,0.87662,0.877,1.00,1.37
2016.05.27 13:47:16.944,0.87667,0.87703,1.00,1.37
2016.05.27 13:47:18.119,0.87666,0.87704,1.00,1.87
2016.05.27 13:47:18.648,0.87659,0.87696,1.75,1.12
2016.05.27 13:47:19.202,0.87659,0.87696,1.75,1.37
2016.05.27 13:47:19.252,0.87659,0.87696,1.00,1.37
2016.05.27 13:47:19.302,0.87659,0.87696,1.00,1.37
2016.05.27 13:47:19.403,0.87659,0.87696,1.00,1.12
2016.05.27 13:47:20.004,0.87662,0.877,1.00,1.37
2016.05.27 13:47:20.613,0.87663,0.87699,1.12,1.12
2016.05.27 13:47:20.929,0.87663,0.87699,1.00,1.37
2016.05.27 13:47:21.029,0.87662,0.877,1.12,1.12
2016.05.27 13:47:21.130,0.87663,0.87699,1.37,1.00
2016.05.27 13:47:21.467,0.87662,0.877,1.00,1.37
2016.05.27 13:47:21.517,0.87658,0.87696,2.25,1.00
2016.05.27 13:47:21.719,0.87664,0.877,1.00,1.37
2016.05.27 13:47:22.142,0.87663,0.87701,1.00,1.37
2016.05.27 13:47:22.412,0.87669,0.87705,1.00,1.37
2016.05.27 13:47:23.025,0.87668,0.87706,1.00,1.37
2016.05.27 13:47:23.376,0.87669,0.87705,1.00,1.37
2016.05.27 13:47:23.919,0.87669,0.87705,1.00,1.87
2016.05.27 13:47:23.969,0.87669,0.87705,1.00,1.37
2016.05.27 13:47:24.020,0.87669,0.87705,1.00,1.87
2016.05.27 13:47:24.221,0.87669,0.87702,1.00,1.00
2016.05.27 13:47:24.498,0.87673,0.87707,1.00,1.75
2016.05.27 13:47:25.030,0.87672,0.87708,1.00,1.12
2016.05.27 13:47:25.131,0.87669,0.87706,1.12,1.75
2016.05.27 13:47:25.232,0.87673,0.87709,1.00,1.87
2016.05.27 13:47:25.458,0.87673,0.87709,1.00,1.12
2016.05.27 13:47:25.696,0.87673,0.87709,1.00,1.37
2016.05.27 13:47:26.232,0.87668,0.87707,1.00,1.00
2016.05.27 13:47:26.742,0.87668,0.87707,1.00,3.00
2016.05.27 13:47:27.143,0.87663,0.877,1.50,1.12
2016.05.27 13:47:27.686,0.87662,0.87701,1.00,1.12
2016.05.27 13:47:27.828,0.87663,0.877,1.00,1.37
2016.05.27 13:47:28.430,0.87662,0.87701,1.00,1.12
2016.05.27 13:47:28.983,0.87663,0.877,1.00,1.37
2016.05.27 13:47:29.489,0.87662,0.87701,1.00,1.37
2016.05.27 13:47:30.248,0.87663,0.877,1.00,1.37
2016.05.27 13:47:30.450,0.87658,0.87695,1.87,1.00
2016.05.27 13:47:30.670,0.87658,0.87695,1.87,1.00
2016.05.27 13:47:30.771,0.87665,0.87701,1.00,1.87
2016.05.27 13:47:34.364,0.87664,0.87701,1.00,1.37
2016.05.27 13:47:34.866,0.87664,0.87702,1.12,1.12
2016.05.27 13:47:35.767,0.87665,0.87701,1.12,1.00
2016.05.27 13:47:36.892,0.87665,0.87701,1.12,1.37
2016.05.27 13:47:37.271,0.87664,0.87702,1.00,1.12
2016.05.27 13:47:37.472,0.87661,0.87697,1.37,1.00
2016.05.27 13:47:37.573,0.87665,0.87701,1.37,1.00
2016.05.27 13:47:37.779,0.8767,0.87707,1.12,1.12
2016.05.27 13:47:37.880,0.87669,0.87708,1.00,1.37
2016.05.27 13:47:38.181,0.87666,0.87702,1.12,1.00
2016.05.27 13:47:38.721,0.87671,0.87707,1.00,1.37
2016.05.27 13:47:38.775,0.8767,0.87708,1.00,1.37
2016.05.27 13:47:39.276,0.8767,0.87708,1.12,1.12
2016.05.27 13:47:39.996,0.87671,0.87707,1.00,1.12
2016.05.27 13:47:40.529,0.8767,0.87708,1.00,1.37
2016.05.27 13:47:41.125,0.87671,0.87707,1.00,1.37
2016.05.27 13:47:41.831,0.8767,0.87708,1.00,1.37
2016.05.27 13:47:42.302,0.8767,0.87708,1.00,1.12
2016.05.27 13:47:42.884,0.87671,0.87707,1.12,1.12
2016.05.27 13:47:44.287,0.8767,0.87708,1.00,1.37
2016.05.27 13:47:44.388,0.87671,0.87707,1.00,1.37
2016.05.27 13:47:44.689,0.87671,0.87706,1.00,1.37
2016.05.27 13:47:45.429,0.87671,0.87707,1.00,1.37
2016.05.27 13:47:45.490,0.87671,0.87707,1.37,1.00
2016.05.27 13:47:45.590,0.87676,0.87712,1.00,1.37
2016.05.27 13:47:45.792,0.87676,0.87712,1.00,1.37
2016.05.27 13:47:46.192,0.87672,0.87709,1.00,1.37
2016.05.27 13:47:47.177,0.87672,0.87709,1.37,1.37
2016.05.27 13:47:48.528,0.87672,0.87709,1.37,1.37
2016.05.27 13:47:51.302,0.87672,0.87709,1.37,1.37
2016.05.27 13:47:51.403,0.87671,0.8771,1.37,1.12
2016.05.27 13:47:51.758,0.87671,0.87708,1.37,1.00
2016.05.27 13:47:51.910,0.87668,0.87705,1.37,1.12
2016.05.27 13:47:52.212,0.87667,0.87705,1.50,1.00
2016.05.27 13:47:52.439,0.87671,0.87708,1.12,1.12
2016.05.27 13:47:53.241,0.87671,0.87708,1.37,1.00
2016.05.27 13:47:53.408,0.87676,0.87713,1.37,2.25
2016.05.27 13:47:54.055,0.87677,0.87712,1.00,1.37
2016.05.27 13:47:54.693,0.87677,0.87713,1.00,1.87
2016.05.27 13:47:55.242,0.87676,0.87713,1.00,1.37
2016.05.27 13:47:55.347,0.87677,0.87713,1.00,1.87
2016.05.27 13:47:56.045,0.87677,0.87713,1.00,1.87
2016.05.27 13:47:56.146,0.87677,0.87712,1.00,1.12
2016.05.27 13:47:56.477,0.87679,0.87713,1.00,1.00
2016.05.27 13:47:56.628,0.87679,0.87717,1.12,1.50
2016.05.27 13:47:56.831,0.87679,0.87717,1.50,1.37
2016.05.27 13:47:57.132,0.87678,0.87713,1.00,1.37
2016.05.27 13:47:57.452,0.87677,0.87712,1.00,1.37
2016.05.27 13:47:57.559,0.87676,0.87712,1.00,1.37
2016.05.27 13:47:58.078,0.87677,0.87713,1.00,1.37
2016.05.27 13:47:58.229,0.87679,0.87716,1.00,1.12
2016.05.27 13:47:58.641,0.8768,0.87717,1.00,1.87
2016.05.27 13:47:58.742,0.87679,0.87717,1.00,1.37
2016.05.27 13:47:59.250,0.8768,0.87717,1.00,1.37
2016.05.27 13:47:59.958,0.8768,0.87717,1.00,1.87
2016.05.27 13:48:00.027,0.87679,0.87717,1.00,1.12
2016.05.27 13:48:01.931,0.8768,0.87717,1.00,1.87
2016.05.27 13:48:02.963,0.87679,0.87716,1.00,1.37
2016.05.27 13:48:03.064,0.87676,0.87714,1.50,1.37
2016.05.27 13:48:03.165,0.87676,0.87714,1.50,1.87
2016.05.27 13:48:03.735,0.87677,0.87713,1.12,1.87
2016.05.27 13:48:04.770,0.87673,0.8771,1.00,1.37
2016.05.27 13:48:05.940,0.87673,0.8771,1.00,1.00
2016.05.27 13:48:06.464,0.87673,0.8771,1.87,1.00
2016.05.27 13:48:06.716,0.87678,0.8771,1.00,1.00
2016.05.27 13:48:07.019,0.87672,0.87711,1.75,1.37
2016.05.27 13:48:07.070,0.87673,0.8771,1.75,1.12
2016.05.27 13:48:07.366,0.87678,0.87714,1.87,1.00
2016.05.27 13:48:07.668,0.87682,0.87718,1.00,1.87
2016.05.27 13:48:08.070,0.87682,0.87718,1.00,1.37
2016.05.27 13:48:08.572,0.87678,0.87715,1.00,1.12
2016.05.27 13:48:08.863,0.87684,0.87722,1.00,1.87
2016.05.27 13:48:09.203,0.87685,0.87721,1.00,1.37
2016.05.27 13:48:09.714,0.87684,0.87722,1.00,1.87
2016.05.27 13:48:10.324,0.87685,0.87721,1.00,1.37
2016.05.27 13:48:10.524,0.87679,0.87717,1.00,1.37
2016.05.27 13:48:10.574,0.87677,0.87714,1.12,1.37
2016.05.27 13:48:11.083,0.87678,0.87713,1.00,1.37
2016.05.27 13:48:11.285,0.87679,0.87717,1.12,1.87
2016.05.27 13:48:11.553,0.87683,0.87719,1.00,1.12
2016.05.27 13:48:11.603,0.87678,0.87712,1.00,1.00
2016.05.27 13:48:11.835,0.87676,0.87712,1.12,1.50
2016.05.27 13:48:12.378,0.87676,0.87712,1.37,1.00
2016.05.27 13:48:12.710,0.87679,0.87717,1.00,1.37
2016.05.27 13:48:12.980,0.8768,0.87716,1.00,1.37
2016.05.27 13:48:13.181,0.87671,0.87709,1.50,1.00
2016.05.27 13:48:13.690,0.87676,0.87712,1.00,1.37
2016.05.27 13:48:14.195,0.87672,0.87706,1.00,1.00
2016.05.27 13:48:14.477,0.87669,0.87707,1.00,1.37
2016.05.27 13:48:14.578,0.87673,0.87707,1.00,1.37
2016.05.27 13:48:14.779,0.8767,0.87706,1.00,1.37
2016.05.27 13:48:15.178,0.87669,0.87707,1.00,1.12
2016.05.27 13:48:15.379,0.8767,0.87706,1.00,1.37
2016.05.27 13:48:16.288,0.87669,0.87707,1.12,1.00
2016.05.27 13:48:16.844,0.87669,0.87707,1.37,1.00
2016.05.27 13:48:17.403,0.8767,0.87706,1.37,1.00
2016.05.27 13:48:17.937,0.8767,0.87706,1.37,1.00
2016.05.27 13:48:18.038,0.87673,0.8771,1.00,1.12
2016.05.27 13:48:18.088,0.87672,0.87711,1.37,1.00
2016.05.27 13:48:18.399,0.87673,0.87708,1.00,1.12
2016.05.27 13:48:19.300,0.87672,0.87708,1.00,1.12
2016.05.27 13:48:19.846,0.87671,0.87709,1.00,1.37
2016.05.27 13:48:20.092,0.87671,0.87709,1.00,1.12
2016.05.27 13:48:20.503,0.87672,0.87708,1.00,1.37
2016.05.27 13:48:20.704,0.87671,0.87709,1.37,1.00
2016.05.27 13:48:20.923,0.87672,0.87708,1.00,1.37
2016.05.27 13:48:21.246,0.87672,0.87705,1.12,1.00
2016.05.27 13:48:21.296,0.87672,0.87708,1.50,1.00
2016.05.27 13:48:21.498,0.87677,0.87704,1.00,1.00
2016.05.27 13:48:21.598,0.87672,0.87704,1.12,1.00
2016.05.27 13:48:21.649,0.87674,0.87704,1.00,1.00
2016.05.27 13:48:21.750,0.87672,0.87704,1.12,1.00
2016.05.27 13:48:23.100,0.87673,0.87704,1.00,1.00
2016.05.27 13:48:23.306,0.87672,0.8771,1.00,1.37
2016.05.27 13:48:23.611,0.87665,0.87703,1.50,1.37
2016.05.27 13:48:23.812,0.87665,0.87703,1.37,1.12
2016.05.27 13:48:24.184,0.87666,0.87702,1.37,1.37
2016.05.27 13:48:24.606,0.87665,0.87703,1.12,1.37
2016.05.27 13:48:24.808,0.87666,0.87702,1.12,1.37
2016.05.27 13:48:25.366,0.87665,0.87703,1.00,1.37
2016.05.27 13:48:25.980,0.87666,0.87702,1.12,1.37
2016.05.27 13:48:26.047,0.87665,0.87703,1.37,1.12
2016.05.27 13:48:26.109,0.87665,0.87703,1.00,1.37
2016.05.27 13:48:26.911,0.87665,0.87703,1.12,1.37
2016.05.27 13:48:27.418,0.87666,0.87702,1.00,1.87
2016.05.27 13:48:27.519,0.87661,0.87698,1.37,1.37
2016.05.27 13:48:27.744,0.87661,0.87698,1.37,1.37
2016.05.27 13:48:28.615,0.87661,0.87698,1.37,1.37
2016.05.27 13:48:28.716,0.87661,0.87698,1.00,1.37
2016.05.27 13:48:28.816,0.87657,0.87695,1.87,1.00
2016.05.27 13:48:29.222,0.87662,0.87698,1.37,1.37
2016.05.27 13:48:29.423,0.87662,0.87699,1.37,1.12
2016.05.27 13:48:29.741,0.87662,0.87699,1.87,1.87
2016.05.27 13:48:30.283,0.87662,0.87699,1.12,1.37
2016.05.27 13:48:30.434,0.87662,0.87699,1.37,1.12
2016.05.27 13:48:30.847,0.87661,0.87698,1.37,1.37
2016.05.27 13:48:31.322,0.8766,0.87699,1.37,1.37
2016.05.27 13:48:31.423,0.87661,0.87698,1.37,1.37
2016.05.27 13:48:32.725,0.8766,0.87699,1.37,1.37
2016.05.27 13:48:33.383,0.87661,0.87698,1.37,1.37
2016.05.27 13:48:33.929,0.87661,0.87698,1.12,1.37
2016.05.27 13:48:34.530,0.8766,0.87698,1.12,1.37
2016.05.27 13:48:34.631,0.87661,0.87698,1.37,1.87
2016.05.27 13:48:34.935,0.87656,0.87693,1.00,1.87
2016.05.27 13:48:35.232,0.87656,0.87693,1.00,1.37
2016.05.27 13:48:35.561,0.87657,0.87693,1.00,1.87
2016.05.27 13:48:36.101,0.87657,0.87693,1.00,1.87
2016.05.27 13:48:36.152,0.87656,0.87694,1.37,1.37
2016.05.27 13:48:36.845,0.87656,0.87694,1.37,1.37
2016.05.27 13:48:38.362,0.87656,0.87694,1.37,1.12
2016.05.27 13:48:38.604,0.87662,0.87694,1.00,1.12
2016.05.27 13:48:39.538,0.87658,0.87694,1.50,1.12
2016.05.27 13:48:39.706,0.87663,0.87694,1.00,1.12
2016.05.27 13:48:40.116,0.87656,0.87694,1.87,1.00
2016.05.27 13:48:40.167,0.87657,0.87693,1.75,1.37
2016.05.27 13:48:41.408,0.87658,0.87694,1.00,1.37
2016.05.27 13:48:41.709,0.87657,0.87693,1.12,1.37
2016.05.27 13:48:42.048,0.87655,0.87689,1.12,1.12
2016.05.27 13:48:42.550,0.87652,0.8769,1.50,1.00
2016.05.27 13:48:42.863,0.87662,0.87699,1.37,1.37
2016.05.27 13:48:42.964,0.87662,0.87699,1.12,1.87
2016.05.27 13:48:43.065,0.87662,0.87698,1.00,1.37
2016.05.27 13:48:43.271,0.87661,0.87699,1.00,1.37
2016.05.27 13:48:43.869,0.87661,0.877,1.00,1.87
2016.05.27 13:48:43.953,0.87658,0.87696,1.87,1.37
2016.05.27 13:48:44.461,0.87659,0.87695,1.00,1.87
2016.05.27 13:48:44.562,0.87655,0.87692,1.87,1.37
2016.05.27 13:48:45.006,0.87654,0.87693,1.00,1.37
2016.05.27 13:48:45.308,0.87651,0.87685,2.25,1.00
2016.05.27 13:48:45.567,0.87653,0.87689,1.00,1.00
2016.05.27 13:48:45.672,0.87653,0.87688,1.12,1.37
2016.05.27 13:48:45.858,0.87647,0.87684,1.50,1.37
2016.05.27 13:48:46.363,0.87646,0.87684,1.87,1.12
2016.05.27 13:48:47.363,0.87647,0.87683,2.62,1.00
2016.05.27 13:48:48.471,0.87648,0.87684,1.12,1.37
2016.05.27 13:48:48.773,0.87647,0.87683,1.37,1.12
2016.05.27 13:48:49.134,0.87648,0.87684,1.00,1.37
2016.05.27 13:48:49.335,0.87648,0.87684,1.00,1.37
2016.05.27 13:48:49.521,0.87648,0.87683,1.37,1.00
2016.05.27 13:48:49.826,0.87647,0.87683,1.37,1.37
2016.05.27 13:48:50.420,0.87646,0.87684,1.37,1.12
2016.05.27 13:48:50.666,0.87652,0.87689,1.00,1.87
2016.05.27 13:48:51.172,0.87652,0.87689,1.12,1.37
2016.05.27 13:48:51.523,0.87652,0.87689,1.00,1.37
2016.05.27 13:48:52.027,0.87653,0.87689,1.00,1.37
2016.05.27 13:48:53.542,0.87652,0.87689,1.00,1.37
2016.05.27 13:48:54.098,0.87651,0.87687,1.00,1.37
2016.05.27 13:48:54.530,0.87652,0.87689,1.12,1.37
2016.05.27 13:48:54.653,0.87652,0.87689,1.12,1.37
2016.05.27 13:48:54.703,0.87656,0.8769,1.37,1.00
2016.05.27 13:48:54.804,0.87661,0.87697,1.00,1.37
2016.05.27 13:48:55.331,0.87661,0.87697,1.00,1.37
2016.05.27 13:48:55.693,0.87661,0.87697,1.00,1.37
2016.05.27 13:48:55.744,0.8766,0.87698,1.00,1.37
2016.05.27 13:48:56.234,0.87661,0.87697,1.00,1.37
2016.05.27 13:48:56.550,0.87652,0.87688,1.50,1.37
2016.05.27 13:48:56.715,0.87652,0.87689,1.37,1.00
2016.05.27 13:48:58.309,0.87652,0.87688,1.87,1.00
2016.05.27 13:49:00.135,0.87652,0.87689,1.12,1.00
2016.05.27 13:49:00.552,0.87652,0.87688,1.00,1.37
2016.05.27 13:49:00.940,0.87652,0.87688,1.00,1.37
2016.05.27 13:49:01.215,0.87652,0.87688,1.00,1.37
2016.05.27 13:49:01.516,0.87652,0.87688,1.00,1.00
2016.05.27 13:49:02.041,0.87652,0.87689,1.12,1.00
2016.05.27 13:49:02.318,0.87651,0.87689,1.37,1.37
2016.05.27 13:49:03.104,0.87651,0.87689,1.37,1.37
2016.05.27 13:49:03.646,0.87652,0.87688,1.00,1.37
2016.05.27 13:49:04.023,0.87651,0.87689,1.37,1.37
2016.05.27 13:49:04.544,0.87652,0.87688,1.37,1.37
2016.05.27 13:49:05.729,0.87651,0.87689,1.37,1.12
2016.05.27 13:49:06.141,0.87651,0.87689,1.37,1.00
2016.05.27 13:49:06.947,0.87652,0.87688,1.37,1.37
2016.05.27 13:49:07.149,0.87651,0.87689,1.00,1.37
2016.05.27 13:49:07.350,0.87651,0.87689,1.00,1.37
2016.05.27 13:49:07.552,0.87651,0.87689,1.37,1.00
2016.05.27 13:49:07.747,0.87655,0.87694,1.00,2.62
2016.05.27 13:49:08.049,0.8766,0.87698,1.00,1.37
2016.05.27 13:49:08.360,0.87657,0.87694,1.12,1.37
2016.05.27 13:49:08.664,0.8766,0.87698,1.00,1.37
2016.05.27 13:49:09.185,0.8766,0.87699,1.00,1.87
2016.05.27 13:49:09.439,0.8766,0.87699,1.00,1.87
2016.05.27 13:49:10.013,0.87661,0.87698,1.00,1.37
2016.05.27 13:49:11.285,0.8766,0.87699,1.00,2.25
2016.05.27 13:49:11.566,0.87661,0.87698,1.00,1.37
2016.05.27 13:49:11.874,0.87661,0.87698,1.00,1.87
2016.05.27 13:49:11.974,0.87657,0.87695,1.00,1.37
2016.05.27 13:49:12.368,0.87658,0.87694,1.00,1.37
2016.05.27 13:49:12.969,0.87653,0.87691,1.50,1.00
2016.05.27 13:49:13.070,0.87654,0.8769,1.00,1.37
2016.05.27 13:49:13.171,0.87653,0.87691,1.87,1.00
2016.05.27 13:49:13.653,0.87654,0.8769,1.37,1.00
2016.05.27 13:49:13.955,0.87656,0.87695,1.00,1.87
2016.05.27 13:49:14.593,0.87656,0.87695,1.00,1.87
2016.05.27 13:49:14.694,0.87656,0.87693,1.00,1.37
2016.05.27 13:49:15.102,0.87658,0.87694,1.00,2.62
2016.05.27 13:49:15.203,0.87657,0.87694,1.00,1.00
2016.05.27 13:49:15.304,0.87663,0.87694,1.00,1.00
2016.05.27 13:49:15.843,0.87657,0.87694,1.87,1.00
2016.05.27 13:49:16.104,0.87653,0.87689,1.37,1.00
2016.05.27 13:49:16.205,0.87657,0.87695,1.12,1.50
2016.05.27 13:49:16.305,0.87658,0.87694,1.37,1.12
2016.05.27 13:49:16.848,0.87658,0.87694,1.12,1.50
2016.05.27 13:49:17.380,0.87658,0.87694,1.37,1.00
2016.05.27 13:49:17.893,0.87658,0.87694,1.87,1.00
2016.05.27 13:49:17.960,0.87658,0.87695,1.12,1.00
2016.05.27 13:49:18.150,0.87661,0.87699,1.00,1.12
2016.05.27 13:49:18.201,0.87662,0.87698,1.00,1.37
2016.05.27 13:49:19.183,0.87662,0.87698,1.00,1.37
2016.05.27 13:49:19.485,0.87655,0.87691,1.87,1.00
2016.05.27 13:49:19.787,0.87657,0.87696,1.12,1.00
2016.05.27 13:49:19.988,0.87657,0.87696,1.00,1.37
2016.05.27 13:49:20.563,0.87657,0.87696,1.00,1.37
2016.05.27 13:49:22.705,0.87657,0.87696,1.00,1.12
2016.05.27 13:49:23.087,0.87658,0.87695,1.12,1.37
2016.05.27 13:49:23.375,0.87662,0.877,1.00,1.00
2016.05.27 13:49:23.978,0.87663,0.87699,1.00,1.12
2016.05.27 13:49:25.078,0.87662,0.877,1.50,1.87
2016.05.27 13:49:25.178,0.87663,0.87699,1.00,1.37
2016.05.27 13:49:25.716,0.87663,0.87699,1.00,1.37
2016.05.27 13:49:26.264,0.87663,0.87698,1.00,1.37
2016.05.27 13:49:26.415,0.87658,0.87696,1.00,1.00
2016.05.27 13:49:27.014,0.87659,0.87695,1.12,1.00
2016.05.27 13:49:27.551,0.87658,0.87696,1.00,2.62
2016.05.27 13:49:27.702,0.87662,0.87699,1.00,1.00
2016.05.27 13:49:27.803,0.87662,0.87701,1.00,1.00
2016.05.27 13:49:28.004,0.87663,0.877,1.00,1.37
2016.05.27 13:49:28.105,0.87662,0.87701,1.00,1.87
2016.05.27 13:49:28.205,0.87658,0.87694,1.87,1.00
2016.05.27 13:49:28.753,0.87658,0.87694,1.00,1.00
2016.05.27 13:49:29.289,0.87658,0.87695,1.00,1.00
2016.05.27 13:49:30.422,0.87657,0.87695,1.12,1.00
2016.05.27 13:49:30.824,0.87657,0.87695,1.00,1.37
2016.05.27 13:49:31.141,0.87657,0.87695,1.00,1.00
2016.05.27 13:49:31.699,0.87662,0.87698,1.00,1.37
2016.05.27 13:49:32.249,0.87662,0.87698,1.00,1.87
2016.05.27 13:49:32.300,0.87661,0.87698,1.00,1.37
2016.05.27 13:49:32.401,0.87658,0.87694,1.00,1.12
2016.05.27 13:49:32.912,0.87658,0.87694,1.00,1.37
2016.05.27 13:49:33.014,0.87653,0.87691,1.87,1.12
2016.05.27 13:49:33.334,0.87658,0.8769,1.00,1.00
2016.05.27 13:49:33.435,0.8766,0.87696,1.00,1.37
2016.05.27 13:49:33.535,0.87654,0.87691,1.37,1.00
2016.05.27 13:49:33.636,0.87659,0.87695,1.00,1.50
2016.05.27 13:49:34.438,0.87658,0.87696,1.12,1.00
2016.05.27 13:49:34.978,0.87658,0.87696,1.37,1.00
2016.05.27 13:49:35.129,0.87659,0.87695,1.37,1.00
2016.05.27 13:49:35.518,0.87658,0.87696,1.87,1.00
2016.05.27 13:49:36.821,0.87659,0.87695,1.37,1.00
2016.05.27 13:49:36.922,0.87662,0.87695,1.00,1.00
2016.05.27 13:49:37.473,0.87663,0.87695,1.00,1.00
2016.05.27 13:49:38.048,0.87662,0.87695,1.00,1.00
2016.05.27 13:49:38.219,0.87659,0.87695,1.37,1.00
2016.05.27 13:49:38.418,0.87658,0.87696,1.00,1.37
2016.05.27 13:49:38.625,0.87659,0.87695,1.00,1.37
2016.05.27 13:49:38.814,0.87658,0.87696,1.50,1.12
2016.05.27 13:49:39.376,0.87659,0.87695,1.00,1.12
2016.05.27 13:49:39.516,0.87659,0.87695,1.00,1.37
2016.05.27 13:49:39.920,0.87659,0.87695,1.00,1.12
2016.05.27 13:49:40.025,0.87659,0.87695,1.37,1.00
2016.05.27 13:49:40.618,0.87659,0.87695,1.37,1.00
2016.05.27 13:49:41.234,0.87663,0.87695,1.00,1.00
2016.05.27 13:49:41.779,0.87659,0.87695,1.37,1.00
2016.05.27 13:49:42.038,0.87658,0.87696,1.37,1.00
2016.05.27 13:49:43.023,0.87658,0.87696,1.87,1.00
2016.05.27 13:49:43.333,0.87663,0.87699,1.12,1.00
2016.05.27 13:49:43.484,0.87665,0.87704,1.37,1.87
2016.05.27 13:49:43.535,0.87668,0.87703,1.00,1.00
2016.05.27 13:49:44.085,0.87666,0.87703,1.37,1.00
2016.05.27 13:49:44.788,0.87668,0.87703,1.00,1.00
2016.05.27 13:49:45.244,0.87663,0.87699,1.00,1.00
2016.05.27 13:49:45.345,0.87662,0.87695,1.00,1.00
2016.05.27 13:49:45.567,0.87663,0.87699,1.37,1.00
2016.05.27 13:49:45.671,0.87661,0.877,1.00,1.00
2016.05.27 13:49:45.772,0.87666,0.87702,1.00,1.37
2016.05.27 13:49:46.131,0.87666,0.87702,1.00,1.12
2016.05.27 13:49:46.279,0.87665,0.87703,1.00,1.87
2016.05.27 13:49:46.480,0.87663,0.87699,1.00,1.37
2016.05.27 13:49:46.994,0.87662,0.877,1.12,1.37
2016.05.27 13:49:47.534,0.87663,0.87699,1.87,1.00
2016.05.27 13:49:48.375,0.87663,0.877,1.00,1.00
2016.05.27 13:49:49.215,0.87663,0.87699,1.37,1.00
2016.05.27 13:49:50.077,0.87663,0.87699,1.12,1.12
2016.05.27 13:49:50.658,0.87662,0.877,1.00,1.00
2016.05.27 13:49:51.345,0.87663,0.877,1.00,1.00
2016.05.27 13:49:51.455,0.87665,0.877,1.00,1.00
2016.05.27 13:49:51.506,0.8767,0.87709,1.00,1.87
2016.05.27 13:49:52.008,0.8767,0.87705,1.00,1.00
2016.05.27 13:49:52.209,0.87667,0.87703,1.00,1.00
2016.05.27 13:49:52.887,0.87666,0.87704,1.00,1.00
2016.05.27 13:49:53.412,0.87667,0.87703,1.00,1.00
2016.05.27 13:49:54.073,0.87666,0.87704,1.12,1.00
2016.05.27 13:49:54.534,0.87666,0.87704,1.37,1.00
2016.05.27 13:49:54.870,0.87666,0.87704,1.12,1.00
2016.05.27 13:49:55.416,0.87667,0.87703,1.37,1.00
2016.05.27 13:49:55.621,0.87667,0.87703,1.00,1.12
2016.05.27 13:49:56.874,0.87666,0.87704,1.12,1.00
2016.05.27 13:49:57.776,0.87667,0.87703,1.00,1.00
2016.05.27 13:49:58.218,0.87667,0.87703,1.37,1.00
2016.05.27 13:49:58.369,0.87671,0.87708,1.00,1.37
2016.05.27 13:49:58.924,0.87671,0.87708,1.00,1.12
2016.05.27 13:49:59.431,0.87671,0.87708,1.37,1.00
2016.05.27 13:50:00.884,0.87671,0.87708,1.12,1.12
2016.05.27 13:50:01.415,0.8767,0.87709,1.37,1.00
2016.05.27 13:50:01.902,0.87667,0.87705,1.87,1.00
2016.05.27 13:50:02.103,0.87674,0.8771,1.00,1.12
2016.05.27 13:50:02.990,0.87674,0.8771,1.37,1.00
2016.05.27 13:50:03.639,0.87674,0.8771,1.00,1.00
2016.05.27 13:50:03.740,0.8767,0.87706,1.00,1.00
2016.05.27 13:50:03.791,0.87667,0.87706,1.37,1.00
2016.05.27 13:50:04.292,0.87668,0.87705,1.50,1.00
2016.05.27 13:50:05.713,0.87667,0.87706,1.12,1.00
2016.05.27 13:50:06.415,0.87668,0.87705,1.12,1.12
2016.05.27 13:50:06.919,0.87667,0.87706,1.12,1.37
2016.05.27 13:50:07.222,0.87664,0.87702,1.12,1.00
2016.05.27 13:50:07.623,0.87665,0.87701,1.37,1.00
2016.05.27 13:50:08.132,0.87665,0.87701,1.12,1.00
2016.05.27 13:50:08.635,0.87665,0.87701,1.37,1.00
2016.05.27 13:50:08.736,0.87668,0.87705,1.00,1.00
2016.05.27 13:50:08.944,0.87668,0.87705,1.00,1.37
2016.05.27 13:50:09.218,0.87664,0.87702,1.00,1.12
2016.05.27 13:50:09.523,0.87664,0.87702,1.37,1.00
2016.05.27 13:50:09.923,0.87668,0.87701,1.00,1.00
2016.05.27 13:50:10.324,0.87669,0.87705,1.00,1.87
2016.05.27 13:50:10.625,0.87667,0.87701,1.00,1.00
2016.05.27 13:50:10.675,0.87665,0.87701,1.12,1.00
2016.05.27 13:50:11.226,0.87664,0.87702,1.37,1.00
2016.05.27 13:50:11.277,0.87667,0.87702,1.00,1.00
2016.05.27 13:50:12.936,0.87667,0.87701,1.00,1.00
2016.05.27 13:50:13.339,0.8767,0.87703,1.37,1.00
2016.05.27 13:50:13.933,0.8767,0.87703,1.00,1.00
2016.05.27 13:50:14.235,0.87666,0.87705,1.00,1.37
2016.05.27 13:50:14.561,0.87667,0.87704,1.37,1.37
2016.05.27 13:50:14.662,0.87666,0.87705,1.00,1.37
2016.05.27 13:50:15.138,0.87666,0.87705,1.00,1.00
2016.05.27 13:50:15.565,0.87663,0.87699,1.37,1.00
2016.05.27 13:50:15.675,0.87663,0.87699,1.37,1.00
2016.05.27 13:50:15.740,0.87665,0.87702,1.00,1.12
2016.05.27 13:50:16.154,0.87662,0.87698,1.87,1.00
2016.05.27 13:50:16.694,0.87662,0.87699,1.37,1.00
2016.05.27 13:50:17.148,0.87663,0.87699,1.37,1.00
2016.05.27 13:50:17.450,0.87667,0.87703,1.00,2.25
2016.05.27 13:50:17.551,0.87663,0.87699,1.37,1.00
2016.05.27 13:50:18.081,0.87662,0.877,1.37,1.00
2016.05.27 13:50:18.378,0.87663,0.87699,1.37,1.00
2016.05.27 13:50:18.479,0.87667,0.87704,1.12,1.87
2016.05.27 13:50:18.579,0.87667,0.87704,1.37,1.37
2016.05.27 13:50:19.048,0.87666,0.87705,1.12,1.50
2016.05.27 13:50:19.220,0.87666,0.87705,1.12,1.00
2016.05.27 13:50:19.749,0.87667,0.87704,1.12,1.00
2016.05.27 13:50:20.655,0.87667,0.87704,1.37,1.00
2016.05.27 13:50:20.756,0.8767,0.87709,1.00,2.62
2016.05.27 13:50:22.057,0.8767,0.87709,1.37,1.87
2016.05.27 13:50:22.189,0.8767,0.87709,1.37,1.87
2016.05.27 13:50:22.758,0.87671,0.87708,1.00,1.50
2016.05.27 13:50:22.859,0.87671,0.87708,1.37,1.50
2016.05.27 13:50:23.259,0.8767,0.87709,1.12,1.87
2016.05.27 13:50:23.763,0.87671,0.87708,1.00,1.50
2016.05.27 13:50:23.964,0.87668,0.87704,1.87,1.00
2016.05.27 13:50:24.514,0.87668,0.87704,1.00,1.00
2016.05.27 13:50:25.717,0.87667,0.87705,1.00,1.37
2016.05.27 13:50:26.269,0.87668,0.87704,1.00,1.37
2016.05.27 13:50:26.700,0.87668,0.87703,1.00,1.37
2016.05.27 13:50:26.816,0.87663,0.87701,1.50,1.00
2016.05.27 13:50:27.390,0.87664,0.877,1.12,1.00
2016.05.27 13:50:27.472,0.87667,0.87704,1.00,1.37
2016.05.27 13:50:28.020,0.87667,0.87704,1.00,1.37
2016.05.27 13:50:28.521,0.87667,0.87703,1.00,1.87
2016.05.27 13:50:28.622,0.87663,0.87701,1.00,1.37
2016.05.27 13:50:28.723,0.87663,0.87697,1.00,1.00
2016.05.27 13:50:29.001,0.87659,0.87697,1.37,1.00
2016.05.27 13:50:29.383,0.8766,0.87696,1.37,1.00
2016.05.27 13:50:29.585,0.87656,0.87693,1.00,1.12
2016.05.27 13:50:29.786,0.87658,0.87693,1.00,1.12
2016.05.27 13:50:30.564,0.87658,0.87694,1.00,1.00
2016.05.27 13:50:30.903,0.8766,0.87698,1.00,1.37
2016.05.27 13:50:31.004,0.87661,0.87697,1.12,1.00
2016.05.27 13:50:31.203,0.87663,0.87698,1.00,1.37
2016.05.27 13:50:31.682,0.87662,0.87697,1.00,1.37
2016.05.27 13:50:32.183,0.87662,0.87698,1.00,1.37
2016.05.27 13:50:32.701,0.87661,0.87697,1.12,1.37
2016.05.27 13:50:32.802,0.8766,0.87698,1.00,1.00
2016.05.27 13:50:33.204,0.87661,0.87697,1.37,1.00
2016.05.27 13:50:33.306,0.87664,0.87701,1.00,1.50
2016.05.27 13:50:33.608,0.87664,0.87701,1.00,1.75
2016.05.27 13:50:33.737,0.87664,0.87701,1.87,1.50
2016.05.27 13:50:33.788,0.87668,0.87701,1.00,1.50
2016.05.27 13:50:34.039,0.87669,0.87705,1.12,1.37
2016.05.27 13:50:34.685,0.87669,0.87705,1.12,1.12
2016.05.27 13:50:34.836,0.87669,0.87705,1.00,1.37
2016.05.27 13:50:35.355,0.87668,0.87705,1.00,1.37
2016.05.27 13:50:35.860,0.87669,0.87703,1.00,1.37
2016.05.27 13:50:36.495,0.87666,0.87702,1.12,1.50
2016.05.27 13:50:36.697,0.87665,0.87703,1.00,1.87
2016.05.27 13:50:37.386,0.87668,0.87703,1.00,2.62
2016.05.27 13:50:37.887,0.87661,0.87699,1.12,1.37
2016.05.27 13:50:38.138,0.87657,0.87695,1.00,1.12
2016.05.27 13:50:38.239,0.87654,0.8769,1.87,1.00
2016.05.27 13:50:39.001,0.87653,0.87691,1.50,1.00
2016.05.27 13:50:39.402,0.87654,0.8769,1.37,1.00
2016.05.27 13:50:39.603,0.87658,0.87694,1.00,1.00
2016.05.27 13:50:40.104,0.87657,0.87695,1.37,1.00
2016.05.27 13:50:41.312,0.87657,0.87695,1.37,1.00
2016.05.27 13:50:41.514,0.87661,0.87699,1.37,1.12
2016.05.27 13:50:41.941,0.87662,0.87698,1.00,1.37
2016.05.27 13:50:42.052,0.87661,0.87699,1.00,1.37
2016.05.27 13:50:42.344,0.87657,0.87694,1.87,1.00
2016.05.27 13:50:42.895,0.87656,0.87695,2.62,1.00
2016.05.27 13:50:43.445,0.87662,0.87695,1.00,1.00
2016.05.27 13:50:43.546,0.87664,0.87699,1.00,1.00
2016.05.27 13:50:44.113,0.87664,0.87702,1.00,1.87
2016.05.27 13:50:44.316,0.87669,0.87706,1.00,1.87
2016.05.27 13:50:44.533,0.87665,0.87702,1.00,1.12
2016.05.27 13:50:45.066,0.87664,0.87703,1.87,1.12
2016.05.27 13:50:45.117,0.87669,0.87707,1.00,1.87
2016.05.27 13:50:45.218,0.87669,0.87707,1.00,1.87
2016.05.27 13:50:45.440,0.8767,0.87706,1.00,1.87
2016.05.27 13:50:45.541,0.87664,0.87699,1.00,1.00
2016.05.27 13:50:45.592,0.87661,0.87699,1.37,1.00
2016.05.27 13:50:45.849,0.87666,0.87702,1.00,1.12
2016.05.27 13:50:46.617,0.87665,0.87703,1.00,1.00
2016.05.27 13:50:47.467,0.87666,0.87702,1.00,1.00
2016.05.27 13:50:48.624,0.87665,0.87703,1.00,1.00
2016.05.27 13:50:49.142,0.87666,0.87702,1.00,1.00
2016.05.27 13:50:50.666,0.87665,0.87703,1.00,1.12
2016.05.27 13:50:52.030,0.87666,0.87702,1.00,1.12
2016.05.27 13:50:52.632,0.87665,0.87703,1.00,1.00
2016.05.27 13:50:53.034,0.87662,0.87698,1.12,1.00
2016.05.27 13:50:53.938,0.87661,0.87699,1.00,1.12
2016.05.27 13:50:54.472,0.87661,0.87699,1.00,1.37
2016.05.27 13:50:54.991,0.87661,0.87699,1.00,1.12
2016.05.27 13:50:55.335,0.87657,0.87695,1.37,1.00
2016.05.27 13:50:55.844,0.87658,0.87694,1.00,1.12
2016.05.27 13:50:56.349,0.87657,0.87695,1.12,1.00
2016.05.27 13:50:56.850,0.87657,0.87695,1.12,1.37
2016.05.27 13:50:57.514,0.87657,0.87695,1.12,1.00
2016.05.27 13:50:58.166,0.87657,0.87695,1.00,1.37
2016.05.27 13:50:58.716,0.87658,0.87694,1.00,1.37
2016.05.27 13:50:59.075,0.87658,0.87694,1.37,1.00
2016.05.27 13:50:59.176,0.87658,0.87694,1.12,1.00
2016.05.27 13:50:59.719,0.87658,0.87694,1.00,1.37
2016.05.27 13:51:00.155,0.87657,0.87695,1.00,1.00
2016.05.27 13:51:00.701,0.87658,0.87694,1.37,1.00
2016.05.27 13:51:00.902,0.87662,0.87701,1.12,1.12
2016.05.27 13:51:01.003,0.87663,0.877,1.00,1.37
2016.05.27 13:51:01.258,0.87662,0.87701,1.00,1.12
2016.05.27 13:51:01.358,0.87658,0.87694,1.87,1.00
2016.05.27 13:51:01.767,0.8766,0.87694,1.37,1.00
2016.05.27 13:51:01.868,0.87663,0.87701,1.37,1.00
2016.05.27 13:51:01.969,0.87664,0.877,1.37,1.00
2016.05.27 13:51:02.270,0.87664,0.877,1.12,1.00
2016.05.27 13:51:02.876,0.87664,0.877,1.12,1.37
2016.05.27 13:51:03.379,0.87663,0.87701,1.00,1.37
2016.05.27 13:51:03.564,0.87664,0.877,1.00,1.37
2016.05.27 13:51:03.680,0.87663,0.87701,1.00,1.37
2016.05.27 13:51:03.781,0.87664,0.877,1.00,1.37
2016.05.27 13:51:03.892,0.87662,0.87697,1.00,1.37
2016.05.27 13:51:03.993,0.8766,0.87696,1.00,1.37
2016.05.27 13:51:04.480,0.8766,0.87696,1.12,1.12
2016.05.27 13:51:04.857,0.87662,0.87697,1.00,1.00
2016.05.27 13:51:05.508,0.87662,0.87696,1.00,1.12
2016.05.27 13:51:06.279,0.87663,0.87696,1.00,1.00
2016.05.27 13:51:07.130,0.87662,0.87696,1.12,1.00
2016.05.27 13:51:07.430,0.87659,0.87697,1.50,1.00
2016.05.27 13:51:07.811,0.87662,0.877,1.00,1.00
2016.05.27 13:51:08.188,0.87663,0.877,1.37,1.12
2016.05.27 13:51:08.513,0.87666,0.87704,1.00,1.75
2016.05.27 13:51:08.614,0.87663,0.877,1.00,1.12
2016.05.27 13:51:09.114,0.8766,0.87696,1.37,1.00
2016.05.27 13:51:09.227,0.87659,0.87697,1.50,1.00
2016.05.27 13:51:09.328,0.87659,0.87697,1.50,1.00
2016.05.27 13:51:09.670,0.87659,0.87697,1.00,1.37
2016.05.27 13:51:10.036,0.87658,0.87692,1.12,1.00
2016.05.27 13:51:10.682,0.87659,0.87696,1.00,1.37
2016.05.27 13:51:11.184,0.87658,0.87697,1.00,1.37
2016.05.27 13:51:11.785,0.87659,0.87696,1.00,1.37
2016.05.27 13:51:11.886,0.87659,0.87696,1.37,1.00
2016.05.27 13:51:12.089,0.87659,0.87696,1.12,1.00
2016.05.27 13:51:12.291,0.87656,0.87693,1.37,1.00
2016.05.27 13:51:13.272,0.87655,0.87692,1.37,1.00
2016.05.27 13:51:13.423,0.87655,0.87692,1.37,1.12
2016.05.27 13:51:13.524,0.87659,0.8769,1.00,1.00
2016.05.27 13:51:13.674,0.87652,0.8769,1.00,2.62
2016.05.27 13:51:14.093,0.87648,0.87684,1.37,1.12
2016.05.27 13:51:14.600,0.87651,0.87688,1.37,1.00
2016.05.27 13:51:14.801,0.87655,0.87691,1.00,1.12
2016.05.27 13:51:14.902,0.87655,0.87691,1.00,1.37
2016.05.27 13:51:15.003,0.87651,0.87688,1.37,1.00
2016.05.27 13:51:15.311,0.87651,0.87688,1.12,1.37
2016.05.27 13:51:16.414,0.8765,0.87689,1.12,1.12
2016.05.27 13:51:16.615,0.8765,0.87689,1.37,1.00
2016.05.27 13:51:16.973,0.87651,0.87688,1.12,1.37
2016.05.27 13:51:17.476,0.87651,0.87688,1.37,1.00
2016.05.27 13:51:17.778,0.87647,0.87684,1.37,1.00
2016.05.27 13:51:18.173,0.87648,0.87684,1.37,1.00
2016.05.27 13:51:19.195,0.8765,0.87689,1.12,1.37
2016.05.27 13:51:19.246,0.87651,0.87688,1.00,1.37
2016.05.27 13:51:19.346,0.87651,0.87688,1.00,1.37
2016.05.27 13:51:19.882,0.8765,0.87689,1.12,1.37
2016.05.27 13:51:20.421,0.87651,0.87688,1.00,1.37
2016.05.27 13:51:20.949,0.87651,0.87688,1.37,1.12
2016.05.27 13:51:21.599,0.8765,0.87689,1.37,1.00
2016.05.27 13:51:21.715,0.87654,0.87692,1.00,1.37
2016.05.27 13:51:22.100,0.87651,0.87688,1.12,1.37
2016.05.27 13:51:22.701,0.87651,0.87688,1.37,1.12
2016.05.27 13:51:23.352,0.8765,0.87689,1.00,1.87
2016.05.27 13:51:23.453,0.87647,0.87684,1.37,1.00
2016.05.27 13:51:24.203,0.87646,0.87685,1.37,1.00
2016.05.27 13:51:24.646,0.8765,0.87689,1.00,1.37
2016.05.27 13:51:24.747,0.87651,0.87688,1.37,1.12
2016.05.27 13:51:25.257,0.87651,0.87688,1.37,1.00
2016.05.27 13:51:25.750,0.87651,0.87688,1.12,1.37
2016.05.27 13:51:27.458,0.87651,0.87688,1.37,1.12
2016.05.27 13:51:28.035,0.87651,0.87688,1.37,1.00
2016.05.27 13:51:28.136,0.87654,0.87692,1.00,1.37
2016.05.27 13:51:28.253,0.87655,0.87691,1.37,1.12
2016.05.27 13:51:28.808,0.87655,0.87691,1.12,1.12
2016.05.27 13:51:29.635,0.87654,0.87692,1.00,1.12
2016.05.27 13:51:30.465,0.87654,0.87692,1.00,1.37
2016.05.27 13:51:30.767,0.8765,0.87688,1.37,1.00
2016.05.27 13:51:31.533,0.87651,0.87687,1.37,1.12
2016.05.27 13:51:32.190,0.8765,0.87688,1.37,1.00
2016.05.27 13:51:34.874,0.87651,0.87687,1.37,1.12
2016.05.27 13:51:35.850,0.87651,0.87687,1.12,1.12
2016.05.27 13:51:37.153,0.8765,0.87688,1.37,1.00
2016.05.27 13:51:38.068,0.87651,0.87687,1.00,1.37
2016.05.27 13:51:38.177,0.87651,0.87687,1.12,1.12
2016.05.27 13:51:38.456,0.8765,0.87688,1.37,1.00
2016.05.27 13:51:38.757,0.87651,0.87687,1.12,1.00
2016.05.27 13:51:38.857,0.87651,0.87687,1.37,1.00
2016.05.27 13:51:39.507,0.87651,0.87687,1.12,1.00
2016.05.27 13:51:40.238,0.87651,0.87687,1.37,1.12
2016.05.27 13:51:40.923,0.8765,0.87688,1.37,1.37
2016.05.27 13:51:41.090,0.87644,0.87682,1.00,1.37
2016.05.27 13:51:41.191,0.87645,0.87681,1.00,1.37
2016.05.27 13:51:41.291,0.87643,0.87678,1.00,1.00
2016.05.27 13:51:41.493,0.87641,0.87677,1.50,1.00
2016.05.27 13:51:41.882,0.8764,0.87678,1.87,1.00
2016.05.27 13:51:41.983,0.87641,0.87678,1.00,1.12
2016.05.27 13:51:42.394,0.87646,0.87682,1.00,1.37
2016.05.27 13:51:42.969,0.87645,0.87683,1.00,1.37
2016.05.27 13:51:43.278,0.87645,0.87682,1.00,1.37
2016.05.27 13:51:43.386,0.87641,0.87679,1.50,1.37
2016.05.27 13:51:43.587,0.8764,0.87681,2.25,1.00
2016.05.27 13:51:43.688,0.87641,0.87679,1.87,1.00
2016.05.27 13:51:44.046,0.87647,0.87682,1.00,1.00
2016.05.27 13:51:44.480,0.87644,0.87681,1.00,1.37
2016.05.27 13:51:44.588,0.87639,0.87678,1.87,1.37
2016.05.27 13:51:45.139,0.87639,0.87678,1.00,1.37
2016.05.27 13:51:45.682,0.8764,0.87677,1.12,1.12
2016.05.27 13:51:46.006,0.87639,0.87678,1.37,1.00
2016.05.27 13:51:46.642,0.87644,0.8768,1.00,1.37
2016.05.27 13:51:46.973,0.87644,0.8768,1.00,1.37
2016.05.27 13:51:47.508,0.87643,0.87681,1.00,1.37
2016.05.27 13:51:48.187,0.87644,0.8768,1.00,1.37
2016.05.27 13:51:48.581,0.87643,0.87681,1.37,1.12
2016.05.27 13:51:48.632,0.87644,0.8768,1.37,1.37
2016.05.27 13:51:48.796,0.87643,0.87681,1.12,1.37
2016.05.27 13:51:48.913,0.87644,0.8768,1.12,1.37
2016.05.27 13:51:49.014,0.87643,0.87681,1.37,1.37
2016.05.27 13:51:49.115,0.87643,0.87681,1.37,1.00
2016.05.27 13:51:49.316,0.87643,0.8768,1.37,1.12
2016.05.27 13:51:49.377,0.87643,0.87677,1.37,1.00
2016.05.27 13:51:49.427,0.87638,0.87672,1.50,1.00
2016.05.27 13:51:49.933,0.87638,0.87673,1.37,1.00
2016.05.27 13:51:49.983,0.87642,0.87673,1.00,1.00
2016.05.27 13:51:50.231,0.87642,0.87677,1.00,1.37
2016.05.27 13:51:50.750,0.87643,0.87676,1.00,1.00
2016.05.27 13:51:51.998,0.87643,0.87677,1.00,1.00
2016.05.27 13:51:52.602,0.87642,0.87681,1.12,1.37
2016.05.27 13:51:52.758,0.87648,0.87681,1.00,1.37
2016.05.27 13:51:52.853,0.87643,0.87681,1.00,1.37
2016.05.27 13:51:53.054,0.87647,0.87681,1.00,1.37
2016.05.27 13:51:55.356,0.87643,0.87681,1.12,1.37
2016.05.27 13:51:55.409,0.87643,0.8768,1.87,1.37
2016.05.27 13:51:56.050,0.87642,0.87681,2.25,1.37
2016.05.27 13:51:56.400,0.87642,0.87675,1.50,1.37
2016.05.27 13:51:56.501,0.87639,0.87675,1.00,1.37
2016.05.27 13:51:56.753,0.87634,0.87669,1.12,1.00
2016.05.27 13:51:56.886,0.87636,0.87672,1.50,1.37
2016.05.27 13:51:56.937,0.87636,0.87673,1.00,1.00
2016.05.27 13:51:57.038,0.87636,0.87672,1.12,1.37
2016.05.27 13:51:58.848,0.87636,0.87672,1.50,1.37
2016.05.27 13:51:59.626,0.87635,0.87673,1.12,1.37
2016.05.27 13:52:00.201,0.87636,0.87672,1.12,1.37
2016.05.27 13:52:00.252,0.87636,0.87672,1.37,1.37
2016.05.27 13:52:00.733,0.87636,0.87672,1.12,1.37
2016.05.27 13:52:01.732,0.87635,0.87673,1.37,1.37
2016.05.27 13:52:02.060,0.87635,0.87673,1.00,1.37
2016.05.27 13:52:02.771,0.87636,0.87672,1.00,1.37
2016.05.27 13:52:03.264,0.87635,0.87673,1.37,1.12
2016.05.27 13:52:03.365,0.87635,0.87673,1.37,1.00
2016.05.27 13:52:04.009,0.87643,0.87676,1.00,1.37
2016.05.27 13:52:04.315,0.87641,0.87676,1.00,1.37
2016.05.27 13:52:04.366,0.8764,0.87676,1.87,1.37
2016.05.27 13:52:04.667,0.87642,0.87676,1.00,1.37
2016.05.27 13:52:05.225,0.87643,0.87676,1.00,1.37
2016.05.27 13:52:05.276,0.87643,0.87677,1.00,1.37
2016.05.27 13:52:05.762,0.87643,0.87676,1.00,1.37
2016.05.27 13:52:05.914,0.87639,0.87676,1.00,1.37
2016.05.27 13:52:05.964,0.8764,0.87676,1.37,1.87
2016.05.27 13:52:06.303,0.87638,0.87672,1.50,1.37
2016.05.27 13:52:06.607,0.87637,0.87672,1.37,1.37
2016.05.27 13:52:08.303,0.87635,0.87673,1.00,1.37
2016.05.27 13:52:08.996,0.87636,0.87672,1.00,1.37
2016.05.27 13:52:09.525,0.87635,0.87673,1.00,1.87
2016.05.27 13:52:10.277,0.87632,0.87668,2.62,1.37
2016.05.27 13:52:10.350,0.87632,0.87668,2.62,1.37
2016.05.27 13:52:10.557,0.87632,0.87669,1.12,1.37
2016.05.27 13:52:11.152,0.87632,0.87668,2.62,1.37
2016.05.27 13:52:11.815,0.87632,0.87669,1.87,1.37
2016.05.27 13:52:12.810,0.87634,0.87668,1.00,1.37
2016.05.27 13:52:15.661,0.87633,0.87668,1.37,1.37
2016.05.27 13:52:16.366,0.87632,0.87669,1.00,1.37
2016.05.27 13:52:16.563,0.87632,0.87668,1.50,1.37
2016.05.27 13:52:16.766,0.87632,0.87669,1.50,1.00
2016.05.27 13:52:17.417,0.87634,0.87668,1.37,1.12
2016.05.27 13:52:17.553,0.87634,0.87669,1.12,1.37
2016.05.27 13:52:17.868,0.87637,0.87673,1.37,1.37
2016.05.27 13:52:18.308,0.87637,0.87673,1.37,1.37
2016.05.27 13:52:18.359,0.87639,0.87673,1.12,1.37
2016.05.27 13:52:18.410,0.87638,0.87674,1.12,1.37
2016.05.27 13:52:18.570,0.87638,0.87673,1.12,1.37
2016.05.27 13:52:18.876,0.87636,0.87671,1.75,1.37
2016.05.27 13:52:19.027,0.87631,0.87668,1.87,1.37
2016.05.27 13:52:19.193,0.87631,0.87668,1.87,1.37
2016.05.27 13:52:19.672,0.87631,0.87665,1.12,1.37
2016.05.27 13:52:20.242,0.87631,0.87665,1.00,1.12
2016.05.27 13:52:20.775,0.87631,0.87664,1.37,1.12
2016.05.27 13:52:21.676,0.87631,0.87665,1.12,1.12
2016.05.27 13:52:22.196,0.87631,0.87664,1.37,1.37
2016.05.27 13:52:22.748,0.87633,0.87664,1.00,1.37
2016.05.27 13:52:22.799,0.87633,0.87667,1.37,1.00
2016.05.27 13:52:23.429,0.87633,0.87672,1.37,1.37
2016.05.27 13:52:23.997,0.87631,0.87667,1.87,1.37
2016.05.27 13:52:24.300,0.87631,0.87667,1.50,1.37
2016.05.27 13:52:24.603,0.87629,0.87663,1.00,1.37
2016.05.27 13:52:24.703,0.87629,0.87664,1.00,1.37
2016.05.27 13:52:24.804,0.87628,0.87664,1.12,1.00
2016.05.27 13:52:25.353,0.87628,0.87664,1.12,1.37
2016.05.27 13:52:25.602,0.87628,0.87665,1.87,1.12
2016.05.27 13:52:26.301,0.87632,0.87668,1.37,1.37
2016.05.27 13:52:26.402,0.87632,0.87668,1.12,1.00
2016.05.27 13:52:26.503,0.87635,0.87673,1.12,1.37
2016.05.27 13:52:26.603,0.87632,0.87668,1.12,1.12
2016.05.27 13:52:26.905,0.87631,0.87667,1.87,1.37
2016.05.27 13:52:27.549,0.87631,0.87667,1.12,1.37
2016.05.27 13:52:27.599,0.87631,0.87667,1.37,1.37
2016.05.27 13:52:28.109,0.87629,0.87668,1.37,1.37
2016.05.27 13:52:29.395,0.87629,0.87668,1.50,1.37
2016.05.27 13:52:29.936,0.87633,0.87671,1.87,1.37
2016.05.27 13:52:30.444,0.87633,0.87671,1.37,1.00
2016.05.27 13:52:30.798,0.87634,0.8767,1.37,1.00
2016.05.27 13:52:31.146,0.87633,0.87671,1.87,1.12
2016.05.27 13:52:31.499,0.87634,0.8767,1.37,1.37
2016.05.27 13:52:31.619,0.87633,0.87671,1.37,1.37
2016.05.27 13:52:31.821,0.87634,0.8767,1.37,1.00
2016.05.27 13:52:31.921,0.8764,0.87676,1.37,1.37
2016.05.27 13:52:32.123,0.87643,0.87679,1.37,1.00
2016.05.27 13:52:32.251,0.87643,0.8768,1.37,1.87
2016.05.27 13:52:32.352,0.87643,0.8768,1.37,1.87
2016.05.27 13:52:32.843,0.87643,0.8768,1.12,1.12
2016.05.27 13:52:33.304,0.87643,0.8768,1.37,1.87
2016.05.27 13:52:34.446,0.87643,0.8768,1.37,1.37
2016.05.27 13:52:35.442,0.87643,0.8768,1.37,1.37
2016.05.27 13:52:35.758,0.87642,0.87681,1.37,1.87
2016.05.27 13:52:35.859,0.87643,0.8768,1.37,1.37
2016.05.27 13:52:36.432,0.87643,0.8768,1.37,1.37
2016.05.27 13:52:37.007,0.87643,0.8768,1.37,1.37
2016.05.27 13:52:38.216,0.87643,0.8768,1.37,1.37
2016.05.27 13:52:38.859,0.87643,0.8768,1.37,1.37
2016.05.27 13:52:39.435,0.8764,0.87676,1.37,1.12
2016.05.27 13:52:40.061,0.8764,0.87676,1.37,1.00
2016.05.27 13:52:40.228,0.87642,0.8768,1.37,1.37
2016.05.27 13:52:40.664,0.87642,0.8768,1.37,1.12
2016.05.27 13:52:40.765,0.87643,0.87679,1.37,1.12
2016.05.27 13:52:41.365,0.87643,0.8768,1.37,1.37
2016.05.27 13:52:43.436,0.87643,0.87679,1.87,1.12
2016.05.27 13:52:43.670,0.87643,0.87679,1.37,1.37
2016.05.27 13:52:44.045,0.8764,0.87677,1.87,1.37
2016.05.27 13:52:44.146,0.87646,0.87682,1.37,1.87
2016.05.27 13:52:44.488,0.87646,0.87682,1.37,1.37
2016.05.27 13:52:45.432,0.87645,0.87683,1.37,1.12
2016.05.27 13:52:45.941,0.87646,0.87682,1.37,1.37
2016.05.27 13:52:46.875,0.87647,0.87682,1.37,1.37
2016.05.27 13:52:46.976,0.87648,0.87683,1.37,1.12
2016.05.27 13:52:47.076,0.87646,0.87682,1.37,1.37
2016.05.27 13:52:48.339,0.87645,0.87683,1.87,1.37
2016.05.27 13:52:48.439,0.87646,0.87682,1.37,1.37
2016.05.27 13:52:49.648,0.87645,0.87683,1.37,1.37
2016.05.27 13:52:50.426,0.87646,0.87682,1.37,1.37
2016.05.27 13:52:51.882,0.87645,0.87683,1.87,1.37
2016.05.27 13:52:52.403,0.87646,0.87682,1.37,1.37
2016.05.27 13:52:52.453,0.87644,0.8768,1.37,1.00
2016.05.27 13:52:53.221,0.87643,0.87679,1.37,1.00
2016.05.27 13:52:53.731,0.87643,0.87679,1.87,1.37
2016.05.27 13:52:54.987,0.87642,0.87679,2.62,1.37
2016.05.27 13:52:55.189,0.87642,0.8768,1.37,1.37
2016.05.27 13:52:56.485,0.87642,0.87679,1.87,1.37
2016.05.27 13:52:56.586,0.87642,0.8768,1.87,1.37
2016.05.27 13:52:57.217,0.87642,0.8768,1.87,1.37
2016.05.27 13:52:57.665,0.87643,0.87679,1.37,1.37
2016.05.27 13:52:58.899,0.87643,0.87679,1.37,1.37
2016.05.27 13:52:59.170,0.87643,0.8768,1.37,1.12
2016.05.27 13:52:59.838,0.87642,0.87679,1.87,1.00
2016.05.27 13:53:00.439,0.87641,0.8768,1.87,1.00
2016.05.27 13:53:00.971,0.87643,0.87679,1.37,1.12
2016.05.27 13:53:01.541,0.87643,0.87679,1.37,1.37
2016.05.27 13:53:02.593,0.87643,0.87674,1.00,1.12
2016.05.27 13:53:02.643,0.87638,0.87674,1.37,1.12
2016.05.27 13:53:02.694,0.87639,0.87674,1.37,1.37
2016.05.27 13:53:02.895,0.87638,0.87674,1.37,1.12
2016.05.27 13:53:03.394,0.87639,0.87674,1.12,1.37
2016.05.27 13:53:03.848,0.87638,0.87671,1.00,1.37
2016.05.27 13:53:03.949,0.87638,0.87672,1.00,1.37
2016.05.27 13:53:04.223,0.87637,0.87671,1.12,1.87
2016.05.27 13:53:04.425,0.87628,0.87665,2.25,1.37
2016.05.27 13:53:04.636,0.87628,0.87665,2.25,1.37
2016.05.27 13:53:04.737,0.87628,0.87666,1.50,1.37
2016.05.27 13:53:04.806,0.87628,0.87665,2.25,1.00
2016.05.27 13:53:05.108,0.87631,0.87669,1.37,1.50
2016.05.27 13:53:05.410,0.87633,0.87668,1.37,1.00
2016.05.27 13:53:05.826,0.87636,0.87669,1.37,1.00
2016.05.27 13:53:06.211,0.87636,0.87669,1.37,1.00
2016.05.27 13:53:06.779,0.87636,0.87672,1.37,1.37
2016.05.27 13:53:06.830,0.87637,0.87668,1.37,1.00
2016.05.27 13:53:06.930,0.8764,0.87673,1.87,1.00
2016.05.27 13:53:06.988,0.8764,0.87678,1.87,1.87
2016.05.27 13:53:07.172,0.87641,0.87677,1.87,1.87
2016.05.27 13:53:07.564,0.87644,0.87682,1.37,1.12
2016.05.27 13:53:08.159,0.87645,0.87681,1.37,1.37
2016.05.27 13:53:08.694,0.87645,0.87681,1.37,1.12
2016.05.27 13:53:11.714,0.87645,0.87679,1.37,1.00
2016.05.27 13:53:13.217,0.87644,0.87679,1.37,1.00
2016.05.27 13:53:14.468,0.87645,0.87679,1.00,1.37
2016.05.27 13:53:15.159,0.87644,0.87679,1.12,1.12
2016.05.27 13:53:15.585,0.87645,0.87679,1.37,1.87
2016.05.27 13:53:15.686,0.8764,0.87679,1.37,2.62
2016.05.27 13:53:15.841,0.87641,0.87678,1.37,2.25
2016.05.27 13:53:16.647,0.87641,0.87677,1.37,1.37
2016.05.27 13:53:17.573,0.87641,0.87678,1.37,1.50
2016.05.27 13:53:18.047,0.87638,0.87674,1.37,1.00
2016.05.27 13:53:18.147,0.87638,0.8767,1.37,1.00
2016.05.27 13:53:18.299,0.87633,0.87671,2.62,1.37
2016.05.27 13:53:18.450,0.87634,0.87671,1.00,1.37
2016.05.27 13:53:18.850,0.87633,0.8767,1.87,1.00
2016.05.27 13:53:18.950,0.87637,0.87674,1.37,1.87
2016.05.27 13:53:19.451,0.87636,0.87673,1.37,1.12
2016.05.27 13:53:19.651,0.87637,0.87673,1.37,1.37
2016.05.27 13:53:20.253,0.87637,0.87674,1.12,1.37
2016.05.27 13:53:20.774,0.87636,0.87675,1.37,2.62
2016.05.27 13:53:21.656,0.87637,0.87674,1.12,1.37
2016.05.27 13:53:21.887,0.87637,0.87674,1.37,1.12
2016.05.27 13:53:22.399,0.87638,0.87674,1.12,1.37
2016.05.27 13:53:23.180,0.87638,0.87674,1.37,1.37
2016.05.27 13:53:24.081,0.87638,0.87674,1.37,1.37
2016.05.27 13:53:24.585,0.87642,0.87676,1.00,1.37
2016.05.27 13:53:24.788,0.87637,0.8767,1.87,1.12
2016.05.27 13:53:25.365,0.87638,0.8767,1.00,1.00
2016.05.27 13:53:25.988,0.87638,0.87671,1.00,1.00
2016.05.27 13:53:26.117,0.87634,0.8767,1.37,1.00
2016.05.27 13:53:26.186,0.87638,0.8767,1.00,1.00
2016.05.27 13:53:26.893,0.87637,0.8767,1.00,1.00
2016.05.27 13:53:27.277,0.87638,0.8767,1.37,1.00
2016.05.27 13:53:27.428,0.87638,0.87674,1.87,1.37
2016.05.27 13:53:27.529,0.87638,0.87675,1.12,1.37
2016.05.27 13:53:27.579,0.87643,0.87678,1.12,1.12
2016.05.27 13:53:27.680,0.87642,0.8768,1.37,1.12
2016.05.27 13:53:27.987,0.87643,0.87679,1.37,1.37
2016.05.27 13:53:28.300,0.87643,0.87679,1.37,1.12
2016.05.27 13:53:28.401,0.87646,0.87684,1.00,2.62
2016.05.27 13:53:28.574,0.87647,0.87683,1.00,1.50
2016.05.27 13:53:29.294,0.87647,0.87683,1.12,1.37
2016.05.27 13:53:29.404,0.87646,0.87684,1.37,1.37
2016.05.27 13:53:30.178,0.87647,0.87683,1.00,1.37
2016.05.27 13:53:30.380,0.87646,0.87684,1.12,1.12
2016.05.27 13:53:30.481,0.87647,0.87683,1.37,1.00
2016.05.27 13:53:30.824,0.87652,0.87688,1.87,1.87
2016.05.27 13:53:31.125,0.87652,0.87688,1.12,1.37
2016.05.27 13:53:31.484,0.87651,0.87689,1.00,1.37
2016.05.27 13:53:31.712,0.87648,0.87684,1.12,1.37
2016.05.27 13:53:32.229,0.87648,0.87684,1.50,1.37
2016.05.27 13:53:32.330,0.87652,0.87684,1.00,1.37
2016.05.27 13:53:32.515,0.87648,0.87684,1.50,1.37
2016.05.27 13:53:33.298,0.87648,0.87682,1.00,1.00
2016.05.27 13:53:33.499,0.87647,0.87681,1.00,1.37
2016.05.27 13:53:33.732,0.87643,0.87678,1.00,1.37
2016.05.27 13:53:34.038,0.87644,0.87681,1.37,1.37
2016.05.27 13:53:34.267,0.87643,0.87682,1.87,1.12
2016.05.27 13:53:34.317,0.87647,0.87681,1.37,1.00
2016.05.27 13:53:34.525,0.87647,0.87685,1.87,1.37
2016.05.27 13:53:34.904,0.87647,0.87685,1.50,1.87
2016.05.27 13:53:35.626,0.87643,0.87681,2.62,1.37
2016.05.27 13:53:35.708,0.87648,0.87681,1.00,1.37
2016.05.27 13:53:36.218,0.87643,0.87681,1.87,1.37
2016.05.27 13:53:36.834,0.87644,0.8768,1.12,1.37
2016.05.27 13:53:37.309,0.87643,0.87681,1.50,1.37
2016.05.27 13:53:37.890,0.87644,0.8768,1.00,1.37
2016.05.27 13:53:38.041,0.87643,0.87681,1.37,1.37
2016.05.27 13:53:38.142,0.87644,0.8768,1.37,1.12
2016.05.27 13:53:38.243,0.87643,0.87681,1.87,1.12
2016.05.27 13:53:38.300,0.87644,0.8768,1.37,1.37
2016.05.27 13:53:39.106,0.87643,0.87681,1.37,1.37
2016.05.27 13:53:40.343,0.87643,0.87681,1.12,1.37
2016.05.27 13:53:41.046,0.87644,0.8768,1.37,1.12
2016.05.27 13:53:41.511,0.87644,0.8768,1.37,1.37
2016.05.27 13:53:41.611,0.87644,0.8768,1.12,1.87
2016.05.27 13:53:41.914,0.87643,0.87681,1.00,1.37
2016.05.27 13:53:42.487,0.87644,0.8768,1.00,1.12
2016.05.27 13:53:43.852,0.87643,0.87681,1.87,1.12
2016.05.27 13:53:44.517,0.87643,0.87681,1.87,1.00
2016.05.27 13:53:44.848,0.87649,0.87682,1.12,1.12
2016.05.27 13:53:45.719,0.87648,0.87683,1.00,1.12
2016.05.27 13:53:46.410,0.87648,0.87685,1.12,1.12
2016.05.27 13:53:47.057,0.87648,0.87684,1.12,1.00
2016.05.27 13:53:47.158,0.87649,0.87685,1.37,1.87
2016.05.27 13:53:47.508,0.87653,0.87688,1.37,1.12
2016.05.27 13:53:47.659,0.87653,0.87689,1.37,1.12
2016.05.27 13:53:47.725,0.87652,0.8769,1.37,1.87
2016.05.27 13:53:47.859,0.87653,0.87689,1.37,1.12
2016.05.27 13:53:48.210,0.87653,0.87687,1.00,1.37
2016.05.27 13:53:48.511,0.87647,0.87682,1.37,1.37
2016.05.27 13:53:48.817,0.8765,0.87682,1.37,1.00
2016.05.27 13:53:49.130,0.8765,0.87682,1.12,1.00
2016.05.27 13:53:49.463,0.8765,0.87686,1.00,1.37
2016.05.27 13:53:49.765,0.87645,0.87682,1.50,1.37
2016.05.27 13:53:50.271,0.87645,0.87682,1.50,1.12
2016.05.27 13:53:50.465,0.87649,0.87685,1.00,1.12
2016.05.27 13:53:51.234,0.8765,0.87686,1.00,1.87
2016.05.27 13:53:51.736,0.8765,0.87686,1.00,1.87
2016.05.27 13:53:54.982,0.8765,0.87686,1.00,1.37
2016.05.27 13:53:55.357,0.87649,0.87687,1.12,1.87
2016.05.27 13:53:56.147,0.8765,0.87686,1.00,1.37
2016.05.27 13:53:56.693,0.87645,0.87681,1.37,1.37
2016.05.27 13:53:56.988,0.87644,0.87682,1.37,1.12
2016.05.27 13:53:57.264,0.87648,0.87685,1.37,1.37
2016.05.27 13:53:57.931,0.87649,0.87685,1.37,1.87
2016.05.27 13:53:58.082,0.87648,0.87685,1.12,1.12
2016.05.27 13:53:58.183,0.87648,0.87686,1.37,1.12
2016.05.27 13:53:58.844,0.87648,0.87686,1.37,1.12
2016.05.27 13:53:58.955,0.87648,0.87686,1.37,1.37
2016.05.27 13:53:59.904,0.87649,0.87685,1.12,1.37
2016.05.27 13:54:00.248,0.87649,0.87685,1.00,1.37
2016.05.27 13:54:00.298,0.87644,0.87683,1.37,1.37
2016.05.27 13:54:00.801,0.87645,0.87682,1.37,1.37
2016.05.27 13:54:01.338,0.87645,0.87682,1.12,1.37
2016.05.27 13:54:01.388,0.87645,0.87682,1.37,1.12
2016.05.27 13:54:01.590,0.87648,0.87686,1.87,1.00
2016.05.27 13:54:01.791,0.87648,0.87686,2.62,1.00
2016.05.27 13:54:01.892,0.87654,0.87692,1.00,1.37
2016.05.27 13:54:02.400,0.87655,0.87691,1.00,1.37
2016.05.27 13:54:02.501,0.8765,0.87689,1.12,1.37
2016.05.27 13:54:02.605,0.87651,0.87688,1.37,1.37
2016.05.27 13:54:02.907,0.87651,0.87688,1.12,1.37
2016.05.27 13:54:04.006,0.8765,0.87689,1.12,1.37
2016.05.27 13:54:04.107,0.8765,0.87689,1.87,1.37
2016.05.27 13:54:04.500,0.87655,0.87691,1.00,1.37
2016.05.27 13:54:04.713,0.87655,0.87691,1.12,1.37
2016.05.27 13:54:05.214,0.87654,0.87692,1.37,1.37
2016.05.27 13:54:05.720,0.87655,0.87691,1.00,1.37
2016.05.27 13:54:06.247,0.87654,0.87692,1.00,1.37
2016.05.27 13:54:06.398,0.87651,0.87687,1.37,1.00
2016.05.27 13:54:07.929,0.8765,0.87688,1.37,1.00
2016.05.27 13:54:08.834,0.8765,0.87688,2.25,1.00
2016.05.27 13:54:09.703,0.87654,0.87692,1.12,1.12
2016.05.27 13:54:09.804,0.87655,0.87691,1.00,1.37
2016.05.27 13:54:09.905,0.87654,0.87692,1.37,1.12
2016.05.27 13:54:10.006,0.87659,0.87695,1.12,1.12
2016.05.27 13:54:10.305,0.87654,0.87693,1.12,1.37
2016.05.27 13:54:10.406,0.87655,0.87692,1.37,1.12
2016.05.27 13:54:10.718,0.87657,0.87692,1.37,1.00
2016.05.27 13:54:10.819,0.87657,0.87693,1.12,1.00
2016.05.27 13:54:11.369,0.87655,0.87692,1.37,1.12
2016.05.27 13:54:11.877,0.87654,0.87693,1.87,1.12
2016.05.27 13:54:12.209,0.87652,0.87688,1.87,1.00
2016.05.27 13:54:12.510,0.87657,0.87693,1.12,1.37
2016.05.27 13:54:13.297,0.87657,0.87693,1.00,1.87
2016.05.27 13:54:13.413,0.87656,0.87692,1.00,1.37
2016.05.27 13:54:13.514,0.87652,0.8769,1.87,1.12
2016.05.27 13:54:14.322,0.87652,0.8769,1.37,1.00
2016.05.27 13:54:14.900,0.87653,0.87689,1.12,1.12
2016.05.27 13:54:15.500,0.87652,0.8769,1.37,1.00
2016.05.27 13:54:15.551,0.87653,0.87689,1.37,1.00
2016.05.27 13:54:15.826,0.87657,0.87694,1.00,1.37
2016.05.27 13:54:16.575,0.87657,0.87694,1.12,1.12
2016.05.27 13:54:17.172,0.87656,0.87695,1.00,1.87
2016.05.27 13:54:18.211,0.87657,0.87694,1.12,1.37
2016.05.27 13:54:19.416,0.87657,0.87694,1.12,1.37
2016.05.27 13:54:20.625,0.87656,0.87695,1.00,1.87
2016.05.27 13:54:21.170,0.87657,0.87694,1.00,1.87
2016.05.27 13:54:21.677,0.87657,0.87694,1.12,1.87
2016.05.27 13:54:21.727,0.87657,0.87694,1.00,1.87
2016.05.27 13:54:21.828,0.87653,0.87689,1.12,1.37
2016.05.27 13:54:22.478,0.87652,0.8769,1.12,1.37
2016.05.27 13:54:22.645,0.87653,0.87689,1.37,1.00
2016.05.27 13:54:23.175,0.87653,0.8769,1.37,1.00
2016.05.27 13:54:24.431,0.87653,0.87689,1.87,1.00
2016.05.27 13:54:25.039,0.87657,0.87694,1.12,1.37
2016.05.27 13:54:25.577,0.87657,0.87694,1.37,1.37
2016.05.27 13:54:26.136,0.87657,0.87694,1.37,1.00
2016.05.27 13:54:26.662,0.87658,0.87695,1.12,1.00
2016.05.27 13:54:27.036,0.87657,0.87694,1.37,1.37
2016.05.27 13:54:28.164,0.87657,0.87694,1.37,1.37
2016.05.27 13:54:28.339,0.87656,0.87695,1.37,1.37
2016.05.27 13:54:28.640,0.87656,0.87695,1.37,1.12
2016.05.27 13:54:29.160,0.87657,0.87694,1.87,1.12
2016.05.27 13:54:29.842,0.87657,0.87695,1.87,1.00
2016.05.27 13:54:30.299,0.87661,0.87698,1.37,1.12
2016.05.27 13:54:30.445,0.8766,0.87699,1.37,1.37
2016.05.27 13:54:30.744,0.8766,0.87699,1.12,1.37
2016.05.27 13:54:31.424,0.87661,0.87698,1.12,1.37
2016.05.27 13:54:31.769,0.87659,0.87694,1.37,1.00
2016.05.27 13:54:31.869,0.87662,0.87699,1.00,1.87
2016.05.27 13:54:32.071,0.87663,0.87699,1.12,1.00
2016.05.27 13:54:32.450,0.87663,0.87699,1.37,1.12
2016.05.27 13:54:33.051,0.87663,0.877,1.12,1.12
2016.05.27 13:54:33.371,0.87663,0.87699,1.87,1.37
2016.05.27 13:54:33.689,0.87663,0.877,1.12,1.12
2016.05.27 13:54:33.790,0.87658,0.87696,1.12,1.37
2016.05.27 13:54:34.292,0.87658,0.87696,1.12,1.00
2016.05.27 13:54:34.589,0.87663,0.87699,1.12,1.37
2016.05.27 13:54:34.655,0.87662,0.877,1.37,1.12
2016.05.27 13:54:34.859,0.87663,0.87699,1.87,1.37
2016.05.27 13:54:35.175,0.87663,0.87699,1.50,1.50
2016.05.27 13:54:35.557,0.87659,0.87695,1.37,1.37
2016.05.27 13:54:36.578,0.87659,0.87695,1.37,1.37
2016.05.27 13:54:36.678,0.87658,0.87696,2.62,1.12
2016.05.27 13:54:37.228,0.87659,0.87695,1.37,1.00
2016.05.27 13:54:38.162,0.87659,0.87695,1.37,1.00
2016.05.27 13:54:39.164,0.87659,0.87695,1.37,1.00
2016.05.27 13:54:39.611,0.8766,0.87695,1.37,1.00
2016.05.27 13:54:39.711,0.87664,0.87702,1.12,1.37
2016.05.27 13:54:39.765,0.87665,0.87701,1.37,1.12
2016.05.27 13:54:40.067,0.87668,0.87705,1.12,1.12
2016.05.27 13:54:40.168,0.87669,0.87705,1.37,1.00
2016.05.27 13:54:40.469,0.87669,0.87705,1.12,1.37
2016.05.27 13:54:41.018,0.87669,0.87705,1.37,1.37
2016.05.27 13:54:41.556,0.87669,0.87705,1.12,1.37
2016.05.27 13:54:42.115,0.87668,0.87706,1.12,1.37
2016.05.27 13:54:42.652,0.87669,0.87705,1.12,1.37
2016.05.27 13:54:42.803,0.87665,0.87701,1.87,1.12
2016.05.27 13:54:42.973,0.87665,0.87701,1.87,1.12
2016.05.27 13:54:43.574,0.87665,0.87701,1.87,1.00
2016.05.27 13:54:44.876,0.87667,0.87702,1.00,1.00
2016.05.27 13:54:45.627,0.87667,0.87701,1.37,1.00
2016.05.27 13:54:46.345,0.87667,0.87701,1.37,1.00
2016.05.27 13:54:46.623,0.87665,0.87701,1.12,1.12
2016.05.27 13:54:46.825,0.87665,0.87701,1.37,1.00
2016.05.27 13:54:46.925,0.87665,0.87701,1.37,1.00
2016.05.27 13:54:47.281,0.87664,0.87702,1.12,1.12
2016.05.27 13:54:47.483,0.87665,0.87701,1.37,1.00
2016.05.27 13:54:47.785,0.87665,0.87701,1.37,1.00
2016.05.27 13:54:47.885,0.87664,0.87702,1.50,1.12
2016.05.27 13:54:48.780,0.87665,0.87701,1.37,1.00
2016.05.27 13:54:51.834,0.87665,0.87701,1.37,1.00
2016.05.27 13:54:52.035,0.87665,0.87701,1.37,1.00
2016.05.27 13:54:52.213,0.87664,0.87702,1.12,1.37
2016.05.27 13:54:52.396,0.87665,0.87701,1.37,1.00
2016.05.27 13:54:52.915,0.87665,0.87701,1.37,1.12
2016.05.27 13:54:53.250,0.87667,0.87701,1.37,1.00
2016.05.27 13:54:54.103,0.87667,0.87701,1.37,1.00
2016.05.27 13:54:55.205,0.87664,0.87702,1.37,1.00
2016.05.27 13:54:55.349,0.87668,0.87702,1.00,1.00
2016.05.27 13:54:56.006,0.87668,0.87701,1.00,1.00
2016.05.27 13:54:56.867,0.87668,0.87702,1.12,1.00
2016.05.27 13:54:57.027,0.87668,0.87706,1.50,1.37
2016.05.27 13:54:57.509,0.87669,0.87705,1.00,1.37
2016.05.27 13:54:58.127,0.87669,0.87705,1.00,1.37
2016.05.27 13:55:00.014,0.87668,0.87706,1.00,1.37
2016.05.27 13:55:00.515,0.87668,0.87706,1.00,1.37
2016.05.27 13:55:02.120,0.87669,0.87705,1.00,1.37
2016.05.27 13:55:02.822,0.87669,0.87705,1.00,1.37
2016.05.27 13:55:03.022,0.87669,0.87705,1.00,1.37
2016.05.27 13:55:05.040,0.87669,0.87705,1.00,1.37
2016.05.27 13:55:05.580,0.87664,0.877,1.50,1.00
2016.05.27 13:55:06.543,0.87664,0.877,1.12,1.00
2016.05.27 13:55:06.943,0.87663,0.87701,3.00,1.00
2016.05.27 13:55:08.457,0.87663,0.87701,2.25,1.12
2016.05.27 13:55:08.998,0.87664,0.877,1.37,1.00
2016.05.27 13:55:09.549,0.87664,0.877,1.37,1.00
2016.05.27 13:55:09.650,0.87664,0.877,1.37,1.00
2016.05.27 13:55:09.849,0.87663,0.87701,1.37,1.00
2016.05.27 13:55:10.451,0.87664,0.877,1.37,1.00
2016.05.27 13:55:10.552,0.87664,0.877,1.37,1.12
2016.05.27 13:55:11.653,0.87663,0.87701,1.50,1.12
2016.05.27 13:55:12.556,0.87663,0.87701,1.50,1.37
2016.05.27 13:55:12.776,0.87663,0.87701,1.12,1.37
2016.05.27 13:55:13.079,0.87663,0.87701,1.50,1.37
2016.05.27 13:55:13.258,0.87664,0.877,1.37,1.37
2016.05.27 13:55:13.559,0.87664,0.877,1.12,1.37
2016.05.27 13:55:14.473,0.87664,0.877,1.12,1.37
2016.05.27 13:55:15.966,0.87664,0.877,1.37,1.12
2016.05.27 13:55:16.467,0.87664,0.877,1.37,1.12
2016.05.27 13:55:17.468,0.87663,0.87701,1.12,1.12
2016.05.27 13:55:18.178,0.87663,0.87701,1.37,1.00
2016.05.27 13:55:18.674,0.87663,0.87701,1.50,1.37
2016.05.27 13:55:19.172,0.87664,0.877,1.37,1.12
2016.05.27 13:55:19.773,0.87664,0.877,1.37,1.00
2016.05.27 13:55:20.174,0.87664,0.877,1.37,1.12
2016.05.27 13:55:20.625,0.87661,0.87698,1.37,1.00
2016.05.27 13:55:20.941,0.87658,0.8769,1.00,1.00
2016.05.27 13:55:21.478,0.87658,0.87691,1.00,1.00
2016.05.27 13:55:21.983,0.87657,0.8769,1.12,1.00
2016.05.27 13:55:22.683,0.87654,0.8769,1.37,1.00
2016.05.27 13:55:24.233,0.87653,0.87691,1.50,1.12
2016.05.27 13:55:25.079,0.87654,0.8769,1.37,1.12
2016.05.27 13:55:25.580,0.87653,0.87691,1.50,1.12
2016.05.27 13:55:25.736,0.87653,0.87684,1.12,1.00
2016.05.27 13:55:25.940,0.87648,0.87684,1.00,1.37
2016.05.27 13:55:26.440,0.87648,0.87685,1.37,1.12
2016.05.27 13:55:26.641,0.87651,0.87688,1.00,1.00
2016.05.27 13:55:26.792,0.87652,0.87689,1.00,1.75
2016.05.27 13:55:27.694,0.87652,0.87689,1.00,1.37
2016.05.27 13:55:28.044,0.87652,0.87689,1.37,1.00
2016.05.27 13:55:28.344,0.87651,0.8769,1.37,1.37
2016.05.27 13:55:29.141,0.87652,0.87688,1.00,1.37
2016.05.27 13:55:29.242,0.87648,0.87683,1.37,1.37
2016.05.27 13:55:29.408,0.87646,0.87684,1.37,1.37
2016.05.27 13:55:29.976,0.87646,0.87684,1.37,1.12
2016.05.27 13:55:31.602,0.87647,0.87683,1.37,1.37
2016.05.27 13:55:33.305,0.87646,0.87684,1.00,1.37
2016.05.27 13:55:34.909,0.87647,0.87683,1.12,1.37
2016.05.27 13:55:35.710,0.87647,0.87683,1.37,1.12
2016.05.27 13:55:35.811,0.87646,0.87684,1.12,1.37
2016.05.27 13:55:36.051,0.87647,0.87683,1.50,1.37
2016.05.27 13:55:36.382,0.87647,0.87683,1.12,1.87
2016.05.27 13:55:36.871,0.87643,0.87677,1.37,1.00
2016.05.27 13:55:37.715,0.87648,0.87677,1.00,1.00
2016.05.27 13:55:37.766,0.87648,0.87681,1.12,1.00
2016.05.27 13:55:37.867,0.87649,0.87685,1.12,1.37
2016.05.27 13:55:38.216,0.87648,0.87681,1.12,1.00
2016.05.27 13:55:38.317,0.87644,0.87682,1.37,1.37
2016.05.27 13:55:38.418,0.87645,0.87681,1.00,1.37
2016.05.27 13:55:38.720,0.87642,0.87676,1.12,1.12
2016.05.27 13:55:39.306,0.87642,0.87677,1.00,1.12
2016.05.27 13:55:39.832,0.87642,0.87676,1.12,1.12
2016.05.27 13:55:40.581,0.87642,0.87676,1.37,1.12
2016.05.27 13:55:42.056,0.87642,0.87677,1.12,1.00
2016.05.27 13:55:42.828,0.87642,0.87677,1.37,1.00
2016.05.27 13:55:44.632,0.87642,0.87677,1.37,1.00
2016.05.27 13:55:45.580,0.87642,0.87676,1.37,1.00
2016.05.27 13:55:46.436,0.87642,0.87676,1.37,1.00
2016.05.27 13:55:47.238,0.87642,0.87677,1.37,1.00
2016.05.27 13:55:48.741,0.87642,0.87677,1.12,1.00
2016.05.27 13:55:49.042,0.87642,0.87676,1.37,1.00
2016.05.27 13:55:49.543,0.87642,0.87676,1.37,1.00
2016.05.27 13:55:50.044,0.87642,0.87677,1.00,1.12
2016.05.27 13:55:51.547,0.87642,0.87677,1.00,1.37
2016.05.27 13:55:53.526,0.87639,0.87677,1.50,1.37
2016.05.27 13:55:53.651,0.8764,0.87676,1.12,1.37
2016.05.27 13:55:54.270,0.87639,0.87677,1.12,1.37
2016.05.27 13:55:54.647,0.87643,0.87677,1.00,1.37
2016.05.27 13:55:55.905,0.87643,0.87677,1.00,1.37
2016.05.27 13:55:56.021,0.8764,0.87677,1.00,1.37
2016.05.27 13:55:56.122,0.87643,0.87677,1.00,1.37
2016.05.27 13:55:56.758,0.87643,0.87676,1.00,1.37
2016.05.27 13:55:57.724,0.8764,0.87676,1.12,1.37
2016.05.27 13:55:58.361,0.87639,0.87677,1.50,1.37
2016.05.27 13:55:58.662,0.87638,0.87672,1.50,1.00
2016.05.27 13:55:58.751,0.87638,0.87672,1.00,1.00
2016.05.27 13:55:59.281,0.87638,0.87672,1.37,1.00
2016.05.27 13:55:59.479,0.8764,0.87676,1.12,1.37
2016.05.27 13:55:59.966,0.8764,0.87676,1.37,1.00
2016.05.27 13:56:01.970,0.87639,0.87677,1.50,1.12
2016.05.27 13:56:03.774,0.8764,0.87676,1.37,1.37
2016.05.27 13:56:04.276,0.87639,0.87677,1.50,1.37
2016.05.27 13:56:06.584,0.8764,0.87676,1.12,1.37
2016.05.27 13:56:09.495,0.8764,0.87676,1.37,1.12
2016.05.27 13:56:10.138,0.87639,0.87677,1.50,1.12
2016.05.27 13:56:10.297,0.8764,0.87676,1.12,1.37
2016.05.27 13:56:11.005,0.87639,0.87677,1.50,1.37
2016.05.27 13:56:11.800,0.8764,0.87676,1.37,1.12
2016.05.27 13:56:12.902,0.87639,0.87677,1.50,1.12
2016.05.27 13:56:13.003,0.87638,0.87672,1.12,1.00
2016.05.27 13:56:13.515,0.87635,0.87673,1.87,1.12
2016.05.27 13:56:15.208,0.87636,0.87673,1.00,1.00
2016.05.27 13:56:15.968,0.87636,0.87673,2.62,1.00
2016.05.27 13:56:17.324,0.87639,0.87676,1.75,1.00
2016.05.27 13:56:17.870,0.87639,0.87677,1.75,1.00
2016.05.27 13:56:18.015,0.8764,0.87676,1.12,1.37
2016.05.27 13:56:18.326,0.87643,0.87676,1.00,1.12
2016.05.27 13:56:19.328,0.87643,0.87677,1.00,1.12
2016.05.27 13:56:19.950,0.87639,0.87677,1.37,1.12
2016.05.27 13:56:20.551,0.87639,0.87677,1.50,1.37
2016.05.27 13:56:22.429,0.87639,0.87677,1.50,1.37
2016.05.27 13:56:24.655,0.87643,0.87677,1.00,1.87
2016.05.27 13:56:25.156,0.87639,0.87677,1.50,1.37
2016.05.27 13:56:25.701,0.87642,0.87676,1.00,1.12
2016.05.27 13:56:26.341,0.87642,0.87676,1.37,1.00
2016.05.27 13:56:27.444,0.87642,0.87676,1.12,1.00
2016.05.27 13:56:27.996,0.87643,0.87677,1.12,1.00
2016.05.27 13:56:28.509,0.8764,0.87676,1.37,1.00
2016.05.27 13:56:32.259,0.8764,0.87676,1.37,1.12
2016.05.27 13:56:32.963,0.87641,0.87677,1.12,1.37
2016.05.27 13:56:33.513,0.87643,0.87678,1.00,1.37
2016.05.27 13:56:35.568,0.87643,0.87677,1.00,1.37
2016.05.27 13:56:36.116,0.8764,0.87678,1.12,1.37
2016.05.27 13:56:36.365,0.8764,0.87671,1.00,1.12
2016.05.27 13:56:36.616,0.87632,0.87669,1.87,1.00
2016.05.27 13:56:37.162,0.87632,0.87669,1.87,1.12
2016.05.27 13:56:37.702,0.87633,0.87669,1.37,1.12
2016.05.27 13:56:37.803,0.87633,0.87669,1.00,1.37
2016.05.27 13:56:38.377,0.87633,0.8767,1.00,1.37
2016.05.27 13:56:39.160,0.87633,0.87669,1.12,1.37
2016.05.27 13:56:40.783,0.87633,0.87669,1.37,1.12
2016.05.27 13:56:41.319,0.87633,0.8767,1.37,1.00
2016.05.27 13:56:41.870,0.87632,0.87669,1.37,1.12
2016.05.27 13:56:42.595,0.87631,0.8767,1.37,1.12
2016.05.27 13:56:43.288,0.87632,0.87669,1.37,1.00
2016.05.27 13:56:45.195,0.87633,0.8767,1.12,1.12
2016.05.27 13:56:45.896,0.87633,0.87669,1.37,1.00
2016.05.27 13:56:50.512,0.87632,0.8767,1.37,1.12
2016.05.27 13:56:51.407,0.87632,0.87669,1.87,1.00
2016.05.27 13:56:54.714,0.87633,0.8767,1.37,1.00
2016.05.27 13:56:55.242,0.87633,0.8767,1.37,1.00
2016.05.27 13:56:56.217,0.87633,0.8767,1.37,1.00
2016.05.27 13:56:56.745,0.87632,0.8767,1.87,1.00
2016.05.27 13:56:57.270,0.87633,0.87669,1.37,1.00
2016.05.27 13:56:58.347,0.87633,0.87669,1.87,1.37
2016.05.27 13:56:58.482,0.87633,0.8767,1.00,1.37
2016.05.27 13:56:58.723,0.87633,0.87669,1.87,1.37
2016.05.27 13:56:59.249,0.87632,0.8767,1.87,1.87
2016.05.27 13:56:59.362,0.87633,0.87669,1.87,1.37
2016.05.27 13:57:00.301,0.87633,0.87669,1.50,1.37
2016.05.27 13:57:01.187,0.87632,0.87665,1.00,1.00
2016.05.27 13:57:03.656,0.87632,0.87666,1.00,1.00
2016.05.27 13:57:04.554,0.87628,0.87666,1.87,1.00
2016.05.27 13:57:04.654,0.87633,0.87666,1.00,1.00
2016.05.27 13:57:04.855,0.87628,0.87666,1.87,1.00
2016.05.27 13:57:05.583,0.87629,0.87665,1.37,1.12
2016.05.27 13:57:05.642,0.87628,0.87666,1.87,1.12
2016.05.27 13:57:06.738,0.87629,0.87665,1.37,1.12
2016.05.27 13:57:06.788,0.87629,0.87665,1.37,1.00
2016.05.27 13:57:06.889,0.87633,0.8767,1.12,1.12
2016.05.27 13:57:07.692,0.87632,0.8767,1.00,1.87
2016.05.27 13:57:07.793,0.87628,0.87666,1.87,1.12
2016.05.27 13:57:09.189,0.87629,0.87665,1.37,1.37
2016.05.27 13:57:11.699,0.87629,0.87665,1.00,1.87
2016.05.27 13:57:12.002,0.87624,0.8766,1.87,1.00
2016.05.27 13:57:12.377,0.87624,0.87661,1.12,1.00
2016.05.27 13:57:12.795,0.87624,0.8766,1.37,1.12
2016.05.27 13:57:13.963,0.87624,0.8766,1.37,1.37
2016.05.27 13:57:14.076,0.87623,0.87661,1.37,1.12
2016.05.27 13:57:14.668,0.87624,0.8766,1.37,1.00
2016.05.27 13:57:16.971,0.87623,0.87661,1.37,1.12
2016.05.27 13:57:18.221,0.87624,0.8766,1.37,1.00
2016.05.27 13:57:18.875,0.87624,0.8766,1.37,1.00
2016.05.27 13:57:19.476,0.87623,0.87661,1.37,1.00
2016.05.27 13:57:21.329,0.87623,0.87661,1.87,1.00
2016.05.27 13:57:21.674,0.87629,0.87667,1.37,1.00
2016.05.27 13:57:22.079,0.87629,0.87665,1.37,1.00
2016.05.27 13:57:22.130,0.8763,0.87665,1.12,1.12
2016.05.27 13:57:23.158,0.87629,0.87665,1.12,1.12
2016.05.27 13:57:24.601,0.87626,0.87662,1.37,1.00
2016.05.27 13:57:24.903,0.87622,0.87655,1.00,1.12
2016.05.27 13:57:25.003,0.87628,0.87656,1.00,1.00
2016.05.27 13:57:25.127,0.87624,0.87659,1.12,1.00
2016.05.27 13:57:25.179,0.87624,0.87662,1.12,1.00
2016.05.27 13:57:25.229,0.87625,0.87661,1.00,1.37
2016.05.27 13:57:25.338,0.87624,0.87662,1.00,1.12
2016.05.27 13:57:25.845,0.87625,0.87661,1.50,1.12
2016.05.27 13:57:27.305,0.87633,0.87661,1.00,1.12
2016.05.27 13:57:28.406,0.87632,0.87662,1.00,1.00
2016.05.27 13:57:29.100,0.87632,0.87661,1.00,1.00
2016.05.27 13:57:29.695,0.87633,0.87662,1.00,1.00
2016.05.27 13:57:30.404,0.87633,0.87661,1.00,1.00
2016.05.27 13:57:30.905,0.87632,0.87661,1.00,1.00
2016.05.27 13:57:31.114,0.87628,0.87661,1.12,1.00
2016.05.27 13:57:31.215,0.87629,0.87666,1.12,1.87
2016.05.27 13:57:32.308,0.87629,0.87667,1.00,1.87
2016.05.27 13:57:33.023,0.87629,0.87666,1.50,1.12
2016.05.27 13:57:33.824,0.87633,0.87667,1.50,1.12
2016.05.27 13:57:33.927,0.87633,0.87669,1.00,1.12
2016.05.27 13:57:34.557,0.87632,0.8767,1.00,1.37
2016.05.27 13:57:35.215,0.87633,0.8767,1.00,1.87
2016.05.27 13:57:35.832,0.87633,0.87669,1.50,1.37
2016.05.27 13:57:35.963,0.87633,0.87669,1.50,1.37
2016.05.27 13:57:36.878,0.87633,0.87669,1.87,1.12
2016.05.27 13:57:37.947,0.87633,0.87669,1.87,1.00
2016.05.27 13:57:38.248,0.87633,0.87669,1.87,1.00
2016.05.27 13:57:38.349,0.87637,0.87674,1.12,1.87
2016.05.27 13:57:38.449,0.87638,0.87674,1.37,1.75
2016.05.27 13:57:39.150,0.87638,0.87675,1.00,1.00
2016.05.27 13:57:40.122,0.87638,0.87674,1.00,1.12
2016.05.27 13:57:41.355,0.87638,0.87675,1.00,1.12
2016.05.27 13:57:41.877,0.87638,0.87674,1.37,1.00
2016.05.27 13:57:45.862,0.87642,0.87674,1.12,1.00
2016.05.27 13:57:45.963,0.87644,0.8768,1.50,1.00
2016.05.27 13:57:46.164,0.87644,0.87679,1.50,1.37
2016.05.27 13:57:46.487,0.87638,0.87676,3.37,1.00
2016.05.27 13:57:46.962,0.87639,0.87675,1.12,1.00
2016.05.27 13:57:47.494,0.87638,0.87676,1.00,1.00
2016.05.27 13:57:48.072,0.87639,0.87675,1.00,1.00
2016.05.27 13:57:48.704,0.87638,0.87676,1.00,1.00
2016.05.27 13:57:50.295,0.87639,0.87675,1.37,1.00
2016.05.27 13:57:50.396,0.87648,0.87681,1.00,1.00
2016.05.27 13:57:50.597,0.87651,0.87689,1.37,1.00
2016.05.27 13:57:50.698,0.87652,0.87688,1.37,1.00
2016.05.27 13:57:50.799,0.87652,0.87688,1.00,1.00
2016.05.27 13:57:51.471,0.87651,0.87689,1.00,1.00
2016.05.27 13:57:51.972,0.87652,0.87688,1.00,1.12
2016.05.27 13:57:52.498,0.87653,0.87689,1.00,1.12
2016.05.27 13:57:52.922,0.87653,0.87688,1.00,1.37
2016.05.27 13:57:53.513,0.87652,0.87689,1.00,2.62
2016.05.27 13:57:54.114,0.87652,0.87689,1.00,1.87
2016.05.27 13:57:54.425,0.87651,0.87688,1.00,1.87
2016.05.27 13:57:54.478,0.87647,0.87684,1.87,1.00
2016.05.27 13:57:55.180,0.87647,0.87685,1.00,1.00
2016.05.27 13:57:55.783,0.87647,0.87684,1.50,1.00
2016.05.27 13:57:56.985,0.87647,0.8768,1.00,1.00
2016.05.27 13:57:57.649,0.87648,0.8768,1.00,1.00
2016.05.27 13:57:57.966,0.87648,0.87677,1.00,1.00
2016.05.27 13:57:58.188,0.87648,0.87683,1.00,1.00
2016.05.27 13:57:58.389,0.87647,0.87682,1.00,1.37
2016.05.27 13:57:58.738,0.87647,0.87678,1.00,1.12
2016.05.27 13:57:59.301,0.87647,0.87679,1.00,1.50
2016.05.27 13:57:59.902,0.87647,0.87678,1.00,1.00
2016.05.27 13:58:00.104,0.87648,0.87681,1.00,1.00
2016.05.27 13:58:00.563,0.87644,0.87682,1.00,2.62
2016.05.27 13:58:00.613,0.87643,0.87676,1.00,1.00
2016.05.27 13:58:03.261,0.8764,0.87676,1.00,1.00
2016.05.27 13:58:03.416,0.87638,0.87677,1.50,1.87
2016.05.27 13:58:03.517,0.87639,0.87676,1.00,1.37
2016.05.27 13:58:03.818,0.87634,0.8767,1.50,1.00
2016.05.27 13:58:04.360,0.87634,0.87671,1.00,1.00
2016.05.27 13:58:05.215,0.87634,0.8767,1.50,1.00
2016.05.27 13:58:05.450,0.87643,0.87679,1.00,1.00
2016.05.27 13:58:05.551,0.87643,0.87677,1.00,1.00
2016.05.27 13:58:06.364,0.87642,0.87678,1.00,1.87
2016.05.27 13:58:06.880,0.87638,0.87673,1.00,1.00
2016.05.27 13:58:07.806,0.87637,0.87673,1.75,1.00
2016.05.27 13:58:10.747,0.87639,0.87674,1.37,1.00
2016.05.27 13:58:10.853,0.87642,0.87678,1.37,1.00
2016.05.27 13:58:11.058,0.87641,0.87679,1.00,1.00
2016.05.27 13:58:11.271,0.87642,0.87677,1.00,1.00
2016.05.27 13:58:11.623,0.87636,0.87673,1.87,1.00
2016.05.27 13:58:12.725,0.87636,0.87673,2.62,1.00
2016.05.27 13:58:13.627,0.87636,0.87672,2.62,1.00
2016.05.27 13:58:14.328,0.87637,0.87672,1.37,1.00
2016.05.27 13:58:17.058,0.87636,0.87672,1.37,1.00
2016.05.27 13:58:17.849,0.87636,0.87672,1.37,1.00
2016.05.27 13:58:18.437,0.87636,0.87672,1.37,1.00
2016.05.27 13:58:19.345,0.87636,0.87673,1.87,1.00
2016.05.27 13:58:20.047,0.87636,0.87672,1.87,1.00
2016.05.27 13:58:20.747,0.87637,0.87672,1.37,1.00
2016.05.27 13:58:21.441,0.87637,0.87672,1.12,1.00
2016.05.27 13:58:23.355,0.87637,0.87673,1.00,1.00
2016.05.27 13:58:24.001,0.87637,0.87672,1.00,1.00
2016.05.27 13:58:24.449,0.87635,0.87673,1.50,1.00
2016.05.27 13:58:24.550,0.87636,0.87672,1.37,1.00
2016.05.27 13:58:24.759,0.8764,0.87679,2.62,1.00
2016.05.27 13:58:25.051,0.87643,0.87679,1.00,1.00
2016.05.27 13:58:25.319,0.87641,0.87679,1.00,1.00
2016.05.27 13:58:25.519,0.87643,0.87679,1.00,1.00
2016.05.27 13:58:25.720,0.87641,0.87678,2.25,1.00
2016.05.27 13:58:27.155,0.87641,0.87679,1.00,1.00
2016.05.27 13:58:27.727,0.87642,0.87678,1.00,1.00
2016.05.27 13:58:28.273,0.8764,0.87679,3.00,1.00
2016.05.27 13:58:28.824,0.87641,0.87678,1.50,1.00
2016.05.27 13:58:29.468,0.8764,0.87679,3.37,1.00
2016.05.27 13:58:29.760,0.87644,0.87682,1.00,1.12
2016.05.27 13:58:30.332,0.87645,0.87681,1.00,1.00
2016.05.27 13:58:30.383,0.8764,0.87677,1.00,1.00
2016.05.27 13:58:31.064,0.8764,0.87676,1.12,1.00
2016.05.27 13:58:32.945,0.87639,0.87677,1.12,1.00
2016.05.27 13:58:33.682,0.87639,0.87677,1.50,1.00
2016.05.27 13:58:33.783,0.87646,0.87676,1.00,1.00
2016.05.27 13:58:33.884,0.87648,0.87683,1.00,1.00
2016.05.27 13:58:33.935,0.87648,0.87686,1.00,1.00
2016.05.27 13:58:34.070,0.87649,0.87685,1.37,1.00
2016.05.27 13:58:34.583,0.87648,0.87686,1.50,1.00
2016.05.27 13:58:35.133,0.87649,0.87685,1.50,1.00
2016.05.27 13:58:36.276,0.87648,0.87686,1.50,1.00
2016.05.27 13:58:37.213,0.87648,0.87686,3.37,1.00
2016.05.27 13:58:37.739,0.87649,0.87685,1.50,1.87
2016.05.27 13:58:38.240,0.87648,0.87686,3.00,1.87
2016.05.27 13:58:38.595,0.87649,0.87685,1.50,1.37
2016.05.27 13:58:39.117,0.87649,0.87685,1.87,1.00
2016.05.27 13:58:39.999,0.87648,0.87686,3.37,1.00
2016.05.27 13:58:40.050,0.87648,0.87686,1.12,1.50
2016.05.27 13:58:40.588,0.87648,0.87686,1.37,1.50
2016.05.27 13:58:41.489,0.87648,0.87686,1.12,1.87
2016.05.27 13:58:42.090,0.87648,0.87686,1.37,1.87
2016.05.27 13:58:44.510,0.87649,0.87685,1.12,1.37
2016.05.27 13:58:45.128,0.87648,0.87686,1.00,1.37
2016.05.27 13:58:45.497,0.87648,0.87686,1.00,1.87
2016.05.27 13:58:45.699,0.87644,0.87682,1.50,1.37
2016.05.27 13:58:46.299,0.87644,0.87682,1.00,1.00
2016.05.27 13:58:46.440,0.87639,0.87672,2.25,1.00
2016.05.27 13:58:46.952,0.87636,0.87672,1.37,1.00
2016.05.27 13:58:48.218,0.87635,0.87673,1.37,1.00
2016.05.27 13:58:49.426,0.87637,0.87673,1.37,1.00
2016.05.27 13:58:49.927,0.87637,0.87672,1.12,1.00
2016.05.27 13:58:50.242,0.87638,0.87673,1.00,1.00
2016.05.27 13:58:52.215,0.87637,0.87672,1.12,1.00
2016.05.27 13:58:53.059,0.87636,0.87673,1.87,1.00
2016.05.27 13:58:55.724,0.8764,0.87676,1.12,1.00
2016.05.27 13:58:57.751,0.8764,0.87676,1.37,1.00
2016.05.27 13:58:58.245,0.8764,0.87676,1.12,1.12
2016.05.27 13:58:58.936,0.87639,0.87677,1.12,1.87
2016.05.27 13:58:59.473,0.8764,0.87676,1.12,1.00
2016.05.27 13:59:01.237,0.87639,0.87677,1.37,1.50
2016.05.27 13:59:02.142,0.87639,0.87677,1.12,1.00
2016.05.27 13:59:04.396,0.8764,0.87676,1.00,1.00
2016.05.27 13:59:05.167,0.87639,0.87677,1.00,1.00
2016.05.27 13:59:07.345,0.87639,0.87677,1.75,1.00
2016.05.27 13:59:07.898,0.8764,0.87676,1.75,1.00
2016.05.27 13:59:09.448,0.8764,0.87676,1.00,1.00
2016.05.27 13:59:10.296,0.87639,0.87677,1.00,1.00
2016.05.27 13:59:10.899,0.8764,0.87676,1.00,1.00
2016.05.27 13:59:11.642,0.87639,0.87675,1.00,1.00
2016.05.27 13:59:12.997,0.87635,0.87671,1.75,1.00
2016.05.27 13:59:13.151,0.87629,0.87667,1.50,1.00
2016.05.27 13:59:13.673,0.87631,0.87667,1.00,1.00
2016.05.27 13:59:14.197,0.8763,0.87666,1.12,1.00
2016.05.27 13:59:15.283,0.87629,0.87667,1.00,1.00
2016.05.27 13:59:15.784,0.8763,0.87666,1.00,1.00
2016.05.27 13:59:16.318,0.87629,0.87667,1.00,1.00
2016.05.27 13:59:16.869,0.8763,0.87666,1.00,1.00
2016.05.27 13:59:17.523,0.87626,0.87662,1.00,1.00
2016.05.27 13:59:18.783,0.87625,0.87663,1.50,1.00
2016.05.27 13:59:19.374,0.87626,0.87663,1.00,1.00
2016.05.27 13:59:20.104,0.87626,0.87662,1.12,1.00
2016.05.27 13:59:20.787,0.87627,0.87662,1.00,1.00
2016.05.27 13:59:21.478,0.87626,0.87662,1.12,1.00
2016.05.27 13:59:22.191,0.87625,0.87663,1.87,1.00
2016.05.27 13:59:22.661,0.87626,0.87663,1.75,1.00
2016.05.27 13:59:23.181,0.87626,0.87662,1.75,1.00
2016.05.27 13:59:23.232,0.87629,0.87667,1.12,1.00
2016.05.27 13:59:23.784,0.8763,0.87666,1.00,1.00
2016.05.27 13:59:24.796,0.87629,0.87667,1.12,1.00
2016.05.27 13:59:25.664,0.87629,0.87667,1.50,1.00
2016.05.27 13:59:26.292,0.8763,0.87666,1.12,1.00
2016.05.27 13:59:26.737,0.87626,0.87663,1.75,1.00
2016.05.27 13:59:27.302,0.87625,0.87664,2.25,1.00
2016.05.27 13:59:27.767,0.87626,0.87663,1.50,1.00
2016.05.27 13:59:29.018,0.87625,0.87664,1.50,1.00
2016.05.27 13:59:29.320,0.8763,0.87666,1.00,1.00
2016.05.27 13:59:30.000,0.87629,0.87667,1.00,1.00
2016.05.27 13:59:30.302,0.87623,0.87658,1.00,1.00
2016.05.27 13:59:30.770,0.87622,0.87657,1.75,1.00
2016.05.27 13:59:32.310,0.87621,0.87658,3.00,1.00
2016.05.27 13:59:32.511,0.87626,0.87662,1.12,1.00
2016.05.27 13:59:33.457,0.87625,0.87663,1.50,1.00
2016.05.27 13:59:35.217,0.87626,0.87662,1.12,1.00
2016.05.27 13:59:36.776,0.87626,0.87662,1.37,1.00
2016.05.27 13:59:37.331,0.87625,0.87663,3.00,1.00
2016.05.27 13:59:38.075,0.87626,0.87662,1.37,1.00
2016.05.27 13:59:39.779,0.87626,0.87662,1.12,1.00
2016.05.27 13:59:42.253,0.87629,0.87666,1.00,1.00
2016.05.27 13:59:42.455,0.87635,0.8767,1.00,1.00
2016.05.27 13:59:42.996,0.87629,0.87668,1.37,1.00
2016.05.27 13:59:43.506,0.8763,0.87667,1.12,1.00
2016.05.27 13:59:43.607,0.87632,0.87668,1.00,1.00
2016.05.27 13:59:43.657,0.87634,0.87671,1.00,1.00
2016.05.27 13:59:43.809,0.87635,0.87671,2.25,1.00
2016.05.27 13:59:45.253,0.87635,0.87672,2.25,1.00
2016.05.27 13:59:45.690,0.87633,0.87672,1.00,1.00
2016.05.27 13:59:46.232,0.87634,0.87671,1.00,1.00
2016.05.27 13:59:46.884,0.87633,0.87672,1.00,1.00
2016.05.27 13:59:47.187,0.87633,0.87672,3.00,1.00
2016.05.27 13:59:48.184,0.87634,0.87671,1.75,1.00
2016.05.27 13:59:48.440,0.87639,0.87675,1.00,1.00
2016.05.27 13:59:48.652,0.87641,0.8768,1.00,1.00
2016.05.27 13:59:48.753,0.87639,0.87675,1.00,1.00
2016.05.27 13:59:49.254,0.87638,0.87676,1.12,1.00
2016.05.27 13:59:49.846,0.87639,0.87675,1.00,1.00
2016.05.27 13:59:50.464,0.87639,0.87676,1.00,1.00
2016.05.27 13:59:50.992,0.8764,0.87676,1.00,1.00
2016.05.27 13:59:51.190,0.87641,0.8768,1.00,1.50
2016.05.27 13:59:51.291,0.87649,0.87679,1.00,1.00
2016.05.27 13:59:51.544,0.87661,0.87696,1.00,1.00
2016.05.27 13:59:52.058,0.87661,0.87697,1.00,1.00
2016.05.27 13:59:52.109,0.87656,0.87694,1.00,1.00
2016.05.27 13:59:52.652,0.87657,0.87693,1.00,1.00
2016.05.27 13:59:54.206,0.87656,0.87694,1.00,1.00
2016.05.27 13:59:54.973,0.87657,0.87693,1.00,1.00
2016.05.27 13:59:55.108,0.87623,0.87717,1.00,0.75
2016.05.27 13:59:55.209,0.87623,0.87722,1.00,1.00
2016.05.27 13:59:55.622,0.87613,0.87717,0.75,0.75
2016.05.27 13:59:55.834,0.87628,0.87717,0.75,0.75
2016.05.27 13:59:56.223,0.87623,0.87712,0.75,0.75
2016.05.27 13:59:56.512,0.87617,0.87708,0.75,0.75
2016.05.27 13:59:57.226,0.87613,0.87702,1.00,0.75
2016.05.27 13:59:57.614,0.87618,0.87707,0.75,0.75
2016.05.27 13:59:57.927,0.87617,0.87713,0.75,0.75
2016.05.27 13:59:58.228,0.87617,0.87703,0.75,0.75
