2016.10.27 07:00:00.367,0.95684,0.95716,1.00,1.35
2016.10.27 07:00:00.453,0.95682,0.95715,1.00,1.00
2016.10.27 07:00:00.762,0.9569,0.95718,1.00,1.00
2016.10.27 07:00:01.552,0.95686,0.95718,1.00,1.00
2016.10.27 07:00:01.603,0.95686,0.95723,1.00,1.35
2016.10.27 07:00:01.654,0.95682,0.95718,1.50,1.00
2016.10.27 07:00:01.970,0.95682,0.95713,1.00,1.00
2016.10.27 07:00:02.307,0.95682,0.95716,1.00,1.00
2016.10.27 07:00:02.358,0.9568,0.95716,1.00,1.00
2016.10.27 07:00:02.681,0.95682,0.95718,1.00,2.10
2016.10.27 07:00:03.312,0.95684,0.95717,1.00,1.00
2016.10.27 07:00:03.638,0.95684,0.95719,1.00,1.00
2016.10.27 07:00:03.863,0.95684,0.95717,1.00,1.00
2016.10.27 07:00:04.286,0.95688,0.95717,1.00,1.00
2016.10.27 07:00:04.640,0.95686,0.95717,1.00,1.00
2016.10.27 07:00:05.199,0.95687,0.9572,1.00,1.35
2016.10.27 07:00:05.286,0.95686,0.95717,1.00,1.00
2016.10.27 07:00:06.089,0.95687,0.95717,1.00,1.00
2016.10.27 07:00:06.391,0.95695,0.95719,1.00,1.00
2016.10.27 07:00:07.146,0.95696,0.9572,1.00,1.00
2016.10.27 07:00:08.292,0.95697,0.95721,1.00,1.00
2016.10.27 07:00:08.793,0.95696,0.9572,1.00,1.00
2016.10.27 07:00:09.581,0.95697,0.95721,1.00,1.00
2016.10.27 07:00:10.783,0.95694,0.95719,1.00,1.00
2016.10.27 07:00:11.915,0.95691,0.95717,1.00,1.00
2016.10.27 07:00:12.025,0.95698,0.95722,1.00,1.00
2016.10.27 07:00:12.353,0.95699,0.95725,1.00,1.00
2016.10.27 07:00:12.404,0.95697,0.95723,1.00,1.00
2016.10.27 07:00:12.824,0.95701,0.95727,1.00,1.00
2016.10.27 07:00:12.874,0.95697,0.95727,1.00,1.00
2016.10.27 07:00:13.076,0.95697,0.95725,1.00,1.00
2016.10.27 07:00:15.153,0.95692,0.9572,1.00,1.00
2016.10.27 07:00:15.456,0.95697,0.95721,1.00,1.00
2016.10.27 07:00:16.365,0.95696,0.9572,1.00,1.00
2016.10.27 07:00:16.867,0.95697,0.95721,1.00,1.00
2016.10.27 07:00:17.676,0.95696,0.95723,1.00,1.50
2016.10.27 07:00:18.645,0.95696,0.95722,1.00,1.00
2016.10.27 07:00:19.103,0.95696,0.9572,1.00,1.00
2016.10.27 07:00:19.413,0.95696,0.95723,1.00,1.00
2016.10.27 07:00:20.142,0.95699,0.95724,1.00,1.00
2016.10.27 07:00:22.714,0.95698,0.95723,1.00,1.00
2016.10.27 07:00:23.743,0.95698,0.95724,1.00,1.00
2016.10.27 07:00:24.088,0.95704,0.95727,1.00,1.00
2016.10.27 07:00:24.726,0.95699,0.95726,1.00,1.00
2016.10.27 07:00:24.776,0.95699,0.95723,1.00,1.00
2016.10.27 07:00:25.390,0.95697,0.95723,1.00,1.00
2016.10.27 07:00:26.384,0.95696,0.95722,1.00,1.00
2016.10.27 07:00:27.787,0.95697,0.95722,1.00,1.00
2016.10.27 07:00:29.190,0.95688,0.95727,1.00,1.00
2016.10.27 07:00:30.070,0.95694,0.95727,1.00,1.50
2016.10.27 07:00:30.838,0.95691,0.95724,1.00,1.60
2016.10.27 07:00:31.041,0.95695,0.95728,1.00,1.00
2016.10.27 07:00:31.142,0.95701,0.95726,1.00,1.00
2016.10.27 07:00:31.704,0.95704,0.95727,1.00,1.00
2016.10.27 07:00:35.244,0.95702,0.95727,1.50,1.00
2016.10.27 07:00:35.743,0.95704,0.95728,1.00,1.00
2016.10.27 07:00:36.545,0.95704,0.95729,1.00,1.00
2016.10.27 07:00:37.167,0.95704,0.95727,1.00,1.00
2016.10.27 07:00:37.317,0.95701,0.95726,1.00,1.00
2016.10.27 07:00:37.640,0.957,0.95724,1.00,1.00
2016.10.27 07:00:38.224,0.957,0.95722,1.00,1.00
2016.10.27 07:00:39.212,0.95702,0.95724,1.00,1.00
2016.10.27 07:00:40.540,0.95703,0.95726,1.00,1.00
2016.10.27 07:00:41.062,0.95704,0.95727,1.00,1.00
2016.10.27 07:00:43.952,0.95697,0.95721,1.00,1.00
2016.10.27 07:00:44.140,0.95697,0.95724,1.00,1.00
2016.10.27 07:00:44.977,0.95698,0.95722,1.00,1.00
2016.10.27 07:00:45.536,0.95698,0.95723,1.00,1.00
2016.10.27 07:00:46.074,0.95697,0.95723,1.00,1.00
2016.10.27 07:00:47.373,0.95697,0.95722,1.00,1.00
2016.10.27 07:00:47.933,0.95697,0.9572,1.00,1.00
2016.10.27 07:00:48.619,0.95701,0.95727,1.00,1.00
2016.10.27 07:00:48.671,0.957,0.95724,1.00,1.00
2016.10.27 07:00:49.074,0.95701,0.95727,1.00,1.50
2016.10.27 07:00:49.585,0.95696,0.9572,1.00,1.00
2016.10.27 07:00:49.637,0.95694,0.9572,1.00,1.00
2016.10.27 07:00:50.030,0.95698,0.95722,1.00,1.50
2016.10.27 07:00:51.443,0.95698,0.95721,1.00,1.00
2016.10.27 07:00:52.519,0.95696,0.95721,1.00,1.00
2016.10.27 07:00:53.771,0.95697,0.95722,1.00,1.00
2016.10.27 07:00:55.600,0.95699,0.95722,1.00,1.00
2016.10.27 07:00:55.812,0.957,0.95725,1.00,1.00
2016.10.27 07:00:56.609,0.95703,0.95729,1.00,1.35
2016.10.27 07:00:56.664,0.95703,0.95727,1.00,1.00
2016.10.27 07:00:57.757,0.95703,0.95729,1.00,1.00
2016.10.27 07:00:58.358,0.95702,0.95728,1.00,1.00
2016.10.27 07:00:58.959,0.95703,0.95729,1.00,1.00
2016.10.27 07:00:59.661,0.95704,0.95727,1.00,1.00
2016.10.27 07:01:00.266,0.95703,0.95729,1.00,1.00
2016.10.27 07:01:00.317,0.95703,0.95727,1.00,1.00
2016.10.27 07:01:00.417,0.95703,0.95729,1.00,1.00
2016.10.27 07:01:00.468,0.95705,0.95731,1.00,1.00
2016.10.27 07:01:01.894,0.95705,0.95727,1.00,1.00
2016.10.27 07:01:02.590,0.95707,0.95727,1.00,1.00
2016.10.27 07:01:03.121,0.95706,0.95731,1.00,1.00
2016.10.27 07:01:07.524,0.95708,0.95733,1.00,1.00
2016.10.27 07:01:08.164,0.95719,0.95742,1.00,1.50
2016.10.27 07:01:08.466,0.95714,0.95737,1.00,1.00
2016.10.27 07:01:09.263,0.95715,0.9574,1.00,1.00
2016.10.27 07:01:09.816,0.95716,0.95741,1.00,1.00
2016.10.27 07:01:10.243,0.95714,0.9574,1.00,1.00
2016.10.27 07:01:10.295,0.95717,0.9574,1.00,1.00
2016.10.27 07:01:13.391,0.95718,0.95741,1.00,1.00
2016.10.27 07:01:14.309,0.9572,0.95742,1.00,1.50
2016.10.27 07:01:14.623,0.95723,0.95745,1.00,1.00
2016.10.27 07:01:14.724,0.95724,0.95747,1.00,1.00
2016.10.27 07:01:15.544,0.95723,0.95746,1.00,1.00
2016.10.27 07:01:15.623,0.95729,0.95752,1.00,1.00
2016.10.27 07:01:15.725,0.95729,0.95756,1.00,1.00
2016.10.27 07:01:16.531,0.9573,0.95757,1.00,1.50
2016.10.27 07:01:16.960,0.9573,0.95759,1.00,1.00
2016.10.27 07:01:17.011,0.95732,0.95757,1.00,1.00
2016.10.27 07:01:18.413,0.95732,0.95755,1.00,1.00
2016.10.27 07:01:19.911,0.95731,0.95757,1.00,1.50
2016.10.27 07:01:20.612,0.95731,0.95756,1.00,1.00
2016.10.27 07:01:21.256,0.95731,0.95752,1.00,1.00
2016.10.27 07:01:21.962,0.95731,0.95753,1.00,1.00
2016.10.27 07:01:22.639,0.9573,0.95752,1.00,1.00
2016.10.27 07:01:23.002,0.95727,0.9575,1.50,1.00
2016.10.27 07:01:23.441,0.95726,0.95747,1.00,1.00
2016.10.27 07:01:24.191,0.95726,0.95749,1.00,1.00
2016.10.27 07:01:24.469,0.95724,0.95748,1.00,1.00
2016.10.27 07:01:24.627,0.95726,0.95748,1.00,1.00
2016.10.27 07:01:25.516,0.95735,0.95757,1.50,1.00
2016.10.27 07:01:25.566,0.95731,0.95754,1.00,1.00
2016.10.27 07:01:26.154,0.9573,0.95753,1.00,1.00
2016.10.27 07:01:26.632,0.95732,0.95752,1.00,1.00
2016.10.27 07:01:27.149,0.95732,0.95753,1.00,1.00
2016.10.27 07:01:27.674,0.95732,0.95755,1.00,1.00
2016.10.27 07:01:27.725,0.95729,0.95755,1.00,1.00
2016.10.27 07:01:27.776,0.95729,0.95753,1.00,1.00
2016.10.27 07:01:28.388,0.95728,0.95752,1.00,1.00
2016.10.27 07:01:29.240,0.95727,0.95751,1.00,1.00
2016.10.27 07:01:29.577,0.95727,0.95748,1.00,1.00
2016.10.27 07:01:30.118,0.95728,0.95748,1.00,1.00
2016.10.27 07:01:30.169,0.95728,0.9575,1.00,1.00
2016.10.27 07:01:30.237,0.95729,0.95752,1.00,1.00
2016.10.27 07:01:31.981,0.95729,0.95748,1.00,1.00
2016.10.27 07:01:32.082,0.95729,0.95753,1.00,1.00
2016.10.27 07:01:32.365,0.95731,0.95754,1.00,1.00
2016.10.27 07:01:33.061,0.95732,0.95755,1.00,1.00
2016.10.27 07:01:34.066,0.9573,0.95753,1.00,1.00
2016.10.27 07:01:34.368,0.95726,0.95754,1.00,1.00
2016.10.27 07:01:34.781,0.95724,0.95754,1.00,1.50
2016.10.27 07:01:34.832,0.95722,0.9575,1.00,1.00
2016.10.27 07:01:36.100,0.95723,0.95753,1.00,2.25
2016.10.27 07:01:36.677,0.9572,0.95749,1.00,1.00
2016.10.27 07:01:37.092,0.95717,0.95747,1.00,1.00
2016.10.27 07:01:37.143,0.95715,0.95743,1.00,1.50
2016.10.27 07:01:37.294,0.95712,0.95743,1.00,1.50
2016.10.27 07:01:37.751,0.95712,0.95741,1.00,1.00
2016.10.27 07:01:39.532,0.95712,0.95742,1.50,1.50
2016.10.27 07:01:41.959,0.95714,0.95739,1.00,1.00
2016.10.27 07:01:42.983,0.95715,0.95739,1.00,1.00
2016.10.27 07:01:43.669,0.95714,0.95739,1.00,1.00
2016.10.27 07:01:50.753,0.95714,0.95737,1.00,1.00
2016.10.27 07:01:58.024,0.95714,0.95736,1.00,1.00
2016.10.27 07:01:59.242,0.95713,0.95736,1.00,1.00
2016.10.27 07:02:00.116,0.95713,0.95738,1.00,1.00
2016.10.27 07:02:00.664,0.95713,0.95736,1.00,1.00
2016.10.27 07:02:01.057,0.95711,0.9574,1.00,1.00
2016.10.27 07:02:01.158,0.95715,0.95739,1.00,1.00
2016.10.27 07:02:02.023,0.95715,0.95738,1.00,1.00
2016.10.27 07:02:02.701,0.95717,0.9574,1.00,1.00
2016.10.27 07:02:03.765,0.95718,0.95741,1.00,1.00
2016.10.27 07:02:06.904,0.95719,0.95742,1.00,1.00
2016.10.27 07:02:06.987,0.95721,0.95745,1.00,1.00
2016.10.27 07:02:07.088,0.95723,0.95746,1.00,1.00
2016.10.27 07:02:08.288,0.95722,0.95745,1.00,1.00
2016.10.27 07:02:09.304,0.95721,0.95744,1.00,1.00
2016.10.27 07:02:09.842,0.95721,0.95743,1.00,1.00
2016.10.27 07:02:10.455,0.95721,0.95744,1.00,1.00
2016.10.27 07:02:13.056,0.9572,0.95743,1.00,1.00
2016.10.27 07:02:17.084,0.95721,0.95744,1.00,1.00
2016.10.27 07:02:17.409,0.9572,0.95742,1.00,1.00
2016.10.27 07:02:18.539,0.95721,0.95744,1.00,1.00
2016.10.27 07:02:20.319,0.95724,0.95748,1.00,1.00
2016.10.27 07:02:20.420,0.95729,0.95752,1.00,1.00
2016.10.27 07:02:22.207,0.95726,0.95751,1.00,1.00
2016.10.27 07:02:22.640,0.9572,0.95745,1.00,1.00
2016.10.27 07:02:23.360,0.95722,0.95747,1.00,1.00
2016.10.27 07:02:24.813,0.95722,0.95744,1.00,1.00
2016.10.27 07:02:25.338,0.95723,0.95746,1.00,1.00
2016.10.27 07:02:28.589,0.95723,0.95748,1.00,1.00
2016.10.27 07:02:29.744,0.9572,0.95743,1.00,1.00
2016.10.27 07:02:30.119,0.95723,0.95746,1.00,1.00
2016.10.27 07:02:31.076,0.95724,0.95747,1.00,1.00
2016.10.27 07:02:33.421,0.95727,0.95751,1.00,1.00
2016.10.27 07:02:33.700,0.95729,0.95752,1.00,1.50
2016.10.27 07:02:35.503,0.95728,0.9575,1.00,1.00
2016.10.27 07:02:41.940,0.95728,0.95752,1.00,1.00
2016.10.27 07:02:42.383,0.95733,0.95757,1.00,1.00
2016.10.27 07:02:42.535,0.95738,0.95763,1.00,1.50
2016.10.27 07:02:42.742,0.95735,0.9576,1.00,1.00
2016.10.27 07:02:43.044,0.95731,0.95752,1.00,1.00
2016.10.27 07:02:43.820,0.9573,0.95752,1.00,1.00
2016.10.27 07:02:44.678,0.95733,0.95756,1.00,1.00
2016.10.27 07:02:45.419,0.95733,0.95757,1.00,1.50
2016.10.27 07:02:45.470,0.95732,0.95755,1.00,1.00
2016.10.27 07:02:45.941,0.95732,0.95753,1.00,1.00
2016.10.27 07:02:46.227,0.95732,0.95755,1.00,1.00
2016.10.27 07:02:48.057,0.95734,0.95757,1.00,1.00
2016.10.27 07:02:48.359,0.95733,0.95755,1.00,1.00
2016.10.27 07:02:50.466,0.95733,0.95756,1.00,1.00
2016.10.27 07:02:51.167,0.95732,0.95757,1.00,1.00
2016.10.27 07:02:53.143,0.95732,0.95758,1.00,1.50
2016.10.27 07:02:53.718,0.95733,0.95757,1.00,1.00
2016.10.27 07:02:54.238,0.95733,0.95758,1.00,1.00
2016.10.27 07:02:54.958,0.95734,0.95759,1.00,1.00
2016.10.27 07:02:57.265,0.95732,0.95758,1.00,1.50
2016.10.27 07:02:58.107,0.95732,0.95757,1.00,1.00
2016.10.27 07:02:58.158,0.95734,0.95758,1.00,1.00
2016.10.27 07:02:58.260,0.95736,0.95761,1.00,1.00
2016.10.27 07:02:58.613,0.95734,0.95759,1.00,1.00
2016.10.27 07:02:59.121,0.95734,0.95758,1.00,1.00
2016.10.27 07:02:59.646,0.95733,0.95757,1.00,1.00
2016.10.27 07:03:00.382,0.95733,0.95758,1.00,1.00
2016.10.27 07:03:00.688,0.95735,0.95758,1.00,1.50
2016.10.27 07:03:01.854,0.95736,0.95757,1.00,1.00
2016.10.27 07:03:02.366,0.95736,0.95758,1.00,1.00
2016.10.27 07:03:05.383,0.95735,0.95758,1.00,1.00
2016.10.27 07:03:07.466,0.95735,0.95757,1.00,1.00
2016.10.27 07:03:07.967,0.95734,0.95757,1.00,1.50
2016.10.27 07:03:08.276,0.95733,0.95752,1.00,1.00
2016.10.27 07:03:08.327,0.95731,0.95752,1.00,1.00
2016.10.27 07:03:08.487,0.95731,0.95756,1.00,1.00
2016.10.27 07:03:08.831,0.95729,0.95755,1.00,1.00
2016.10.27 07:03:09.222,0.95729,0.95752,1.00,1.00
2016.10.27 07:03:09.273,0.95729,0.95755,1.00,1.00
2016.10.27 07:03:09.424,0.95731,0.95754,1.00,1.00
2016.10.27 07:03:10.904,0.95728,0.95754,1.00,1.00
2016.10.27 07:03:12.011,0.95729,0.95752,1.00,1.00
2016.10.27 07:03:14.968,0.95731,0.95752,1.00,1.00
2016.10.27 07:03:15.018,0.95731,0.95754,1.00,1.00
2016.10.27 07:03:15.573,0.95731,0.95755,1.00,1.00
2016.10.27 07:03:16.257,0.95734,0.95756,1.00,1.00
2016.10.27 07:03:16.617,0.95731,0.95757,1.00,1.00
2016.10.27 07:03:17.819,0.95733,0.95756,1.00,1.00
2016.10.27 07:03:19.722,0.95732,0.95756,1.00,1.00
2016.10.27 07:03:20.538,0.95734,0.95759,1.00,1.00
2016.10.27 07:03:20.639,0.95736,0.95759,1.00,1.00
2016.10.27 07:03:23.470,0.95739,0.95761,1.00,1.00
2016.10.27 07:03:23.676,0.95737,0.95761,1.00,1.00
2016.10.27 07:03:23.836,0.95735,0.95759,1.00,1.00
2016.10.27 07:03:24.268,0.95733,0.95759,1.00,1.00
2016.10.27 07:03:24.464,0.95735,0.95759,1.00,1.00
2016.10.27 07:03:25.851,0.95737,0.95761,1.00,1.00
2016.10.27 07:03:26.579,0.95738,0.95762,1.00,1.00
2016.10.27 07:03:26.797,0.95738,0.95764,1.00,1.00
2016.10.27 07:03:27.344,0.9574,0.95764,1.00,1.00
2016.10.27 07:03:28.295,0.9574,0.95762,1.00,1.00
2016.10.27 07:03:28.346,0.95737,0.95762,1.00,1.00
2016.10.27 07:03:28.994,0.95736,0.95762,1.00,1.00
2016.10.27 07:03:29.496,0.95735,0.9576,1.00,1.00
2016.10.27 07:03:30.889,0.95736,0.9576,1.00,1.00
2016.10.27 07:03:31.202,0.95732,0.95756,1.00,1.00
2016.10.27 07:03:31.253,0.95729,0.95755,1.00,1.00
2016.10.27 07:03:31.953,0.9573,0.95756,1.00,1.00
2016.10.27 07:03:32.458,0.95731,0.95757,1.00,1.50
2016.10.27 07:03:35.461,0.95732,0.95757,1.00,1.00
2016.10.27 07:03:36.465,0.95733,0.95757,1.00,1.00
2016.10.27 07:03:38.111,0.95731,0.95756,1.00,1.00
2016.10.27 07:03:38.212,0.95732,0.95758,1.00,1.50
2016.10.27 07:03:39.013,0.95732,0.95757,1.00,1.50
2016.10.27 07:03:39.691,0.95732,0.95759,1.00,1.00
2016.10.27 07:03:40.112,0.95734,0.95761,1.00,1.00
2016.10.27 07:03:41.576,0.95736,0.95759,1.00,1.00
2016.10.27 07:03:42.377,0.95735,0.95758,1.00,1.00
2016.10.27 07:03:42.827,0.95737,0.95759,1.00,1.00
2016.10.27 07:03:43.079,0.95734,0.95757,1.00,1.00
2016.10.27 07:03:43.180,0.95731,0.95757,1.00,1.00
2016.10.27 07:03:44.260,0.95732,0.95758,1.00,1.00
2016.10.27 07:03:45.886,0.95733,0.95759,1.00,1.00
2016.10.27 07:03:45.937,0.95735,0.95758,1.00,1.00
2016.10.27 07:03:49.128,0.95735,0.95757,1.00,1.00
2016.10.27 07:03:49.881,0.95736,0.95758,1.00,1.00
2016.10.27 07:03:50.390,0.95736,0.95759,1.00,1.00
2016.10.27 07:03:51.119,0.95735,0.95758,1.00,1.00
2016.10.27 07:03:52.434,0.95735,0.95757,1.00,1.00
2016.10.27 07:03:54.112,0.95736,0.95757,1.00,1.00
2016.10.27 07:03:54.162,0.95736,0.95762,1.00,1.00
2016.10.27 07:03:54.213,0.95738,0.9576,1.00,1.00
2016.10.27 07:03:55.102,0.95736,0.95761,1.50,1.00
2016.10.27 07:03:55.787,0.95736,0.9576,1.50,1.00
2016.10.27 07:03:56.351,0.95735,0.9576,1.00,1.00
2016.10.27 07:03:56.401,0.95735,0.95758,1.00,1.00
2016.10.27 07:03:57.542,0.95734,0.95757,1.00,1.00
2016.10.27 07:03:58.501,0.95736,0.95758,1.00,1.00
2016.10.27 07:04:00.804,0.95735,0.95758,1.00,1.50
2016.10.27 07:04:01.605,0.95733,0.95757,1.00,1.00
2016.10.27 07:04:01.706,0.95729,0.95752,1.00,1.00
2016.10.27 07:04:01.842,0.95727,0.95753,1.00,1.50
2016.10.27 07:04:02.052,0.95729,0.95752,1.00,1.00
2016.10.27 07:04:02.158,0.95729,0.95754,1.00,1.00
2016.10.27 07:04:02.208,0.95734,0.95758,1.00,2.10
2016.10.27 07:04:02.749,0.95734,0.95757,1.00,1.00
2016.10.27 07:04:03.103,0.95727,0.9575,1.00,1.00
2016.10.27 07:04:03.153,0.95729,0.95755,1.00,1.00
2016.10.27 07:04:03.457,0.95732,0.95755,1.00,1.00
2016.10.27 07:04:04.615,0.95732,0.95757,1.00,1.00
2016.10.27 07:04:05.165,0.95732,0.95756,1.00,1.00
2016.10.27 07:04:05.725,0.95727,0.9575,1.00,1.00
2016.10.27 07:04:06.187,0.95725,0.95752,1.00,1.00
2016.10.27 07:04:06.414,0.95727,0.95752,1.00,1.50
2016.10.27 07:04:07.593,0.95721,0.95748,1.00,1.00
2016.10.27 07:04:07.745,0.95726,0.95752,1.00,1.00
2016.10.27 07:04:09.462,0.95726,0.95755,1.00,2.10
2016.10.27 07:04:10.020,0.95726,0.95753,1.00,1.00
2016.10.27 07:04:10.219,0.95729,0.95753,1.00,1.50
2016.10.27 07:04:13.343,0.95732,0.95756,1.00,1.00
2016.10.27 07:04:13.669,0.95734,0.95757,1.00,1.00
2016.10.27 07:04:14.428,0.95731,0.95756,1.00,1.00
2016.10.27 07:04:15.750,0.9573,0.95754,1.00,1.00
2016.10.27 07:04:17.132,0.95732,0.95755,1.00,1.00
2016.10.27 07:04:20.538,0.95733,0.95755,1.00,1.00
2016.10.27 07:04:21.272,0.95733,0.95758,1.00,1.00
2016.10.27 07:04:21.582,0.95735,0.95758,1.00,1.00
2016.10.27 07:04:22.505,0.95735,0.9576,1.00,1.00
2016.10.27 07:04:23.184,0.95735,0.95757,1.00,1.00
2016.10.27 07:04:24.788,0.95735,0.9576,1.00,1.00
2016.10.27 07:04:25.156,0.95742,0.95765,1.00,1.00
2016.10.27 07:04:25.490,0.95744,0.95766,1.00,1.00
2016.10.27 07:04:26.181,0.95743,0.95766,1.00,1.00
2016.10.27 07:04:27.317,0.95742,0.95768,1.00,1.50
2016.10.27 07:04:27.801,0.95741,0.95764,1.00,1.00
2016.10.27 07:04:28.843,0.9574,0.95763,1.00,1.00
2016.10.27 07:04:28.895,0.95736,0.95762,1.00,1.00
2016.10.27 07:04:29.465,0.95737,0.95762,1.00,1.00
2016.10.27 07:04:31.323,0.95736,0.95761,1.00,1.00
2016.10.27 07:04:31.601,0.95735,0.95758,1.00,1.00
2016.10.27 07:04:32.005,0.95741,0.95764,1.00,1.00
2016.10.27 07:04:32.382,0.95745,0.95768,1.00,1.00
2016.10.27 07:04:32.909,0.95744,0.95767,1.00,1.00
2016.10.27 07:04:33.174,0.95744,0.9577,1.00,1.00
2016.10.27 07:04:34.010,0.95744,0.95767,1.00,1.00
2016.10.27 07:04:36.425,0.95736,0.95758,1.00,1.00
2016.10.27 07:04:37.083,0.95736,0.95757,1.00,1.50
2016.10.27 07:04:37.360,0.95731,0.95757,1.00,1.00
2016.10.27 07:04:40.620,0.95732,0.95757,1.00,1.00
2016.10.27 07:04:41.995,0.95732,0.95755,1.00,1.00
2016.10.27 07:04:42.564,0.9573,0.95755,1.00,1.00
2016.10.27 07:04:42.723,0.95729,0.95753,1.00,1.00
2016.10.27 07:04:43.351,0.95728,0.95751,1.00,1.00
2016.10.27 07:04:43.899,0.95729,0.95752,1.00,1.00
2016.10.27 07:04:49.557,0.95729,0.95753,1.00,1.00
2016.10.27 07:04:50.132,0.95728,0.95753,1.00,1.00
2016.10.27 07:04:50.854,0.95733,0.95759,1.00,1.00
2016.10.27 07:04:51.996,0.95731,0.9576,1.00,1.00
2016.10.27 07:04:52.837,0.95731,0.95757,1.00,1.00
2016.10.27 07:04:53.523,0.95733,0.95757,1.00,1.00
2016.10.27 07:04:54.698,0.95732,0.95757,1.00,1.50
2016.10.27 07:04:55.225,0.95734,0.95757,1.00,1.50
2016.10.27 07:04:55.326,0.95732,0.95757,1.00,1.00
2016.10.27 07:04:55.527,0.95734,0.95758,1.00,1.00
2016.10.27 07:04:55.992,0.95731,0.95759,1.00,1.00
2016.10.27 07:04:56.580,0.95731,0.95757,1.00,1.00
2016.10.27 07:04:57.044,0.95733,0.95757,1.00,1.00
2016.10.27 07:04:57.744,0.95731,0.95757,1.00,1.50
2016.10.27 07:04:58.329,0.95731,0.95756,1.00,1.00
2016.10.27 07:04:59.311,0.95733,0.95756,1.00,1.00
2016.10.27 07:05:00.871,0.95729,0.95752,1.00,1.00
2016.10.27 07:05:01.357,0.95727,0.9575,1.00,1.00
2016.10.27 07:05:02.207,0.95725,0.9575,1.00,1.50
2016.10.27 07:05:05.538,0.95726,0.95749,1.00,1.00
2016.10.27 07:05:06.439,0.95722,0.95746,1.00,1.00
2016.10.27 07:05:06.641,0.95716,0.95743,1.00,1.00
2016.10.27 07:05:06.742,0.95718,0.95742,1.00,1.00
2016.10.27 07:05:07.359,0.95716,0.9574,1.00,1.00
2016.10.27 07:05:07.409,0.95718,0.95743,1.00,1.00
2016.10.27 07:05:07.460,0.9572,0.95744,1.00,1.00
2016.10.27 07:05:09.380,0.95718,0.95742,1.00,1.00
2016.10.27 07:05:09.481,0.95712,0.9574,1.00,1.00
2016.10.27 07:05:09.532,0.9571,0.9574,1.00,1.00
2016.10.27 07:05:09.582,0.95713,0.95739,1.00,1.00
2016.10.27 07:05:09.997,0.95713,0.95737,1.00,1.00
2016.10.27 07:05:10.174,0.9571,0.95737,1.00,1.00
2016.10.27 07:05:10.664,0.95707,0.95735,1.00,1.00
2016.10.27 07:05:10.765,0.95707,0.95733,1.00,1.00
2016.10.27 07:05:13.501,0.95707,0.95732,1.00,1.00
2016.10.27 07:05:14.063,0.95707,0.95733,1.00,1.00
2016.10.27 07:05:14.253,0.95709,0.95737,1.00,1.00
2016.10.27 07:05:15.192,0.9571,0.95737,1.00,1.00
2016.10.27 07:05:15.264,0.95709,0.95735,1.00,1.00
2016.10.27 07:05:15.755,0.95708,0.95733,1.00,1.00
2016.10.27 07:05:16.419,0.95707,0.95732,1.00,1.00
2016.10.27 07:05:18.760,0.95709,0.95733,1.00,1.00
2016.10.27 07:05:20.722,0.95707,0.95734,1.00,1.50
2016.10.27 07:05:20.887,0.95711,0.95734,1.00,1.00
2016.10.27 07:05:21.772,0.95711,0.95735,1.00,1.00
2016.10.27 07:05:22.416,0.95713,0.95736,1.00,1.00
2016.10.27 07:05:24.551,0.9571,0.95735,1.00,1.00
2016.10.27 07:05:24.890,0.95707,0.95733,1.00,1.00
2016.10.27 07:05:25.623,0.95708,0.95734,1.00,1.50
2016.10.27 07:05:25.992,0.95708,0.95732,1.00,1.00
2016.10.27 07:05:26.273,0.95704,0.95733,1.00,1.00
2016.10.27 07:05:26.820,0.95704,0.95737,1.00,1.50
2016.10.27 07:05:26.994,0.95704,0.95732,1.00,1.00
2016.10.27 07:05:27.522,0.95704,0.95737,1.00,1.50
2016.10.27 07:05:27.627,0.95704,0.95732,1.00,1.00
2016.10.27 07:05:28.425,0.95704,0.95737,1.00,1.00
2016.10.27 07:05:28.526,0.95704,0.95732,1.00,1.00
2016.10.27 07:05:31.465,0.95701,0.95732,1.00,1.00
2016.10.27 07:05:32.261,0.95701,0.95733,1.00,1.00
2016.10.27 07:05:32.632,0.95697,0.95727,1.75,1.00
2016.10.27 07:05:33.846,0.95697,0.95727,1.00,1.00
2016.10.27 07:05:34.465,0.95697,0.95732,1.00,1.00
2016.10.27 07:05:35.993,0.95704,0.9573,1.00,1.00
2016.10.27 07:05:36.439,0.95706,0.9573,1.00,1.00
2016.10.27 07:05:37.491,0.95706,0.95732,1.00,1.50
2016.10.27 07:05:38.213,0.95708,0.95732,1.00,1.50
2016.10.27 07:05:43.820,0.95709,0.95732,1.00,1.50
2016.10.27 07:05:44.527,0.95708,0.95732,1.00,1.00
2016.10.27 07:05:44.728,0.95706,0.95731,1.00,1.00
2016.10.27 07:05:45.433,0.95701,0.95724,1.50,1.00
2016.10.27 07:05:51.282,0.957,0.95723,1.00,1.00
2016.10.27 07:05:52.500,0.95698,0.95723,1.00,1.00
2016.10.27 07:05:53.014,0.95697,0.95722,1.00,1.00
2016.10.27 07:05:53.215,0.95697,0.9572,1.00,1.00
2016.10.27 07:05:53.685,0.95695,0.95718,1.00,1.00
2016.10.27 07:05:54.165,0.95692,0.95717,1.00,1.00
2016.10.27 07:05:57.029,0.95693,0.95718,1.00,1.00
2016.10.27 07:05:58.191,0.95693,0.95716,1.00,1.00
2016.10.27 07:05:58.243,0.95694,0.95718,1.00,1.00
2016.10.27 07:05:58.344,0.95699,0.9572,1.00,1.00
2016.10.27 07:05:58.395,0.95699,0.95723,1.00,1.00
2016.10.27 07:05:58.546,0.95701,0.95726,1.00,1.00
2016.10.27 07:05:59.449,0.957,0.95722,1.00,1.00
2016.10.27 07:05:59.731,0.95701,0.95726,1.00,1.50
2016.10.27 07:06:00.447,0.95702,0.95726,1.00,1.50
2016.10.27 07:06:00.764,0.95696,0.95719,1.00,1.00
2016.10.27 07:06:01.428,0.95695,0.95717,1.00,1.00
2016.10.27 07:06:05.749,0.95693,0.95719,1.00,1.00
2016.10.27 07:06:09.386,0.95698,0.95721,1.00,1.00
2016.10.27 07:06:09.912,0.957,0.95722,1.00,1.00
2016.10.27 07:06:10.364,0.95698,0.95722,1.00,1.00
2016.10.27 07:06:11.061,0.95698,0.95723,1.00,1.00
2016.10.27 07:06:11.167,0.957,0.95722,1.00,1.00
2016.10.27 07:06:11.702,0.95699,0.95722,1.00,1.00
2016.10.27 07:06:12.794,0.95699,0.95723,1.00,1.00
2016.10.27 07:06:14.362,0.95699,0.95722,1.00,1.00
2016.10.27 07:06:14.413,0.95699,0.95724,1.00,1.00
2016.10.27 07:06:14.952,0.95689,0.95711,1.00,1.00
2016.10.27 07:06:15.405,0.95687,0.95707,1.00,1.00
2016.10.27 07:06:19.215,0.95687,0.9571,1.00,1.00
2016.10.27 07:06:19.338,0.95687,0.95712,1.00,1.00
2016.10.27 07:06:19.439,0.95691,0.95713,1.00,1.00
2016.10.27 07:06:20.232,0.95691,0.95714,1.00,1.00
2016.10.27 07:06:20.534,0.95692,0.95712,1.00,1.00
2016.10.27 07:06:21.364,0.95689,0.95707,1.00,1.00
2016.10.27 07:06:21.912,0.95689,0.95708,1.00,1.00
2016.10.27 07:06:22.582,0.95689,0.95714,1.00,1.00
2016.10.27 07:06:23.115,0.9569,0.95714,1.00,1.00
2016.10.27 07:06:24.304,0.95691,0.95716,1.00,1.00
2016.10.27 07:06:26.674,0.95692,0.95717,1.00,1.00
2016.10.27 07:06:26.825,0.95694,0.95716,1.00,1.00
2016.10.27 07:06:28.214,0.95693,0.95715,1.00,1.00
2016.10.27 07:06:28.415,0.95691,0.95714,1.00,1.00
2016.10.27 07:06:29.815,0.95692,0.95715,1.00,1.00
2016.10.27 07:06:30.750,0.95696,0.95718,1.00,1.50
2016.10.27 07:06:31.765,0.95689,0.9571,1.00,1.00
2016.10.27 07:06:31.816,0.95687,0.9571,1.00,1.00
2016.10.27 07:06:32.792,0.95685,0.95708,1.00,1.00
2016.10.27 07:06:33.720,0.95684,0.95707,1.00,1.00
2016.10.27 07:06:36.320,0.9567,0.95698,1.00,1.00
2016.10.27 07:06:36.644,0.95672,0.95694,1.00,1.00
2016.10.27 07:06:36.752,0.9567,0.95697,1.00,1.00
2016.10.27 07:06:37.214,0.95676,0.95702,1.00,1.00
2016.10.27 07:06:37.265,0.95678,0.95705,1.00,1.00
2016.10.27 07:06:37.689,0.95679,0.95707,1.00,1.50
2016.10.27 07:06:38.183,0.95681,0.95708,1.00,2.25
2016.10.27 07:06:38.389,0.95682,0.95711,1.00,1.50
2016.10.27 07:06:38.980,0.95683,0.95709,1.00,1.00
2016.10.27 07:06:39.494,0.95683,0.9571,1.00,1.00
2016.10.27 07:06:39.798,0.95675,0.95704,1.12,1.00
2016.10.27 07:06:39.849,0.95683,0.95709,1.00,1.50
2016.10.27 07:06:39.985,0.95684,0.95711,1.00,1.00
2016.10.27 07:06:40.864,0.95684,0.95712,1.00,1.00
2016.10.27 07:06:41.267,0.95682,0.9571,1.00,1.00
2016.10.27 07:06:41.621,0.95682,0.95705,1.00,1.00
2016.10.27 07:06:41.672,0.95675,0.95703,1.00,1.00
2016.10.27 07:06:42.149,0.95677,0.95705,1.00,1.00
2016.10.27 07:06:43.054,0.95676,0.95704,1.00,1.00
2016.10.27 07:06:44.054,0.95675,0.95704,1.00,1.00
2016.10.27 07:06:44.722,0.95676,0.95704,1.00,1.00
2016.10.27 07:06:45.378,0.95677,0.95703,1.00,1.00
2016.10.27 07:06:46.634,0.95677,0.95702,1.00,1.00
2016.10.27 07:06:47.006,0.95676,0.957,1.00,1.00
2016.10.27 07:06:50.944,0.95679,0.95702,1.00,1.00
2016.10.27 07:06:50.995,0.95677,0.95703,1.00,1.00
2016.10.27 07:06:51.097,0.95677,0.95701,1.00,1.00
2016.10.27 07:06:51.399,0.95677,0.95697,1.00,1.00
2016.10.27 07:06:51.500,0.95677,0.95701,1.00,1.00
2016.10.27 07:06:52.342,0.95676,0.95702,1.00,1.00
2016.10.27 07:06:52.522,0.9568,0.95702,1.00,1.00
2016.10.27 07:06:52.724,0.9568,0.95704,1.00,1.00
2016.10.27 07:06:52.781,0.95677,0.95701,1.00,1.00
2016.10.27 07:06:53.403,0.9567,0.957,1.00,1.00
2016.10.27 07:06:53.504,0.95667,0.95692,1.00,1.00
2016.10.27 07:06:53.705,0.95662,0.95692,1.00,1.00
2016.10.27 07:06:54.038,0.95663,0.95694,1.00,1.00
2016.10.27 07:06:54.089,0.95663,0.95692,1.00,1.00
2016.10.27 07:06:54.878,0.95664,0.95691,1.00,1.00
2016.10.27 07:06:55.199,0.95667,0.95693,1.00,1.00
2016.10.27 07:06:55.704,0.95667,0.95696,1.00,1.00
2016.10.27 07:06:55.823,0.95668,0.95698,1.00,1.00
2016.10.27 07:06:56.568,0.95667,0.95698,1.00,1.00
2016.10.27 07:06:56.618,0.9567,0.957,1.00,1.00
2016.10.27 07:06:56.820,0.95668,0.95699,1.00,1.00
2016.10.27 07:06:56.971,0.95668,0.95697,1.00,1.00
2016.10.27 07:06:57.552,0.95675,0.95706,1.00,1.00
2016.10.27 07:06:58.048,0.95677,0.95707,1.00,1.50
2016.10.27 07:06:58.583,0.95677,0.95708,1.50,1.00
2016.10.27 07:06:59.216,0.9568,0.95707,1.00,1.00
2016.10.27 07:07:00.005,0.95679,0.95707,1.00,1.00
2016.10.27 07:07:00.828,0.95683,0.95712,1.00,1.72
2016.10.27 07:07:01.333,0.95682,0.95711,1.00,1.00
2016.10.27 07:07:01.861,0.95683,0.95714,1.00,1.87
2016.10.27 07:07:03.006,0.95682,0.95712,1.00,1.12
2016.10.27 07:07:03.315,0.95694,0.95723,1.00,1.00
2016.10.27 07:07:03.955,0.95694,0.95722,1.00,1.00
2016.10.27 07:07:04.008,0.95692,0.95722,1.00,1.00
2016.10.27 07:07:04.214,0.9569,0.95721,1.00,1.00
2016.10.27 07:07:04.564,0.9569,0.95717,1.00,1.00
2016.10.27 07:07:05.241,0.9569,0.95721,1.00,1.00
2016.10.27 07:07:05.342,0.95691,0.95717,1.00,1.00
2016.10.27 07:07:05.443,0.95687,0.95718,1.00,1.50
2016.10.27 07:07:05.544,0.95685,0.95717,1.00,1.00
2016.10.27 07:07:06.004,0.95685,0.95713,1.00,1.00
2016.10.27 07:07:06.843,0.95685,0.95712,1.00,1.00
2016.10.27 07:07:07.460,0.95685,0.95713,1.00,1.00
2016.10.27 07:07:08.014,0.95686,0.95713,1.00,1.00
2016.10.27 07:07:08.266,0.95686,0.95716,1.00,1.00
2016.10.27 07:07:08.708,0.95686,0.95712,1.00,1.00
2016.10.27 07:07:09.174,0.95685,0.95714,1.00,1.00
2016.10.27 07:07:09.826,0.95685,0.95712,1.00,1.00
2016.10.27 07:07:10.140,0.95688,0.95712,1.00,1.00
2016.10.27 07:07:11.016,0.95688,0.95713,1.00,1.50
2016.10.27 07:07:11.067,0.95686,0.95712,1.00,1.50
2016.10.27 07:07:11.675,0.95687,0.95713,1.00,1.00
2016.10.27 07:07:12.032,0.95687,0.95715,1.00,1.00
2016.10.27 07:07:12.128,0.95685,0.95713,1.00,1.00
2016.10.27 07:07:12.429,0.95689,0.95712,1.00,1.00
2016.10.27 07:07:12.480,0.95689,0.95717,1.00,1.50
2016.10.27 07:07:12.756,0.95689,0.95712,1.00,1.00
2016.10.27 07:07:13.597,0.95687,0.95712,1.00,1.00
2016.10.27 07:07:14.572,0.95686,0.95713,1.00,1.50
2016.10.27 07:07:14.858,0.95688,0.95712,1.00,1.00
2016.10.27 07:07:14.942,0.95686,0.95712,1.00,1.00
2016.10.27 07:07:17.066,0.95686,0.95713,1.00,1.50
2016.10.27 07:07:18.492,0.95686,0.95712,1.00,1.00
2016.10.27 07:07:18.754,0.95688,0.95713,1.00,1.50
2016.10.27 07:07:21.568,0.95686,0.95713,1.00,1.50
2016.10.27 07:07:22.240,0.95686,0.95712,1.00,1.00
2016.10.27 07:07:22.344,0.95688,0.95712,1.00,1.50
2016.10.27 07:07:24.561,0.95689,0.95713,1.00,1.00
2016.10.27 07:07:25.096,0.95688,0.95714,1.00,1.00
2016.10.27 07:07:25.775,0.95688,0.95712,1.00,1.00
2016.10.27 07:07:26.476,0.95688,0.95714,1.00,1.00
2016.10.27 07:07:27.677,0.95688,0.95712,1.00,1.00
2016.10.27 07:07:28.593,0.95688,0.95713,1.00,1.00
2016.10.27 07:07:28.913,0.9569,0.95713,1.00,1.00
2016.10.27 07:07:29.165,0.95688,0.95715,1.00,1.00
2016.10.27 07:07:29.366,0.95688,0.95713,1.00,1.00
2016.10.27 07:07:30.355,0.95688,0.95712,1.00,1.00
2016.10.27 07:07:32.960,0.9569,0.95712,1.00,1.00
2016.10.27 07:07:33.608,0.95689,0.95712,1.00,1.50
2016.10.27 07:07:34.139,0.95689,0.95713,1.00,1.00
2016.10.27 07:07:34.662,0.95688,0.95712,1.00,1.50
2016.10.27 07:07:35.891,0.95687,0.95712,1.00,1.50
2016.10.27 07:07:36.743,0.95688,0.95712,1.00,1.50
2016.10.27 07:07:39.657,0.95688,0.95713,1.00,1.00
2016.10.27 07:07:39.970,0.9569,0.95713,1.00,1.50
2016.10.27 07:07:40.077,0.95688,0.95714,1.00,1.00
2016.10.27 07:07:40.177,0.95688,0.95712,1.00,1.00
2016.10.27 07:07:41.295,0.95688,0.95708,1.00,1.00
2016.10.27 07:07:41.937,0.95687,0.95713,1.00,1.50
2016.10.27 07:07:43.684,0.95687,0.95712,1.00,1.00
2016.10.27 07:07:43.840,0.95687,0.95708,1.00,1.00
2016.10.27 07:07:44.495,0.95684,0.95707,1.00,1.00
2016.10.27 07:07:45.041,0.95684,0.9571,1.00,1.00
2016.10.27 07:07:45.315,0.95686,0.95709,1.00,1.00
2016.10.27 07:07:46.173,0.95686,0.95707,1.00,1.00
2016.10.27 07:07:46.223,0.95686,0.95709,1.00,1.00
2016.10.27 07:07:46.282,0.95685,0.95711,1.00,1.00
2016.10.27 07:07:51.421,0.95682,0.95706,1.50,1.00
2016.10.27 07:07:51.899,0.95686,0.95707,1.00,1.00
2016.10.27 07:07:52.278,0.95686,0.95709,1.00,1.00
2016.10.27 07:07:52.453,0.95685,0.95707,1.00,1.00
2016.10.27 07:07:53.802,0.95685,0.9571,1.00,1.00
2016.10.27 07:07:53.939,0.95682,0.9571,1.50,1.00
2016.10.27 07:07:53.990,0.95682,0.95707,1.50,1.00
2016.10.27 07:07:54.302,0.95682,0.95705,1.00,1.00
2016.10.27 07:07:55.308,0.95688,0.95712,1.00,1.00
2016.10.27 07:07:55.464,0.95688,0.95707,1.00,1.00
2016.10.27 07:07:56.031,0.95685,0.95707,1.50,1.00
2016.10.27 07:07:59.203,0.95685,0.95708,1.00,1.00
2016.10.27 07:07:59.254,0.95682,0.95708,1.50,1.00
2016.10.27 07:07:59.616,0.95684,0.95707,1.00,1.00
2016.10.27 07:08:00.261,0.95682,0.95707,1.50,1.00
2016.10.27 07:08:02.547,0.9568,0.95707,1.00,1.50
2016.10.27 07:08:03.067,0.95681,0.95708,1.00,1.50
2016.10.27 07:08:03.699,0.95681,0.95707,1.00,1.00
2016.10.27 07:08:04.214,0.95682,0.95708,1.00,1.00
2016.10.27 07:08:04.727,0.95682,0.95707,1.00,1.00
2016.10.27 07:08:05.483,0.95686,0.95707,1.00,1.00
2016.10.27 07:08:05.534,0.95686,0.95711,1.00,1.00
2016.10.27 07:08:06.038,0.95686,0.95713,1.00,1.00
2016.10.27 07:08:06.446,0.95686,0.95708,1.00,1.00
2016.10.27 07:08:06.497,0.95686,0.95711,1.00,1.00
2016.10.27 07:08:08.146,0.95685,0.95711,1.00,1.00
2016.10.27 07:08:08.247,0.95687,0.95712,1.00,1.00
2016.10.27 07:08:08.725,0.95695,0.9572,1.00,1.00
2016.10.27 07:08:09.181,0.95695,0.95718,1.00,1.00
2016.10.27 07:08:10.883,0.95693,0.95718,1.00,1.00
2016.10.27 07:08:12.196,0.95695,0.95718,1.00,1.00
2016.10.27 07:08:12.531,0.95695,0.95721,1.00,1.00
2016.10.27 07:08:13.788,0.95695,0.95718,1.00,1.00
2016.10.27 07:08:13.889,0.95695,0.95721,1.00,1.00
2016.10.27 07:08:14.456,0.95695,0.95722,1.00,1.00
2016.10.27 07:08:15.727,0.95694,0.95721,1.00,1.00
2016.10.27 07:08:16.110,0.95694,0.95717,1.00,1.00
2016.10.27 07:08:17.048,0.95694,0.95718,1.00,1.00
2016.10.27 07:08:18.095,0.95694,0.95717,1.00,1.00
2016.10.27 07:08:18.638,0.95694,0.95718,1.00,1.00
2016.10.27 07:08:18.790,0.95692,0.95717,1.00,1.00
2016.10.27 07:08:18.891,0.9569,0.95717,1.00,1.00
2016.10.27 07:08:19.815,0.9569,0.95716,1.00,1.00
2016.10.27 07:08:21.510,0.9569,0.95717,1.00,1.00
2016.10.27 07:08:22.420,0.95689,0.95716,1.00,1.00
2016.10.27 07:08:23.182,0.9569,0.95715,1.00,1.00
2016.10.27 07:08:23.922,0.95689,0.95716,1.00,1.00
2016.10.27 07:08:29.298,0.9569,0.95713,1.00,1.00
2016.10.27 07:08:32.233,0.95692,0.95713,1.00,1.00
2016.10.27 07:08:32.295,0.95695,0.9572,1.00,1.00
2016.10.27 07:08:32.747,0.95691,0.95718,1.00,1.00
2016.10.27 07:08:33.305,0.95692,0.95717,1.00,1.00
2016.10.27 07:08:33.409,0.95695,0.95717,1.00,1.00
2016.10.27 07:08:33.460,0.95695,0.9572,1.00,1.00
2016.10.27 07:08:33.620,0.95695,0.95717,1.00,1.00
2016.10.27 07:08:34.561,0.95694,0.95718,1.00,1.00
2016.10.27 07:08:36.516,0.95693,0.95718,1.00,1.00
2016.10.27 07:08:37.525,0.95693,0.95717,1.00,1.00
2016.10.27 07:08:38.259,0.95693,0.95718,1.00,1.00
2016.10.27 07:08:40.069,0.95695,0.95717,1.00,1.00
2016.10.27 07:08:40.170,0.95693,0.95718,1.00,1.50
2016.10.27 07:08:40.271,0.95691,0.95716,1.00,1.00
2016.10.27 07:08:40.959,0.95692,0.95717,1.00,1.00
2016.10.27 07:08:42.063,0.95693,0.95721,1.00,1.00
2016.10.27 07:08:42.472,0.9569,0.95715,1.00,1.00
2016.10.27 07:08:42.793,0.95692,0.95717,1.00,1.00
2016.10.27 07:08:43.650,0.95694,0.95717,1.00,1.00
2016.10.27 07:08:43.701,0.95694,0.9572,1.00,1.00
2016.10.27 07:08:44.748,0.95694,0.95717,1.00,1.00
2016.10.27 07:08:46.237,0.95694,0.95718,1.00,1.00
2016.10.27 07:08:47.238,0.95694,0.95717,1.00,1.00
2016.10.27 07:08:48.474,0.95695,0.95717,1.00,1.00
2016.10.27 07:08:49.019,0.95694,0.95717,1.00,1.00
2016.10.27 07:08:49.070,0.95695,0.95721,1.00,1.00
2016.10.27 07:08:49.380,0.95695,0.95717,1.00,1.00
2016.10.27 07:08:49.744,0.95697,0.95717,1.00,1.00
2016.10.27 07:08:51.600,0.95695,0.95717,1.00,1.00
2016.10.27 07:08:52.356,0.95695,0.95718,1.00,1.00
2016.10.27 07:08:54.605,0.95697,0.9572,1.00,1.00
2016.10.27 07:08:56.161,0.95698,0.95722,1.00,1.00
2016.10.27 07:08:58.937,0.95698,0.95721,1.00,1.00
2016.10.27 07:08:59.909,0.95699,0.95722,1.00,1.00
2016.10.27 07:09:01.913,0.95698,0.95721,1.00,1.00
2016.10.27 07:09:02.826,0.957,0.95723,1.00,1.50
2016.10.27 07:09:03.128,0.95704,0.95727,1.00,1.00
2016.10.27 07:09:03.629,0.95707,0.95728,1.00,1.00
2016.10.27 07:09:04.168,0.95707,0.95727,1.00,1.00
2016.10.27 07:09:05.496,0.95707,0.95728,1.00,1.00
2016.10.27 07:09:06.586,0.95705,0.95728,1.00,1.00
2016.10.27 07:09:07.484,0.95705,0.95727,1.00,1.00
2016.10.27 07:09:08.195,0.95705,0.95728,1.00,1.00
2016.10.27 07:09:08.245,0.95708,0.95728,1.00,1.00
2016.10.27 07:09:08.525,0.95703,0.95727,1.00,1.00
2016.10.27 07:09:08.627,0.95708,0.9573,1.00,1.00
2016.10.27 07:09:09.292,0.9571,0.95732,1.00,1.00
2016.10.27 07:09:13.904,0.9571,0.95733,1.00,1.50
2016.10.27 07:09:14.434,0.95708,0.95733,1.00,1.50
2016.10.27 07:09:14.992,0.95708,0.95732,1.00,1.00
2016.10.27 07:09:15.534,0.95711,0.95733,1.00,1.00
2016.10.27 07:09:15.636,0.95711,0.95735,1.00,1.00
2016.10.27 07:09:16.988,0.95711,0.95732,1.00,1.00
2016.10.27 07:09:17.089,0.95711,0.95735,1.00,1.00
2016.10.27 07:09:17.510,0.95711,0.95732,1.00,1.00
2016.10.27 07:09:17.720,0.95707,0.9573,1.00,1.00
2016.10.27 07:09:18.113,0.95707,0.95727,1.00,1.00
2016.10.27 07:09:19.495,0.95707,0.9573,1.00,1.00
2016.10.27 07:09:20.647,0.95708,0.95731,1.00,1.00
2016.10.27 07:09:21.655,0.95708,0.9573,1.00,1.00
2016.10.27 07:09:22.008,0.95708,0.95728,1.00,1.00
2016.10.27 07:09:22.543,0.9571,0.95728,1.00,1.00
2016.10.27 07:09:22.594,0.95712,0.9574,1.00,1.00
2016.10.27 07:09:22.644,0.95712,0.9574,1.00,1.00
2016.10.27 07:09:23.002,0.95712,0.95738,1.00,1.00
2016.10.27 07:09:23.743,0.95712,0.95737,1.00,1.00
2016.10.27 07:09:25.625,0.95712,0.95738,1.00,1.00
2016.10.27 07:09:26.181,0.95712,0.95737,1.00,1.00
2016.10.27 07:09:27.529,0.95714,0.95741,1.00,1.00
2016.10.27 07:09:27.579,0.95724,0.95734,1.00,1.00
2016.10.27 07:09:27.630,0.95721,0.95735,1.00,1.50
2016.10.27 07:09:27.681,0.95726,0.95736,1.00,1.00
2016.10.27 07:09:27.832,0.95726,0.95751,1.00,1.00
2016.10.27 07:09:28.034,0.95726,0.95747,1.00,1.00
2016.10.27 07:09:28.637,0.95727,0.95747,1.00,1.00
2016.10.27 07:09:28.938,0.95724,0.95747,1.00,1.00
2016.10.27 07:09:30.283,0.95726,0.95749,1.00,1.00
2016.10.27 07:09:31.284,0.95726,0.95747,1.00,1.00
2016.10.27 07:09:33.927,0.95728,0.95752,1.00,1.50
2016.10.27 07:09:34.028,0.95725,0.95748,1.00,1.00
2016.10.27 07:09:34.129,0.95724,0.9575,1.00,1.00
2016.10.27 07:09:34.179,0.95726,0.95752,1.00,1.00
2016.10.27 07:09:35.163,0.95727,0.95753,1.00,1.00
2016.10.27 07:09:36.380,0.95729,0.95753,1.00,1.00
2016.10.27 07:09:36.431,0.95719,0.95746,1.00,1.00
2016.10.27 07:09:36.828,0.95719,0.95742,1.00,1.00
2016.10.27 07:09:37.340,0.95719,0.95746,1.00,1.00
2016.10.27 07:09:38.704,0.95719,0.95742,1.00,1.00
2016.10.27 07:09:40.224,0.95722,0.95745,1.00,1.00
2016.10.27 07:09:42.052,0.95722,0.95743,1.00,1.00
2016.10.27 07:09:42.643,0.95721,0.95742,1.00,1.00
2016.10.27 07:09:43.288,0.95721,0.95744,1.00,1.00
2016.10.27 07:09:44.039,0.95721,0.95743,1.00,1.00
2016.10.27 07:09:44.686,0.95729,0.95753,1.00,1.00
2016.10.27 07:09:45.593,0.9573,0.95752,1.00,1.00
2016.10.27 07:09:48.514,0.95728,0.95752,1.00,1.50
2016.10.27 07:09:49.038,0.95729,0.95753,1.00,1.50
2016.10.27 07:09:49.902,0.9573,0.95753,1.00,1.50
2016.10.27 07:09:51.680,0.95731,0.95753,1.00,1.50
2016.10.27 07:09:52.588,0.95731,0.95752,1.00,1.00
2016.10.27 07:09:53.330,0.95729,0.95752,1.00,1.00
2016.10.27 07:09:54.058,0.95729,0.95753,1.00,1.00
2016.10.27 07:09:54.864,0.9573,0.95754,1.00,1.00
2016.10.27 07:09:55.361,0.9573,0.95752,1.00,1.00
2016.10.27 07:09:55.843,0.95728,0.95752,1.00,1.00
2016.10.27 07:09:56.492,0.9573,0.95752,1.00,1.00
2016.10.27 07:09:57.201,0.9573,0.95753,1.00,1.00
2016.10.27 07:09:57.324,0.95728,0.95753,1.00,1.00
2016.10.27 07:09:57.396,0.9573,0.95753,1.00,1.00
2016.10.27 07:09:57.897,0.95728,0.95753,1.00,1.00
2016.10.27 07:09:58.253,0.95724,0.95747,1.00,1.00
2016.10.27 07:09:58.743,0.95722,0.95745,1.00,1.00
2016.10.27 07:09:59.083,0.95725,0.95748,1.00,1.50
2016.10.27 07:09:59.852,0.95726,0.95747,1.00,1.00
2016.10.27 07:10:00.388,0.95725,0.95747,1.00,1.00
2016.10.27 07:10:02.114,0.95726,0.95747,1.00,1.00
2016.10.27 07:10:02.215,0.95725,0.95749,1.00,1.00
2016.10.27 07:10:03.088,0.95729,0.95752,1.00,1.00
2016.10.27 07:10:03.250,0.9573,0.95754,1.00,1.00
2016.10.27 07:10:03.402,0.9573,0.95752,1.00,1.00
2016.10.27 07:10:04.053,0.95729,0.95752,1.00,1.00
2016.10.27 07:10:04.699,0.95729,0.95753,1.00,1.00
2016.10.27 07:10:05.888,0.95728,0.95752,1.00,1.50
2016.10.27 07:10:08.006,0.95728,0.95754,1.00,1.00
2016.10.27 07:10:08.858,0.9573,0.95753,1.00,1.00
2016.10.27 07:10:09.448,0.95724,0.95746,1.00,1.00
2016.10.27 07:10:09.549,0.95721,0.95744,1.00,1.00
2016.10.27 07:10:09.651,0.95718,0.95742,1.50,1.00
2016.10.27 07:10:14.532,0.95717,0.95744,1.00,1.00
2016.10.27 07:10:15.408,0.95717,0.95743,1.00,1.00
2016.10.27 07:10:15.952,0.95718,0.95742,1.00,1.50
2016.10.27 07:10:20.309,0.95718,0.95743,1.00,1.50
2016.10.27 07:10:20.950,0.95719,0.95743,1.00,1.50
2016.10.27 07:10:21.210,0.95719,0.95738,1.00,1.00
2016.10.27 07:10:22.412,0.95719,0.95742,1.00,1.50
2016.10.27 07:10:27.214,0.9572,0.95744,1.00,1.00
2016.10.27 07:10:27.306,0.95722,0.95747,1.00,1.00
2016.10.27 07:10:27.357,0.95722,0.95743,1.00,1.00
2016.10.27 07:10:27.458,0.95724,0.95748,1.00,1.00
2016.10.27 07:10:27.609,0.95728,0.95748,1.00,1.00
2016.10.27 07:10:27.660,0.95728,0.95752,1.00,1.00
2016.10.27 07:10:27.710,0.95726,0.95749,1.00,1.00
2016.10.27 07:10:28.154,0.95722,0.95747,1.00,1.50
2016.10.27 07:10:28.205,0.95719,0.95747,1.00,1.00
2016.10.27 07:10:29.254,0.95719,0.95748,1.00,1.00
2016.10.27 07:10:29.322,0.95719,0.95752,1.00,1.50
2016.10.27 07:10:29.846,0.95719,0.95747,1.00,1.00
2016.10.27 07:10:30.224,0.95719,0.95752,1.00,1.00
2016.10.27 07:10:30.864,0.95719,0.95747,1.00,1.00
2016.10.27 07:10:33.971,0.95719,0.95752,1.00,1.00
2016.10.27 07:10:34.789,0.95719,0.95747,1.00,1.00
2016.10.27 07:10:35.183,0.95719,0.95742,1.00,1.00
2016.10.27 07:10:35.779,0.95719,0.95748,1.00,1.00
2016.10.27 07:10:37.337,0.95719,0.95747,1.00,1.00
2016.10.27 07:10:37.494,0.95723,0.95747,1.00,1.50
2016.10.27 07:10:39.103,0.9572,0.95747,1.00,1.50
2016.10.27 07:10:39.858,0.95722,0.95746,1.00,1.00
2016.10.27 07:10:40.431,0.95723,0.95745,1.00,1.00
2016.10.27 07:10:41.343,0.95723,0.95746,1.00,1.00
2016.10.27 07:10:42.278,0.9572,0.95746,1.00,1.00
2016.10.27 07:10:42.846,0.95721,0.95747,1.00,1.50
2016.10.27 07:10:44.105,0.95722,0.95745,1.00,1.00
2016.10.27 07:10:45.099,0.95723,0.95747,1.00,1.00
2016.10.27 07:10:45.320,0.95726,0.95749,1.00,1.00
2016.10.27 07:10:45.859,0.95724,0.95748,1.00,1.50
2016.10.27 07:10:46.365,0.95723,0.95747,1.00,1.50
2016.10.27 07:10:46.980,0.95723,0.95746,1.00,1.00
2016.10.27 07:10:47.318,0.95719,0.95743,1.50,1.00
2016.10.27 07:10:47.519,0.95718,0.95741,1.00,1.00
2016.10.27 07:10:48.108,0.95718,0.95738,1.00,1.00
2016.10.27 07:10:48.158,0.95718,0.95741,1.00,1.00
2016.10.27 07:10:48.618,0.95716,0.95739,1.00,1.00
2016.10.27 07:10:49.130,0.95718,0.95741,1.00,1.00
2016.10.27 07:10:49.621,0.95719,0.95743,1.00,1.50
2016.10.27 07:10:50.664,0.95719,0.95742,1.00,1.00
2016.10.27 07:10:51.221,0.95718,0.95742,1.00,1.50
2016.10.27 07:10:51.727,0.95717,0.95742,1.00,1.00
2016.10.27 07:10:52.176,0.9572,0.95744,1.00,1.00
2016.10.27 07:10:52.776,0.95719,0.95742,1.00,1.00
2016.10.27 07:10:53.277,0.95718,0.95743,1.00,1.50
2016.10.27 07:10:53.686,0.95723,0.95743,1.00,1.00
2016.10.27 07:10:53.740,0.95723,0.95746,1.00,1.00
2016.10.27 07:10:56.329,0.95721,0.95742,1.00,1.00
2016.10.27 07:10:56.379,0.95718,0.95742,1.00,1.50
2016.10.27 07:10:57.313,0.95716,0.95742,1.00,1.00
2016.10.27 07:10:59.046,0.95716,0.95743,1.00,1.50
2016.10.27 07:10:59.774,0.95717,0.95742,1.00,1.00
2016.10.27 07:10:59.845,0.95721,0.95745,1.00,1.00
2016.10.27 07:11:00.162,0.95718,0.95742,1.00,1.00
2016.10.27 07:11:00.214,0.95718,0.95744,1.00,1.00
2016.10.27 07:11:01.217,0.95713,0.95738,1.00,1.00
2016.10.27 07:11:02.337,0.95713,0.95737,1.00,1.00
2016.10.27 07:11:04.150,0.95714,0.95736,1.00,1.00
2016.10.27 07:11:06.858,0.95713,0.95736,1.00,1.00
2016.10.27 07:11:07.395,0.95711,0.95736,1.00,1.00
2016.10.27 07:11:08.863,0.95712,0.95737,1.00,1.50
2016.10.27 07:11:11.021,0.95711,0.95734,1.00,1.00
2016.10.27 07:11:11.418,0.95711,0.95732,1.00,1.00
2016.10.27 07:11:11.599,0.95711,0.95734,1.00,1.00
2016.10.27 07:11:12.397,0.95711,0.95732,1.00,1.00
2016.10.27 07:11:13.713,0.95711,0.95736,1.00,1.00
2016.10.27 07:11:13.822,0.95711,0.95733,1.00,1.00
2016.10.27 07:11:14.368,0.95711,0.95732,1.00,1.00
2016.10.27 07:11:14.889,0.95712,0.95732,1.00,1.00
2016.10.27 07:11:15.205,0.95712,0.95735,1.00,1.00
2016.10.27 07:11:15.305,0.95712,0.95732,1.00,1.00
2016.10.27 07:11:15.612,0.95709,0.95732,1.00,1.00
2016.10.27 07:11:16.442,0.95709,0.95733,1.00,1.00
2016.10.27 07:11:16.808,0.95708,0.95728,1.00,1.00
2016.10.27 07:11:17.699,0.95706,0.95728,1.00,1.00
2016.10.27 07:11:21.762,0.95707,0.95728,1.00,1.00
2016.10.27 07:11:23.499,0.95713,0.95728,1.00,1.00
2016.10.27 07:11:23.550,0.95713,0.95733,1.00,1.00
2016.10.27 07:11:23.651,0.95714,0.9574,1.00,1.00
2016.10.27 07:11:23.701,0.95717,0.95739,1.00,1.00
2016.10.27 07:11:24.537,0.95718,0.95741,1.00,1.00
2016.10.27 07:11:28.733,0.95714,0.95737,1.00,1.50
2016.10.27 07:11:29.203,0.9571,0.95732,1.00,1.00
2016.10.27 07:11:29.355,0.9571,0.95734,1.00,1.00
2016.10.27 07:11:29.406,0.95714,0.95737,1.00,1.00
2016.10.27 07:11:30.144,0.95711,0.95736,1.00,1.00
2016.10.27 07:11:30.705,0.95712,0.95737,1.00,1.50
2016.10.27 07:11:31.232,0.95713,0.95737,1.00,1.00
2016.10.27 07:11:31.435,0.95714,0.9574,1.00,1.00
2016.10.27 07:11:31.557,0.95714,0.95737,1.00,1.00
2016.10.27 07:11:31.844,0.95714,0.9574,1.00,1.00
2016.10.27 07:11:33.352,0.95713,0.95739,1.00,1.00
2016.10.27 07:11:34.051,0.95715,0.95739,1.00,1.00
2016.10.27 07:11:35.272,0.95715,0.95741,1.00,1.00
2016.10.27 07:11:36.919,0.95717,0.95741,1.00,1.00
2016.10.27 07:11:38.672,0.95718,0.95742,1.00,1.00
2016.10.27 07:11:39.254,0.95717,0.9574,1.00,1.00
2016.10.27 07:11:39.304,0.95715,0.95739,1.00,1.00
2016.10.27 07:11:39.355,0.95716,0.95742,1.00,1.50
2016.10.27 07:11:39.456,0.95718,0.95743,1.00,1.00
2016.10.27 07:11:39.825,0.95717,0.95741,1.00,1.00
2016.10.27 07:11:40.305,0.95715,0.9574,1.00,1.00
2016.10.27 07:11:41.638,0.95716,0.95742,1.00,1.00
2016.10.27 07:11:41.873,0.95715,0.95739,1.00,1.00
2016.10.27 07:11:42.180,0.95712,0.95736,1.00,1.00
2016.10.27 07:11:42.670,0.95712,0.95732,1.00,1.00
2016.10.27 07:11:43.383,0.95712,0.95736,1.00,1.00
2016.10.27 07:11:44.340,0.95711,0.95735,1.00,1.00
2016.10.27 07:11:46.063,0.9571,0.95735,1.00,1.00
2016.10.27 07:11:46.374,0.95711,0.95733,1.00,1.00
2016.10.27 07:11:47.254,0.95711,0.95732,1.00,1.00
2016.10.27 07:11:47.855,0.9571,0.95732,1.00,1.00
2016.10.27 07:11:48.107,0.9571,0.95736,1.50,1.00
2016.10.27 07:11:48.889,0.9571,0.95732,1.50,1.00
2016.10.27 07:11:48.998,0.9571,0.95734,1.50,1.00
2016.10.27 07:11:49.049,0.9571,0.95736,1.50,1.00
2016.10.27 07:11:49.167,0.9571,0.95733,1.50,1.00
2016.10.27 07:11:49.595,0.9571,0.95735,1.00,1.00
2016.10.27 07:11:50.213,0.95711,0.95735,1.00,1.00
2016.10.27 07:11:50.892,0.9571,0.95734,1.50,1.00
2016.10.27 07:11:51.634,0.9571,0.95733,1.00,1.00
2016.10.27 07:11:51.920,0.9571,0.95735,1.00,1.00
2016.10.27 07:11:52.021,0.9571,0.95733,1.00,1.00
2016.10.27 07:11:53.222,0.9571,0.95734,1.00,1.00
2016.10.27 07:11:53.775,0.9571,0.95735,1.00,1.00
2016.10.27 07:11:56.470,0.95709,0.95735,1.00,1.00
2016.10.27 07:11:56.857,0.95709,0.95733,1.00,1.00
2016.10.27 07:11:57.695,0.95708,0.95732,1.00,1.00
2016.10.27 07:11:59.168,0.9571,0.95732,1.00,1.00
2016.10.27 07:12:00.780,0.9571,0.95733,1.00,1.00
2016.10.27 07:12:01.416,0.95711,0.95732,1.00,1.00
2016.10.27 07:12:01.517,0.95711,0.95735,1.00,1.00
2016.10.27 07:12:01.599,0.95711,0.95732,1.00,1.00
2016.10.27 07:12:01.800,0.95708,0.95732,1.00,1.00
2016.10.27 07:12:01.901,0.95708,0.95728,1.00,1.00
2016.10.27 07:12:02.016,0.95706,0.95731,1.00,1.00
2016.10.27 07:12:02.117,0.95705,0.95729,1.00,1.00
2016.10.27 07:12:02.613,0.95703,0.95727,1.00,1.50
2016.10.27 07:12:04.676,0.95704,0.95727,1.00,1.50
2016.10.27 07:12:05.317,0.95699,0.95721,1.00,1.00
2016.10.27 07:12:05.933,0.95697,0.95719,1.00,1.00
2016.10.27 07:12:06.445,0.95695,0.9572,1.00,1.00
2016.10.27 07:12:06.981,0.95697,0.95722,1.00,1.00
2016.10.27 07:12:07.540,0.95698,0.95722,1.00,1.50
2016.10.27 07:12:08.144,0.957,0.95722,1.00,1.00
2016.10.27 07:12:08.732,0.95705,0.95727,1.00,1.00
2016.10.27 07:12:08.934,0.95705,0.95729,1.00,1.00
2016.10.27 07:12:09.300,0.95705,0.95727,1.00,1.00
2016.10.27 07:12:10.052,0.95705,0.95728,1.00,1.00
2016.10.27 07:12:11.438,0.95705,0.95727,1.00,1.00
2016.10.27 07:12:12.189,0.95703,0.95727,1.00,1.00
2016.10.27 07:12:13.440,0.95703,0.95728,1.00,1.00
2016.10.27 07:12:14.559,0.95703,0.95727,1.00,1.00
2016.10.27 07:12:15.481,0.95703,0.95728,1.00,1.00
2016.10.27 07:12:15.532,0.95705,0.95727,1.00,1.00
2016.10.27 07:12:16.033,0.95705,0.95728,1.00,1.50
2016.10.27 07:12:16.712,0.95705,0.95727,1.00,1.00
2016.10.27 07:12:17.622,0.95705,0.95728,1.00,1.50
2016.10.27 07:12:18.199,0.95704,0.95727,1.00,1.00
2016.10.27 07:12:19.204,0.95699,0.95724,1.00,1.00
2016.10.27 07:12:19.255,0.95699,0.95722,1.00,1.00
2016.10.27 07:12:20.341,0.95698,0.95723,1.00,1.00
2016.10.27 07:12:20.872,0.95698,0.95722,1.00,1.00
2016.10.27 07:12:23.625,0.95698,0.95723,1.00,1.50
2016.10.27 07:12:27.174,0.95698,0.95722,1.00,1.00
2016.10.27 07:12:27.576,0.95701,0.95722,1.00,1.00
2016.10.27 07:12:27.627,0.95701,0.95726,1.00,1.00
2016.10.27 07:12:27.677,0.95701,0.95723,1.00,1.00
2016.10.27 07:12:28.234,0.95703,0.95723,1.00,1.00
2016.10.27 07:12:32.203,0.95703,0.95722,1.00,1.00
2016.10.27 07:12:33.350,0.95702,0.95722,1.00,1.00
2016.10.27 07:12:34.140,0.95702,0.95723,1.00,1.00
2016.10.27 07:12:36.008,0.95702,0.95722,1.00,1.00
2016.10.27 07:12:36.535,0.95702,0.95723,1.00,1.00
2016.10.27 07:12:37.066,0.95702,0.95722,1.00,1.00
2016.10.27 07:12:38.889,0.95702,0.95723,1.00,1.00
2016.10.27 07:12:39.627,0.95703,0.95722,1.00,1.00
2016.10.27 07:12:39.706,0.95701,0.95726,1.00,1.00
2016.10.27 07:12:39.757,0.95701,0.95722,1.00,1.00
2016.10.27 07:12:43.347,0.957,0.95722,1.00,1.00
2016.10.27 07:12:43.449,0.95696,0.95722,1.00,1.00
2016.10.27 07:12:43.879,0.95693,0.95719,1.00,1.00
2016.10.27 07:12:44.462,0.95692,0.95718,1.00,1.00
2016.10.27 07:12:44.830,0.9569,0.95718,1.00,1.00
2016.10.27 07:12:45.360,0.9569,0.95717,1.00,1.00
2016.10.27 07:12:46.121,0.95689,0.95716,1.00,1.00
2016.10.27 07:12:47.259,0.95687,0.95715,1.00,1.00
2016.10.27 07:12:47.665,0.95687,0.95712,1.00,1.00
2016.10.27 07:12:48.198,0.95688,0.95712,1.00,1.00
2016.10.27 07:12:48.299,0.95688,0.95716,1.00,1.00
2016.10.27 07:12:48.404,0.9569,0.95716,1.00,1.00
2016.10.27 07:12:49.583,0.95688,0.95716,1.00,1.00
2016.10.27 07:12:49.763,0.95688,0.95714,1.00,1.00
2016.10.27 07:12:50.407,0.9569,0.95708,1.00,1.00
2016.10.27 07:12:50.457,0.95683,0.95708,1.00,1.00
2016.10.27 07:12:50.709,0.95681,0.95706,1.00,1.00
2016.10.27 07:12:51.668,0.95681,0.95707,1.00,1.50
2016.10.27 07:12:55.282,0.95682,0.95706,1.00,1.00
2016.10.27 07:12:55.681,0.95681,0.95708,1.00,1.50
2016.10.27 07:12:56.882,0.95681,0.95707,1.00,1.00
2016.10.27 07:12:57.583,0.95682,0.95707,1.00,1.00
2016.10.27 07:12:58.694,0.95682,0.95706,1.00,1.00
2016.10.27 07:12:59.187,0.9568,0.95705,1.00,1.00
2016.10.27 07:12:59.622,0.95677,0.95703,1.00,1.00
2016.10.27 07:13:00.649,0.95675,0.95701,1.00,1.00
2016.10.27 07:13:00.700,0.95676,0.95703,1.00,1.00
2016.10.27 07:13:00.883,0.95677,0.95705,1.00,1.00
2016.10.27 07:13:01.024,0.95676,0.95703,1.00,1.00
2016.10.27 07:13:02.226,0.95678,0.95703,1.00,1.50
2016.10.27 07:13:02.327,0.95678,0.95705,1.00,1.00
2016.10.27 07:13:02.492,0.95677,0.95702,1.00,1.00
2016.10.27 07:13:03.245,0.95679,0.95704,1.00,1.00
2016.10.27 07:13:04.861,0.9568,0.95705,1.00,1.00
2016.10.27 07:13:05.958,0.95678,0.95704,1.00,1.00
2016.10.27 07:13:06.967,0.95674,0.957,1.00,1.00
2016.10.27 07:13:07.526,0.95678,0.95704,1.00,1.50
2016.10.27 07:13:08.495,0.95678,0.95705,1.00,1.00
2016.10.27 07:13:10.498,0.95678,0.95704,1.00,1.00
2016.10.27 07:13:11.156,0.95679,0.95705,1.00,1.00
2016.10.27 07:13:13.002,0.95679,0.95704,1.00,1.00
2016.10.27 07:13:13.503,0.95675,0.95702,1.00,1.00
2016.10.27 07:13:14.369,0.95678,0.95703,1.00,1.00
2016.10.27 07:13:14.433,0.95674,0.95701,1.50,1.00
2016.10.27 07:13:14.547,0.95678,0.95702,1.00,1.00
2016.10.27 07:13:14.654,0.95679,0.95704,1.00,1.00
2016.10.27 07:13:15.649,0.95679,0.95703,1.00,1.00
2016.10.27 07:13:16.608,0.95679,0.95706,1.00,1.00
2016.10.27 07:13:16.909,0.95679,0.95704,1.00,1.00
2016.10.27 07:13:19.729,0.95676,0.95702,1.00,1.00
2016.10.27 07:13:20.279,0.95675,0.95702,1.00,1.00
2016.10.27 07:13:20.907,0.95676,0.95703,1.00,1.00
2016.10.27 07:13:21.419,0.95677,0.95704,1.00,1.00
2016.10.27 07:13:22.422,0.95676,0.95704,1.00,1.00
2016.10.27 07:13:23.605,0.95676,0.957,1.00,1.00
2016.10.27 07:13:23.862,0.95677,0.95702,1.00,1.00
2016.10.27 07:13:24.390,0.95677,0.95703,1.00,1.00
2016.10.27 07:13:25.201,0.95675,0.957,1.00,1.00
2016.10.27 07:13:25.715,0.95674,0.95701,1.00,1.00
2016.10.27 07:13:26.282,0.95676,0.95702,1.00,1.00
2016.10.27 07:13:26.383,0.95672,0.95701,1.00,1.00
2016.10.27 07:13:27.568,0.95674,0.95701,1.00,1.00
2016.10.27 07:13:28.165,0.9567,0.95694,1.00,1.00
2016.10.27 07:13:28.265,0.95665,0.95691,1.00,1.00
2016.10.27 07:13:28.366,0.95662,0.95688,1.00,1.00
2016.10.27 07:13:29.366,0.95663,0.95689,1.00,1.00
2016.10.27 07:13:29.759,0.95661,0.95687,1.00,1.00
2016.10.27 07:13:30.370,0.95661,0.95689,1.00,1.50
2016.10.27 07:13:31.259,0.95661,0.95688,1.00,1.00
2016.10.27 07:13:32.952,0.95664,0.95688,1.00,1.00
2016.10.27 07:13:33.843,0.95662,0.95688,1.00,1.00
2016.10.27 07:13:34.829,0.95663,0.95689,1.00,1.00
2016.10.27 07:13:37.181,0.95667,0.95692,1.00,1.00
2016.10.27 07:13:37.772,0.95667,0.95693,1.00,1.00
2016.10.27 07:13:38.485,0.95668,0.95694,1.00,1.00
2016.10.27 07:13:39.073,0.9567,0.95696,1.00,1.50
2016.10.27 07:13:39.375,0.95669,0.95694,1.00,1.00
2016.10.27 07:13:40.070,0.95667,0.95694,1.00,1.00
2016.10.27 07:13:40.787,0.9567,0.95695,1.00,1.00
2016.10.27 07:13:41.255,0.95672,0.95697,1.00,1.50
2016.10.27 07:13:41.306,0.95675,0.95702,1.00,1.00
2016.10.27 07:13:41.407,0.95678,0.95704,1.00,1.00
2016.10.27 07:13:41.920,0.9568,0.95706,1.00,1.00
2016.10.27 07:13:42.419,0.95677,0.95702,1.00,1.50
2016.10.27 07:13:44.909,0.95678,0.95702,1.00,1.00
2016.10.27 07:13:45.310,0.95679,0.95704,1.00,1.00
2016.10.27 07:13:45.380,0.95677,0.95703,1.00,1.00
2016.10.27 07:13:45.902,0.95675,0.95702,1.00,1.00
2016.10.27 07:13:46.487,0.95677,0.95702,1.00,1.00
2016.10.27 07:13:47.038,0.95678,0.95703,1.00,1.00
2016.10.27 07:13:47.599,0.9568,0.95705,1.00,1.00
2016.10.27 07:13:48.530,0.95663,0.95689,1.37,1.00
2016.10.27 07:13:48.842,0.95661,0.95688,1.00,1.00
2016.10.27 07:13:49.613,0.95661,0.95685,1.00,1.00
2016.10.27 07:13:50.020,0.95663,0.9569,1.00,1.00
2016.10.27 07:13:51.024,0.95663,0.95689,1.00,1.00
2016.10.27 07:13:51.734,0.95665,0.9569,1.00,1.00
2016.10.27 07:13:52.047,0.95666,0.95692,1.00,1.00
2016.10.27 07:13:52.248,0.95668,0.95694,1.00,1.00
2016.10.27 07:13:52.711,0.9567,0.95694,1.00,1.00
2016.10.27 07:13:53.050,0.95669,0.95696,1.00,1.00
2016.10.27 07:13:55.447,0.95669,0.95694,1.00,1.00
2016.10.27 07:13:56.512,0.95668,0.95692,1.00,1.00
2016.10.27 07:13:58.518,0.95669,0.95693,1.00,1.00
2016.10.27 07:13:59.947,0.95667,0.95693,1.00,1.00
2016.10.27 07:14:00.321,0.95669,0.95692,1.00,1.00
2016.10.27 07:14:01.342,0.9567,0.95693,1.00,1.00
2016.10.27 07:14:01.993,0.95669,0.95692,1.00,1.00
2016.10.27 07:14:02.417,0.95676,0.95699,1.00,1.00
2016.10.27 07:14:02.952,0.95677,0.95702,1.00,1.00
2016.10.27 07:14:03.316,0.95678,0.95704,1.00,1.50
2016.10.27 07:14:03.571,0.9567,0.95699,1.00,1.00
2016.10.27 07:14:03.672,0.95668,0.95696,1.00,1.00
2016.10.27 07:14:03.978,0.95669,0.95698,1.00,1.00
2016.10.27 07:14:04.422,0.95666,0.95697,1.50,1.00
2016.10.27 07:14:05.580,0.95666,0.95695,1.00,1.00
2016.10.27 07:14:06.102,0.95663,0.95692,1.00,1.00
2016.10.27 07:14:06.153,0.95664,0.95695,1.00,1.50
2016.10.27 07:14:06.253,0.95662,0.95692,1.00,1.00
2016.10.27 07:14:06.821,0.95663,0.95692,1.00,1.00
2016.10.27 07:14:07.616,0.95666,0.95695,1.00,1.50
2016.10.27 07:14:08.139,0.95665,0.95694,1.50,1.00
2016.10.27 07:14:08.782,0.95666,0.95695,1.00,1.00
2016.10.27 07:14:10.179,0.95665,0.95694,1.00,1.00
2016.10.27 07:14:11.232,0.95668,0.95692,1.00,1.50
2016.10.27 07:14:12.107,0.95668,0.95693,1.00,1.00
2016.10.27 07:14:12.784,0.95669,0.95692,1.00,1.00
2016.10.27 07:14:13.253,0.95671,0.95692,1.00,1.00
2016.10.27 07:14:13.603,0.95671,0.95701,1.00,2.10
2016.10.27 07:14:13.765,0.95674,0.95702,1.00,1.00
2016.10.27 07:14:14.099,0.95676,0.957,1.00,1.00
2016.10.27 07:14:14.405,0.95678,0.95703,1.00,1.50
2016.10.27 07:14:15.362,0.95677,0.95701,1.00,1.00
2016.10.27 07:14:15.482,0.95665,0.95693,1.50,1.00
2016.10.27 07:14:16.036,0.95665,0.95692,1.00,1.00
2016.10.27 07:14:16.405,0.95655,0.95683,1.00,1.00
2016.10.27 07:14:16.858,0.95655,0.95679,1.00,1.00
2016.10.27 07:14:16.909,0.95649,0.95679,1.00,1.50
2016.10.27 07:14:17.338,0.95654,0.95682,1.00,1.50
2016.10.27 07:14:18.760,0.95655,0.95683,1.00,1.00
2016.10.27 07:14:19.777,0.95656,0.95683,1.00,1.50
2016.10.27 07:14:22.207,0.95655,0.95682,1.00,1.00
2016.10.27 07:14:22.605,0.95657,0.9568,1.00,1.00
2016.10.27 07:14:24.208,0.9566,0.95683,1.00,1.00
2016.10.27 07:14:24.636,0.95666,0.95687,1.00,1.00
2016.10.27 07:14:24.687,0.95666,0.95693,1.00,1.00
2016.10.27 07:14:25.228,0.95665,0.9569,1.00,1.00
2016.10.27 07:14:25.799,0.95667,0.95689,1.00,1.00
2016.10.27 07:14:27.399,0.95669,0.95691,1.00,1.00
2016.10.27 07:14:27.903,0.95668,0.95691,1.00,1.00
2016.10.27 07:14:28.326,0.95672,0.95699,1.00,1.00
2016.10.27 07:14:28.377,0.95672,0.95697,1.00,1.00
2016.10.27 07:14:28.694,0.95674,0.95697,1.00,1.50
2016.10.27 07:14:29.406,0.95671,0.95695,1.00,1.00
2016.10.27 07:14:29.608,0.95668,0.95694,1.00,1.00
2016.10.27 07:14:29.658,0.95668,0.95692,1.00,1.00
2016.10.27 07:14:30.681,0.95668,0.95693,1.00,1.00
2016.10.27 07:14:31.092,0.9567,0.95693,1.00,1.00
2016.10.27 07:14:33.947,0.95672,0.95695,1.00,1.00
2016.10.27 07:14:36.148,0.95672,0.95697,1.00,1.50
2016.10.27 07:14:36.495,0.9568,0.957,1.00,1.00
2016.10.27 07:14:36.545,0.9568,0.95702,1.00,1.50
2016.10.27 07:14:37.209,0.95676,0.95702,1.00,1.00
2016.10.27 07:14:38.022,0.95677,0.95702,1.00,1.00
2016.10.27 07:14:38.122,0.95678,0.95704,1.00,1.00
2016.10.27 07:14:38.696,0.95678,0.95702,1.00,1.00
2016.10.27 07:14:39.169,0.95678,0.95705,1.00,1.00
2016.10.27 07:14:42.730,0.95681,0.95707,1.00,1.00
2016.10.27 07:14:43.121,0.95684,0.95709,1.00,1.00
2016.10.27 07:14:43.226,0.95685,0.95711,1.00,1.00
2016.10.27 07:14:44.370,0.95684,0.9571,1.00,1.00
2016.10.27 07:14:44.988,0.95691,0.95713,1.00,1.00
2016.10.27 07:14:45.039,0.95689,0.95713,1.00,1.50
2016.10.27 07:14:45.459,0.95687,0.95712,1.00,1.00
2016.10.27 07:14:46.484,0.95684,0.9571,1.00,1.00
2016.10.27 07:14:46.534,0.95686,0.9571,1.00,1.00
2016.10.27 07:14:46.736,0.95687,0.95712,1.00,1.00
2016.10.27 07:14:46.858,0.95687,0.9571,1.00,1.00
2016.10.27 07:14:47.408,0.95687,0.95707,1.00,1.00
2016.10.27 07:14:47.509,0.95687,0.95712,1.00,1.00
2016.10.27 07:14:47.727,0.95685,0.95712,1.00,1.00
2016.10.27 07:14:47.828,0.95688,0.95712,1.00,1.00
2016.10.27 07:14:48.739,0.95689,0.95712,1.00,1.00
2016.10.27 07:14:49.984,0.95689,0.95713,1.00,1.00
2016.10.27 07:14:50.832,0.95688,0.95713,1.00,1.00
2016.10.27 07:14:51.473,0.95692,0.95713,1.00,1.00
2016.10.27 07:14:51.692,0.95692,0.95716,1.00,1.00
2016.10.27 07:14:52.452,0.95693,0.95717,1.00,1.00
2016.10.27 07:14:53.626,0.95693,0.95718,1.00,1.00
2016.10.27 07:14:54.116,0.95695,0.95717,1.00,1.00
2016.10.27 07:14:54.743,0.95693,0.95717,1.00,1.00
2016.10.27 07:14:55.164,0.95691,0.95718,1.00,1.00
2016.10.27 07:14:55.752,0.95691,0.95717,1.00,1.50
2016.10.27 07:14:57.178,0.9569,0.95716,1.00,1.00
2016.10.27 07:14:57.932,0.95689,0.95715,1.00,1.00
2016.10.27 07:14:58.663,0.95689,0.95714,1.00,1.00
2016.10.27 07:14:59.280,0.95689,0.95715,1.00,1.00
2016.10.27 07:15:00.080,0.95691,0.95715,1.00,1.00
2016.10.27 07:15:00.891,0.9569,0.95716,1.00,1.00
2016.10.27 07:15:01.256,0.95689,0.95714,1.00,1.00
2016.10.27 07:15:01.624,0.95689,0.95712,1.00,1.00
2016.10.27 07:15:01.674,0.95685,0.95712,1.00,1.50
2016.10.27 07:15:02.118,0.95688,0.95712,1.00,1.00
2016.10.27 07:15:02.171,0.95685,0.95711,1.00,1.50
2016.10.27 07:15:02.654,0.95687,0.95711,1.00,1.00
2016.10.27 07:15:03.261,0.95681,0.95705,1.00,1.00
2016.10.27 07:15:03.377,0.9568,0.95708,1.00,1.50
2016.10.27 07:15:03.556,0.95683,0.95707,1.00,1.50
2016.10.27 07:15:03.997,0.95681,0.95707,1.00,1.50
2016.10.27 07:15:04.048,0.95679,0.95707,1.00,1.50
2016.10.27 07:15:04.454,0.95669,0.95699,1.00,1.00
2016.10.27 07:15:05.056,0.95671,0.95699,1.00,1.00
2016.10.27 07:15:06.168,0.9567,0.95698,1.00,1.00
2016.10.27 07:15:07.181,0.95668,0.95698,1.50,1.00
2016.10.27 07:15:07.282,0.95668,0.95696,1.50,1.00
2016.10.27 07:15:08.111,0.95669,0.95697,1.00,1.00
2016.10.27 07:15:09.351,0.95668,0.95697,1.00,1.50
2016.10.27 07:15:09.716,0.95669,0.95695,1.00,1.00
2016.10.27 07:15:09.867,0.95668,0.95698,1.00,2.25
2016.10.27 07:15:10.774,0.95671,0.95698,1.00,1.00
2016.10.27 07:15:11.505,0.95674,0.95698,1.00,1.00
2016.10.27 07:15:11.920,0.95672,0.95693,1.00,1.00
2016.10.27 07:15:12.441,0.95672,0.95692,1.00,1.00
2016.10.27 07:15:12.492,0.95669,0.95692,1.00,1.00
2016.10.27 07:15:13.173,0.95669,0.95693,1.00,1.50
2016.10.27 07:15:16.076,0.95668,0.95693,1.00,1.50
2016.10.27 07:15:16.717,0.95668,0.95692,1.00,1.00
2016.10.27 07:15:17.466,0.95668,0.95693,1.00,1.50
2016.10.27 07:15:17.998,0.95668,0.95692,1.00,1.00
2016.10.27 07:15:18.634,0.95668,0.95693,1.00,1.50
2016.10.27 07:15:19.135,0.95668,0.95692,1.00,1.00
2016.10.27 07:15:20.359,0.95668,0.95693,1.00,1.00
2016.10.27 07:15:21.283,0.95667,0.95692,1.00,1.00
2016.10.27 07:15:22.411,0.95669,0.95691,1.00,1.00
2016.10.27 07:15:22.513,0.95667,0.9569,1.00,1.00
2016.10.27 07:15:23.486,0.95668,0.9569,1.00,1.00
2016.10.27 07:15:24.014,0.95669,0.95692,1.00,1.00
2016.10.27 07:15:26.019,0.95667,0.95692,1.00,1.00
2016.10.27 07:15:26.993,0.95669,0.95691,1.00,1.00
2016.10.27 07:15:29.653,0.95668,0.95693,1.00,1.00
2016.10.27 07:15:32.883,0.95668,0.95692,1.00,1.00
2016.10.27 07:15:33.457,0.95668,0.95693,1.00,1.50
2016.10.27 07:15:34.312,0.95663,0.95681,1.00,1.00
2016.10.27 07:15:34.363,0.95659,0.95681,1.00,1.00
2016.10.27 07:15:36.955,0.95659,0.95682,1.00,1.00
2016.10.27 07:15:37.653,0.95659,0.95681,1.00,1.00
2016.10.27 07:15:38.009,0.95657,0.95682,1.00,1.50
2016.10.27 07:15:41.715,0.95656,0.95681,1.00,1.00
2016.10.27 07:15:42.338,0.95657,0.95682,1.00,1.00
2016.10.27 07:15:45.462,0.9566,0.95685,1.00,1.00
2016.10.27 07:15:49.060,0.95664,0.95687,1.00,1.00
2016.10.27 07:15:49.261,0.9567,0.95694,1.00,1.00
2016.10.27 07:15:49.792,0.95672,0.95697,1.00,1.00
2016.10.27 07:15:51.440,0.95672,0.95692,1.00,1.00
2016.10.27 07:15:51.742,0.95673,0.95698,1.00,1.00
2016.10.27 07:15:52.317,0.95673,0.95699,1.00,1.00
2016.10.27 07:15:53.657,0.95672,0.95699,1.00,1.00
2016.10.27 07:15:54.159,0.95671,0.95695,1.00,1.00
2016.10.27 07:15:54.260,0.95668,0.95693,1.00,1.00
2016.10.27 07:15:55.077,0.95673,0.95697,1.00,1.00
2016.10.27 07:15:56.095,0.95672,0.95698,1.00,1.00
2016.10.27 07:15:56.767,0.95674,0.95698,1.00,1.00
2016.10.27 07:15:57.165,0.95671,0.95697,1.00,1.00
2016.10.27 07:15:57.521,0.95667,0.95691,1.50,1.00
2016.10.27 07:15:57.702,0.95672,0.95697,1.00,1.00
2016.10.27 07:15:57.853,0.95676,0.95701,1.00,1.00
2016.10.27 07:15:58.448,0.95677,0.95701,1.00,1.00
2016.10.27 07:15:59.063,0.9568,0.95702,1.00,1.00
2016.10.27 07:15:59.185,0.95678,0.95703,1.00,1.00
2016.10.27 07:15:59.964,0.95678,0.95702,1.00,1.00
2016.10.27 07:16:00.367,0.95676,0.957,1.00,1.00
2016.10.27 07:16:00.835,0.95672,0.95698,1.00,1.00
2016.10.27 07:16:01.217,0.95678,0.95702,1.00,1.35
2016.10.27 07:16:01.490,0.95679,0.95706,1.00,1.00
2016.10.27 07:16:01.692,0.95677,0.95705,1.00,1.00
2016.10.27 07:16:02.294,0.95676,0.95703,1.00,1.00
2016.10.27 07:16:02.843,0.95676,0.95702,1.00,1.35
2016.10.27 07:16:05.289,0.95675,0.957,1.50,1.00
2016.10.27 07:16:05.599,0.95675,0.95703,1.50,1.00
2016.10.27 07:16:06.253,0.95675,0.95702,1.00,1.00
2016.10.27 07:16:06.304,0.95673,0.957,1.00,1.00
2016.10.27 07:16:07.250,0.95674,0.957,1.00,1.00
2016.10.27 07:16:07.775,0.95678,0.95705,1.00,1.00
2016.10.27 07:16:08.306,0.95677,0.95703,1.00,1.00
2016.10.27 07:16:08.880,0.95679,0.95706,1.00,1.00
2016.10.27 07:16:09.351,0.95681,0.95706,1.00,1.00
2016.10.27 07:16:10.384,0.95681,0.95707,1.00,1.00
2016.10.27 07:16:10.962,0.9568,0.95706,1.00,1.00
2016.10.27 07:16:11.375,0.95683,0.95709,1.00,1.00
2016.10.27 07:16:11.820,0.95685,0.95711,1.00,1.00
2016.10.27 07:16:11.889,0.95685,0.95713,1.00,1.00
2016.10.27 07:16:12.184,0.95687,0.95715,1.00,1.00
2016.10.27 07:16:13.385,0.95688,0.95713,1.00,1.00
2016.10.27 07:16:14.135,0.95689,0.95713,1.00,1.00
2016.10.27 07:16:14.722,0.95689,0.95712,1.00,1.00
2016.10.27 07:16:15.234,0.95688,0.95713,1.00,1.50
2016.10.27 07:16:15.291,0.95685,0.95713,1.00,1.50
2016.10.27 07:16:15.640,0.95685,0.95711,1.00,1.00
2016.10.27 07:16:16.418,0.95689,0.95712,1.00,1.00
2016.10.27 07:16:16.640,0.95686,0.95712,1.00,1.00
2016.10.27 07:16:17.136,0.95688,0.95712,1.00,1.00
2016.10.27 07:16:17.660,0.95688,0.95713,1.00,1.00
2016.10.27 07:16:18.128,0.95686,0.95712,1.00,1.00
2016.10.27 07:16:18.229,0.95681,0.95708,1.50,1.50
2016.10.27 07:16:18.330,0.95691,0.95714,1.00,1.00
2016.10.27 07:16:18.381,0.95691,0.95717,1.00,1.50
2016.10.27 07:16:18.432,0.95693,0.9572,1.00,1.00
2016.10.27 07:16:19.503,0.95693,0.95718,1.00,1.00
2016.10.27 07:16:20.024,0.95692,0.95717,1.00,1.00
2016.10.27 07:16:20.249,0.9569,0.95717,1.00,1.00
2016.10.27 07:16:20.451,0.95692,0.95718,1.00,1.00
2016.10.27 07:16:20.552,0.95692,0.9572,1.00,1.00
2016.10.27 07:16:20.899,0.9569,0.95718,1.00,1.00
2016.10.27 07:16:21.249,0.95692,0.95718,1.00,1.50
2016.10.27 07:16:21.350,0.9569,0.95718,1.00,1.50
2016.10.27 07:16:22.485,0.9569,0.95717,1.00,1.00
2016.10.27 07:16:22.535,0.95693,0.95717,1.00,1.00
2016.10.27 07:16:22.609,0.95691,0.95717,1.00,1.50
2016.10.27 07:16:23.214,0.9569,0.95716,1.00,1.00
2016.10.27 07:16:23.822,0.95691,0.95717,1.00,1.50
2016.10.27 07:16:23.873,0.9569,0.95712,1.00,1.00
2016.10.27 07:16:24.309,0.95688,0.95712,1.00,1.00
2016.10.27 07:16:24.506,0.95688,0.95716,1.00,1.00
2016.10.27 07:16:26.107,0.95688,0.95713,1.00,1.00
2016.10.27 07:16:26.694,0.95689,0.95713,1.00,1.00
2016.10.27 07:16:27.751,0.95688,0.95712,1.00,1.00
2016.10.27 07:16:28.343,0.95689,0.95712,1.00,1.00
2016.10.27 07:16:28.549,0.9569,0.95715,1.00,1.00
2016.10.27 07:16:29.748,0.95689,0.95715,1.00,1.00
2016.10.27 07:16:30.725,0.95689,0.95713,1.00,1.00
2016.10.27 07:16:30.846,0.9569,0.95716,1.00,1.00
2016.10.27 07:16:30.953,0.95689,0.95712,1.00,1.00
2016.10.27 07:16:31.053,0.95689,0.95715,1.00,1.00
2016.10.27 07:16:31.703,0.95688,0.95714,1.00,1.00
2016.10.27 07:16:32.122,0.95686,0.95714,1.00,1.00
2016.10.27 07:16:32.368,0.95688,0.95713,1.00,1.00
2016.10.27 07:16:33.043,0.95688,0.95712,1.00,1.00
2016.10.27 07:16:33.513,0.95691,0.95716,1.00,1.00
2016.10.27 07:16:33.564,0.95688,0.95716,1.00,1.00
2016.10.27 07:16:33.821,0.95688,0.95712,1.00,1.00
2016.10.27 07:16:34.429,0.9569,0.95712,1.00,1.00
2016.10.27 07:16:34.480,0.9569,0.95716,1.00,1.00
2016.10.27 07:16:34.621,0.95688,0.95716,1.00,1.00
2016.10.27 07:16:34.859,0.95688,0.95713,1.00,1.00
2016.10.27 07:16:34.926,0.95688,0.95716,1.00,1.00
2016.10.27 07:16:37.267,0.95689,0.95717,1.00,1.50
2016.10.27 07:16:38.198,0.95686,0.95713,1.00,1.00
2016.10.27 07:16:39.367,0.95686,0.95712,1.00,1.00
2016.10.27 07:16:39.881,0.95686,0.95713,1.00,1.50
2016.10.27 07:16:40.341,0.95686,0.9571,1.00,1.00
2016.10.27 07:16:40.933,0.95681,0.95708,1.50,1.00
2016.10.27 07:16:40.984,0.95684,0.95709,1.00,1.00
2016.10.27 07:16:41.530,0.95684,0.9571,1.00,1.00
2016.10.27 07:16:42.138,0.95683,0.9571,1.00,1.00
2016.10.27 07:16:42.679,0.95684,0.9571,1.00,1.00
2016.10.27 07:16:44.010,0.95683,0.95708,1.00,1.00
2016.10.27 07:16:44.895,0.95683,0.95707,1.00,1.00
2016.10.27 07:16:45.426,0.95682,0.95706,1.00,1.00
2016.10.27 07:16:45.956,0.95683,0.95707,1.00,1.00
2016.10.27 07:16:46.467,0.95681,0.95708,1.00,1.00
2016.10.27 07:16:47.110,0.95681,0.95707,1.00,1.50
2016.10.27 07:16:47.458,0.95681,0.95705,1.00,1.00
2016.10.27 07:16:48.701,0.95687,0.95714,1.00,1.00
2016.10.27 07:16:48.802,0.95689,0.95716,1.00,1.50
2016.10.27 07:16:49.527,0.95688,0.95714,1.00,1.00
2016.10.27 07:16:49.678,0.95685,0.95714,1.00,1.00
2016.10.27 07:16:50.695,0.95684,0.95713,1.00,1.00
2016.10.27 07:16:52.033,0.95685,0.95712,1.00,1.00
2016.10.27 07:16:52.503,0.95687,0.95711,1.00,1.00
2016.10.27 07:16:52.858,0.95683,0.95707,1.00,1.00
2016.10.27 07:16:55.118,0.95684,0.95708,1.00,1.00
2016.10.27 07:16:55.977,0.95684,0.95709,1.00,1.00
2016.10.27 07:16:56.539,0.95684,0.9571,1.00,1.00
2016.10.27 07:16:57.013,0.95684,0.95708,1.00,1.00
2016.10.27 07:16:57.391,0.95686,0.9571,1.00,1.00
2016.10.27 07:16:57.939,0.95687,0.95711,1.00,1.00
2016.10.27 07:16:57.990,0.95687,0.95713,1.00,1.00
2016.10.27 07:16:58.216,0.9569,0.95716,1.00,1.00
2016.10.27 07:16:59.298,0.95693,0.95717,1.00,1.00
2016.10.27 07:16:59.397,0.95691,0.95718,1.00,1.00
2016.10.27 07:16:59.621,0.95694,0.95718,1.00,1.50
2016.10.27 07:17:00.304,0.95695,0.9572,1.00,1.00
2016.10.27 07:17:01.057,0.95694,0.9572,1.00,1.00
2016.10.27 07:17:06.843,0.95697,0.95721,1.00,1.00
2016.10.27 07:17:08.254,0.95696,0.95721,1.00,1.00
2016.10.27 07:17:08.897,0.95696,0.95722,1.50,1.00
2016.10.27 07:17:10.069,0.95696,0.95721,1.50,1.00
2016.10.27 07:17:10.370,0.95697,0.95719,1.00,1.00
2016.10.27 07:17:10.739,0.95696,0.95721,1.00,1.00
2016.10.27 07:17:11.284,0.95697,0.95721,1.00,1.00
2016.10.27 07:17:11.798,0.95696,0.9572,1.00,1.00
2016.10.27 07:17:12.601,0.95697,0.95721,1.00,1.00
2016.10.27 07:17:15.924,0.95694,0.9572,1.00,1.00
2016.10.27 07:17:16.234,0.9569,0.95714,1.00,1.00
2016.10.27 07:17:17.068,0.9569,0.95713,1.00,1.00
2016.10.27 07:17:17.252,0.95688,0.95715,1.50,1.00
2016.10.27 07:17:19.414,0.9569,0.95714,1.00,1.00
2016.10.27 07:17:19.515,0.95688,0.95714,1.50,1.00
2016.10.27 07:17:20.192,0.95689,0.95712,1.00,1.00
2016.10.27 07:17:20.309,0.95689,0.95715,1.00,1.00
2016.10.27 07:17:20.515,0.95689,0.95713,1.00,1.00
2016.10.27 07:17:21.708,0.95691,0.95717,1.00,1.00
2016.10.27 07:17:22.262,0.9569,0.95717,1.00,1.50
2016.10.27 07:17:23.320,0.95692,0.95717,1.00,1.50
2016.10.27 07:17:24.027,0.95691,0.95717,1.00,1.50
2016.10.27 07:17:24.761,0.95692,0.95716,1.00,1.00
2016.10.27 07:17:25.536,0.95693,0.95717,1.00,1.00
2016.10.27 07:17:26.071,0.95693,0.95718,1.00,1.50
2016.10.27 07:17:26.612,0.95692,0.95718,1.00,1.00
2016.10.27 07:17:26.930,0.95688,0.95714,1.00,1.00
2016.10.27 07:17:27.267,0.95687,0.95711,1.00,1.00
2016.10.27 07:17:27.678,0.95684,0.95711,1.00,1.00
2016.10.27 07:17:27.957,0.95686,0.95711,1.00,1.00
2016.10.27 07:17:28.763,0.95685,0.9571,1.00,1.00
2016.10.27 07:17:29.375,0.95684,0.9571,1.00,1.00
2016.10.27 07:17:29.971,0.95685,0.95712,1.00,1.00
2016.10.27 07:17:30.639,0.95684,0.95711,1.00,1.00
2016.10.27 07:17:31.473,0.95682,0.95708,1.50,1.50
2016.10.27 07:17:32.034,0.95681,0.95706,1.00,1.00
2016.10.27 07:17:32.180,0.95679,0.95706,1.00,1.00
2016.10.27 07:17:33.035,0.95681,0.95706,1.00,1.00
2016.10.27 07:17:34.571,0.95681,0.95703,1.00,1.00
2016.10.27 07:17:34.735,0.95681,0.95706,1.00,1.00
2016.10.27 07:17:35.448,0.9568,0.95706,1.00,1.00
2016.10.27 07:17:35.986,0.95681,0.95705,1.00,1.00
2016.10.27 07:17:36.087,0.95681,0.95707,1.00,1.00
2016.10.27 07:17:36.189,0.95686,0.95711,1.00,1.00
2016.10.27 07:17:36.600,0.95688,0.95712,1.00,1.00
2016.10.27 07:17:37.374,0.9569,0.95716,1.00,1.00
2016.10.27 07:17:38.281,0.95693,0.95717,1.00,1.00
2016.10.27 07:17:39.492,0.95691,0.95717,1.00,1.50
2016.10.27 07:17:40.007,0.95692,0.95717,1.00,1.50
2016.10.27 07:17:40.491,0.9569,0.95717,1.00,1.00
2016.10.27 07:17:42.159,0.95694,0.95718,1.00,1.00
2016.10.27 07:17:42.997,0.95694,0.95717,1.00,1.00
2016.10.27 07:17:43.614,0.95693,0.95717,1.00,1.00
2016.10.27 07:17:44.351,0.95692,0.95717,1.00,1.00
2016.10.27 07:17:45.118,0.95694,0.95718,1.00,1.00
2016.10.27 07:17:45.826,0.95693,0.95717,1.00,1.00
2016.10.27 07:17:50.062,0.95693,0.95718,1.00,1.00
2016.10.27 07:17:50.581,0.95693,0.95717,1.00,1.00
2016.10.27 07:17:51.167,0.95694,0.95717,1.00,1.00
2016.10.27 07:17:51.565,0.95695,0.95719,1.00,1.00
2016.10.27 07:17:53.006,0.95692,0.95717,1.00,1.00
2016.10.27 07:17:54.506,0.95693,0.95716,1.00,1.00
2016.10.27 07:17:58.709,0.95694,0.95716,1.00,1.00
2016.10.27 07:17:59.599,0.95694,0.95717,1.00,1.00
2016.10.27 07:17:59.915,0.95692,0.95717,1.00,1.00
2016.10.27 07:18:00.486,0.95693,0.95718,1.00,1.00
2016.10.27 07:18:01.186,0.95693,0.95717,1.00,1.00
2016.10.27 07:18:01.285,0.95691,0.95716,1.00,1.00
2016.10.27 07:18:02.476,0.9569,0.95716,1.00,1.00
2016.10.27 07:18:03.477,0.9569,0.95715,1.00,1.00
2016.10.27 07:18:03.978,0.95689,0.95716,1.00,1.00
2016.10.27 07:18:04.079,0.95687,0.95713,1.50,1.50
2016.10.27 07:18:04.611,0.95687,0.95712,1.00,1.00
2016.10.27 07:18:05.415,0.95689,0.95713,1.00,1.00
2016.10.27 07:18:06.282,0.95686,0.95713,1.50,1.00
2016.10.27 07:18:06.383,0.95689,0.95713,1.00,1.00
2016.10.27 07:18:06.484,0.95686,0.95712,1.50,1.00
2016.10.27 07:18:07.317,0.95686,0.95713,1.00,1.00
2016.10.27 07:18:07.418,0.95686,0.95708,1.00,1.00
2016.10.27 07:18:08.032,0.95685,0.95708,1.00,1.00
2016.10.27 07:18:08.286,0.95685,0.95712,1.00,1.50
2016.10.27 07:18:08.486,0.95687,0.95712,1.00,1.50
2016.10.27 07:18:11.284,0.95688,0.95712,1.00,1.35
2016.10.27 07:18:13.393,0.95688,0.95713,1.00,1.00
2016.10.27 07:18:14.357,0.9569,0.95712,1.00,1.00
2016.10.27 07:18:15.708,0.9569,0.95713,1.00,1.00
2016.10.27 07:18:16.250,0.95689,0.95713,1.00,1.00
2016.10.27 07:18:16.969,0.95689,0.95712,1.00,1.00
2016.10.27 07:18:17.715,0.9569,0.95712,1.00,1.00
2016.10.27 07:18:18.702,0.95691,0.95712,1.00,1.00
2016.10.27 07:18:19.203,0.95692,0.95712,1.00,1.00
2016.10.27 07:18:19.736,0.95689,0.95712,1.00,1.00
2016.10.27 07:18:19.950,0.95691,0.95712,1.00,1.00
2016.10.27 07:18:20.651,0.95691,0.95713,1.00,1.00
2016.10.27 07:18:21.112,0.95689,0.95712,1.00,1.00
2016.10.27 07:18:22.115,0.95689,0.95713,1.00,1.00
2016.10.27 07:18:22.216,0.95693,0.95713,1.00,1.00
2016.10.27 07:18:22.979,0.95693,0.95716,1.00,1.00
2016.10.27 07:18:27.963,0.95695,0.95717,1.00,1.00
2016.10.27 07:18:28.351,0.95703,0.95722,1.00,1.00
2016.10.27 07:18:29.054,0.95705,0.95722,1.00,1.00
2016.10.27 07:18:29.155,0.95706,0.95728,1.00,1.00
2016.10.27 07:18:29.256,0.95703,0.95723,1.00,1.00
2016.10.27 07:18:29.441,0.95705,0.95728,1.00,1.00
2016.10.27 07:18:30.110,0.95705,0.95727,1.00,1.00
2016.10.27 07:18:31.048,0.95706,0.95728,1.00,1.00
2016.10.27 07:18:31.550,0.95705,0.95727,1.00,1.00
2016.10.27 07:18:32.354,0.95706,0.95728,1.00,1.00
2016.10.27 07:18:33.698,0.95708,0.95728,1.00,1.00
2016.10.27 07:18:34.082,0.95704,0.95727,1.50,1.00
2016.10.27 07:18:34.284,0.95706,0.95727,1.00,1.00
2016.10.27 07:18:35.558,0.95706,0.95728,1.00,1.00
2016.10.27 07:18:36.978,0.95706,0.95727,1.00,1.00
2016.10.27 07:18:37.537,0.95706,0.9573,1.00,1.00
2016.10.27 07:18:38.834,0.95705,0.95729,1.00,1.00
2016.10.27 07:18:39.761,0.95706,0.95728,1.00,1.00
2016.10.27 07:18:41.847,0.95703,0.95728,1.00,1.00
2016.10.27 07:18:42.367,0.95705,0.95727,1.00,1.00
2016.10.27 07:18:42.844,0.95705,0.95729,1.00,1.00
2016.10.27 07:18:43.285,0.95708,0.95732,1.00,1.00
2016.10.27 07:18:43.569,0.95705,0.95731,1.00,1.00
2016.10.27 07:18:44.208,0.95705,0.95728,1.00,1.00
2016.10.27 07:18:44.749,0.95705,0.95727,1.00,1.00
2016.10.27 07:18:45.942,0.95704,0.95727,1.00,1.00
2016.10.27 07:18:47.257,0.95706,0.9573,1.00,1.00
2016.10.27 07:18:47.308,0.95706,0.95732,1.00,2.10
2016.10.27 07:18:47.409,0.95708,0.95732,1.00,2.10
2016.10.27 07:18:50.838,0.95709,0.95732,1.00,1.00
2016.10.27 07:18:51.636,0.95707,0.95731,1.00,1.00
2016.10.27 07:18:52.460,0.95707,0.95732,1.00,1.00
2016.10.27 07:18:53.077,0.95708,0.95733,1.00,1.00
2016.10.27 07:18:59.759,0.95713,0.95737,1.00,1.50
2016.10.27 07:19:00.623,0.95712,0.95737,1.00,1.50
2016.10.27 07:19:02.692,0.95713,0.95735,1.00,1.00
2016.10.27 07:19:04.628,0.9571,0.95734,1.00,1.00
2016.10.27 07:19:04.980,0.9571,0.95732,1.00,1.00
2016.10.27 07:19:05.619,0.95708,0.95732,1.00,1.00
2016.10.27 07:19:07.059,0.95708,0.95731,1.00,1.00
2016.10.27 07:19:07.174,0.9571,0.95732,1.00,1.00
2016.10.27 07:19:07.453,0.95707,0.9573,1.00,1.00
2016.10.27 07:19:08.029,0.95707,0.95727,1.00,1.00
2016.10.27 07:19:08.080,0.95703,0.95727,1.00,1.00
2016.10.27 07:19:08.625,0.95704,0.95728,1.00,1.00
2016.10.27 07:19:09.235,0.95703,0.95727,1.00,1.00
2016.10.27 07:19:10.388,0.95702,0.95727,1.00,1.00
2016.10.27 07:19:10.891,0.95701,0.95727,1.00,1.00
2016.10.27 07:19:10.942,0.95703,0.95727,1.00,1.50
2016.10.27 07:19:15.577,0.95702,0.95728,1.00,1.00
2016.10.27 07:19:16.052,0.95705,0.95727,1.00,1.00
2016.10.27 07:19:16.103,0.95705,0.9573,1.00,1.00
2016.10.27 07:19:16.304,0.95705,0.95728,1.00,1.00
2016.10.27 07:19:16.881,0.95705,0.95727,1.00,1.00
2016.10.27 07:19:16.932,0.95703,0.95727,1.50,1.00
2016.10.27 07:19:17.450,0.95707,0.95727,1.00,1.00
2016.10.27 07:19:17.501,0.95707,0.95733,1.00,2.10
2016.10.27 07:19:21.255,0.95708,0.95732,1.00,1.60
2016.10.27 07:19:22.014,0.95707,0.95732,1.00,1.50
2016.10.27 07:19:22.121,0.95709,0.95733,1.00,1.60
2016.10.27 07:19:22.172,0.95707,0.95732,1.00,1.60
2016.10.27 07:19:23.030,0.95705,0.9573,1.00,1.00
2016.10.27 07:19:24.183,0.95705,0.95729,1.00,1.00
2016.10.27 07:19:25.462,0.95705,0.95728,1.00,1.00
2016.10.27 07:19:26.401,0.95705,0.95727,1.00,1.00
2016.10.27 07:19:26.478,0.95692,0.95718,1.00,1.00
2016.10.27 07:19:26.965,0.95689,0.95717,1.00,1.00
2016.10.27 07:19:28.167,0.95691,0.95715,1.00,1.00
2016.10.27 07:19:29.179,0.95692,0.95716,1.00,1.00
2016.10.27 07:19:29.420,0.9569,0.95715,1.00,1.00
2016.10.27 07:19:29.521,0.95688,0.95714,1.50,1.00
2016.10.27 07:19:29.621,0.95689,0.95716,1.00,1.00
2016.10.27 07:19:30.315,0.95691,0.95717,1.00,1.00
2016.10.27 07:19:30.620,0.95694,0.95717,1.00,1.00
2016.10.27 07:19:30.670,0.95694,0.95721,1.00,1.00
2016.10.27 07:19:30.721,0.95696,0.95723,1.00,1.50
2016.10.27 07:19:31.131,0.95699,0.95723,1.00,1.00
2016.10.27 07:19:31.393,0.95701,0.95726,1.00,1.00
2016.10.27 07:19:32.227,0.95701,0.95726,1.00,1.00
2016.10.27 07:19:33.316,0.95701,0.95727,1.00,1.00
2016.10.27 07:19:33.831,0.95702,0.95727,1.00,1.50
2016.10.27 07:19:35.280,0.95703,0.95726,1.00,1.00
2016.10.27 07:19:37.233,0.95703,0.95723,1.00,1.00
2016.10.27 07:19:37.634,0.95703,0.95726,1.00,1.00
2016.10.27 07:19:41.539,0.95704,0.95727,1.00,2.10
2016.10.27 07:19:41.741,0.95704,0.95722,1.00,1.00
2016.10.27 07:19:42.272,0.95703,0.95722,1.00,1.00
2016.10.27 07:19:42.373,0.95703,0.95726,1.00,1.00
2016.10.27 07:19:42.703,0.95703,0.95722,1.00,1.00
2016.10.27 07:19:43.142,0.95702,0.95725,1.00,1.00
2016.10.27 07:19:43.260,0.95702,0.95723,1.00,1.00
2016.10.27 07:19:43.544,0.95704,0.95727,1.00,1.60
2016.10.27 07:19:44.219,0.95704,0.95727,1.00,1.35
2016.10.27 07:19:44.270,0.95704,0.95722,1.00,1.00
2016.10.27 07:19:44.371,0.95704,0.95727,1.00,2.10
2016.10.27 07:19:44.422,0.95699,0.95724,1.00,1.00
2016.10.27 07:19:45.115,0.95699,0.95722,1.00,1.00
2016.10.27 07:19:46.097,0.957,0.95722,1.00,1.00
2016.10.27 07:19:46.774,0.95699,0.95722,1.00,1.00
2016.10.27 07:19:47.300,0.95697,0.95723,1.00,1.00
2016.10.27 07:19:48.302,0.95698,0.95723,1.00,1.50
2016.10.27 07:19:48.809,0.95698,0.95722,1.00,1.00
2016.10.27 07:19:49.400,0.95698,0.95717,1.00,1.00
2016.10.27 07:19:49.859,0.95699,0.95722,1.00,1.00
2016.10.27 07:19:50.887,0.95701,0.95722,1.00,1.00
2016.10.27 07:19:51.358,0.95701,0.95727,1.00,1.00
2016.10.27 07:19:51.509,0.95704,0.95727,1.00,1.00
2016.10.27 07:19:51.660,0.95704,0.9573,1.00,1.00
2016.10.27 07:19:52.034,0.95708,0.95732,1.00,1.00
2016.10.27 07:19:52.360,0.95708,0.95728,1.00,1.00
2016.10.27 07:19:52.665,0.95708,0.95732,1.00,1.50
2016.10.27 07:19:52.816,0.95706,0.95732,1.00,1.50
2016.10.27 07:19:53.317,0.95706,0.95727,1.00,1.00
2016.10.27 07:19:53.962,0.95708,0.95728,1.00,1.00
2016.10.27 07:19:54.463,0.95708,0.95732,1.00,1.35
2016.10.27 07:19:54.790,0.95708,0.95727,1.00,1.00
2016.10.27 07:19:57.621,0.95707,0.95727,1.00,1.00
2016.10.27 07:19:59.511,0.95707,0.95728,1.00,1.00
2016.10.27 07:20:00.224,0.95708,0.95728,1.00,1.00
2016.10.27 07:20:00.724,0.95706,0.95728,1.00,1.00
2016.10.27 07:20:02.357,0.95708,0.95728,1.00,1.00
2016.10.27 07:20:02.806,0.95707,0.95731,1.00,1.00
2016.10.27 07:20:04.158,0.95705,0.95728,1.00,1.00
2016.10.27 07:20:07.436,0.95707,0.95728,1.00,1.00
2016.10.27 07:20:08.183,0.95707,0.9573,1.00,1.00
2016.10.27 07:20:08.624,0.95707,0.95727,1.00,1.00
2016.10.27 07:20:08.830,0.95707,0.9573,1.00,1.00
2016.10.27 07:20:09.969,0.95707,0.95732,1.00,1.50
2016.10.27 07:20:10.837,0.95707,0.95728,1.00,1.00
2016.10.27 07:20:14.112,0.95707,0.95732,1.00,2.10
2016.10.27 07:20:14.214,0.95706,0.95727,1.00,1.00
2016.10.27 07:20:18.197,0.95706,0.95729,1.00,1.00
2016.10.27 07:20:19.198,0.95706,0.95727,1.00,1.00
2016.10.27 07:20:19.480,0.95703,0.95727,1.00,1.00
2016.10.27 07:20:20.015,0.95704,0.95728,1.00,1.00
2016.10.27 07:20:20.069,0.95708,0.95728,1.00,1.00
2016.10.27 07:20:20.201,0.95708,0.95731,1.00,1.60
2016.10.27 07:20:20.402,0.95705,0.95727,1.00,1.00
2016.10.27 07:20:20.811,0.95707,0.95727,1.00,1.00
2016.10.27 07:20:20.912,0.95707,0.9573,1.00,1.35
2016.10.27 07:20:22.498,0.95709,0.95732,1.00,1.50
2016.10.27 07:20:23.899,0.9571,0.95732,1.00,1.00
2016.10.27 07:20:24.275,0.9571,0.95734,1.00,1.00
2016.10.27 07:20:25.406,0.95709,0.95732,1.00,1.00
2016.10.27 07:20:25.477,0.9571,0.95734,1.00,1.00
2016.10.27 07:20:25.578,0.95709,0.95732,1.00,1.00
2016.10.27 07:20:26.182,0.95714,0.95737,1.00,1.00
2016.10.27 07:20:26.512,0.95712,0.95737,1.00,1.00
2016.10.27 07:20:26.714,0.95714,0.95738,1.00,1.50
2016.10.27 07:20:27.312,0.95715,0.95738,1.00,1.00
2016.10.27 07:20:27.363,0.95715,0.95741,1.00,1.00
2016.10.27 07:20:27.413,0.95715,0.95739,1.00,1.00
2016.10.27 07:20:27.756,0.95715,0.95737,1.00,1.00
2016.10.27 07:20:28.582,0.95714,0.95737,1.00,1.00
2016.10.27 07:20:29.084,0.95713,0.95737,1.00,1.00
2016.10.27 07:20:29.464,0.9571,0.95737,1.00,1.00
2016.10.27 07:20:29.718,0.9571,0.95742,1.00,1.00
2016.10.27 07:20:29.924,0.9571,0.95737,1.00,1.00
2016.10.27 07:20:30.523,0.9571,0.95743,1.00,1.00
2016.10.27 07:20:35.627,0.9571,0.95737,1.00,1.00
2016.10.27 07:20:36.502,0.95708,0.95737,1.00,1.00
2016.10.27 07:20:36.603,0.95705,0.95738,1.00,2.10
2016.10.27 07:20:37.030,0.95708,0.95737,1.00,1.00
2016.10.27 07:20:37.179,0.95708,0.95741,1.00,1.60
2016.10.27 07:20:38.699,0.95712,0.95738,1.00,1.00
2016.10.27 07:20:40.049,0.95713,0.95738,1.00,1.00
2016.10.27 07:20:40.301,0.95714,0.95741,1.00,2.10
2016.10.27 07:20:40.352,0.95714,0.95738,1.00,1.00
2016.10.27 07:20:40.893,0.95716,0.95739,1.00,1.00
2016.10.27 07:20:41.549,0.95717,0.9574,1.00,1.35
2016.10.27 07:20:41.971,0.9571,0.95734,1.00,1.00
2016.10.27 07:20:42.239,0.9571,0.95732,1.00,1.00
2016.10.27 07:20:42.966,0.95713,0.95732,1.00,1.00
2016.10.27 07:20:43.017,0.95713,0.95737,1.00,1.50
2016.10.27 07:20:43.255,0.95713,0.95739,1.00,1.00
2016.10.27 07:20:44.215,0.95714,0.95738,1.00,1.00
2016.10.27 07:20:44.266,0.95712,0.95738,1.00,1.50
2016.10.27 07:20:45.046,0.95712,0.95737,1.00,1.00
2016.10.27 07:20:45.147,0.95712,0.95733,1.00,1.00
2016.10.27 07:20:45.460,0.95715,0.95733,1.00,1.00
2016.10.27 07:20:45.533,0.95715,0.95738,1.00,1.00
2016.10.27 07:20:46.152,0.95712,0.95738,1.00,1.50
2016.10.27 07:20:46.312,0.95712,0.95736,1.00,1.00
2016.10.27 07:20:48.141,0.95711,0.95737,1.00,1.00
2016.10.27 07:20:48.635,0.95713,0.95737,1.00,1.00
2016.10.27 07:20:49.239,0.95715,0.95738,1.00,1.00
2016.10.27 07:20:49.787,0.95713,0.95736,1.00,1.00
2016.10.27 07:20:50.469,0.95711,0.95733,1.00,1.00
2016.10.27 07:20:50.570,0.95708,0.95733,1.00,1.00
2016.10.27 07:20:51.159,0.95709,0.95734,1.00,1.00
2016.10.27 07:20:52.224,0.95712,0.95737,1.00,1.00
2016.10.27 07:20:52.635,0.95715,0.95737,1.00,1.00
2016.10.27 07:20:52.836,0.95713,0.95738,1.00,1.50
2016.10.27 07:20:53.907,0.95715,0.95738,1.00,1.50
2016.10.27 07:20:55.578,0.95714,0.95737,1.00,1.00
2016.10.27 07:20:55.751,0.95714,0.95739,1.00,1.00
2016.10.27 07:20:56.132,0.95714,0.95737,1.00,1.00
2016.10.27 07:21:00.341,0.95712,0.95737,1.00,1.50
2016.10.27 07:21:00.959,0.95714,0.95737,1.00,1.00
2016.10.27 07:21:01.500,0.95714,0.95739,1.00,1.00
2016.10.27 07:21:02.831,0.95714,0.95738,1.00,1.00
2016.10.27 07:21:03.377,0.95715,0.95737,1.00,1.00
2016.10.27 07:21:04.132,0.95715,0.95738,1.00,1.00
2016.10.27 07:21:04.869,0.95715,0.95737,1.00,1.00
2016.10.27 07:21:05.895,0.95716,0.95737,1.00,1.00
2016.10.27 07:21:06.267,0.95714,0.95737,1.00,1.00
2016.10.27 07:21:06.368,0.95714,0.95739,1.00,1.00
2016.10.27 07:21:07.917,0.95715,0.9574,1.00,1.50
2016.10.27 07:21:08.421,0.95715,0.95738,1.00,1.00
2016.10.27 07:21:11.678,0.95714,0.95739,1.00,1.00
2016.10.27 07:21:12.392,0.95716,0.95739,1.00,1.00
2016.10.27 07:21:12.962,0.95714,0.95739,1.00,1.00
2016.10.27 07:21:13.013,0.95714,0.95737,1.00,1.00
2016.10.27 07:21:13.380,0.95714,0.95739,1.00,1.00
2016.10.27 07:21:14.022,0.95714,0.95738,1.00,1.00
2016.10.27 07:21:14.561,0.95714,0.95737,1.00,1.00
2016.10.27 07:21:15.661,0.95718,0.95742,1.00,1.50
2016.10.27 07:21:16.186,0.95718,0.95743,1.00,1.50
2016.10.27 07:21:16.486,0.95718,0.95737,1.00,1.00
2016.10.27 07:21:16.569,0.95715,0.95737,1.00,1.00
2016.10.27 07:21:17.976,0.95716,0.95737,1.00,1.00
2016.10.27 07:21:18.538,0.95717,0.95737,1.00,1.00
2016.10.27 07:21:19.128,0.95716,0.95738,1.00,1.00
2016.10.27 07:21:19.706,0.95716,0.95737,1.00,1.00
2016.10.27 07:21:20.487,0.95715,0.95737,1.00,1.00
2016.10.27 07:21:21.384,0.95717,0.95737,1.00,1.00
2016.10.27 07:21:21.694,0.95716,0.9574,1.00,1.00
2016.10.27 07:21:22.447,0.95716,0.95738,1.00,1.00
2016.10.27 07:21:23.381,0.95717,0.95738,1.00,1.00
2016.10.27 07:21:26.067,0.95717,0.95741,1.00,1.00
2016.10.27 07:21:26.270,0.95714,0.95741,1.00,1.00
2016.10.27 07:21:27.395,0.95715,0.95739,1.00,1.00
2016.10.27 07:21:27.787,0.95714,0.95737,1.00,1.00
2016.10.27 07:21:28.144,0.95714,0.95739,1.00,1.00
2016.10.27 07:21:28.648,0.95715,0.9574,1.00,1.00
2016.10.27 07:21:29.601,0.95714,0.9574,1.00,1.00
2016.10.27 07:21:29.702,0.95716,0.95739,1.00,1.00
2016.10.27 07:21:52.679,0.95716,0.95737,1.00,1.00
2016.10.27 07:21:53.191,0.95717,0.95737,1.00,1.00
2016.10.27 07:21:55.246,0.95715,0.95737,1.00,1.00
2016.10.27 07:21:56.059,0.95715,0.95738,1.00,1.00
2016.10.27 07:21:57.160,0.95715,0.95737,1.00,1.00
2016.10.27 07:21:58.201,0.95715,0.95738,1.00,1.00
2016.10.27 07:21:58.854,0.95712,0.95737,1.00,1.50
2016.10.27 07:21:58.955,0.9571,0.95732,1.00,1.00
2016.10.27 07:21:59.461,0.95709,0.95732,1.00,1.00
2016.10.27 07:22:00.067,0.9571,0.95732,1.00,1.00
2016.10.27 07:22:01.103,0.95707,0.95732,1.00,1.50
2016.10.27 07:22:01.390,0.95707,0.95727,1.00,1.00
2016.10.27 07:22:02.985,0.95704,0.95727,1.00,1.00
2016.10.27 07:22:03.856,0.95704,0.95722,1.00,1.00
2016.10.27 07:22:03.907,0.95704,0.95727,1.00,1.00
2016.10.27 07:22:04.428,0.95703,0.95727,1.00,1.00
2016.10.27 07:22:04.479,0.95703,0.95722,1.00,1.00
2016.10.27 07:22:05.054,0.95704,0.95722,1.00,1.00
2016.10.27 07:22:05.104,0.95704,0.95727,1.00,1.00
2016.10.27 07:22:12.411,0.95705,0.95728,1.00,1.50
2016.10.27 07:22:13.179,0.95704,0.95728,1.00,1.50
2016.10.27 07:22:13.778,0.95703,0.95728,1.00,1.50
2016.10.27 07:22:14.488,0.95704,0.95728,1.00,1.50
2016.10.27 07:22:15.483,0.95705,0.95728,1.00,1.50
2016.10.27 07:22:18.503,0.95705,0.95727,1.00,1.00
2016.10.27 07:22:20.794,0.95705,0.95728,1.00,1.50
2016.10.27 07:22:20.895,0.95698,0.95723,1.50,1.50
2016.10.27 07:22:21.793,0.95701,0.95723,1.00,1.00
2016.10.27 07:22:22.297,0.95698,0.95722,1.00,1.00
2016.10.27 07:22:23.072,0.95704,0.95727,1.00,1.00
2016.10.27 07:22:23.122,0.95704,0.95729,1.00,1.00
2016.10.27 07:22:23.394,0.95704,0.95727,1.00,1.00
2016.10.27 07:22:24.143,0.95703,0.95723,1.00,1.00
2016.10.27 07:22:24.244,0.95703,0.95727,1.00,1.50
2016.10.27 07:22:24.496,0.95703,0.95722,1.00,1.00
2016.10.27 07:22:25.454,0.95704,0.95727,1.00,1.00
2016.10.27 07:22:25.504,0.95704,0.95723,1.00,1.00
2016.10.27 07:22:25.706,0.95704,0.95728,1.00,1.00
2016.10.27 07:22:26.201,0.95706,0.95728,1.00,1.50
2016.10.27 07:22:26.444,0.95699,0.95723,1.00,1.00
2016.10.27 07:22:26.835,0.95702,0.95722,1.00,1.00
2016.10.27 07:22:26.936,0.95702,0.95724,1.00,1.00
2016.10.27 07:22:27.409,0.957,0.95723,1.00,1.00
2016.10.27 07:22:27.510,0.95702,0.95722,1.00,1.00
2016.10.27 07:22:28.061,0.95702,0.95723,1.00,1.00
2016.10.27 07:22:28.212,0.95702,0.95727,1.00,1.00
2016.10.27 07:22:28.832,0.95702,0.95723,1.00,1.00
2016.10.27 07:22:29.515,0.95703,0.95723,1.00,1.00
2016.10.27 07:22:30.165,0.95702,0.95723,1.00,1.00
2016.10.27 07:22:31.511,0.95703,0.95723,1.00,1.00
2016.10.27 07:22:32.012,0.95703,0.95722,1.00,1.00
2016.10.27 07:22:32.548,0.957,0.95722,1.00,1.00
2016.10.27 07:22:39.020,0.957,0.95718,1.00,1.00
2016.10.27 07:22:39.071,0.95697,0.95718,1.00,1.00
2016.10.27 07:22:39.516,0.95696,0.9572,1.00,1.00
2016.10.27 07:22:39.827,0.95696,0.95717,1.00,1.00
2016.10.27 07:22:40.510,0.95698,0.95717,1.00,1.00
2016.10.27 07:22:40.561,0.95696,0.95721,1.00,1.00
2016.10.27 07:22:40.662,0.957,0.95722,1.00,1.00
2016.10.27 07:22:41.136,0.95702,0.95722,1.00,1.00
2016.10.27 07:22:41.808,0.95703,0.95722,1.00,1.00
2016.10.27 07:22:43.569,0.95702,0.95723,1.00,1.00
2016.10.27 07:22:44.917,0.95702,0.95722,1.00,1.00
2016.10.27 07:22:45.125,0.95702,0.95725,1.00,1.00
2016.10.27 07:22:45.525,0.95702,0.95722,1.00,1.00
2016.10.27 07:22:46.365,0.95703,0.95722,1.00,1.00
2016.10.27 07:22:46.927,0.95703,0.95726,1.00,1.00
2016.10.27 07:22:50.883,0.95703,0.95728,1.00,1.50
2016.10.27 07:22:50.984,0.95704,0.95726,1.00,1.00
2016.10.27 07:22:51.785,0.95704,0.95723,1.00,1.00
2016.10.27 07:22:51.951,0.95702,0.95723,1.00,1.00
2016.10.27 07:22:52.251,0.95704,0.95723,1.00,1.00
2016.10.27 07:22:53.254,0.95703,0.95723,1.00,1.00
2016.10.27 07:22:56.601,0.95702,0.95723,1.00,1.00
2016.10.27 07:22:57.669,0.95702,0.95725,1.00,1.00
2016.10.27 07:22:57.769,0.95703,0.95729,1.00,1.00
2016.10.27 07:22:57.870,0.95702,0.95727,1.00,1.00
2016.10.27 07:22:58.073,0.95698,0.95724,1.00,1.00
2016.10.27 07:22:58.174,0.95703,0.95725,1.00,1.00
2016.10.27 07:22:58.820,0.95702,0.95723,1.00,1.00
2016.10.27 07:22:58.871,0.95698,0.95721,1.00,1.00
2016.10.27 07:22:58.972,0.95701,0.95722,1.00,1.00
2016.10.27 07:22:59.284,0.95702,0.95728,1.00,1.00
2016.10.27 07:22:59.471,0.95702,0.95722,1.00,1.00
2016.10.27 07:22:59.849,0.95701,0.95727,1.50,1.50
2016.10.27 07:23:00.207,0.95707,0.95731,1.00,1.00
2016.10.27 07:23:00.300,0.95705,0.95732,1.00,1.00
2016.10.27 07:23:00.803,0.95708,0.95732,1.00,1.00
2016.10.27 07:23:01.872,0.95709,0.95733,1.00,1.00
2016.10.27 07:23:03.320,0.95711,0.95735,1.00,1.00
2016.10.27 07:23:03.993,0.95712,0.95736,1.00,1.00
2016.10.27 07:23:05.304,0.95714,0.95738,1.00,1.00
2016.10.27 07:23:05.660,0.95716,0.9574,1.00,1.00
2016.10.27 07:23:06.502,0.95714,0.95739,1.00,1.00
2016.10.27 07:23:07.305,0.95714,0.95738,1.00,1.00
2016.10.27 07:23:07.356,0.95716,0.95738,1.00,1.00
2016.10.27 07:23:07.565,0.95716,0.95742,1.00,1.50
2016.10.27 07:23:08.113,0.95716,0.95737,1.00,1.00
2016.10.27 07:23:08.590,0.95718,0.95742,1.00,1.50
2016.10.27 07:23:09.238,0.95716,0.95742,1.00,1.00
2016.10.27 07:23:10.503,0.95717,0.95742,1.00,1.00
2016.10.27 07:23:11.413,0.95717,0.95743,1.00,1.50
2016.10.27 07:23:12.335,0.95717,0.95742,1.00,1.00
2016.10.27 07:23:13.057,0.95716,0.95742,1.00,1.00
2016.10.27 07:23:13.943,0.95718,0.9574,1.00,1.00
2016.10.27 07:23:14.155,0.95719,0.95742,1.00,1.50
2016.10.27 07:23:14.558,0.95717,0.95741,1.00,1.00
2016.10.27 07:23:15.172,0.95717,0.95737,1.00,1.00
2016.10.27 07:23:15.880,0.95717,0.9574,1.00,1.00
2016.10.27 07:23:16.917,0.95716,0.95739,1.00,1.00
2016.10.27 07:23:17.082,0.95716,0.95737,1.00,1.00
2016.10.27 07:23:17.682,0.95716,0.95739,1.00,1.00
2016.10.27 07:23:18.739,0.95717,0.95738,1.00,1.00
2016.10.27 07:23:19.084,0.95717,0.9574,1.00,1.00
2016.10.27 07:23:20.086,0.95717,0.95737,1.00,1.00
2016.10.27 07:23:20.236,0.95717,0.9574,1.00,1.00
2016.10.27 07:23:20.719,0.95716,0.95737,1.00,1.00
2016.10.27 07:23:22.711,0.95716,0.95738,1.00,1.00
2016.10.27 07:23:24.216,0.95716,0.95737,1.00,1.00
2016.10.27 07:23:25.036,0.95716,0.95738,1.00,1.00
2016.10.27 07:23:27.231,0.95716,0.95739,1.00,1.00
2016.10.27 07:23:27.552,0.95718,0.95742,1.00,1.00
2016.10.27 07:23:30.585,0.95717,0.95742,1.00,1.00
2016.10.27 07:23:31.123,0.95718,0.95742,1.00,1.00
2016.10.27 07:23:32.305,0.95718,0.95741,1.00,1.00
2016.10.27 07:23:35.073,0.95717,0.9574,1.00,1.00
2016.10.27 07:23:39.515,0.95718,0.95741,1.00,1.00
2016.10.27 07:23:39.583,0.9572,0.95742,1.00,1.50
2016.10.27 07:23:40.876,0.95719,0.95742,1.00,1.50
2016.10.27 07:23:44.492,0.9572,0.95742,1.00,1.00
2016.10.27 07:23:45.518,0.9572,0.95744,1.00,1.00
2016.10.27 07:23:46.312,0.9572,0.95743,1.00,1.00
2016.10.27 07:23:46.363,0.95726,0.95747,1.00,1.00
2016.10.27 07:23:46.864,0.95726,0.95749,1.00,1.00
2016.10.27 07:23:47.398,0.95726,0.95747,1.00,1.00
2016.10.27 07:23:48.003,0.95727,0.9575,1.00,1.00
2016.10.27 07:23:54.169,0.95727,0.95747,1.00,1.00
2016.10.27 07:23:55.332,0.95727,0.95748,1.00,1.00
2016.10.27 07:23:56.060,0.95727,0.9575,1.00,1.00
2016.10.27 07:23:59.591,0.95727,0.95748,1.00,1.00
2016.10.27 07:24:00.688,0.95727,0.9575,1.00,1.00
2016.10.27 07:24:01.040,0.95727,0.95747,1.00,1.00
2016.10.27 07:24:01.804,0.95726,0.95748,1.00,1.00
2016.10.27 07:24:01.891,0.95724,0.95748,1.00,1.00
2016.10.27 07:24:03.070,0.9572,0.95743,1.00,1.00
2016.10.27 07:24:04.446,0.9572,0.95742,1.00,1.00
2016.10.27 07:24:05.323,0.95721,0.95742,1.00,1.00
2016.10.27 07:24:06.249,0.95721,0.95745,1.00,1.00
2016.10.27 07:24:07.851,0.95721,0.95744,1.00,1.00
2016.10.27 07:24:08.867,0.95721,0.95745,1.00,1.00
2016.10.27 07:24:09.245,0.95721,0.95743,1.00,1.00
2016.10.27 07:24:09.853,0.9572,0.95743,1.00,1.00
2016.10.27 07:24:09.954,0.9572,0.95745,1.00,1.00
2016.10.27 07:24:10.975,0.95722,0.95747,1.00,1.00
2016.10.27 07:24:15.274,0.95725,0.95748,1.00,1.50
2016.10.27 07:24:16.208,0.95725,0.95747,1.00,1.00
2016.10.27 07:24:17.892,0.95719,0.95744,1.00,1.00
2016.10.27 07:24:17.993,0.95723,0.95747,1.00,1.00
2016.10.27 07:24:18.631,0.95722,0.95746,1.00,1.00
2016.10.27 07:24:19.270,0.95721,0.95746,1.50,1.00
2016.10.27 07:24:20.482,0.95721,0.95742,1.00,1.00
2016.10.27 07:24:21.299,0.95719,0.95742,1.00,1.00
2016.10.27 07:24:24.926,0.95721,0.95742,1.00,1.00
2016.10.27 07:24:25.078,0.95721,0.95744,1.00,1.00
2016.10.27 07:24:26.643,0.9572,0.95745,1.00,1.00
2016.10.27 07:24:27.517,0.9572,0.95742,1.00,1.00
2016.10.27 07:24:28.020,0.9572,0.95743,1.00,1.00
2016.10.27 07:24:28.639,0.9572,0.95744,1.00,1.00
2016.10.27 07:24:29.636,0.95721,0.95744,1.00,1.00
2016.10.27 07:24:29.979,0.95715,0.95738,1.00,1.00
2016.10.27 07:24:30.448,0.95713,0.95738,1.00,1.00
2016.10.27 07:24:31.399,0.95713,0.95737,1.00,1.00
2016.10.27 07:24:32.106,0.95713,0.95736,1.00,1.00
2016.10.27 07:24:36.146,0.95711,0.95736,1.00,1.00
2016.10.27 07:24:40.679,0.95712,0.95736,1.00,1.00
2016.10.27 07:24:40.779,0.95709,0.95734,1.50,1.00
2016.10.27 07:24:44.570,0.95706,0.95728,1.00,1.00
2016.10.27 07:24:45.184,0.95709,0.95732,1.00,1.00
2016.10.27 07:24:52.960,0.9571,0.95732,1.00,1.00
2016.10.27 07:24:53.972,0.9571,0.95733,1.00,1.00
2016.10.27 07:24:54.626,0.95709,0.95732,1.00,1.00
2016.10.27 07:24:54.677,0.95709,0.95734,1.00,1.00
2016.10.27 07:24:55.598,0.95708,0.95733,1.00,1.00
2016.10.27 07:24:56.144,0.95709,0.95734,1.00,1.00
2016.10.27 07:24:56.958,0.95709,0.95732,1.00,1.00
2016.10.27 07:24:58.544,0.95708,0.95733,1.00,1.00
2016.10.27 07:25:00.543,0.95708,0.95731,1.00,1.00
2016.10.27 07:25:01.153,0.95709,0.95732,1.00,1.00
2016.10.27 07:25:01.516,0.95705,0.95728,1.00,1.00
2016.10.27 07:25:02.305,0.95706,0.9573,1.00,1.00
2016.10.27 07:25:02.515,0.95707,0.95732,1.00,1.50
2016.10.27 07:25:03.280,0.95707,0.95731,1.00,1.00
2016.10.27 07:25:07.666,0.95705,0.95732,1.00,1.50
2016.10.27 07:25:08.491,0.95706,0.95729,1.00,1.00
2016.10.27 07:25:10.490,0.95706,0.95728,1.00,1.00
2016.10.27 07:25:11.448,0.9571,0.95732,1.00,1.00
2016.10.27 07:25:11.549,0.95711,0.95734,1.00,1.00
2016.10.27 07:25:12.900,0.95709,0.95732,1.00,1.00
2016.10.27 07:25:12.951,0.9571,0.95736,1.00,1.00
2016.10.27 07:25:13.476,0.95711,0.95736,1.00,1.00
2016.10.27 07:25:13.727,0.95713,0.95736,1.00,1.00
2016.10.27 07:25:14.076,0.95713,0.95738,1.00,1.00
2016.10.27 07:25:14.719,0.95715,0.95737,1.00,1.00
2016.10.27 07:25:14.820,0.95715,0.95739,1.00,1.00
2016.10.27 07:25:16.312,0.95716,0.95739,1.00,1.00
2016.10.27 07:25:19.939,0.95713,0.95738,1.00,1.00
2016.10.27 07:25:21.341,0.95714,0.95736,1.00,1.00
2016.10.27 07:25:22.081,0.95709,0.95732,1.00,1.00
2016.10.27 07:25:27.824,0.95707,0.95732,1.00,1.50
2016.10.27 07:25:27.875,0.95707,0.9573,1.00,1.00
2016.10.27 07:25:27.976,0.95705,0.9573,1.00,1.00
2016.10.27 07:25:28.178,0.95703,0.95727,1.00,1.00
2016.10.27 07:25:28.552,0.95705,0.95729,1.00,1.00
2016.10.27 07:25:29.239,0.95704,0.95729,1.00,1.00
2016.10.27 07:25:31.041,0.95699,0.95732,1.00,1.00
2016.10.27 07:25:34.699,0.95699,0.95733,1.00,1.00
2016.10.27 07:25:35.348,0.95699,0.95732,1.00,1.00
2016.10.27 07:25:42.265,0.95699,0.95733,1.00,1.00
2016.10.27 07:25:42.950,0.95702,0.95733,1.00,1.00
2016.10.27 07:25:44.059,0.95704,0.95726,1.00,1.00
2016.10.27 07:25:45.861,0.95703,0.95728,1.00,1.00
2016.10.27 07:25:46.603,0.95708,0.9573,1.00,1.00
2016.10.27 07:25:47.564,0.95706,0.95731,1.00,1.00
2016.10.27 07:25:49.267,0.95705,0.9573,1.00,1.00
2016.10.27 07:25:50.707,0.95706,0.95731,1.00,1.00
2016.10.27 07:25:53.109,0.95707,0.95729,1.00,1.00
2016.10.27 07:25:54.348,0.95705,0.95728,1.00,1.00
2016.10.27 07:25:56.578,0.95706,0.95729,1.00,1.00
2016.10.27 07:25:57.780,0.95706,0.95731,1.00,1.00
2016.10.27 07:25:58.915,0.95708,0.95732,1.00,1.50
2016.10.27 07:25:59.694,0.95707,0.95729,1.00,1.00
2016.10.27 07:26:00.712,0.95707,0.9573,1.00,1.00
2016.10.27 07:26:01.768,0.95705,0.9573,1.00,1.00
2016.10.27 07:26:07.065,0.95705,0.95729,1.00,1.00
2016.10.27 07:26:07.898,0.95706,0.95728,1.00,1.00
2016.10.27 07:26:08.596,0.95705,0.95728,1.00,1.00
2016.10.27 07:26:09.720,0.95703,0.95727,1.00,1.00
2016.10.27 07:26:10.258,0.95703,0.95728,1.00,1.00
2016.10.27 07:26:10.876,0.95699,0.95724,1.00,1.00
2016.10.27 07:26:11.180,0.95699,0.95721,1.00,1.00
2016.10.27 07:26:11.230,0.957,0.95723,1.00,1.00
2016.10.27 07:26:12.422,0.95699,0.95724,1.00,1.00
2016.10.27 07:26:13.743,0.95701,0.95724,1.00,1.00
2016.10.27 07:26:14.927,0.957,0.95723,1.00,1.00
2016.10.27 07:26:15.029,0.95698,0.95722,1.00,1.00
2016.10.27 07:26:16.843,0.95698,0.9572,1.00,1.00
2016.10.27 07:26:17.045,0.95698,0.95722,1.00,1.00
2016.10.27 07:26:17.146,0.95697,0.9572,1.00,1.00
2016.10.27 07:26:19.560,0.95695,0.9572,1.00,1.00
2016.10.27 07:26:19.661,0.95693,0.95717,1.00,1.00
2016.10.27 07:26:20.075,0.95695,0.95718,1.00,1.00
2016.10.27 07:26:23.139,0.95695,0.95719,1.00,1.00
2016.10.27 07:26:23.642,0.95696,0.95719,1.00,1.00
2016.10.27 07:26:24.463,0.95695,0.95721,1.00,1.00
2016.10.27 07:26:24.564,0.95695,0.95718,1.00,1.00
2016.10.27 07:26:25.463,0.95693,0.95718,1.00,1.00
2016.10.27 07:26:27.660,0.95693,0.95716,1.00,1.00
2016.10.27 07:26:28.209,0.95694,0.95716,1.00,1.00
2016.10.27 07:26:28.656,0.95693,0.95718,1.00,1.50
2016.10.27 07:26:29.743,0.95694,0.95718,1.00,1.00
2016.10.27 07:26:30.422,0.95694,0.95719,1.00,1.00
2016.10.27 07:26:30.932,0.95695,0.9572,1.00,1.00
2016.10.27 07:26:31.089,0.95697,0.95719,1.00,1.00
2016.10.27 07:26:31.740,0.95696,0.95718,1.00,1.00
2016.10.27 07:26:35.295,0.95694,0.95717,1.00,1.00
2016.10.27 07:26:36.721,0.95694,0.95716,1.00,1.00
2016.10.27 07:26:37.835,0.95694,0.95717,1.00,1.50
2016.10.27 07:26:38.699,0.95693,0.95717,1.00,1.50
2016.10.27 07:26:45.237,0.95693,0.95715,1.00,1.00
2016.10.27 07:26:46.188,0.95692,0.95715,1.00,1.00
2016.10.27 07:26:53.513,0.95693,0.95715,1.00,1.00
2016.10.27 07:26:54.199,0.95691,0.95716,1.00,1.00
2016.10.27 07:26:57.536,0.95693,0.95716,1.00,1.00
2016.10.27 07:27:01.509,0.95693,0.95715,1.00,1.00
2016.10.27 07:27:06.030,0.95692,0.95717,1.00,1.00
2016.10.27 07:27:07.056,0.95693,0.95717,1.00,1.00
2016.10.27 07:27:08.076,0.95694,0.95717,1.00,1.00
2016.10.27 07:27:11.044,0.95697,0.95719,1.00,1.00
2016.10.27 07:27:11.095,0.95697,0.95721,1.00,1.00
2016.10.27 07:27:11.469,0.95698,0.95723,1.00,2.25
2016.10.27 07:27:11.850,0.95701,0.95723,1.00,1.00
2016.10.27 07:27:13.026,0.957,0.95723,1.00,1.50
2016.10.27 07:27:16.364,0.95703,0.95723,1.00,1.00
2016.10.27 07:27:16.414,0.95703,0.95726,1.00,1.00
2016.10.27 07:27:17.039,0.95703,0.95728,1.00,1.00
2016.10.27 07:27:18.243,0.95703,0.95726,1.00,1.00
2016.10.27 07:27:21.122,0.95702,0.95726,1.00,1.00
2016.10.27 07:27:23.156,0.95703,0.95728,1.00,1.00
2016.10.27 07:27:23.257,0.95705,0.9573,1.00,1.00
2016.10.27 07:27:23.566,0.95707,0.9573,1.00,1.00
2016.10.27 07:27:24.052,0.95704,0.95727,1.00,1.00
2016.10.27 07:27:24.366,0.95706,0.95729,1.00,1.00
2016.10.27 07:27:27.159,0.95707,0.95729,1.00,1.00
2016.10.27 07:27:28.064,0.95706,0.95728,1.00,1.00
2016.10.27 07:27:29.755,0.95703,0.95726,1.00,1.00
2016.10.27 07:27:30.066,0.95701,0.95726,1.00,1.00
2016.10.27 07:27:31.073,0.95702,0.95726,1.00,1.00
2016.10.27 07:27:31.570,0.95702,0.95724,1.00,1.00
2016.10.27 07:27:36.810,0.95702,0.95725,1.00,1.00
2016.10.27 07:27:38.792,0.95701,0.95724,1.00,1.00
2016.10.27 07:27:42.688,0.95701,0.95723,1.00,1.00
2016.10.27 07:27:46.501,0.957,0.95723,1.00,1.00
2016.10.27 07:27:46.948,0.95701,0.95725,1.00,1.00
2016.10.27 07:27:47.909,0.957,0.95725,1.00,1.00
2016.10.27 07:27:48.945,0.95703,0.95725,1.00,1.00
2016.10.27 07:27:49.401,0.95706,0.95729,1.00,1.00
2016.10.27 07:27:50.217,0.95703,0.95728,1.00,1.00
2016.10.27 07:27:52.148,0.95703,0.95726,1.00,1.00
2016.10.27 07:27:53.886,0.95706,0.95729,1.00,1.00
2016.10.27 07:27:54.037,0.95703,0.95727,1.00,1.00
2016.10.27 07:27:56.875,0.95701,0.95727,1.00,1.00
2016.10.27 07:27:57.055,0.95703,0.95729,1.00,1.00
2016.10.27 07:27:57.930,0.95702,0.95724,1.00,1.00
2016.10.27 07:27:58.742,0.95702,0.95722,1.00,1.00
2016.10.27 07:27:58.792,0.95702,0.95725,1.00,1.00
2016.10.27 07:27:59.133,0.95702,0.95723,1.00,1.00
2016.10.27 07:27:59.886,0.95702,0.95722,1.00,1.00
2016.10.27 07:28:00.064,0.95702,0.95725,1.00,1.00
2016.10.27 07:28:00.812,0.95702,0.95727,1.00,1.50
2016.10.27 07:28:01.648,0.95702,0.95725,1.00,1.00
2016.10.27 07:28:02.368,0.95703,0.95726,1.00,1.00
2016.10.27 07:28:05.998,0.95701,0.95726,1.00,1.00
2016.10.27 07:28:06.556,0.957,0.95725,1.00,1.00
2016.10.27 07:28:07.459,0.95702,0.95725,1.00,1.00
2016.10.27 07:28:08.485,0.95701,0.95725,1.00,1.00
2016.10.27 07:28:09.551,0.95702,0.95726,1.00,1.00
2016.10.27 07:28:11.224,0.95705,0.95727,1.00,1.00
2016.10.27 07:28:11.810,0.95707,0.95729,1.00,1.00
2016.10.27 07:28:12.426,0.95707,0.9573,1.00,1.00
2016.10.27 07:28:14.308,0.95707,0.95732,1.00,1.50
2016.10.27 07:28:15.273,0.95707,0.95731,1.00,1.00
2016.10.27 07:28:20.279,0.95706,0.95731,1.00,1.00
2016.10.27 07:28:25.265,0.95709,0.95732,1.00,1.00
2016.10.27 07:28:26.194,0.95708,0.95731,1.00,1.00
2016.10.27 07:28:31.707,0.95707,0.9573,1.00,1.00
2016.10.27 07:28:37.721,0.95707,0.95732,1.00,1.00
2016.10.27 07:28:39.111,0.95708,0.9573,1.00,1.00
2016.10.27 07:28:40.391,0.95708,0.95732,1.00,1.00
2016.10.27 07:28:40.442,0.9571,0.95733,1.00,1.00
2016.10.27 07:28:41.755,0.95714,0.95737,1.00,1.50
2016.10.27 07:28:41.840,0.95715,0.9574,1.00,1.00
2016.10.27 07:28:43.322,0.95717,0.95739,1.00,1.00
2016.10.27 07:28:45.684,0.95718,0.9574,1.00,1.00
2016.10.27 07:28:46.156,0.95716,0.95741,1.00,1.00
2016.10.27 07:28:46.575,0.95715,0.95737,1.00,1.00
2016.10.27 07:28:47.069,0.95712,0.95737,1.00,1.00
2016.10.27 07:28:47.255,0.95709,0.95734,1.00,1.00
2016.10.27 07:28:47.758,0.9571,0.95734,1.00,1.00
2016.10.27 07:28:48.379,0.95709,0.95733,1.00,1.00
2016.10.27 07:28:48.859,0.95707,0.95731,1.50,1.00
2016.10.27 07:28:50.981,0.95707,0.9573,1.00,1.00
2016.10.27 07:28:51.445,0.95707,0.95732,1.00,1.00
2016.10.27 07:28:52.217,0.95707,0.95731,1.00,1.00
2016.10.27 07:28:54.199,0.95707,0.9573,1.00,1.00
2016.10.27 07:28:54.300,0.95708,0.95733,1.00,1.00
2016.10.27 07:28:54.350,0.95712,0.95737,1.00,1.00
2016.10.27 07:28:54.654,0.95715,0.95738,1.00,1.00
2016.10.27 07:28:55.265,0.95716,0.9574,1.00,1.00
2016.10.27 07:28:55.366,0.95718,0.95741,1.00,1.00
2016.10.27 07:29:01.778,0.95719,0.95742,1.00,1.00
2016.10.27 07:29:02.298,0.95718,0.95741,1.00,1.00
2016.10.27 07:29:08.200,0.95718,0.95743,1.00,1.00
2016.10.27 07:29:09.318,0.95718,0.95741,1.00,1.00
2016.10.27 07:29:09.671,0.95716,0.95741,1.00,1.00
2016.10.27 07:29:09.772,0.95718,0.95741,1.00,1.00
2016.10.27 07:29:10.961,0.95713,0.95744,1.00,1.00
2016.10.27 07:29:11.012,0.95715,0.95744,1.00,1.00
2016.10.27 07:29:11.314,0.95715,0.95739,1.00,1.00
2016.10.27 07:29:11.995,0.95713,0.95738,1.50,1.00
2016.10.27 07:29:15.341,0.95709,0.95735,1.00,1.00
2016.10.27 07:29:15.884,0.9571,0.95735,1.00,1.00
2016.10.27 07:29:16.883,0.95711,0.95735,1.00,1.00
2016.10.27 07:29:17.866,0.95707,0.95733,1.00,1.00
2016.10.27 07:29:17.917,0.95707,0.9573,1.00,1.00
2016.10.27 07:29:18.463,0.95708,0.9573,1.00,1.00
2016.10.27 07:29:18.528,0.95706,0.9573,1.00,1.00
2016.10.27 07:29:19.068,0.95705,0.95729,1.00,1.00
2016.10.27 07:29:19.219,0.95705,0.95731,1.00,1.00
2016.10.27 07:29:19.919,0.95706,0.95732,1.00,1.00
2016.10.27 07:29:24.138,0.95706,0.95729,1.00,1.00
2016.10.27 07:29:24.902,0.95705,0.95729,1.00,1.00
2016.10.27 07:29:25.662,0.95704,0.95728,1.00,1.00
2016.10.27 07:29:28.801,0.95704,0.95727,1.00,1.00
2016.10.27 07:29:36.112,0.95704,0.95729,1.00,1.00
2016.10.27 07:29:36.320,0.95703,0.95725,1.00,1.00
2016.10.27 07:29:36.371,0.95701,0.95725,1.00,1.00
2016.10.27 07:29:36.627,0.95703,0.95728,1.00,1.00
2016.10.27 07:29:36.977,0.95698,0.95724,1.00,1.00
2016.10.27 07:29:37.514,0.95698,0.95723,1.00,1.00
2016.10.27 07:29:37.902,0.95699,0.95725,1.00,1.00
2016.10.27 07:29:38.151,0.957,0.95732,1.00,1.00
2016.10.27 07:29:38.252,0.95703,0.95729,1.00,1.00
2016.10.27 07:29:38.515,0.957,0.95729,1.00,1.00
2016.10.27 07:29:39.344,0.95699,0.95725,1.00,1.00
2016.10.27 07:29:39.546,0.95697,0.95724,1.00,1.00
2016.10.27 07:29:39.763,0.95703,0.95724,1.00,1.00
2016.10.27 07:29:40.313,0.95697,0.95724,1.50,1.00
2016.10.27 07:29:40.986,0.95698,0.95724,1.50,1.00
2016.10.27 07:29:42.666,0.95698,0.95722,1.00,1.00
2016.10.27 07:29:42.817,0.95695,0.95722,1.00,1.00
2016.10.27 07:29:42.868,0.95693,0.95723,1.00,1.60
2016.10.27 07:29:42.969,0.95692,0.9572,1.50,1.00
2016.10.27 07:29:43.618,0.95692,0.95721,1.00,1.00
2016.10.27 07:29:44.324,0.95693,0.95718,1.00,1.00
2016.10.27 07:29:45.196,0.95693,0.95719,1.00,1.00
2016.10.27 07:29:46.327,0.95693,0.95721,1.00,1.00
2016.10.27 07:29:47.054,0.95698,0.95725,1.00,2.10
2016.10.27 07:29:47.675,0.95693,0.95725,1.00,1.50
2016.10.27 07:29:48.211,0.95693,0.95724,1.00,1.00
2016.10.27 07:29:48.811,0.95693,0.95723,1.50,1.00
2016.10.27 07:29:49.561,0.95693,0.95722,1.00,1.00
2016.10.27 07:29:52.853,0.95692,0.95725,1.50,1.00
2016.10.27 07:29:53.183,0.95698,0.95725,1.00,1.00
2016.10.27 07:29:54.065,0.95698,0.95726,1.00,1.00
2016.10.27 07:29:55.272,0.95698,0.95727,1.00,1.00
2016.10.27 07:29:59.993,0.95697,0.95727,1.00,1.00
2016.10.27 07:30:00.509,0.95692,0.95726,1.00,1.00
2016.10.27 07:30:00.560,0.95692,0.95723,1.00,1.00
2016.10.27 07:30:01.391,0.95692,0.95724,1.00,1.00
2016.10.27 07:30:02.153,0.95692,0.95722,1.00,1.00
2016.10.27 07:30:02.912,0.95693,0.95722,1.00,1.00
2016.10.27 07:30:03.013,0.9569,0.95722,1.00,1.00
2016.10.27 07:30:03.377,0.95693,0.95722,1.00,1.00
2016.10.27 07:30:04.007,0.95688,0.95722,1.00,1.00
2016.10.27 07:30:04.665,0.9569,0.95722,1.00,1.00
2016.10.27 07:30:04.982,0.95693,0.95722,1.00,1.00
2016.10.27 07:30:05.101,0.95689,0.95722,1.00,1.00
2016.10.27 07:30:05.433,0.95693,0.95722,1.00,1.00
2016.10.27 07:30:05.918,0.95689,0.95722,1.00,1.00
2016.10.27 07:30:06.103,0.95692,0.95722,1.00,1.00
2016.10.27 07:30:07.876,0.95692,0.9572,1.00,1.00
2016.10.27 07:30:07.926,0.95688,0.9572,1.50,1.00
2016.10.27 07:30:08.078,0.95688,0.95717,1.00,1.00
2016.10.27 07:30:09.069,0.95688,0.95718,1.00,1.00
2016.10.27 07:30:09.878,0.95688,0.95716,1.00,1.00
2016.10.27 07:30:11.746,0.95687,0.95716,1.00,1.00
2016.10.27 07:30:14.819,0.95688,0.95716,1.00,1.00
2016.10.27 07:30:16.485,0.95688,0.95715,1.00,1.00
2016.10.27 07:30:18.270,0.95688,0.95714,1.00,1.00
2016.10.27 07:30:18.892,0.95688,0.95711,1.50,1.00
2016.10.27 07:30:24.105,0.95689,0.95712,1.00,1.00
2016.10.27 07:30:25.006,0.95688,0.95711,1.00,1.00
2016.10.27 07:30:26.269,0.95689,0.95712,1.00,1.00
2016.10.27 07:30:26.421,0.95691,0.95716,1.00,1.00
2016.10.27 07:30:27.453,0.95692,0.95717,1.00,1.00
2016.10.27 07:30:27.840,0.9569,0.95713,1.00,1.00
2016.10.27 07:30:30.145,0.95688,0.95719,1.00,1.00
2016.10.27 07:30:30.248,0.95693,0.95718,1.00,1.00
2016.10.27 07:30:30.619,0.95693,0.95716,1.00,1.00
2016.10.27 07:30:31.139,0.95693,0.95718,1.00,1.00
2016.10.27 07:30:31.340,0.95696,0.95719,1.00,1.00
2016.10.27 07:30:32.659,0.95697,0.9572,1.00,1.00
2016.10.27 07:30:33.237,0.95694,0.95719,1.00,1.00
2016.10.27 07:30:33.831,0.95693,0.95723,1.00,1.00
2016.10.27 07:30:34.973,0.9569,0.95723,1.00,1.00
2016.10.27 07:30:37.183,0.95688,0.9572,1.00,1.00
2016.10.27 07:30:39.905,0.95692,0.95717,1.00,1.00
2016.10.27 07:30:43.448,0.95691,0.95716,1.00,1.00
2016.10.27 07:30:44.882,0.95692,0.95718,1.00,1.00
2016.10.27 07:30:46.459,0.95693,0.95718,1.00,1.00
2016.10.27 07:30:47.432,0.95692,0.95718,1.00,1.00
2016.10.27 07:30:50.852,0.95693,0.95716,1.00,1.00
2016.10.27 07:30:51.591,0.95692,0.95715,1.00,1.00
2016.10.27 07:30:52.037,0.95694,0.95717,1.00,1.00
2016.10.27 07:30:54.190,0.95693,0.95716,1.00,1.00
2016.10.27 07:30:55.291,0.95692,0.95715,1.00,1.00
2016.10.27 07:30:56.171,0.9569,0.95715,1.50,1.00
2016.10.27 07:30:57.134,0.95692,0.95715,1.00,1.00
2016.10.27 07:30:57.707,0.95692,0.95717,1.00,1.00
2016.10.27 07:31:00.537,0.95695,0.95718,1.00,1.00
2016.10.27 07:31:00.842,0.95693,0.95716,1.00,1.00
2016.10.27 07:31:02.135,0.95693,0.95718,1.00,1.00
2016.10.27 07:31:03.044,0.95695,0.95718,1.00,1.00
2016.10.27 07:31:03.346,0.95696,0.9572,1.00,1.00
2016.10.27 07:31:03.447,0.95697,0.95724,1.00,1.00
2016.10.27 07:31:03.548,0.95697,0.95721,1.00,1.00
2016.10.27 07:31:03.598,0.95695,0.95721,1.00,1.00
2016.10.27 07:31:04.300,0.95694,0.9572,1.00,1.00
2016.10.27 07:31:05.517,0.95696,0.95721,1.00,1.00
2016.10.27 07:31:06.805,0.95697,0.95722,1.00,1.00
2016.10.27 07:31:07.812,0.95696,0.9572,1.00,1.00
2016.10.27 07:31:08.409,0.95697,0.9572,1.00,1.00
2016.10.27 07:31:09.237,0.95695,0.95722,1.00,1.00
2016.10.27 07:31:10.339,0.95698,0.95723,1.00,1.00
2016.10.27 07:31:10.641,0.95693,0.95718,1.00,1.00
2016.10.27 07:31:11.414,0.95694,0.95719,1.00,1.00
2016.10.27 07:31:11.716,0.95694,0.95717,1.00,1.00
2016.10.27 07:31:12.028,0.95691,0.95714,1.00,1.00
2016.10.27 07:31:13.083,0.95691,0.95716,1.00,1.00
2016.10.27 07:31:13.161,0.95693,0.95716,1.00,1.00
2016.10.27 07:31:13.521,0.95691,0.95716,1.00,1.00
2016.10.27 07:31:15.423,0.95693,0.95716,1.00,1.00
2016.10.27 07:31:15.524,0.95694,0.95719,1.00,1.00
2016.10.27 07:31:16.062,0.95695,0.9572,1.00,1.00
2016.10.27 07:31:17.297,0.95695,0.95718,1.00,1.00
2016.10.27 07:31:19.073,0.95693,0.95718,1.00,1.00
2016.10.27 07:31:19.174,0.95693,0.95716,1.00,1.00
2016.10.27 07:31:19.275,0.95691,0.95716,1.00,1.00
2016.10.27 07:31:19.577,0.95693,0.95717,1.00,1.00
2016.10.27 07:31:19.986,0.95694,0.95719,1.00,1.00
2016.10.27 07:31:20.680,0.95696,0.95719,1.00,1.00
2016.10.27 07:31:21.324,0.95696,0.9572,1.00,1.00
2016.10.27 07:31:21.934,0.95696,0.95719,1.00,1.00
2016.10.27 07:31:24.240,0.95696,0.9572,1.50,1.00
2016.10.27 07:31:32.076,0.95695,0.9572,1.00,1.00
2016.10.27 07:31:32.451,0.95697,0.95722,1.50,1.00
2016.10.27 07:31:33.385,0.95698,0.95723,1.00,1.00
2016.10.27 07:31:35.435,0.95698,0.95721,1.00,1.00
2016.10.27 07:31:35.978,0.95695,0.95719,1.00,1.00
2016.10.27 07:31:36.630,0.95694,0.95719,1.50,1.00
2016.10.27 07:31:36.749,0.95695,0.95721,1.00,1.00
2016.10.27 07:31:37.313,0.95696,0.9572,1.00,1.00
2016.10.27 07:31:39.433,0.95695,0.9572,1.00,1.00
2016.10.27 07:31:43.118,0.95695,0.95718,1.00,1.00
2016.10.27 07:31:44.153,0.95693,0.95716,1.00,1.00
2016.10.27 07:31:44.204,0.95693,0.95718,1.00,1.00
2016.10.27 07:31:45.463,0.95695,0.95718,1.00,1.00
2016.10.27 07:31:52.755,0.95696,0.95719,1.00,1.00
2016.10.27 07:31:53.269,0.95695,0.95718,1.00,1.00
2016.10.27 07:31:53.320,0.95693,0.95718,1.00,1.00
2016.10.27 07:31:54.385,0.95695,0.95718,1.00,1.00
2016.10.27 07:31:55.640,0.95698,0.95721,1.00,1.00
2016.10.27 07:31:56.970,0.957,0.95723,1.00,1.00
2016.10.27 07:31:59.856,0.957,0.95726,1.00,1.00
2016.10.27 07:32:00.747,0.95702,0.95725,1.00,1.00
2016.10.27 07:32:03.069,0.95704,0.95727,1.00,1.00
2016.10.27 07:32:03.939,0.95705,0.95727,1.00,1.00
2016.10.27 07:32:08.341,0.95705,0.95728,1.00,1.00
2016.10.27 07:32:09.671,0.95701,0.95728,1.00,1.00
2016.10.27 07:32:10.059,0.95703,0.95727,1.00,1.00
2016.10.27 07:32:11.964,0.95702,0.95726,1.00,1.00
2016.10.27 07:32:12.718,0.95699,0.95724,1.00,1.00
2016.10.27 07:32:13.066,0.95702,0.95725,1.00,1.00
2016.10.27 07:32:14.235,0.95702,0.95727,1.00,1.00
2016.10.27 07:32:15.171,0.95703,0.95727,1.00,1.00
2016.10.27 07:32:16.676,0.95703,0.95726,1.00,1.00
2016.10.27 07:32:17.206,0.95702,0.95726,1.00,1.00
2016.10.27 07:32:19.475,0.95705,0.95731,1.00,1.00
2016.10.27 07:32:20.180,0.95707,0.95731,1.00,1.00
2016.10.27 07:32:22.333,0.95702,0.95728,1.00,1.00
2016.10.27 07:32:22.721,0.957,0.95726,1.00,1.00
2016.10.27 07:32:23.279,0.957,0.95723,1.00,1.00
2016.10.27 07:32:23.431,0.95703,0.95727,1.00,1.00
2016.10.27 07:32:23.514,0.957,0.95724,1.50,1.00
2016.10.27 07:32:24.156,0.95698,0.95722,1.50,1.00
2016.10.27 07:32:24.308,0.95703,0.95728,1.00,1.00
2016.10.27 07:32:24.510,0.95701,0.95726,1.00,1.00
2016.10.27 07:32:25.641,0.95699,0.95722,1.00,1.00
2016.10.27 07:32:26.144,0.95701,0.95724,1.00,1.00
2016.10.27 07:32:26.535,0.95703,0.95726,1.00,1.00
2016.10.27 07:32:26.586,0.95703,0.95728,1.00,1.00
2016.10.27 07:32:26.700,0.95703,0.95726,1.00,1.00
2016.10.27 07:32:31.813,0.95704,0.95727,1.00,1.00
2016.10.27 07:32:32.854,0.95705,0.95728,1.00,1.00
2016.10.27 07:32:51.272,0.95706,0.95731,1.00,1.00
2016.10.27 07:32:51.801,0.95707,0.95732,1.00,1.00
2016.10.27 07:32:52.316,0.95702,0.95723,1.00,1.00
2016.10.27 07:32:52.367,0.95698,0.95723,1.00,1.00
2016.10.27 07:32:52.418,0.95701,0.95724,1.00,1.00
2016.10.27 07:32:52.519,0.95698,0.95724,1.50,1.00
2016.10.27 07:32:53.181,0.95698,0.95723,1.00,1.00
2016.10.27 07:32:54.025,0.95697,0.95722,1.00,1.00
2016.10.27 07:32:54.681,0.95699,0.95722,1.00,1.00
2016.10.27 07:32:54.987,0.95696,0.95719,1.00,1.00
2016.10.27 07:32:55.287,0.95698,0.95721,1.00,1.00
2016.10.27 07:32:55.662,0.95698,0.95724,1.00,1.00
2016.10.27 07:32:57.601,0.95696,0.95722,1.00,1.00
2016.10.27 07:32:58.547,0.95696,0.9572,1.00,1.00
2016.10.27 07:33:00.180,0.95696,0.95721,1.00,1.00
2016.10.27 07:33:00.714,0.95695,0.9572,1.00,1.00
2016.10.27 07:33:01.043,0.95692,0.95718,1.00,1.00
2016.10.27 07:33:01.913,0.95692,0.95717,1.00,1.00
2016.10.27 07:33:02.854,0.95693,0.95719,1.00,1.00
2016.10.27 07:33:04.918,0.95694,0.95721,1.00,1.00
2016.10.27 07:33:08.504,0.95694,0.95718,1.00,1.00
2016.10.27 07:33:08.555,0.95697,0.95722,1.00,1.00
2016.10.27 07:33:08.659,0.957,0.95723,1.00,1.00
2016.10.27 07:33:15.163,0.95701,0.95724,1.00,1.00
2016.10.27 07:33:15.265,0.95698,0.95723,1.00,1.00
2016.10.27 07:33:15.366,0.95698,0.95721,1.00,1.00
2016.10.27 07:33:15.650,0.95695,0.95722,1.00,1.00
2016.10.27 07:33:16.295,0.95697,0.95722,1.00,1.00
2016.10.27 07:33:16.346,0.95698,0.95724,1.00,1.00
2016.10.27 07:33:17.404,0.95699,0.95725,1.00,1.00
2016.10.27 07:33:18.075,0.95699,0.95724,1.00,1.00
2016.10.27 07:33:18.663,0.95699,0.95725,1.00,1.00
2016.10.27 07:33:18.864,0.95696,0.95723,1.00,1.00
2016.10.27 07:33:20.856,0.95695,0.95722,1.50,1.00
2016.10.27 07:33:21.807,0.95698,0.95723,1.00,1.00
2016.10.27 07:33:22.346,0.95699,0.95722,1.00,1.00
2016.10.27 07:33:23.000,0.957,0.95724,1.00,1.00
2016.10.27 07:33:23.521,0.95699,0.95724,1.00,1.00
2016.10.27 07:33:24.057,0.95699,0.95722,1.00,1.00
2016.10.27 07:33:24.559,0.957,0.95723,1.00,1.00
2016.10.27 07:33:27.902,0.95699,0.95722,1.00,1.00
2016.10.27 07:33:29.267,0.957,0.95723,1.00,1.00
2016.10.27 07:33:31.038,0.95695,0.9572,1.00,1.00
2016.10.27 07:33:31.575,0.95695,0.95721,1.00,1.00
2016.10.27 07:33:32.003,0.95698,0.95723,1.00,1.00
2016.10.27 07:33:32.354,0.957,0.95724,1.00,1.00
2016.10.27 07:33:33.022,0.957,0.95725,1.00,1.00
2016.10.27 07:33:33.578,0.957,0.95727,1.00,1.00
2016.10.27 07:33:34.216,0.95699,0.95724,1.00,1.00
2016.10.27 07:33:34.733,0.95698,0.95724,1.00,1.00
2016.10.27 07:33:35.262,0.95698,0.95723,1.00,1.00
2016.10.27 07:33:35.782,0.95699,0.95722,1.00,1.00
2016.10.27 07:33:38.986,0.95699,0.95724,1.00,1.00
2016.10.27 07:33:41.827,0.95699,0.95726,1.00,1.00
2016.10.27 07:33:41.928,0.95696,0.95721,1.50,1.00
2016.10.27 07:33:43.080,0.95705,0.95724,1.00,1.00
2016.10.27 07:33:43.171,0.95705,0.95729,1.00,1.00
2016.10.27 07:33:44.511,0.95703,0.95729,1.50,1.00
2016.10.27 07:33:45.489,0.95704,0.9573,1.00,1.00
2016.10.27 07:33:45.830,0.95701,0.95727,1.00,1.00
2016.10.27 07:33:46.702,0.95703,0.95727,1.00,1.00
2016.10.27 07:33:46.753,0.95705,0.9573,1.00,1.00
2016.10.27 07:33:47.500,0.95705,0.95732,1.00,1.00
2016.10.27 07:33:48.214,0.95707,0.9573,1.00,1.00
2016.10.27 07:33:53.190,0.9571,0.95734,1.00,1.00
2016.10.27 07:33:53.258,0.95708,0.95737,1.00,1.00
2016.10.27 07:33:53.309,0.95707,0.95734,1.00,1.00
2016.10.27 07:33:53.410,0.95704,0.95734,1.00,1.00
2016.10.27 07:33:54.794,0.95704,0.95733,1.00,1.00
2016.10.27 07:33:55.355,0.95708,0.95731,1.00,1.00
2016.10.27 07:33:56.314,0.95706,0.95731,1.00,1.00
2016.10.27 07:34:00.150,0.95706,0.95729,1.00,1.00
2016.10.27 07:34:00.533,0.95703,0.95728,1.00,1.00
2016.10.27 07:34:02.234,0.95704,0.95729,1.00,1.00
2016.10.27 07:34:02.436,0.95707,0.9573,1.00,1.00
2016.10.27 07:34:03.231,0.95705,0.95731,1.00,1.00
2016.10.27 07:34:03.331,0.95706,0.95733,1.00,1.00
2016.10.27 07:34:04.767,0.95707,0.95731,1.00,1.00
2016.10.27 07:34:05.427,0.95707,0.9573,1.00,1.00
2016.10.27 07:34:06.448,0.95705,0.9573,1.00,1.00
2016.10.27 07:34:08.173,0.95704,0.95729,1.00,1.00
2016.10.27 07:34:08.647,0.95701,0.95724,1.00,1.00
2016.10.27 07:34:09.364,0.95699,0.95724,1.00,1.00
2016.10.27 07:34:13.608,0.95697,0.9572,1.00,1.00
2016.10.27 07:34:14.169,0.95698,0.95719,1.00,1.00
2016.10.27 07:34:14.974,0.95696,0.95719,1.00,1.00
2016.10.27 07:34:15.461,0.95695,0.95721,1.00,1.00
2016.10.27 07:34:15.544,0.95695,0.95719,1.00,1.00
2016.10.27 07:34:16.845,0.95695,0.95721,1.00,1.00
2016.10.27 07:34:17.356,0.95696,0.95719,1.00,1.00
2016.10.27 07:34:17.855,0.95694,0.95719,1.00,1.00
2016.10.27 07:34:18.057,0.95693,0.95717,1.00,1.00
2016.10.27 07:34:18.537,0.95691,0.95717,1.00,1.00
2016.10.27 07:34:18.894,0.95693,0.95717,1.00,1.00
2016.10.27 07:34:19.271,0.95695,0.95719,1.00,1.00
2016.10.27 07:34:19.550,0.95695,0.95721,1.00,1.00
2016.10.27 07:34:20.216,0.95697,0.95721,1.00,1.00
2016.10.27 07:34:20.695,0.95698,0.95724,1.00,1.00
2016.10.27 07:34:20.796,0.95701,0.95724,1.00,1.00
2016.10.27 07:34:20.854,0.95702,0.95728,1.00,1.00
2016.10.27 07:34:21.597,0.95703,0.95728,1.00,1.00
2016.10.27 07:34:21.656,0.95701,0.95727,1.00,1.00
2016.10.27 07:34:21.804,0.95701,0.95725,1.00,1.00
2016.10.27 07:34:22.371,0.957,0.95724,1.00,1.00
2016.10.27 07:34:22.882,0.95701,0.95724,1.00,1.00
2016.10.27 07:34:25.295,0.957,0.95723,1.00,1.00
2016.10.27 07:34:26.302,0.957,0.95725,1.00,1.00
2016.10.27 07:34:28.720,0.95702,0.95725,1.00,1.00
2016.10.27 07:34:29.413,0.95702,0.95726,1.00,1.00
2016.10.27 07:34:29.464,0.95699,0.95725,1.00,1.00
2016.10.27 07:34:29.514,0.95696,0.9572,1.00,1.00
2016.10.27 07:34:29.978,0.95694,0.95719,1.00,1.00
2016.10.27 07:34:32.385,0.95695,0.95719,1.00,1.00
2016.10.27 07:34:32.691,0.95697,0.95721,1.00,1.00
2016.10.27 07:34:32.792,0.95698,0.95723,1.00,1.00
2016.10.27 07:34:33.388,0.95699,0.95724,1.00,1.00
2016.10.27 07:34:34.302,0.95698,0.95721,1.00,1.00
2016.10.27 07:34:34.632,0.95695,0.95721,1.00,1.00
2016.10.27 07:34:37.029,0.95698,0.95722,1.00,1.00
2016.10.27 07:34:39.598,0.95698,0.95723,1.00,1.00
2016.10.27 07:34:40.464,0.957,0.95723,1.00,1.00
2016.10.27 07:34:41.962,0.95699,0.95723,1.00,1.00
2016.10.27 07:34:42.604,0.95698,0.95722,1.50,1.00
2016.10.27 07:34:45.854,0.95701,0.95728,1.00,1.00
2016.10.27 07:34:45.910,0.95702,0.95725,1.00,1.00
2016.10.27 07:34:46.748,0.95703,0.95728,1.00,1.00
2016.10.27 07:34:48.080,0.95702,0.95725,1.50,1.00
2016.10.27 07:34:48.422,0.95702,0.95727,1.00,1.00
2016.10.27 07:34:49.140,0.95703,0.95727,1.00,1.00
2016.10.27 07:34:49.734,0.95702,0.95727,1.00,1.00
2016.10.27 07:34:50.525,0.95703,0.95727,1.00,1.00
2016.10.27 07:34:51.044,0.957,0.95725,1.00,1.00
2016.10.27 07:34:52.496,0.95702,0.95725,1.00,1.00
2016.10.27 07:34:54.153,0.95703,0.95726,1.00,1.00
2016.10.27 07:34:54.366,0.957,0.95725,1.00,1.00
2016.10.27 07:35:06.055,0.95698,0.95723,1.00,1.00
2016.10.27 07:35:06.363,0.95702,0.95727,1.00,1.00
2016.10.27 07:35:07.257,0.95702,0.95725,1.00,1.00
2016.10.27 07:35:09.956,0.95701,0.95727,1.00,1.00
2016.10.27 07:35:11.635,0.95703,0.95728,1.00,1.00
2016.10.27 07:35:12.136,0.95702,0.95729,1.00,1.00
2016.10.27 07:35:13.403,0.95702,0.95725,1.00,1.00
2016.10.27 07:35:13.504,0.95697,0.95723,1.00,1.00
2016.10.27 07:35:16.623,0.95697,0.95721,1.00,1.00
2016.10.27 07:35:17.285,0.95698,0.95721,1.50,1.00
2016.10.27 07:35:17.794,0.95697,0.9572,1.00,1.00
2016.10.27 07:35:19.286,0.95698,0.95721,1.00,1.00
2016.10.27 07:35:19.437,0.95695,0.95721,1.00,1.00
2016.10.27 07:35:19.538,0.95697,0.9572,1.00,1.00
2016.10.27 07:35:22.031,0.95697,0.95721,1.00,1.00
2016.10.27 07:35:22.147,0.95699,0.95725,1.00,1.00
2016.10.27 07:35:22.349,0.95699,0.95723,1.00,1.00
2016.10.27 07:35:22.400,0.95699,0.95725,1.00,1.00
2016.10.27 07:35:24.706,0.95699,0.95723,1.00,1.00
2016.10.27 07:35:27.151,0.95702,0.95725,1.00,1.00
2016.10.27 07:35:27.254,0.95701,0.95727,1.00,1.00
2016.10.27 07:35:29.792,0.95704,0.95727,1.00,1.00
2016.10.27 07:35:30.836,0.95702,0.95726,1.00,1.00
2016.10.27 07:35:31.856,0.95701,0.95725,1.00,1.00
2016.10.27 07:35:32.025,0.95699,0.95726,1.50,1.00
2016.10.27 07:35:33.162,0.95701,0.95725,1.00,1.00
2016.10.27 07:35:35.732,0.95699,0.95732,1.00,1.00
2016.10.27 07:35:39.568,0.95695,0.9573,1.00,1.00
2016.10.27 07:35:39.920,0.95697,0.9573,1.00,1.00
2016.10.27 07:35:40.071,0.95693,0.95727,1.00,1.00
2016.10.27 07:35:40.226,0.95696,0.95729,1.00,1.00
2016.10.27 07:35:41.501,0.95697,0.95729,1.00,1.00
2016.10.27 07:35:42.534,0.95696,0.95729,1.00,1.00
2016.10.27 07:35:42.993,0.95698,0.95729,1.00,1.00
2016.10.27 07:35:44.950,0.95699,0.95723,1.00,1.00
2016.10.27 07:35:46.366,0.95701,0.95724,1.00,1.00
2016.10.27 07:35:48.994,0.95698,0.95723,1.00,1.00
2016.10.27 07:35:50.587,0.95697,0.95721,1.00,1.00
2016.10.27 07:35:51.760,0.95698,0.95721,1.00,1.00
2016.10.27 07:35:53.349,0.95697,0.95721,1.00,1.00
2016.10.27 07:35:54.773,0.95697,0.9572,1.00,1.00
2016.10.27 07:35:54.874,0.95695,0.9572,1.00,1.00
2016.10.27 07:35:55.437,0.95694,0.95718,1.00,1.00
2016.10.27 07:35:55.488,0.95695,0.9572,1.00,1.00
2016.10.27 07:35:59.356,0.95697,0.9572,1.00,1.00
2016.10.27 07:36:00.433,0.95698,0.95722,1.00,1.00
2016.10.27 07:36:00.533,0.957,0.95723,1.00,1.00
2016.10.27 07:36:01.051,0.957,0.95724,1.00,1.00
2016.10.27 07:36:01.455,0.957,0.95726,1.00,1.00
2016.10.27 07:36:02.322,0.957,0.95724,1.00,1.00
2016.10.27 07:36:08.711,0.95697,0.95722,1.00,1.00
2016.10.27 07:36:08.812,0.95696,0.95719,1.00,1.00
2016.10.27 07:36:09.281,0.95697,0.95722,1.00,1.00
2016.10.27 07:36:09.808,0.95698,0.95723,1.00,1.00
2016.10.27 07:36:10.473,0.95698,0.95724,1.00,1.00
2016.10.27 07:36:14.721,0.95699,0.95725,1.00,1.00
2016.10.27 07:36:15.268,0.95699,0.95723,1.00,1.00
2016.10.27 07:36:16.407,0.957,0.95723,1.00,1.00
2016.10.27 07:36:20.960,0.95701,0.95724,1.00,1.00
2016.10.27 07:36:25.727,0.95702,0.95727,1.00,1.00
2016.10.27 07:36:26.296,0.95702,0.95728,1.00,1.00
2016.10.27 07:36:26.498,0.95701,0.95725,1.00,1.00
2016.10.27 07:36:26.996,0.95698,0.95723,1.00,1.00
2016.10.27 07:36:28.292,0.95699,0.95725,1.00,1.00
2016.10.27 07:36:28.393,0.95702,0.95725,1.00,1.00
2016.10.27 07:36:28.960,0.957,0.95726,1.00,1.00
2016.10.27 07:36:31.708,0.95703,0.95727,1.00,1.00
2016.10.27 07:36:32.466,0.95704,0.95727,1.00,1.00
2016.10.27 07:36:32.689,0.95699,0.95724,1.00,1.00
2016.10.27 07:36:33.669,0.957,0.95724,1.00,1.00
2016.10.27 07:36:35.086,0.95701,0.95725,1.00,1.00
2016.10.27 07:36:36.008,0.95699,0.95724,1.00,1.00
2016.10.27 07:36:37.180,0.957,0.95724,1.00,1.00
2016.10.27 07:36:39.017,0.95699,0.95723,1.00,1.00
2016.10.27 07:36:40.104,0.957,0.95724,1.00,1.00
2016.10.27 07:36:41.700,0.95699,0.95725,1.00,1.00
2016.10.27 07:36:42.998,0.95699,0.95723,1.00,1.00
2016.10.27 07:36:44.548,0.95698,0.95723,1.50,1.00
2016.10.27 07:36:45.063,0.95699,0.95723,1.00,1.00
2016.10.27 07:36:46.207,0.95699,0.95722,1.00,1.00
2016.10.27 07:36:47.706,0.95698,0.95724,1.50,1.00
2016.10.27 07:36:54.417,0.95699,0.95722,1.00,1.00
2016.10.27 07:36:55.548,0.95697,0.95723,1.00,1.00
2016.10.27 07:36:56.276,0.95698,0.95723,1.00,1.00
2016.10.27 07:37:00.398,0.95699,0.95724,1.00,1.00
2016.10.27 07:37:00.553,0.95701,0.95726,1.00,1.00
2016.10.27 07:37:09.444,0.95697,0.95722,1.00,1.00
2016.10.27 07:37:10.059,0.95696,0.95721,1.00,1.00
2016.10.27 07:37:12.121,0.95694,0.95721,1.00,1.00
2016.10.27 07:37:13.460,0.95699,0.95725,1.00,1.50
2016.10.27 07:37:14.095,0.95697,0.95722,1.00,1.00
2016.10.27 07:37:14.397,0.95693,0.95716,1.00,1.00
2016.10.27 07:37:14.788,0.95698,0.95716,1.00,1.00
2016.10.27 07:37:14.839,0.95698,0.95721,1.50,1.00
2016.10.27 07:37:16.351,0.95696,0.95719,1.00,1.00
2016.10.27 07:37:16.452,0.95693,0.95718,1.00,1.00
2016.10.27 07:37:16.698,0.95692,0.95715,1.00,1.00
2016.10.27 07:37:17.677,0.95691,0.95717,1.00,1.00
2016.10.27 07:37:25.342,0.95692,0.95715,1.00,1.00
2016.10.27 07:37:27.778,0.95688,0.95713,1.00,1.00
2016.10.27 07:37:27.879,0.95686,0.9571,1.00,1.00
2016.10.27 07:37:32.295,0.95687,0.9571,1.00,1.00
2016.10.27 07:37:33.301,0.95685,0.9571,1.00,1.00
2016.10.27 07:37:33.774,0.95688,0.95711,1.00,1.00
2016.10.27 07:37:34.780,0.95686,0.9571,1.00,1.00
2016.10.27 07:37:35.281,0.95688,0.95711,1.00,1.00
2016.10.27 07:37:36.182,0.95685,0.95709,1.00,1.00
2016.10.27 07:37:36.996,0.95685,0.95708,1.00,1.00
2016.10.27 07:37:37.048,0.95683,0.95707,1.00,1.00
2016.10.27 07:37:37.785,0.95684,0.95709,1.00,1.00
2016.10.27 07:37:38.742,0.95686,0.95709,1.00,1.00
2016.10.27 07:37:39.276,0.95686,0.9571,1.00,1.00
2016.10.27 07:37:39.660,0.95688,0.95711,1.00,1.00
2016.10.27 07:37:40.974,0.95687,0.9571,1.00,1.00
2016.10.27 07:37:41.314,0.95687,0.95712,1.00,1.00
2016.10.27 07:37:44.796,0.95688,0.95716,1.00,1.00
2016.10.27 07:37:44.897,0.95692,0.95715,1.00,1.00
2016.10.27 07:37:45.281,0.95697,0.95718,1.00,1.00
2016.10.27 07:37:45.420,0.95695,0.95718,1.00,1.00
2016.10.27 07:37:45.720,0.95693,0.95717,1.00,1.00
2016.10.27 07:37:47.810,0.95693,0.95716,1.00,1.00
2016.10.27 07:37:48.324,0.95691,0.95716,1.00,1.00
2016.10.27 07:37:51.152,0.95699,0.95721,1.00,1.00
2016.10.27 07:37:51.203,0.95699,0.95725,1.00,1.00
2016.10.27 07:37:51.254,0.95702,0.95726,1.00,1.00
2016.10.27 07:37:51.455,0.95698,0.95724,1.00,1.00
2016.10.27 07:37:52.031,0.95698,0.95723,1.00,1.00
2016.10.27 07:37:52.081,0.95696,0.9572,1.00,1.00
2016.10.27 07:37:52.509,0.95697,0.95722,1.00,1.00
2016.10.27 07:37:54.828,0.95698,0.95723,1.00,1.00
2016.10.27 07:37:55.473,0.95695,0.95718,1.00,1.00
2016.10.27 07:37:56.201,0.95694,0.95717,1.00,1.00
2016.10.27 07:38:01.347,0.95692,0.95717,1.00,1.00
2016.10.27 07:38:01.448,0.95694,0.95717,1.00,1.00
2016.10.27 07:38:01.549,0.95697,0.95721,1.00,1.00
2016.10.27 07:38:02.090,0.95697,0.95722,1.00,1.00
2016.10.27 07:38:02.554,0.95697,0.9572,1.00,1.00
2016.10.27 07:38:03.378,0.95692,0.95716,1.00,1.00
2016.10.27 07:38:04.127,0.95693,0.95717,1.00,1.00
2016.10.27 07:38:05.032,0.95694,0.95717,1.00,1.00
2016.10.27 07:38:05.133,0.95696,0.95719,1.00,1.00
2016.10.27 07:38:06.330,0.95697,0.9572,1.00,1.00
2016.10.27 07:38:06.381,0.95695,0.95721,1.00,1.00
2016.10.27 07:38:07.075,0.95697,0.9572,1.00,1.00
2016.10.27 07:38:07.834,0.95699,0.95722,1.00,1.00
2016.10.27 07:38:07.935,0.95697,0.95722,1.00,1.00
2016.10.27 07:38:08.136,0.95695,0.9572,1.00,1.00
2016.10.27 07:38:08.569,0.95695,0.95718,1.00,1.00
2016.10.27 07:38:09.414,0.95697,0.9572,1.00,1.00
2016.10.27 07:38:09.565,0.95694,0.9572,1.00,1.00
2016.10.27 07:38:09.941,0.95693,0.95718,1.00,1.00
2016.10.27 07:38:10.827,0.95698,0.95722,1.00,1.00
2016.10.27 07:38:11.058,0.95696,0.95721,1.00,1.00
2016.10.27 07:38:12.772,0.95695,0.95719,1.00,1.00
2016.10.27 07:38:13.261,0.95693,0.95718,1.00,1.00
2016.10.27 07:38:13.312,0.95691,0.95716,1.00,1.00
2016.10.27 07:38:15.706,0.95693,0.95717,1.00,1.00
2016.10.27 07:38:15.807,0.95691,0.95716,1.00,1.00
2016.10.27 07:38:16.209,0.95693,0.9572,1.00,1.00
2016.10.27 07:38:17.363,0.95694,0.95718,1.00,1.00
2016.10.27 07:38:18.039,0.95692,0.95717,1.00,1.00
2016.10.27 07:38:21.139,0.95692,0.95715,1.00,1.00
2016.10.27 07:38:21.444,0.9569,0.95713,1.00,1.00
2016.10.27 07:38:23.270,0.9569,0.95715,1.00,1.00
2016.10.27 07:38:23.421,0.95688,0.95713,1.50,1.00
2016.10.27 07:38:23.764,0.95691,0.95714,1.00,1.00
2016.10.27 07:38:23.815,0.95688,0.95713,1.50,1.00
2016.10.27 07:38:25.106,0.95689,0.95713,1.00,1.00
2016.10.27 07:38:27.021,0.95691,0.95714,1.00,1.00
2016.10.27 07:38:27.427,0.95688,0.9571,1.00,1.00
2016.10.27 07:38:28.787,0.95688,0.95711,1.00,1.00
2016.10.27 07:38:30.164,0.95689,0.95714,1.00,1.00
2016.10.27 07:38:30.519,0.95689,0.95712,1.00,1.00
2016.10.27 07:38:30.620,0.95685,0.9571,1.00,1.00
2016.10.27 07:38:31.706,0.95686,0.95711,1.00,1.00
2016.10.27 07:38:32.120,0.95682,0.95707,1.00,1.00
2016.10.27 07:38:32.587,0.9568,0.95706,1.00,1.00
2016.10.27 07:38:34.497,0.95682,0.95705,1.00,1.00
2016.10.27 07:38:39.133,0.95682,0.95706,1.00,1.00
2016.10.27 07:38:40.471,0.95685,0.95708,1.00,1.00
2016.10.27 07:38:40.632,0.95686,0.95711,1.00,1.00
2016.10.27 07:38:40.733,0.95688,0.95711,1.00,1.00
2016.10.27 07:38:40.833,0.9569,0.95714,1.00,1.50
2016.10.27 07:38:41.215,0.95687,0.95714,1.50,1.00
2016.10.27 07:38:42.026,0.95686,0.95713,1.00,1.00
2016.10.27 07:38:42.711,0.95685,0.95712,1.00,1.00
2016.10.27 07:38:43.261,0.95685,0.95711,1.00,1.00
2016.10.27 07:38:44.613,0.95684,0.95709,1.00,1.00
2016.10.27 07:38:47.799,0.95685,0.95708,1.00,1.00
2016.10.27 07:38:49.749,0.95686,0.95709,1.00,1.00
2016.10.27 07:38:55.144,0.95684,0.95709,1.00,1.00
2016.10.27 07:39:00.836,0.95687,0.9571,1.00,1.00
2016.10.27 07:39:02.484,0.95686,0.9571,1.00,1.00
2016.10.27 07:39:05.703,0.95687,0.9571,1.00,1.00
2016.10.27 07:39:06.436,0.95686,0.9571,1.00,1.00
2016.10.27 07:39:09.665,0.95686,0.95709,1.00,1.00
2016.10.27 07:39:14.028,0.95688,0.95709,1.00,1.00
2016.10.27 07:39:14.386,0.95686,0.95709,1.00,1.00
2016.10.27 07:39:14.681,0.95686,0.95713,1.00,1.00
2016.10.27 07:39:15.199,0.95687,0.95711,1.00,1.00
2016.10.27 07:39:19.013,0.95689,0.95714,1.00,1.00
2016.10.27 07:39:25.205,0.9569,0.95715,1.00,1.00
2016.10.27 07:39:26.958,0.95688,0.95713,1.00,1.00
2016.10.27 07:39:27.260,0.95687,0.9571,1.00,1.00
2016.10.27 07:39:27.637,0.95687,0.95713,1.00,1.00
2016.10.27 07:39:28.182,0.95686,0.95712,1.00,1.00
2016.10.27 07:39:28.232,0.95686,0.9571,1.00,1.00
2016.10.27 07:39:28.937,0.95688,0.95712,1.00,1.00
2016.10.27 07:39:30.503,0.95689,0.95714,1.00,1.00
2016.10.27 07:39:31.520,0.95687,0.95712,1.50,1.00
2016.10.27 07:39:36.332,0.95687,0.95711,1.00,1.00
2016.10.27 07:39:36.648,0.95687,0.95709,1.00,1.00
2016.10.27 07:39:37.831,0.95687,0.95713,1.00,1.00
2016.10.27 07:39:40.569,0.95692,0.95717,1.00,1.00
2016.10.27 07:39:40.872,0.95694,0.95718,1.00,1.00
2016.10.27 07:39:41.345,0.95691,0.95717,1.00,1.00
2016.10.27 07:39:41.769,0.95688,0.95709,1.00,1.00
2016.10.27 07:39:41.820,0.95685,0.95709,1.00,1.00
2016.10.27 07:39:42.211,0.95681,0.95706,1.00,1.00
2016.10.27 07:39:42.747,0.9568,0.95704,1.00,1.00
2016.10.27 07:39:43.749,0.9568,0.95705,1.00,1.00
2016.10.27 07:39:45.098,0.95679,0.95704,1.00,1.00
2016.10.27 07:39:45.878,0.95678,0.957,1.50,1.00
2016.10.27 07:39:46.708,0.95679,0.95701,1.00,1.00
2016.10.27 07:39:47.569,0.95677,0.95702,1.00,1.00
2016.10.27 07:39:48.421,0.95678,0.95702,1.00,1.00
2016.10.27 07:39:49.120,0.95677,0.95702,1.00,1.00
2016.10.27 07:39:49.647,0.95678,0.95702,1.00,1.00
2016.10.27 07:39:50.694,0.95677,0.95702,1.00,1.00
2016.10.27 07:39:53.779,0.95674,0.95699,1.00,1.00
2016.10.27 07:39:54.782,0.95675,0.95699,1.00,1.00
2016.10.27 07:39:55.092,0.95679,0.95701,1.00,1.00
2016.10.27 07:39:55.283,0.95676,0.95701,1.00,1.00
2016.10.27 07:39:55.384,0.95678,0.95701,1.00,1.00
2016.10.27 07:39:56.321,0.95679,0.95701,1.00,1.00
2016.10.27 07:39:59.427,0.95678,0.95703,1.00,1.00
2016.10.27 07:39:59.798,0.95678,0.95701,1.00,1.00
2016.10.27 07:40:00.185,0.95678,0.95703,1.00,1.00
2016.10.27 07:40:00.607,0.95682,0.95706,1.00,1.00
2016.10.27 07:40:00.909,0.95684,0.95707,1.00,1.00
2016.10.27 07:40:01.528,0.95683,0.95705,1.00,1.00
2016.10.27 07:40:02.847,0.95685,0.95708,1.00,1.00
2016.10.27 07:40:03.544,0.95684,0.95707,1.00,1.00
2016.10.27 07:40:07.227,0.95679,0.95702,1.00,1.00
2016.10.27 07:40:07.502,0.9568,0.95705,1.00,1.00
2016.10.27 07:40:08.498,0.95682,0.95704,1.00,1.00
2016.10.27 07:40:10.300,0.9568,0.95703,1.00,1.00
2016.10.27 07:40:14.707,0.95682,0.95705,1.00,1.00
2016.10.27 07:40:17.432,0.95685,0.95707,1.00,1.00
2016.10.27 07:40:18.118,0.95684,0.95707,1.00,1.00
2016.10.27 07:40:19.739,0.95688,0.95712,1.00,1.00
2016.10.27 07:40:20.775,0.95689,0.95712,1.00,1.00
2016.10.27 07:40:22.379,0.9569,0.95712,1.00,1.00
2016.10.27 07:40:23.844,0.95689,0.95714,1.00,1.00
2016.10.27 07:40:24.886,0.9569,0.95714,1.00,1.00
2016.10.27 07:40:25.842,0.9569,0.95713,1.00,1.00
2016.10.27 07:40:28.362,0.9569,0.95715,1.00,1.00
2016.10.27 07:40:30.261,0.95692,0.95715,1.00,1.00
2016.10.27 07:40:30.882,0.9569,0.95713,1.00,1.00
2016.10.27 07:40:31.202,0.95688,0.95712,1.00,1.00
2016.10.27 07:40:31.765,0.95688,0.95711,1.00,1.00
2016.10.27 07:40:33.160,0.95686,0.95712,1.00,1.00
2016.10.27 07:40:34.679,0.95683,0.95717,1.00,1.00
2016.10.27 07:40:35.820,0.9568,0.95713,1.00,1.00
2016.10.27 07:40:36.222,0.95682,0.95713,1.00,1.00
2016.10.27 07:40:39.316,0.9568,0.95713,1.00,1.00
2016.10.27 07:40:39.681,0.95683,0.95713,1.00,1.00
2016.10.27 07:40:41.420,0.95688,0.95713,1.00,1.00
2016.10.27 07:40:41.521,0.9568,0.95713,1.00,1.00
2016.10.27 07:40:41.622,0.95677,0.9571,1.50,1.00
2016.10.27 07:40:42.239,0.95677,0.95708,1.00,1.00
2016.10.27 07:40:42.940,0.95677,0.9571,1.00,1.00
2016.10.27 07:40:43.548,0.95683,0.9571,1.00,1.00
2016.10.27 07:40:43.651,0.95678,0.9571,1.00,1.00
2016.10.27 07:40:43.701,0.95678,0.95708,1.00,1.00
2016.10.27 07:40:43.862,0.95678,0.9571,1.00,1.00
2016.10.27 07:40:44.363,0.95677,0.9571,1.50,1.00
2016.10.27 07:40:45.062,0.95678,0.9571,1.00,1.00
2016.10.27 07:40:46.659,0.95684,0.95718,1.00,1.00
2016.10.27 07:40:46.760,0.95682,0.95715,1.00,1.00
2016.10.27 07:40:47.163,0.95687,0.95715,1.00,1.00
2016.10.27 07:40:47.214,0.95689,0.95722,1.00,1.00
2016.10.27 07:40:50.823,0.95693,0.95718,1.00,1.00
2016.10.27 07:40:51.615,0.957,0.95726,1.00,1.00
2016.10.27 07:40:51.665,0.95702,0.95727,1.00,1.00
2016.10.27 07:40:52.186,0.95703,0.95728,1.00,1.00
2016.10.27 07:40:53.209,0.95705,0.95728,1.00,1.00
2016.10.27 07:40:53.411,0.9571,0.95737,1.00,1.00
2016.10.27 07:40:53.613,0.95706,0.95733,1.00,1.00
2016.10.27 07:40:54.158,0.95709,0.95736,1.00,1.00
2016.10.27 07:40:54.741,0.9571,0.95737,1.00,1.00
2016.10.27 07:40:55.711,0.9571,0.95739,1.00,1.00
2016.10.27 07:40:56.019,0.95709,0.95737,1.00,1.00
2016.10.27 07:40:56.988,0.95706,0.95733,1.00,1.00
2016.10.27 07:40:57.395,0.95708,0.95734,1.00,1.00
2016.10.27 07:40:58.744,0.95707,0.95734,1.00,1.00
2016.10.27 07:40:59.289,0.95709,0.95732,1.00,1.00
2016.10.27 07:41:01.086,0.95715,0.95742,1.00,1.00
2016.10.27 07:41:01.137,0.95717,0.95746,1.00,1.00
2016.10.27 07:41:02.076,0.95718,0.95743,1.00,1.00
2016.10.27 07:41:03.655,0.95716,0.95741,1.00,1.00
2016.10.27 07:41:03.965,0.95719,0.95741,1.00,1.00
2016.10.27 07:41:04.637,0.95716,0.9574,1.00,1.00
2016.10.27 07:41:04.873,0.95718,0.95742,1.00,1.00
2016.10.27 07:41:05.645,0.95716,0.95742,1.00,1.00
2016.10.27 07:41:05.932,0.95716,0.9574,1.00,1.00
2016.10.27 07:41:08.437,0.95716,0.95741,1.00,1.00
2016.10.27 07:41:08.831,0.95723,0.95741,1.00,1.00
2016.10.27 07:41:08.930,0.95719,0.95749,1.00,1.00
2016.10.27 07:41:09.810,0.95723,0.95751,1.00,1.00
2016.10.27 07:41:10.465,0.95726,0.95751,1.00,1.00
2016.10.27 07:41:11.641,0.9572,0.95748,1.00,1.00
2016.10.27 07:41:11.692,0.95718,0.95748,1.50,1.00
2016.10.27 07:41:11.793,0.95721,0.95749,1.00,1.00
2016.10.27 07:41:12.105,0.95723,0.95749,1.00,1.00
2016.10.27 07:41:12.789,0.95723,0.95747,1.50,1.00
2016.10.27 07:41:13.649,0.95723,0.95746,1.00,1.00
2016.10.27 07:41:14.173,0.95722,0.95746,1.00,1.00
2016.10.27 07:41:14.223,0.9572,0.95746,1.50,1.00
2016.10.27 07:41:16.938,0.95721,0.95744,1.00,1.00
2016.10.27 07:41:22.328,0.95721,0.95743,1.00,1.00
2016.10.27 07:41:23.064,0.95721,0.95744,1.00,1.00
2016.10.27 07:41:25.015,0.95722,0.95745,1.00,1.00
2016.10.27 07:41:25.780,0.9572,0.95743,1.00,1.00
2016.10.27 07:41:27.320,0.95721,0.95744,1.00,1.00
2016.10.27 07:41:27.722,0.95723,0.95746,1.00,1.00
2016.10.27 07:41:28.611,0.95719,0.95748,1.00,2.10
2016.10.27 07:41:28.711,0.95716,0.95738,1.00,1.00
2016.10.27 07:41:28.824,0.95713,0.95742,1.00,1.00
2016.10.27 07:41:29.247,0.9572,0.95746,1.50,1.00
2016.10.27 07:41:29.597,0.95718,0.95744,1.00,1.00
2016.10.27 07:41:30.233,0.95718,0.95742,1.00,1.00
2016.10.27 07:41:30.385,0.95715,0.95743,1.50,1.00
2016.10.27 07:41:31.580,0.95716,0.95742,1.00,1.00
2016.10.27 07:41:32.182,0.95717,0.95743,1.00,1.00
2016.10.27 07:41:32.917,0.95716,0.9574,1.00,1.00
2016.10.27 07:41:33.227,0.95718,0.95742,1.00,1.00
2016.10.27 07:41:33.683,0.95716,0.95742,1.50,1.00
2016.10.27 07:41:34.111,0.95721,0.95747,1.00,1.00
2016.10.27 07:41:34.648,0.95722,0.95747,1.00,1.00
2016.10.27 07:41:35.657,0.9572,0.95744,1.00,1.00
2016.10.27 07:41:37.994,0.9572,0.95747,1.00,1.00
2016.10.27 07:41:38.633,0.95721,0.95749,1.00,1.00
2016.10.27 07:41:38.695,0.95725,0.95747,1.00,1.00
2016.10.27 07:41:39.998,0.95725,0.95748,1.00,1.00
2016.10.27 07:41:40.099,0.95722,0.95748,1.00,1.00
2016.10.27 07:41:40.209,0.95721,0.95746,1.00,1.00
2016.10.27 07:41:43.203,0.9572,0.95748,1.00,1.00
2016.10.27 07:41:43.660,0.95722,0.95747,1.00,1.00
2016.10.27 07:41:43.984,0.9572,0.95745,1.00,1.00
2016.10.27 07:41:44.315,0.95721,0.95748,1.00,1.50
2016.10.27 07:41:44.699,0.95715,0.95737,1.00,1.00
2016.10.27 07:41:44.751,0.95712,0.95737,1.00,1.00
2016.10.27 07:41:45.747,0.95714,0.95739,1.00,1.00
2016.10.27 07:41:47.123,0.95715,0.9574,1.00,1.00
2016.10.27 07:41:54.151,0.95717,0.9574,1.00,1.00
2016.10.27 07:41:55.213,0.95716,0.9574,1.00,1.00
2016.10.27 07:41:56.206,0.95716,0.95741,1.00,1.00
2016.10.27 07:41:56.620,0.95714,0.95738,1.00,1.00
2016.10.27 07:41:57.280,0.95713,0.95738,1.00,1.00
2016.10.27 07:41:57.864,0.95713,0.95739,1.50,1.00
2016.10.27 07:41:58.281,0.95715,0.95739,1.00,1.00
2016.10.27 07:41:58.683,0.9572,0.95743,1.00,1.50
2016.10.27 07:41:59.045,0.95721,0.95746,1.00,1.00
2016.10.27 07:41:59.183,0.95723,0.95747,1.00,1.00
2016.10.27 07:42:00.246,0.95721,0.95746,1.00,1.00
2016.10.27 07:42:01.258,0.95722,0.95745,1.00,1.00
2016.10.27 07:42:01.360,0.95721,0.95747,1.00,1.00
2016.10.27 07:42:01.948,0.95722,0.95748,1.00,1.00
2016.10.27 07:42:03.259,0.95714,0.95744,1.00,1.00
2016.10.27 07:42:03.993,0.95713,0.95742,1.00,1.00
2016.10.27 07:42:04.301,0.95717,0.95742,1.00,1.00
2016.10.27 07:42:05.081,0.95716,0.95741,1.00,1.00
2016.10.27 07:42:05.473,0.95719,0.95744,1.00,1.00
2016.10.27 07:42:05.775,0.95718,0.95741,1.00,1.00
2016.10.27 07:42:06.317,0.95716,0.95743,1.00,1.00
2016.10.27 07:42:06.385,0.95718,0.95743,1.00,1.00
2016.10.27 07:42:07.358,0.95717,0.95743,1.00,1.00
2016.10.27 07:42:07.969,0.95718,0.95742,1.00,1.00
2016.10.27 07:42:08.537,0.95717,0.95741,1.50,1.00
2016.10.27 07:42:10.564,0.95717,0.9574,1.00,1.00
2016.10.27 07:42:12.265,0.95717,0.95742,1.50,1.00
2016.10.27 07:42:13.266,0.95717,0.95741,1.50,1.00
2016.10.27 07:42:13.367,0.95723,0.95746,1.00,1.00
2016.10.27 07:42:13.518,0.95724,0.95749,1.00,1.00
2016.10.27 07:42:14.272,0.9572,0.95744,1.00,1.00
2016.10.27 07:42:18.374,0.95721,0.95744,1.00,1.00
2016.10.27 07:42:20.049,0.95721,0.95745,1.00,1.00
2016.10.27 07:42:20.815,0.95722,0.95746,1.00,1.00
2016.10.27 07:42:21.767,0.95723,0.95746,1.00,1.00
2016.10.27 07:42:22.396,0.95723,0.95747,1.00,1.00
2016.10.27 07:42:25.232,0.95723,0.95746,1.00,1.00
2016.10.27 07:42:26.784,0.95723,0.95747,1.00,1.00
2016.10.27 07:42:31.167,0.95722,0.95747,1.00,1.00
2016.10.27 07:42:32.263,0.95723,0.95747,1.00,1.00
2016.10.27 07:42:33.407,0.95723,0.95746,1.00,1.00
2016.10.27 07:42:34.868,0.95722,0.95746,1.00,1.00
2016.10.27 07:42:34.919,0.95723,0.95748,1.00,1.00
2016.10.27 07:42:35.020,0.95725,0.9575,1.00,1.50
2016.10.27 07:42:35.948,0.95719,0.95745,1.00,1.00
2016.10.27 07:42:36.049,0.95719,0.95742,1.00,1.00
2016.10.27 07:42:36.150,0.95721,0.95746,1.00,1.00
2016.10.27 07:42:36.949,0.9572,0.95745,1.00,1.00
2016.10.27 07:42:37.117,0.95718,0.95745,2.25,1.00
2016.10.27 07:42:37.718,0.9572,0.95743,1.00,1.00
2016.10.27 07:42:39.569,0.9572,0.95746,1.00,1.00
2016.10.27 07:42:40.127,0.95719,0.95745,1.00,1.00
2016.10.27 07:42:40.674,0.9572,0.95746,1.00,1.00
2016.10.27 07:42:41.395,0.95723,0.95746,1.00,1.00
2016.10.27 07:42:42.326,0.95722,0.95745,1.00,1.00
2016.10.27 07:42:43.078,0.95723,0.95745,1.00,1.00
2016.10.27 07:42:46.453,0.95722,0.95745,1.00,1.00
2016.10.27 07:42:48.436,0.95721,0.95744,1.00,1.00
2016.10.27 07:42:49.070,0.95722,0.95745,1.00,1.00
2016.10.27 07:42:50.046,0.95721,0.95744,1.00,1.00
2016.10.27 07:42:51.464,0.9572,0.95744,1.00,1.00
2016.10.27 07:42:53.498,0.95721,0.95744,1.00,1.00
2016.10.27 07:42:53.928,0.95725,0.95748,1.00,1.00
2016.10.27 07:42:54.456,0.95725,0.9575,1.00,1.00
2016.10.27 07:42:55.608,0.95726,0.95748,1.00,1.00
2016.10.27 07:42:56.808,0.95725,0.95748,1.00,1.00
2016.10.27 07:43:00.821,0.95725,0.9575,1.00,1.00
2016.10.27 07:43:03.823,0.95726,0.95751,1.00,1.00
2016.10.27 07:43:06.525,0.95723,0.95748,1.50,1.00
2016.10.27 07:43:06.829,0.95725,0.95747,1.00,1.00
2016.10.27 07:43:06.995,0.95722,0.95746,1.00,1.00
2016.10.27 07:43:07.772,0.95718,0.95744,1.50,1.00
2016.10.27 07:43:07.997,0.95718,0.95742,1.50,1.00
2016.10.27 07:43:08.333,0.95721,0.95745,1.00,1.00
2016.10.27 07:43:10.287,0.9572,0.95745,1.00,1.00
2016.10.27 07:43:12.250,0.9572,0.95744,1.00,1.00
2016.10.27 07:43:12.558,0.95718,0.95742,1.00,1.00
2016.10.27 07:43:13.533,0.9572,0.95742,1.00,1.00
2016.10.27 07:43:13.584,0.95722,0.9575,1.00,1.00
2016.10.27 07:43:13.743,0.95724,0.9575,1.00,1.00
2016.10.27 07:43:14.102,0.95722,0.95748,1.50,1.00
2016.10.27 07:43:14.728,0.95723,0.95748,1.00,1.00
2016.10.27 07:43:15.671,0.95722,0.95748,1.00,1.00
2016.10.27 07:43:17.722,0.95723,0.95749,1.00,1.00
2016.10.27 07:43:18.296,0.95724,0.95749,1.00,1.00
2016.10.27 07:43:18.831,0.95719,0.95746,1.00,1.00
2016.10.27 07:43:19.976,0.95719,0.95743,1.00,1.00
2016.10.27 07:43:20.281,0.95717,0.95741,1.00,1.00
2016.10.27 07:43:21.168,0.95716,0.9574,1.00,1.00
2016.10.27 07:43:21.219,0.9572,0.95746,1.00,1.00
2016.10.27 07:43:22.964,0.95721,0.95746,1.00,1.00
2016.10.27 07:43:23.855,0.95722,0.95745,1.00,1.00
2016.10.27 07:43:25.646,0.95721,0.95744,1.00,1.00
2016.10.27 07:43:26.878,0.95719,0.95742,1.00,1.00
2016.10.27 07:43:27.380,0.95721,0.95744,1.00,1.00
2016.10.27 07:43:28.314,0.95722,0.95744,1.00,1.00
2016.10.27 07:43:28.365,0.95719,0.95742,1.00,1.00
2016.10.27 07:43:29.409,0.9572,0.95743,1.00,1.00
2016.10.27 07:43:29.460,0.95717,0.9574,1.00,1.00
2016.10.27 07:43:30.453,0.95715,0.95738,1.00,1.00
2016.10.27 07:43:33.568,0.95715,0.95737,1.00,1.00
2016.10.27 07:43:34.089,0.95715,0.95738,1.00,1.00
2016.10.27 07:43:35.520,0.95716,0.95739,1.00,1.00
2016.10.27 07:43:40.182,0.95716,0.95738,1.00,1.00
2016.10.27 07:43:40.567,0.95715,0.95741,1.00,1.00
2016.10.27 07:43:51.142,0.95718,0.95741,1.00,1.00
2016.10.27 07:43:51.244,0.95718,0.95744,1.00,1.00
2016.10.27 07:43:51.345,0.9572,0.95745,1.00,1.00
2016.10.27 07:43:51.656,0.95719,0.95742,1.00,1.00
2016.10.27 07:43:52.502,0.95718,0.95741,1.50,1.00
2016.10.27 07:43:54.282,0.95718,0.95742,1.00,1.00
2016.10.27 07:43:56.655,0.95716,0.95741,1.00,1.00
2016.10.27 07:43:57.633,0.95718,0.95741,1.00,1.00
2016.10.27 07:43:58.159,0.95719,0.95743,1.00,1.00
2016.10.27 07:43:58.210,0.95715,0.95741,1.00,1.00
2016.10.27 07:43:59.231,0.95714,0.95741,1.00,1.00
2016.10.27 07:43:59.432,0.95717,0.9574,1.00,1.00
2016.10.27 07:44:00.593,0.95712,0.95729,1.00,1.00
2016.10.27 07:44:00.681,0.95708,0.95732,1.50,1.00
2016.10.27 07:44:00.833,0.95718,0.95744,1.00,1.00
2016.10.27 07:44:01.927,0.9572,0.95744,1.00,1.00
2016.10.27 07:44:03.548,0.95718,0.95744,1.00,1.00
2016.10.27 07:44:04.433,0.95721,0.95744,1.00,1.00
2016.10.27 07:44:05.028,0.95722,0.95744,1.00,1.00
2016.10.27 07:44:06.030,0.9572,0.95745,1.00,1.00
2016.10.27 07:44:07.855,0.95719,0.95742,1.00,1.00
2016.10.27 07:44:08.256,0.95721,0.95744,1.00,1.00
2016.10.27 07:44:08.776,0.9572,0.95742,1.00,1.00
2016.10.27 07:44:08.876,0.95717,0.95742,1.00,1.00
2016.10.27 07:44:09.185,0.95716,0.95739,1.00,1.00
2016.10.27 07:44:10.242,0.95715,0.95739,1.00,1.00
2016.10.27 07:44:10.743,0.95715,0.9574,1.00,1.00
2016.10.27 07:44:14.696,0.95713,0.95738,1.00,1.00
2016.10.27 07:44:15.020,0.95713,0.95736,1.00,1.00
2016.10.27 07:44:15.633,0.95711,0.95734,1.00,1.00
2016.10.27 07:44:15.968,0.95711,0.95737,1.00,1.00
2016.10.27 07:44:16.069,0.95712,0.95735,1.00,1.00
2016.10.27 07:44:17.098,0.95713,0.95736,1.00,1.00
2016.10.27 07:44:17.621,0.95713,0.95737,1.00,1.00
2016.10.27 07:44:18.023,0.95709,0.95733,1.00,1.00
2016.10.27 07:44:19.002,0.9571,0.95734,1.00,1.00
2016.10.27 07:44:23.594,0.95709,0.95732,1.00,1.00
2016.10.27 07:44:24.373,0.95709,0.95731,1.00,1.00
2016.10.27 07:44:24.914,0.95709,0.95732,1.00,1.00
2016.10.27 07:44:25.884,0.95708,0.95731,1.00,1.00
2016.10.27 07:44:27.212,0.95709,0.95732,1.00,1.00
2016.10.27 07:44:28.349,0.95707,0.95732,1.00,1.50
2016.10.27 07:44:28.404,0.95704,0.95729,1.00,1.00
2016.10.27 07:44:29.076,0.95703,0.95728,1.00,1.00
2016.10.27 07:44:29.482,0.95705,0.95728,1.00,1.00
2016.10.27 07:44:29.734,0.95705,0.95731,1.00,1.00
2016.10.27 07:44:29.834,0.95706,0.95729,1.00,1.00
2016.10.27 07:44:29.935,0.95709,0.95736,1.00,1.00
2016.10.27 07:44:30.036,0.95711,0.95736,1.00,1.00
2016.10.27 07:44:30.744,0.95711,0.95733,1.00,1.00
2016.10.27 07:44:31.264,0.9571,0.95733,1.00,1.00
2016.10.27 07:44:31.783,0.95709,0.95732,1.00,1.00
2016.10.27 07:44:32.882,0.95709,0.95735,1.00,1.00
2016.10.27 07:44:33.515,0.95713,0.95736,1.00,1.00
2016.10.27 07:44:33.968,0.95714,0.95741,1.00,1.00
2016.10.27 07:44:34.970,0.95715,0.95741,1.00,1.00
2016.10.27 07:44:40.320,0.95716,0.95739,1.00,1.00
2016.10.27 07:44:41.313,0.95714,0.95736,1.00,1.00
2016.10.27 07:44:41.422,0.9571,0.95735,1.00,1.00
2016.10.27 07:44:46.632,0.95708,0.95732,1.50,1.00
2016.10.27 07:44:46.934,0.95707,0.9573,1.00,1.00
2016.10.27 07:44:47.557,0.95705,0.9573,1.00,1.00
2016.10.27 07:44:48.409,0.95704,0.95727,1.00,1.00
2016.10.27 07:44:49.302,0.95703,0.95726,1.00,1.00
2016.10.27 07:44:49.579,0.95702,0.95728,1.00,1.00
2016.10.27 07:44:49.643,0.95701,0.95725,1.00,1.00
2016.10.27 07:44:50.444,0.95702,0.95726,1.00,1.00
2016.10.27 07:44:51.773,0.95703,0.95727,1.00,1.00
2016.10.27 07:44:51.874,0.95705,0.95732,1.00,1.00
2016.10.27 07:44:52.902,0.95703,0.95725,1.00,1.00
2016.10.27 07:44:52.952,0.95701,0.95725,1.00,1.00
2016.10.27 07:44:53.363,0.95702,0.95728,1.00,1.00
2016.10.27 07:44:53.464,0.95705,0.95731,1.00,1.00
2016.10.27 07:44:55.398,0.95704,0.95729,1.00,1.00
2016.10.27 07:44:55.990,0.95704,0.9573,1.00,1.00
2016.10.27 07:44:57.157,0.95703,0.95729,1.00,1.00
2016.10.27 07:44:58.877,0.95701,0.95728,1.00,1.00
2016.10.27 07:44:58.983,0.95701,0.95725,1.00,1.00
2016.10.27 07:45:01.005,0.957,0.95728,1.00,1.00
2016.10.27 07:45:01.106,0.95708,0.95733,1.00,1.50
2016.10.27 07:45:01.450,0.95707,0.95731,1.00,1.00
2016.10.27 07:45:01.971,0.95705,0.9573,1.00,1.00
2016.10.27 07:45:03.170,0.95707,0.95731,1.00,1.00
2016.10.27 07:45:04.023,0.95704,0.95731,1.00,1.00
2016.10.27 07:45:04.213,0.95703,0.95729,1.00,1.00
2016.10.27 07:45:04.515,0.95703,0.95727,1.50,1.00
2016.10.27 07:45:05.327,0.95703,0.95729,1.50,1.00
2016.10.27 07:45:06.402,0.95701,0.95727,1.00,1.00
2016.10.27 07:45:07.612,0.95703,0.95727,1.00,1.00
2016.10.27 07:45:08.804,0.95703,0.95728,1.00,1.00
2016.10.27 07:45:11.606,0.95704,0.95727,1.00,1.00
2016.10.27 07:45:12.343,0.95713,0.95738,1.00,1.00
2016.10.27 07:45:12.704,0.95717,0.9574,1.00,1.00
2016.10.27 07:45:16.830,0.95718,0.9574,1.00,1.00
2016.10.27 07:45:17.831,0.95717,0.9574,1.00,1.00
2016.10.27 07:45:19.036,0.95718,0.95741,1.00,1.00
2016.10.27 07:45:20.304,0.95715,0.95738,1.00,1.00
2016.10.27 07:45:20.515,0.95712,0.95737,1.00,1.00
2016.10.27 07:45:21.299,0.9571,0.95733,1.00,1.00
2016.10.27 07:45:21.824,0.95708,0.95733,1.00,1.00
2016.10.27 07:45:22.243,0.95707,0.9573,1.00,1.00
2016.10.27 07:45:23.013,0.95707,0.95731,1.00,1.00
2016.10.27 07:45:23.505,0.95711,0.95737,1.00,1.00
2016.10.27 07:45:25.422,0.95712,0.95738,1.00,1.00
2016.10.27 07:45:26.426,0.95711,0.95737,1.00,1.00
2016.10.27 07:45:29.869,0.95713,0.9574,1.00,1.50
2016.10.27 07:45:29.971,0.95716,0.95738,1.00,1.00
2016.10.27 07:45:30.702,0.95716,0.95739,1.00,1.00
2016.10.27 07:45:31.445,0.95716,0.9574,1.00,1.00
2016.10.27 07:45:32.449,0.95717,0.9574,1.00,1.00
2016.10.27 07:45:33.462,0.95716,0.9574,1.00,1.00
2016.10.27 07:45:33.754,0.95716,0.95742,1.00,1.00
2016.10.27 07:45:35.056,0.9571,0.95743,1.00,1.00
2016.10.27 07:45:43.715,0.95712,0.95747,1.00,1.00
2016.10.27 07:45:46.285,0.95719,0.95742,1.00,1.00
2016.10.27 07:45:49.860,0.95716,0.95739,1.00,1.00
2016.10.27 07:45:51.541,0.95713,0.95737,1.00,1.00
2016.10.27 07:45:52.564,0.95714,0.95738,1.00,1.00
2016.10.27 07:45:54.626,0.95713,0.95737,1.00,1.00
2016.10.27 07:45:55.759,0.95714,0.95738,1.00,1.00
2016.10.27 07:45:57.465,0.95719,0.95741,1.00,1.00
2016.10.27 07:45:57.628,0.9572,0.95743,1.00,1.00
2016.10.27 07:45:58.228,0.95721,0.95744,1.00,1.00
2016.10.27 07:45:59.430,0.95722,0.95745,1.00,1.00
2016.10.27 07:46:00.157,0.95722,0.95746,1.00,1.00
2016.10.27 07:46:00.812,0.95722,0.95747,1.00,1.00
2016.10.27 07:46:03.875,0.95721,0.95746,1.00,1.00
2016.10.27 07:46:04.930,0.9572,0.95745,1.00,1.00
2016.10.27 07:46:05.142,0.95718,0.9574,1.00,1.00
2016.10.27 07:46:05.243,0.95715,0.95738,1.00,1.00
2016.10.27 07:46:05.344,0.95713,0.95738,1.00,1.00
2016.10.27 07:46:06.288,0.95711,0.95736,1.00,1.00
2016.10.27 07:46:07.399,0.95709,0.95734,1.00,1.00
2016.10.27 07:46:07.942,0.95712,0.95735,1.00,1.00
2016.10.27 07:46:08.494,0.95711,0.95735,1.00,1.00
2016.10.27 07:46:09.003,0.95709,0.95733,1.00,1.00
2016.10.27 07:46:09.247,0.95709,0.95735,1.00,1.00
2016.10.27 07:46:10.572,0.9571,0.95735,1.00,1.00
2016.10.27 07:46:11.049,0.95712,0.95735,1.00,1.00
2016.10.27 07:46:13.756,0.95708,0.95732,1.00,1.00
2016.10.27 07:46:14.329,0.95707,0.95732,1.00,1.00
2016.10.27 07:46:15.025,0.95707,0.9573,1.00,1.00
2016.10.27 07:46:15.290,0.95705,0.9573,1.00,1.00
2016.10.27 07:46:17.865,0.95707,0.95732,1.00,1.00
2016.10.27 07:46:18.214,0.95705,0.9573,1.00,1.00
2016.10.27 07:46:18.762,0.95705,0.95728,1.00,1.00
2016.10.27 07:46:19.073,0.95709,0.95732,1.00,1.00
2016.10.27 07:46:19.462,0.95709,0.95738,1.00,1.00
2016.10.27 07:46:19.513,0.95712,0.95737,1.00,1.00
2016.10.27 07:46:19.614,0.95713,0.9574,1.00,1.00
2016.10.27 07:46:20.202,0.95714,0.95739,1.00,1.00
2016.10.27 07:46:21.597,0.95715,0.9574,1.00,1.00
2016.10.27 07:46:22.170,0.95715,0.95742,1.00,1.00
2016.10.27 07:46:23.173,0.95716,0.95741,1.00,1.00
2016.10.27 07:46:23.495,0.95715,0.95738,1.00,1.00
2016.10.27 07:46:25.613,0.95717,0.9574,1.00,1.00
2016.10.27 07:46:25.714,0.95719,0.95744,1.00,1.50
2016.10.27 07:46:26.707,0.9572,0.95745,1.00,1.00
2016.10.27 07:46:27.416,0.95719,0.95742,1.00,1.00
2016.10.27 07:46:30.296,0.95718,0.95741,1.00,1.00
2016.10.27 07:46:35.350,0.95717,0.9574,1.00,1.00
2016.10.27 07:46:41.034,0.95718,0.95741,1.00,1.00
2016.10.27 07:46:47.073,0.95719,0.95742,1.00,1.00
2016.10.27 07:46:47.275,0.95719,0.95744,1.00,1.00
2016.10.27 07:46:48.328,0.95719,0.95742,1.00,1.00
2016.10.27 07:46:48.850,0.95719,0.95744,1.00,1.00
2016.10.27 07:46:49.665,0.95719,0.95743,1.00,1.00
2016.10.27 07:46:50.283,0.9572,0.95744,1.00,1.00
2016.10.27 07:46:51.028,0.9572,0.95743,1.00,1.00
2016.10.27 07:46:52.892,0.95719,0.95743,1.00,1.00
2016.10.27 07:46:54.116,0.95717,0.95742,1.00,1.00
2016.10.27 07:46:54.617,0.95716,0.95741,1.00,1.00
2016.10.27 07:46:54.826,0.95722,0.95745,1.00,1.00
2016.10.27 07:46:55.212,0.95725,0.95748,1.00,1.00
2016.10.27 07:46:56.418,0.95724,0.95747,1.00,1.00
2016.10.27 07:46:57.099,0.95726,0.95749,1.00,1.00
2016.10.27 07:46:58.032,0.95725,0.95748,1.00,1.00
2016.10.27 07:46:58.339,0.95723,0.95746,1.00,1.00
2016.10.27 07:46:59.180,0.95722,0.95746,1.00,1.00
2016.10.27 07:47:00.054,0.95722,0.95748,1.00,1.00
2016.10.27 07:47:00.384,0.95724,0.95747,1.00,1.00
2016.10.27 07:47:01.727,0.95723,0.95746,1.00,1.00
2016.10.27 07:47:02.336,0.95722,0.95744,1.00,1.00
2016.10.27 07:47:02.934,0.95721,0.95744,1.00,1.00
2016.10.27 07:47:04.024,0.9572,0.95743,1.00,1.00
2016.10.27 07:47:04.716,0.95721,0.95745,1.00,1.00
2016.10.27 07:47:05.161,0.95725,0.9575,1.00,1.00
2016.10.27 07:47:10.607,0.95726,0.9575,1.00,1.00
2016.10.27 07:47:11.117,0.95725,0.95748,1.00,1.00
2016.10.27 07:47:11.419,0.95725,0.9575,1.00,1.00
2016.10.27 07:47:11.520,0.95728,0.95752,1.50,1.00
2016.10.27 07:47:12.415,0.9573,0.95752,1.00,1.00
2016.10.27 07:47:18.432,0.9573,0.95753,1.00,1.00
2016.10.27 07:47:19.399,0.95728,0.95752,1.00,1.00
2016.10.27 07:47:23.186,0.95718,0.95739,1.00,1.00
2016.10.27 07:47:23.337,0.95712,0.95739,1.50,1.00
2016.10.27 07:47:25.611,0.95713,0.95739,1.00,1.00
2016.10.27 07:47:26.195,0.95714,0.95737,1.00,1.00
2016.10.27 07:47:27.580,0.95716,0.95739,1.00,1.00
2016.10.27 07:47:29.385,0.95711,0.95734,1.00,1.00
2016.10.27 07:47:29.594,0.95708,0.95733,1.00,1.00
2016.10.27 07:47:31.395,0.95707,0.95732,1.00,1.00
2016.10.27 07:47:31.496,0.95707,0.9573,1.00,1.00
2016.10.27 07:47:33.481,0.95707,0.95729,1.00,1.00
2016.10.27 07:47:34.529,0.95707,0.9573,1.00,1.00
2016.10.27 07:47:37.414,0.95708,0.95731,1.00,1.00
2016.10.27 07:47:38.502,0.95709,0.95732,1.00,1.00
2016.10.27 07:47:39.010,0.9571,0.95732,1.00,1.00
2016.10.27 07:47:39.899,0.9571,0.95733,1.00,1.00
2016.10.27 07:47:41.069,0.95711,0.95734,1.00,1.00
2016.10.27 07:47:41.635,0.9571,0.95733,1.00,1.00
2016.10.27 07:47:43.308,0.95712,0.95735,1.00,1.00
2016.10.27 07:47:44.114,0.9571,0.95736,1.00,1.00
2016.10.27 07:47:44.661,0.95711,0.95737,1.00,1.00
2016.10.27 07:47:44.712,0.95712,0.95735,1.00,1.00
2016.10.27 07:47:45.488,0.95714,0.95736,1.00,1.00
2016.10.27 07:47:46.837,0.95713,0.95737,1.00,1.00
2016.10.27 07:47:47.154,0.95711,0.95733,1.00,1.00
2016.10.27 07:47:47.364,0.95709,0.95732,1.00,1.00
2016.10.27 07:47:47.472,0.95704,0.95727,1.00,1.00
2016.10.27 07:47:47.996,0.95701,0.95726,1.00,1.00
2016.10.27 07:47:49.386,0.95701,0.95724,1.00,1.00
2016.10.27 07:47:54.963,0.95703,0.95726,1.00,1.00
2016.10.27 07:47:55.164,0.95698,0.95727,1.00,1.00
2016.10.27 07:47:55.265,0.95698,0.95725,1.00,1.00
2016.10.27 07:47:55.743,0.95703,0.95725,1.50,1.00
2016.10.27 07:47:55.969,0.95704,0.95727,1.00,1.00
2016.10.27 07:47:56.070,0.95705,0.95729,1.00,1.00
2016.10.27 07:47:56.271,0.95704,0.95727,1.00,1.00
2016.10.27 07:47:56.598,0.95702,0.95725,1.00,1.00
2016.10.27 07:47:57.147,0.95701,0.95724,1.00,1.00
2016.10.27 07:47:57.390,0.95702,0.95727,1.00,1.00
2016.10.27 07:47:58.979,0.957,0.95723,1.00,1.00
2016.10.27 07:47:59.705,0.95699,0.95722,1.00,1.00
2016.10.27 07:48:00.269,0.95695,0.95718,1.00,1.00
2016.10.27 07:48:01.075,0.95693,0.95718,1.50,1.00
2016.10.27 07:48:01.589,0.95694,0.95719,1.00,1.00
2016.10.27 07:48:02.189,0.95693,0.95716,1.00,1.00
2016.10.27 07:48:03.288,0.95692,0.95715,1.50,1.00
2016.10.27 07:48:03.799,0.95692,0.95714,1.00,1.00
2016.10.27 07:48:06.884,0.95691,0.95714,1.00,1.00
2016.10.27 07:48:07.407,0.95696,0.95722,1.00,1.00
2016.10.27 07:48:09.169,0.95699,0.95722,1.00,1.00
2016.10.27 07:48:10.626,0.957,0.95723,1.00,1.00
2016.10.27 07:48:10.727,0.95698,0.95723,1.00,1.00
2016.10.27 07:48:12.428,0.95698,0.95721,1.00,1.00
2016.10.27 07:48:18.491,0.95698,0.95723,1.00,1.00
2016.10.27 07:48:20.637,0.95697,0.95723,1.00,1.00
2016.10.27 07:48:22.270,0.95698,0.95722,1.00,1.00
2016.10.27 07:48:25.972,0.95704,0.95727,1.00,1.00
2016.10.27 07:48:26.499,0.957,0.95723,1.00,1.00
2016.10.27 07:48:26.928,0.95698,0.95719,1.00,1.00
2016.10.27 07:48:27.016,0.95695,0.95719,1.00,1.00
2016.10.27 07:48:33.584,0.95695,0.95718,1.00,1.00
2016.10.27 07:48:34.086,0.95694,0.95717,1.00,1.00
2016.10.27 07:48:38.048,0.95694,0.95719,1.00,1.00
2016.10.27 07:48:38.249,0.95692,0.95717,2.25,1.00
2016.10.27 07:48:38.604,0.95692,0.95715,1.00,1.00
2016.10.27 07:48:39.208,0.9569,0.95713,1.00,1.00
2016.10.27 07:48:41.313,0.95688,0.95713,1.50,1.00
2016.10.27 07:48:46.353,0.9569,0.95715,1.00,1.00
2016.10.27 07:48:47.046,0.95691,0.95716,1.00,1.00
2016.10.27 07:48:47.859,0.95691,0.95714,1.00,1.00
2016.10.27 07:48:47.968,0.95689,0.95714,1.00,1.00
2016.10.27 07:48:48.779,0.95689,0.95712,1.00,1.00
2016.10.27 07:48:50.275,0.95696,0.95719,1.00,1.00
2016.10.27 07:48:50.731,0.95696,0.95721,1.00,1.00
2016.10.27 07:48:52.413,0.95695,0.95718,1.00,1.00
2016.10.27 07:48:52.464,0.95693,0.95718,1.00,1.00
2016.10.27 07:48:53.745,0.95693,0.95716,1.00,1.00
2016.10.27 07:48:55.215,0.95692,0.95715,1.00,1.00
2016.10.27 07:48:55.763,0.95693,0.95716,1.00,1.00
2016.10.27 07:48:56.544,0.95694,0.95717,1.00,1.00
2016.10.27 07:48:59.257,0.95694,0.95719,1.00,1.00
2016.10.27 07:49:00.778,0.95698,0.95723,1.00,1.00
2016.10.27 07:49:01.384,0.95699,0.95724,1.00,1.00
2016.10.27 07:49:08.292,0.95698,0.95724,1.00,1.00
2016.10.27 07:49:08.635,0.95697,0.95721,1.00,1.00
2016.10.27 07:49:09.172,0.95698,0.95721,1.00,1.00
2016.10.27 07:49:09.688,0.95696,0.95721,1.00,1.00
2016.10.27 07:49:10.511,0.95698,0.95721,1.00,1.00
2016.10.27 07:49:10.669,0.95696,0.95721,1.00,1.00
2016.10.27 07:49:11.712,0.95697,0.95721,1.00,1.00
2016.10.27 07:49:14.663,0.95696,0.95721,1.00,1.00
2016.10.27 07:49:17.582,0.95695,0.95719,1.00,1.00
2016.10.27 07:49:17.903,0.95697,0.9572,1.00,1.00
2016.10.27 07:49:19.207,0.95696,0.95722,1.00,1.00
2016.10.27 07:49:19.397,0.95696,0.95719,1.00,1.00
2016.10.27 07:49:23.193,0.95696,0.95721,1.00,1.00
2016.10.27 07:49:23.715,0.95695,0.95719,1.00,1.00
2016.10.27 07:49:24.702,0.95694,0.95719,1.00,1.00
2016.10.27 07:49:28.617,0.95697,0.9572,1.00,1.00
2016.10.27 07:49:31.206,0.95696,0.95719,1.00,1.00
2016.10.27 07:49:32.155,0.95692,0.95716,1.00,1.00
2016.10.27 07:49:32.255,0.95689,0.95716,1.00,1.00
2016.10.27 07:49:33.007,0.95689,0.95712,1.00,1.00
2016.10.27 07:49:33.332,0.95687,0.95712,1.00,1.00
2016.10.27 07:49:35.442,0.95689,0.95712,1.00,1.00
2016.10.27 07:49:35.938,0.95689,0.95714,1.00,1.00
2016.10.27 07:49:36.942,0.95692,0.95715,1.00,1.00
2016.10.27 07:49:37.446,0.95693,0.95716,1.00,1.00
2016.10.27 07:49:37.851,0.95693,0.95718,1.00,1.00
2016.10.27 07:49:37.902,0.95695,0.95719,1.00,1.00
2016.10.27 07:49:38.293,0.95693,0.95716,1.00,1.00
2016.10.27 07:49:40.378,0.95695,0.95718,1.00,1.00
2016.10.27 07:49:41.693,0.95694,0.95718,1.00,1.00
2016.10.27 07:49:42.537,0.95693,0.95718,1.00,1.00
2016.10.27 07:49:42.739,0.9569,0.95716,1.00,1.00
2016.10.27 07:49:43.895,0.95689,0.95716,1.00,1.00
2016.10.27 07:49:44.238,0.95699,0.95723,1.00,1.00
2016.10.27 07:49:44.389,0.95699,0.95727,1.00,1.00
2016.10.27 07:49:44.440,0.95703,0.95726,1.00,1.00
2016.10.27 07:49:45.063,0.95704,0.95729,1.00,1.00
2016.10.27 07:49:46.479,0.95708,0.95729,1.00,1.00
2016.10.27 07:49:46.529,0.95704,0.95729,1.00,1.00
2016.10.27 07:49:48.110,0.95707,0.95729,1.00,1.00
2016.10.27 07:49:48.663,0.95713,0.95736,1.00,1.50
2016.10.27 07:49:49.684,0.95712,0.95737,1.00,1.00
2016.10.27 07:49:51.794,0.95708,0.95733,1.00,1.50
2016.10.27 07:49:52.197,0.95703,0.95727,1.50,1.00
2016.10.27 07:49:52.679,0.95702,0.95725,1.00,1.00
2016.10.27 07:49:53.674,0.95704,0.95727,1.00,1.00
2016.10.27 07:49:55.563,0.95703,0.95726,1.50,1.00
2016.10.27 07:49:56.458,0.95702,0.95725,1.50,1.00
2016.10.27 07:49:58.795,0.95702,0.95724,1.00,1.00
2016.10.27 07:50:00.413,0.95706,0.95729,1.00,1.00
2016.10.27 07:50:00.881,0.95708,0.95729,1.00,1.00
2016.10.27 07:50:01.391,0.95709,0.95733,1.00,1.00
2016.10.27 07:50:01.931,0.95709,0.95734,1.00,1.00
2016.10.27 07:50:02.379,0.95707,0.95732,1.50,1.00
2016.10.27 07:50:02.941,0.95709,0.95732,1.00,1.00
2016.10.27 07:50:03.432,0.95712,0.95734,1.00,1.00
2016.10.27 07:50:04.033,0.95713,0.95734,1.00,1.00
2016.10.27 07:50:06.883,0.95709,0.95734,1.00,1.00
2016.10.27 07:50:08.262,0.95713,0.95734,1.00,1.00
2016.10.27 07:50:09.286,0.95717,0.95739,1.00,1.00
2016.10.27 07:50:09.488,0.95718,0.95741,1.00,1.00
2016.10.27 07:50:10.287,0.95715,0.9574,1.00,1.00
2016.10.27 07:50:10.338,0.95715,0.95738,1.00,1.00
2016.10.27 07:50:12.060,0.95714,0.95737,1.00,1.00
2016.10.27 07:50:13.528,0.95713,0.95737,1.00,1.00
2016.10.27 07:50:13.599,0.9571,0.95738,1.00,1.00
2016.10.27 07:50:13.700,0.9571,0.95736,1.00,1.00
2016.10.27 07:50:15.105,0.95713,0.95736,1.00,1.00
2016.10.27 07:50:16.438,0.95711,0.95734,1.00,1.00
2016.10.27 07:50:16.539,0.95708,0.95733,1.50,1.00
2016.10.27 07:50:16.833,0.9571,0.95735,1.00,1.50
2016.10.27 07:50:17.757,0.95712,0.95739,1.00,1.00
2016.10.27 07:50:19.320,0.95714,0.95738,1.00,1.00
2016.10.27 07:50:24.642,0.95712,0.95738,1.00,1.00
2016.10.27 07:50:24.743,0.95714,0.95738,1.00,1.00
2016.10.27 07:50:25.256,0.95712,0.95738,1.00,1.00
2016.10.27 07:50:25.464,0.95713,0.95736,1.00,1.00
2016.10.27 07:50:26.473,0.95712,0.95736,1.50,1.00
2016.10.27 07:50:26.524,0.95713,0.95738,1.50,1.00
2016.10.27 07:50:26.987,0.95712,0.95734,1.00,1.00
2016.10.27 07:50:27.188,0.95712,0.95736,1.00,1.00
2016.10.27 07:50:27.289,0.9571,0.95734,1.00,1.00
2016.10.27 07:50:28.239,0.95706,0.95731,1.00,1.00
2016.10.27 07:50:28.665,0.95708,0.95732,1.00,1.00
2016.10.27 07:50:29.258,0.95709,0.95733,1.00,1.00
2016.10.27 07:50:31.507,0.95708,0.95732,1.00,1.00
2016.10.27 07:50:32.055,0.95709,0.95733,1.00,1.00
2016.10.27 07:50:32.661,0.9571,0.95734,1.00,1.00
2016.10.27 07:50:36.108,0.95708,0.95735,1.00,1.00
2016.10.27 07:50:36.283,0.95703,0.95735,1.00,1.00
2016.10.27 07:50:40.546,0.95706,0.95739,1.00,1.00
2016.10.27 07:50:41.382,0.95708,0.95739,1.00,1.00
2016.10.27 07:50:41.534,0.95712,0.95744,1.00,1.00
2016.10.27 07:50:41.630,0.95717,0.95741,1.00,1.00
2016.10.27 07:50:42.733,0.95718,0.95741,1.00,1.00
2016.10.27 07:50:43.291,0.9572,0.95742,1.00,1.00
2016.10.27 07:50:43.835,0.95718,0.95744,1.00,1.00
2016.10.27 07:50:44.359,0.95715,0.95739,1.50,1.00
2016.10.27 07:50:44.561,0.95716,0.95741,1.00,1.00
2016.10.27 07:50:44.783,0.95714,0.95741,1.00,1.00
2016.10.27 07:50:46.039,0.95714,0.95739,1.00,1.00
2016.10.27 07:50:47.141,0.95716,0.9574,1.00,1.00
2016.10.27 07:50:48.062,0.95716,0.95742,1.00,1.00
2016.10.27 07:50:48.589,0.95716,0.95743,1.00,1.00
2016.10.27 07:50:49.051,0.95716,0.9574,1.00,1.00
2016.10.27 07:50:49.354,0.95719,0.95743,1.00,1.00
2016.10.27 07:50:50.405,0.9572,0.95745,1.00,1.00
2016.10.27 07:50:52.362,0.95718,0.95743,1.00,1.00
2016.10.27 07:50:52.513,0.95716,0.95742,1.00,1.00
2016.10.27 07:50:53.199,0.95716,0.9574,1.00,1.00
2016.10.27 07:50:53.401,0.95713,0.95739,1.00,1.00
2016.10.27 07:50:54.297,0.95715,0.95737,1.00,1.00
2016.10.27 07:50:56.060,0.95714,0.95737,1.00,1.00
2016.10.27 07:50:57.062,0.95715,0.95738,1.00,1.00
2016.10.27 07:51:03.360,0.95711,0.95734,1.00,1.00
2016.10.27 07:51:04.374,0.95712,0.95735,1.00,1.00
2016.10.27 07:51:05.877,0.95709,0.95734,1.00,1.00
2016.10.27 07:51:05.978,0.95709,0.95732,1.00,1.00
2016.10.27 07:51:06.079,0.95707,0.95733,1.00,1.00
2016.10.27 07:51:07.885,0.95708,0.95731,1.00,1.00
2016.10.27 07:51:07.986,0.95705,0.95729,1.00,1.00
2016.10.27 07:51:08.188,0.95708,0.95732,1.00,1.35
2016.10.27 07:51:08.563,0.95711,0.95737,1.00,1.00
2016.10.27 07:51:08.933,0.95714,0.95738,1.00,1.00
2016.10.27 07:51:09.306,0.95716,0.9574,1.00,1.00
2016.10.27 07:51:09.357,0.95717,0.95743,1.00,1.50
2016.10.27 07:51:10.203,0.95717,0.95741,1.00,1.00
2016.10.27 07:51:10.964,0.95716,0.9574,1.00,1.00
2016.10.27 07:51:11.046,0.95715,0.95742,1.00,1.00
2016.10.27 07:51:11.221,0.95716,0.9574,1.00,1.00
2016.10.27 07:51:11.523,0.95711,0.95737,1.00,1.00
2016.10.27 07:51:12.393,0.95712,0.95738,1.00,1.00
2016.10.27 07:51:15.297,0.95714,0.95738,1.00,1.00
2016.10.27 07:51:15.812,0.95715,0.95739,1.00,1.00
2016.10.27 07:51:18.903,0.95715,0.95737,1.00,1.00
2016.10.27 07:51:19.444,0.95714,0.95741,1.00,1.00
2016.10.27 07:51:26.117,0.95714,0.9574,1.00,1.00
2016.10.27 07:51:26.618,0.95715,0.95738,1.00,1.00
2016.10.27 07:51:34.428,0.95714,0.95738,1.00,1.00
2016.10.27 07:51:35.985,0.95709,0.95734,1.00,1.00
2016.10.27 07:51:37.443,0.9571,0.95736,1.00,1.00
2016.10.27 07:51:37.544,0.95712,0.95737,1.00,1.00
2016.10.27 07:51:38.320,0.9571,0.95733,1.00,1.00
2016.10.27 07:51:39.675,0.95708,0.95733,1.00,1.00
2016.10.27 07:51:39.725,0.9571,0.95733,1.00,1.00
2016.10.27 07:51:41.155,0.95708,0.95733,1.00,1.00
2016.10.27 07:51:42.503,0.9571,0.95732,1.00,1.00
2016.10.27 07:51:43.659,0.95708,0.95733,1.00,1.00
2016.10.27 07:51:45.372,0.9571,0.95733,1.00,1.00
2016.10.27 07:51:46.363,0.95711,0.95733,1.00,1.00
2016.10.27 07:51:48.968,0.9571,0.95734,1.00,1.00
2016.10.27 07:51:49.471,0.9571,0.95736,1.00,1.00
2016.10.27 07:51:50.894,0.95712,0.95735,1.00,1.00
2016.10.27 07:51:50.995,0.95715,0.95739,1.00,1.00
2016.10.27 07:51:51.512,0.95714,0.95739,1.00,1.00
2016.10.27 07:51:52.300,0.95714,0.95738,1.00,1.00
2016.10.27 07:51:53.379,0.95713,0.95737,1.00,1.00
2016.10.27 07:51:56.848,0.95711,0.95737,1.00,1.00
2016.10.27 07:51:58.095,0.9571,0.95734,1.00,1.00
2016.10.27 07:51:58.197,0.95711,0.95736,1.00,1.00
2016.10.27 07:51:58.298,0.95714,0.95737,1.00,1.00
2016.10.27 07:51:58.499,0.95712,0.95739,1.00,1.00
2016.10.27 07:51:59.302,0.95714,0.95738,1.00,1.00
2016.10.27 07:51:59.934,0.95715,0.95738,1.00,1.00
2016.10.27 07:52:00.372,0.95711,0.95736,1.00,1.00
2016.10.27 07:52:00.537,0.95713,0.95739,1.00,1.00
2016.10.27 07:52:01.242,0.95714,0.95739,1.00,1.00
2016.10.27 07:52:01.293,0.95712,0.95738,1.00,1.00
2016.10.27 07:52:01.411,0.95711,0.95736,1.00,1.00
2016.10.27 07:52:02.919,0.95712,0.95737,1.00,1.00
2016.10.27 07:52:03.441,0.95711,0.95735,1.00,1.00
2016.10.27 07:52:03.846,0.95713,0.95737,1.00,1.00
2016.10.27 07:52:04.428,0.95712,0.95736,1.00,1.00
2016.10.27 07:52:04.828,0.9571,0.95736,1.50,1.00
2016.10.27 07:52:05.363,0.95712,0.95736,1.00,1.00
2016.10.27 07:52:08.047,0.95715,0.95738,1.00,1.00
2016.10.27 07:52:08.706,0.95714,0.95738,1.00,1.00
2016.10.27 07:52:09.142,0.95712,0.95737,1.00,1.00
2016.10.27 07:52:11.759,0.95713,0.95739,1.00,1.00
2016.10.27 07:52:11.950,0.95711,0.95738,1.00,1.00
2016.10.27 07:52:12.543,0.95712,0.95738,1.00,1.00
2016.10.27 07:52:12.594,0.95714,0.95739,1.00,1.00
2016.10.27 07:52:15.681,0.95715,0.95739,1.00,1.00
2016.10.27 07:52:15.959,0.95715,0.95742,1.00,1.00
2016.10.27 07:52:17.129,0.95717,0.95741,1.00,1.00
2016.10.27 07:52:18.602,0.95713,0.95739,1.00,1.00
2016.10.27 07:52:19.564,0.95713,0.95738,1.00,1.00
2016.10.27 07:52:22.605,0.95715,0.95737,1.00,1.00
2016.10.27 07:52:22.706,0.95715,0.95739,1.00,1.00
2016.10.27 07:52:22.807,0.95713,0.95739,1.00,1.00
2016.10.27 07:52:22.909,0.95711,0.95737,1.00,1.00
2016.10.27 07:52:23.373,0.95711,0.95734,1.00,1.00
2016.10.27 07:52:24.076,0.9571,0.95735,1.00,1.00
2016.10.27 07:52:24.802,0.95712,0.95736,1.00,1.00
2016.10.27 07:52:27.202,0.95709,0.95735,1.00,1.00
2016.10.27 07:52:28.190,0.9571,0.95735,1.00,1.00
2016.10.27 07:52:29.001,0.9571,0.95734,1.00,1.00
2016.10.27 07:52:30.420,0.95713,0.95737,1.00,1.00
2016.10.27 07:52:31.326,0.95713,0.95738,1.00,1.00
2016.10.27 07:52:32.741,0.95712,0.95737,1.00,1.00
2016.10.27 07:52:33.201,0.95709,0.95736,1.00,1.00
2016.10.27 07:52:33.400,0.9571,0.95734,1.00,1.00
2016.10.27 07:52:41.578,0.95709,0.95734,1.00,1.00
2016.10.27 07:52:49.121,0.95709,0.95733,1.00,1.00
2016.10.27 07:52:59.357,0.95712,0.95735,1.00,1.00
2016.10.27 07:52:59.885,0.95711,0.95736,1.00,1.00
2016.10.27 07:53:00.813,0.95709,0.95733,1.00,1.00
2016.10.27 07:53:01.838,0.9571,0.95734,1.00,1.00
2016.10.27 07:53:11.660,0.95713,0.95735,1.00,1.00
2016.10.27 07:53:12.567,0.95712,0.95737,1.00,1.00
2016.10.27 07:53:13.104,0.95713,0.95737,1.00,1.00
2016.10.27 07:53:13.897,0.95711,0.95736,1.00,1.00
2016.10.27 07:53:15.774,0.95711,0.95734,1.00,1.00
2016.10.27 07:53:16.281,0.95711,0.95737,1.00,1.00
2016.10.27 07:53:17.263,0.95712,0.95737,1.00,1.00
2016.10.27 07:53:17.471,0.95715,0.95739,1.00,1.00
2016.10.27 07:53:18.269,0.95712,0.95735,1.00,1.00
2016.10.27 07:53:19.409,0.95713,0.95736,1.00,1.00
2016.10.27 07:53:19.995,0.95712,0.95736,1.00,1.00
2016.10.27 07:53:20.794,0.95712,0.95735,1.00,1.00
2016.10.27 07:53:20.995,0.9571,0.95735,1.00,1.00
2016.10.27 07:53:21.117,0.95709,0.95732,1.00,1.00
2016.10.27 07:53:26.261,0.95707,0.95734,1.50,1.00
2016.10.27 07:53:26.388,0.95709,0.95733,1.00,1.00
2016.10.27 07:53:28.322,0.95707,0.95732,1.50,1.00
2016.10.27 07:53:30.701,0.95708,0.9573,1.00,1.00
2016.10.27 07:53:36.422,0.95706,0.95728,1.00,1.00
2016.10.27 07:53:36.522,0.95703,0.95728,1.00,1.00
2016.10.27 07:53:37.096,0.957,0.95727,1.00,1.00
2016.10.27 07:53:37.418,0.957,0.95725,1.00,1.00
2016.10.27 07:53:37.719,0.957,0.95727,1.00,1.00
2016.10.27 07:53:41.228,0.95702,0.95727,1.00,1.00
2016.10.27 07:53:41.944,0.95704,0.95727,1.00,1.00
2016.10.27 07:53:44.969,0.95703,0.95729,1.00,1.00
2016.10.27 07:53:49.242,0.95704,0.95727,1.00,1.00
2016.10.27 07:53:53.152,0.95703,0.95726,1.00,1.00
2016.10.27 07:53:54.064,0.95702,0.95725,1.00,1.00
2016.10.27 07:53:54.589,0.95702,0.95726,1.00,1.00
2016.10.27 07:53:55.142,0.95703,0.95727,1.00,1.00
2016.10.27 07:53:56.961,0.95704,0.95727,1.00,1.00
2016.10.27 07:54:00.198,0.95703,0.95727,1.00,1.00
2016.10.27 07:54:00.691,0.957,0.95726,1.00,1.00
2016.10.27 07:54:01.573,0.95699,0.95725,1.00,1.00
2016.10.27 07:54:04.319,0.95701,0.95724,1.00,1.00
2016.10.27 07:54:05.264,0.95702,0.95725,1.00,1.00
2016.10.27 07:54:06.184,0.957,0.95724,1.00,1.00
2016.10.27 07:54:06.611,0.95702,0.95725,1.00,1.00
2016.10.27 07:54:09.525,0.957,0.95725,1.00,1.00
2016.10.27 07:54:11.514,0.957,0.95724,1.00,1.00
2016.10.27 07:54:12.087,0.95702,0.95725,1.00,1.00
2016.10.27 07:54:12.723,0.95701,0.95725,1.00,1.00
2016.10.27 07:54:13.852,0.9571,0.95737,1.00,1.00
2016.10.27 07:54:14.406,0.9571,0.95736,1.00,1.00
2016.10.27 07:54:17.126,0.95712,0.95736,1.00,1.00
2016.10.27 07:54:18.334,0.95713,0.95738,1.00,1.00
2016.10.27 07:54:19.631,0.95715,0.95738,1.00,1.00
2016.10.27 07:54:26.370,0.95715,0.95739,1.00,1.00
2016.10.27 07:54:27.337,0.95715,0.9574,1.00,1.00
2016.10.27 07:54:30.748,0.95714,0.95737,1.00,1.00
2016.10.27 07:54:31.473,0.95715,0.95738,1.00,1.00
2016.10.27 07:54:31.575,0.95717,0.95742,1.00,1.00
2016.10.27 07:54:32.029,0.9572,0.95743,1.00,1.00
2016.10.27 07:54:32.343,0.95715,0.95738,1.00,1.00
2016.10.27 07:54:32.494,0.95709,0.95734,1.00,1.00
2016.10.27 07:54:32.900,0.95711,0.95736,1.00,1.00
2016.10.27 07:54:33.358,0.95713,0.95736,1.00,1.00
2016.10.27 07:54:34.885,0.95712,0.95735,1.00,1.00
2016.10.27 07:54:35.063,0.95712,0.95737,1.00,1.00
2016.10.27 07:54:35.164,0.95714,0.95737,1.00,1.00
2016.10.27 07:54:35.867,0.95714,0.95739,1.00,1.00
2016.10.27 07:54:36.299,0.95714,0.95737,1.00,1.00
2016.10.27 07:54:36.400,0.95712,0.95738,1.00,1.00
2016.10.27 07:54:37.274,0.95713,0.95736,1.00,1.00
2016.10.27 07:54:41.785,0.95713,0.95737,1.00,1.00
2016.10.27 07:54:44.337,0.95714,0.95738,1.00,1.00
2016.10.27 07:54:44.811,0.95715,0.9574,1.00,1.00
2016.10.27 07:54:45.393,0.95717,0.95739,1.00,1.00
2016.10.27 07:54:47.028,0.95716,0.95739,1.00,1.00
2016.10.27 07:54:49.855,0.95716,0.95738,1.00,1.00
2016.10.27 07:54:56.259,0.95714,0.95738,1.00,1.00
2016.10.27 07:54:58.779,0.95714,0.95737,1.00,1.00
2016.10.27 07:55:00.048,0.95711,0.95733,1.00,1.00
2016.10.27 07:55:00.250,0.95709,0.95732,1.00,1.00
2016.10.27 07:55:01.000,0.95708,0.95731,1.00,1.00
2016.10.27 07:55:01.151,0.95707,0.95733,1.00,1.00
2016.10.27 07:55:04.843,0.95708,0.95733,1.00,1.00
2016.10.27 07:55:06.545,0.95709,0.95733,1.00,1.00
2016.10.27 07:55:09.759,0.95707,0.95733,1.50,1.00
2016.10.27 07:55:10.335,0.95706,0.95733,1.00,1.00
2016.10.27 07:55:10.385,0.95703,0.95729,1.00,1.00
2016.10.27 07:55:11.489,0.95706,0.9573,1.00,1.00
2016.10.27 07:55:12.061,0.95707,0.95733,1.00,1.00
2016.10.27 07:55:12.793,0.95707,0.95732,1.00,1.00
2016.10.27 07:55:13.919,0.95707,0.95733,1.00,1.00
2016.10.27 07:55:13.975,0.95709,0.95733,1.00,1.00
2016.10.27 07:55:15.068,0.9571,0.95734,1.00,1.00
2016.10.27 07:55:15.500,0.95706,0.95732,1.50,1.00
2016.10.27 07:55:16.540,0.95706,0.95731,1.00,1.00
2016.10.27 07:55:19.405,0.95706,0.95729,1.00,1.00
2016.10.27 07:55:19.681,0.95705,0.95731,1.00,1.00
2016.10.27 07:55:19.782,0.95707,0.95731,1.00,1.00
2016.10.27 07:55:20.082,0.95705,0.95731,1.00,1.00
2016.10.27 07:55:23.328,0.95706,0.95731,1.00,1.00
2016.10.27 07:55:24.681,0.95707,0.95731,1.00,1.00
2016.10.27 07:55:26.136,0.95706,0.9573,1.00,1.00
2016.10.27 07:55:26.244,0.95707,0.95733,1.00,1.00
2016.10.27 07:55:26.345,0.9571,0.95733,1.00,1.00
2016.10.27 07:55:27.201,0.95709,0.95735,1.00,1.00
2016.10.27 07:55:28.202,0.9571,0.95735,1.00,1.00
2016.10.27 07:55:29.623,0.95708,0.95734,1.00,1.00
2016.10.27 07:55:32.228,0.9571,0.95734,1.00,1.00
2016.10.27 07:55:32.328,0.9571,0.95736,1.00,1.00
2016.10.27 07:55:32.530,0.95714,0.95738,1.00,1.00
2016.10.27 07:55:33.517,0.95713,0.95738,1.00,1.00
2016.10.27 07:55:34.163,0.95713,0.95737,1.00,1.00
2016.10.27 07:55:34.719,0.95714,0.95738,1.00,1.00
2016.10.27 07:55:36.369,0.95713,0.95738,1.00,1.00
2016.10.27 07:55:36.524,0.9571,0.95743,1.00,1.00
2016.10.27 07:55:36.730,0.9571,0.95745,1.00,1.00
2016.10.27 07:55:38.837,0.95713,0.95747,1.00,1.00
2016.10.27 07:55:41.528,0.95715,0.95747,1.00,1.00
2016.10.27 07:55:42.238,0.95715,0.95748,1.00,1.00
2016.10.27 07:55:45.841,0.95713,0.95747,1.00,1.60
2016.10.27 07:55:49.813,0.95713,0.95747,1.00,1.50
2016.10.27 07:55:49.982,0.95711,0.95743,1.00,1.60
2016.10.27 07:55:50.404,0.95708,0.95741,1.00,1.00
2016.10.27 07:55:51.002,0.95705,0.95738,1.00,1.00
2016.10.27 07:55:56.697,0.95698,0.95729,1.00,2.85
2016.10.27 07:55:56.763,0.95694,0.95729,1.00,2.85
2016.10.27 07:55:57.639,0.95694,0.95729,1.00,1.60
2016.10.27 07:55:57.840,0.95694,0.95729,1.00,1.00
2016.10.27 07:55:57.941,0.95697,0.95732,1.00,1.35
2016.10.27 07:55:59.248,0.95702,0.95727,1.00,1.00
2016.10.27 07:56:00.265,0.95703,0.95726,1.00,1.00
2016.10.27 07:56:02.317,0.95701,0.95726,1.00,1.00
2016.10.27 07:56:02.368,0.95703,0.95726,1.00,1.00
2016.10.27 07:56:04.472,0.95702,0.95726,1.00,1.00
2016.10.27 07:56:05.473,0.95702,0.95727,1.00,1.00
2016.10.27 07:56:05.974,0.95701,0.95725,1.00,1.00
2016.10.27 07:56:06.875,0.957,0.95724,1.00,1.00
2016.10.27 07:56:09.175,0.95699,0.95724,1.00,1.00
2016.10.27 07:56:09.754,0.95697,0.95722,1.00,1.00
2016.10.27 07:56:10.512,0.95697,0.9572,1.00,1.00
2016.10.27 07:56:11.447,0.95695,0.95721,1.00,1.00
2016.10.27 07:56:12.622,0.95695,0.95719,1.00,1.00
2016.10.27 07:56:12.723,0.95693,0.95719,1.00,1.00
2016.10.27 07:56:13.285,0.95693,0.95718,1.00,1.00
2016.10.27 07:56:15.336,0.95696,0.95719,1.00,1.00
2016.10.27 07:56:15.818,0.95698,0.9572,1.00,1.00
2016.10.27 07:56:16.295,0.95696,0.95722,1.00,1.00
2016.10.27 07:56:17.697,0.95698,0.95721,1.00,1.00
2016.10.27 07:56:17.841,0.95696,0.9572,1.00,1.00
2016.10.27 07:56:19.573,0.95696,0.95719,1.00,1.00
2016.10.27 07:56:19.737,0.95698,0.95721,1.00,1.00
2016.10.27 07:56:20.054,0.957,0.95723,1.00,1.00
2016.10.27 07:56:20.532,0.95698,0.95721,1.00,1.00
2016.10.27 07:56:27.072,0.95701,0.95723,1.00,1.00
2016.10.27 07:56:27.357,0.95699,0.95723,1.00,1.00
2016.10.27 07:56:28.779,0.957,0.95723,1.00,1.00
2016.10.27 07:56:33.723,0.95699,0.95723,1.00,1.00
2016.10.27 07:56:34.471,0.95694,0.95719,1.00,1.00
2016.10.27 07:56:35.805,0.95694,0.95718,1.00,1.00
2016.10.27 07:56:35.896,0.95694,0.9572,1.00,1.00
2016.10.27 07:56:40.035,0.95695,0.95718,1.00,1.00
2016.10.27 07:56:42.051,0.95693,0.95718,1.50,1.00
2016.10.27 07:56:42.152,0.95693,0.95716,1.00,1.00
2016.10.27 07:56:43.368,0.95691,0.95716,1.00,1.00
2016.10.27 07:56:47.746,0.95692,0.95717,1.00,1.00
2016.10.27 07:56:48.951,0.95692,0.95715,1.00,1.00
2016.10.27 07:56:49.490,0.95691,0.95714,1.00,1.00
2016.10.27 07:56:50.081,0.95691,0.95717,1.00,1.00
2016.10.27 07:56:51.329,0.95691,0.95715,1.00,1.00
2016.10.27 07:56:51.672,0.9569,0.95713,1.00,1.00
2016.10.27 07:56:53.482,0.95689,0.95712,1.00,1.00
2016.10.27 07:56:55.674,0.95688,0.95712,1.00,1.00
2016.10.27 07:56:57.338,0.95689,0.95712,1.00,1.00
2016.10.27 07:56:58.182,0.95688,0.95712,1.00,1.00
2016.10.27 07:56:58.685,0.95688,0.95713,1.00,1.00
2016.10.27 07:56:59.198,0.95689,0.95712,1.00,1.00
2016.10.27 07:56:59.591,0.95691,0.95714,1.00,1.00
2016.10.27 07:57:00.300,0.95693,0.95716,1.00,1.00
2016.10.27 07:57:01.899,0.95691,0.95717,1.00,1.00
2016.10.27 07:57:02.097,0.95691,0.95715,1.00,1.00
2016.10.27 07:57:04.607,0.95692,0.95715,1.00,1.00
2016.10.27 07:57:05.610,0.95691,0.95717,1.00,1.00
2016.10.27 07:57:06.081,0.95693,0.95716,1.00,1.00
2016.10.27 07:57:07.116,0.95693,0.95715,1.00,1.00
2016.10.27 07:57:07.954,0.95692,0.95715,1.00,1.00
2016.10.27 07:57:08.488,0.95691,0.95716,1.00,1.00
2016.10.27 07:57:09.231,0.95693,0.95716,1.00,1.00
2016.10.27 07:57:09.611,0.95691,0.95716,1.00,1.00
2016.10.27 07:57:13.556,0.95689,0.95715,1.00,1.00
2016.10.27 07:57:14.135,0.95688,0.95714,1.00,1.00
2016.10.27 07:57:14.667,0.95689,0.95714,1.00,1.00
2016.10.27 07:57:15.642,0.9569,0.95715,1.00,1.00
2016.10.27 07:57:15.967,0.95692,0.95714,1.00,1.00
2016.10.27 07:57:16.635,0.95691,0.95714,1.00,1.00
2016.10.27 07:57:19.064,0.9569,0.95713,1.00,1.00
2016.10.27 07:57:19.465,0.9569,0.95715,1.00,1.00
2016.10.27 07:57:23.963,0.95691,0.95716,1.00,1.00
2016.10.27 07:57:24.064,0.95693,0.95716,1.00,1.00
2016.10.27 07:57:24.747,0.95692,0.95715,1.00,1.00
2016.10.27 07:57:27.672,0.95693,0.95715,1.00,1.00
2016.10.27 07:57:27.874,0.95691,0.95715,1.00,1.00
2016.10.27 07:57:29.877,0.95693,0.95715,1.00,1.00
2016.10.27 07:57:30.403,0.95692,0.95717,1.00,1.00
2016.10.27 07:57:31.055,0.95693,0.95718,1.00,1.00
2016.10.27 07:57:31.381,0.95693,0.95716,1.00,1.00
2016.10.27 07:57:34.220,0.95691,0.95717,1.00,1.00
2016.10.27 07:57:35.214,0.95693,0.95716,1.00,1.00
2016.10.27 07:57:37.068,0.95689,0.95716,1.00,1.00
2016.10.27 07:57:37.207,0.95691,0.95716,1.00,1.00
2016.10.27 07:57:37.516,0.95706,0.95731,1.00,1.00
2016.10.27 07:57:38.304,0.95708,0.95731,1.00,1.00
2016.10.27 07:57:39.050,0.95708,0.95733,1.00,1.00
2016.10.27 07:57:39.849,0.95709,0.95734,1.00,1.50
2016.10.27 07:57:40.157,0.95707,0.95732,1.00,1.00
2016.10.27 07:57:40.653,0.95709,0.95732,1.00,1.00
2016.10.27 07:57:41.113,0.95712,0.95736,1.00,1.00
2016.10.27 07:57:41.613,0.95713,0.95738,1.00,1.00
2016.10.27 07:57:42.433,0.95715,0.95738,1.00,1.00
2016.10.27 07:57:43.950,0.95716,0.95741,1.00,1.00
2016.10.27 07:57:44.051,0.95718,0.95742,1.00,1.00
2016.10.27 07:57:44.152,0.95716,0.95741,1.00,1.00
2016.10.27 07:57:44.361,0.95715,0.95738,1.00,1.00
2016.10.27 07:57:44.878,0.95708,0.95731,1.00,1.00
2016.10.27 07:57:45.118,0.95706,0.95731,1.00,1.00
2016.10.27 07:57:45.531,0.95706,0.95729,1.00,1.00
2016.10.27 07:57:46.058,0.95705,0.95729,1.00,1.00
2016.10.27 07:57:47.274,0.95705,0.95731,1.00,1.00
2016.10.27 07:57:48.124,0.95707,0.9573,1.00,1.00
2016.10.27 07:57:48.696,0.95706,0.95733,1.00,1.00
2016.10.27 07:57:48.847,0.95706,0.9573,1.00,1.00
2016.10.27 07:57:49.467,0.95707,0.95731,1.00,1.00
2016.10.27 07:57:50.118,0.95706,0.9573,1.00,1.00
2016.10.27 07:57:50.972,0.95706,0.95731,1.00,1.00
2016.10.27 07:57:51.364,0.95704,0.95729,1.00,1.00
2016.10.27 07:57:55.491,0.95706,0.95728,1.00,1.00
2016.10.27 07:57:56.937,0.95706,0.95729,1.00,1.00
2016.10.27 07:58:01.319,0.95706,0.95731,1.00,1.50
2016.10.27 07:58:03.546,0.95704,0.95729,1.00,1.00
2016.10.27 07:58:03.947,0.95703,0.95726,1.50,1.00
2016.10.27 07:58:04.292,0.95701,0.95724,1.00,1.00
2016.10.27 07:58:04.741,0.95699,0.95722,1.00,1.00
2016.10.27 07:58:05.671,0.95697,0.95722,1.00,1.00
2016.10.27 07:58:06.257,0.95696,0.95721,1.00,1.00
2016.10.27 07:58:06.358,0.95694,0.95719,1.00,1.00
2016.10.27 07:58:06.860,0.95695,0.9572,1.00,1.00
2016.10.27 07:58:07.582,0.95695,0.95719,1.00,1.00
2016.10.27 07:58:10.598,0.95696,0.95719,1.00,1.00
2016.10.27 07:58:11.591,0.95698,0.95721,1.00,1.00
2016.10.27 07:58:14.460,0.95696,0.95721,1.00,1.00
2016.10.27 07:58:19.807,0.95698,0.9572,1.00,1.00
2016.10.27 07:58:20.980,0.95697,0.95719,1.00,1.00
2016.10.27 07:58:23.981,0.95696,0.95719,1.00,1.00
2016.10.27 07:58:24.682,0.95697,0.95719,1.00,1.00
2016.10.27 07:58:27.486,0.95695,0.9572,1.00,1.00
2016.10.27 07:58:32.429,0.95696,0.9572,1.00,1.00
2016.10.27 07:58:32.633,0.95698,0.95721,1.00,1.00
2016.10.27 07:58:32.734,0.95696,0.95721,1.00,1.00
2016.10.27 07:58:32.835,0.95699,0.95724,1.00,1.00
2016.10.27 07:58:33.199,0.95699,0.95721,1.00,1.00
2016.10.27 07:58:33.300,0.95697,0.9572,1.00,1.00
2016.10.27 07:58:33.933,0.95696,0.95719,1.00,1.00
2016.10.27 07:58:34.721,0.95697,0.9572,1.00,1.00
2016.10.27 07:58:35.387,0.95696,0.95719,1.00,1.00
2016.10.27 07:58:36.147,0.95696,0.9572,1.00,1.00
2016.10.27 07:58:36.738,0.95697,0.95722,1.00,1.00
2016.10.27 07:58:37.724,0.95692,0.95716,1.00,1.00
2016.10.27 07:58:38.632,0.95699,0.95721,1.00,1.00
2016.10.27 07:58:41.287,0.95701,0.95725,1.00,1.35
2016.10.27 07:58:41.750,0.95703,0.95728,1.00,1.00
2016.10.27 07:58:43.295,0.95704,0.95726,1.00,1.00
2016.10.27 07:58:45.012,0.95703,0.95726,1.00,1.00
2016.10.27 07:58:46.321,0.95703,0.95725,1.00,1.00
2016.10.27 07:58:46.651,0.95703,0.95727,1.00,1.00
2016.10.27 07:58:47.617,0.95702,0.95727,1.00,1.00
2016.10.27 07:58:49.169,0.95704,0.95727,1.00,1.00
2016.10.27 07:58:49.691,0.95703,0.95727,1.00,1.00
2016.10.27 07:58:50.215,0.95705,0.95727,1.00,1.00
2016.10.27 07:58:50.723,0.95704,0.95726,1.00,1.00
2016.10.27 07:58:51.619,0.95703,0.95728,1.00,1.00
2016.10.27 07:58:53.732,0.95702,0.95727,1.00,1.00
2016.10.27 07:58:54.389,0.95702,0.95726,1.00,1.00
2016.10.27 07:58:54.873,0.957,0.95724,1.00,1.00
2016.10.27 07:58:55.755,0.95701,0.95725,1.00,1.50
2016.10.27 07:58:57.532,0.957,0.95724,1.00,1.00
2016.10.27 07:59:00.228,0.95699,0.95724,1.00,1.00
2016.10.27 07:59:01.184,0.95685,0.95718,1.50,1.60
2016.10.27 07:59:01.285,0.95688,0.95711,1.00,1.00
2016.10.27 07:59:01.587,0.95695,0.95717,1.00,1.35
2016.10.27 07:59:02.277,0.95695,0.9572,1.00,1.00
2016.10.27 07:59:02.833,0.95694,0.95719,1.00,1.00
2016.10.27 07:59:03.813,0.95696,0.95719,1.00,1.00
2016.10.27 07:59:04.078,0.95696,0.95722,1.00,1.35
2016.10.27 07:59:04.285,0.95698,0.95722,1.00,1.35
2016.10.27 07:59:04.891,0.95698,0.95721,1.00,1.00
2016.10.27 07:59:05.544,0.95697,0.9572,1.00,1.00
2016.10.27 07:59:06.443,0.95699,0.95721,1.00,1.00
2016.10.27 07:59:10.804,0.95698,0.95721,1.00,1.00
2016.10.27 07:59:11.330,0.95699,0.95722,1.00,1.00
2016.10.27 07:59:12.275,0.95696,0.95721,1.00,1.00
2016.10.27 07:59:14.259,0.95695,0.9572,1.00,1.00
2016.10.27 07:59:14.860,0.95696,0.95721,1.00,1.00
2016.10.27 07:59:17.046,0.95703,0.95726,1.00,1.00
2016.10.27 07:59:18.231,0.95701,0.95725,1.00,1.00
2016.10.27 07:59:18.581,0.95699,0.95723,1.00,1.00
2016.10.27 07:59:19.387,0.957,0.95725,1.00,1.00
2016.10.27 07:59:19.919,0.957,0.95724,1.00,1.00
2016.10.27 07:59:21.511,0.957,0.95725,1.00,1.00
2016.10.27 07:59:21.611,0.95697,0.95722,1.00,1.00
2016.10.27 07:59:21.675,0.95695,0.95722,1.00,1.00
2016.10.27 07:59:22.533,0.95696,0.95721,1.00,1.00
2016.10.27 07:59:23.698,0.95697,0.9572,1.00,1.00
2016.10.27 07:59:27.094,0.95698,0.95721,1.00,1.00
2016.10.27 07:59:31.287,0.95699,0.95722,1.00,1.00
2016.10.27 07:59:32.024,0.95698,0.95724,1.00,1.00
2016.10.27 07:59:34.115,0.95699,0.95722,1.00,1.00
2016.10.27 07:59:34.216,0.957,0.95724,1.00,1.00
2016.10.27 07:59:36.737,0.95704,0.95727,1.00,1.00
2016.10.27 07:59:36.838,0.95705,0.95731,1.00,1.00
2016.10.27 07:59:37.543,0.95708,0.95733,1.00,1.00
2016.10.27 07:59:39.053,0.95706,0.95729,1.00,1.00
2016.10.27 07:59:39.977,0.95705,0.95728,1.00,1.00
2016.10.27 07:59:40.962,0.95706,0.95731,1.00,1.60
2016.10.27 07:59:41.303,0.95705,0.95728,1.00,1.00
2016.10.27 07:59:42.646,0.95705,0.95729,1.00,1.00
2016.10.27 07:59:45.050,0.95703,0.95731,1.50,1.60
2016.10.27 07:59:45.426,0.95703,0.95732,1.00,2.85
2016.10.27 07:59:45.684,0.95703,0.95735,1.00,1.35
2016.10.27 07:59:45.836,0.95703,0.95735,1.00,3.60
2016.10.27 07:59:45.887,0.95703,0.95735,1.00,2.10
2016.10.27 07:59:46.756,0.95703,0.95733,1.00,1.00
2016.10.27 07:59:48.063,0.95704,0.95734,1.00,1.35
2016.10.27 07:59:48.722,0.95704,0.95734,1.00,1.60
2016.10.27 07:59:49.385,0.95708,0.95734,1.00,1.60
2016.10.27 07:59:50.242,0.95705,0.95734,1.00,1.60
2016.10.27 07:59:50.293,0.95703,0.95734,1.50,1.60
2016.10.27 07:59:50.758,0.95708,0.95735,1.50,1.60
2016.10.27 07:59:51.665,0.95705,0.95735,1.00,1.60
2016.10.27 07:59:52.105,0.95707,0.95736,1.00,2.85
2016.10.27 07:59:52.775,0.95704,0.95736,1.00,2.85
2016.10.27 07:59:54.894,0.95706,0.95736,1.00,2.10
2016.10.27 07:59:55.418,0.95705,0.95736,1.00,2.10
2016.10.27 07:59:56.420,0.95705,0.95737,1.00,1.35
2016.10.27 07:59:56.639,0.95707,0.95739,1.00,1.60
2016.10.27 07:59:57.635,0.95708,0.95739,1.00,1.60
2016.10.27 07:59:57.708,0.95705,0.9574,1.00,1.60
2016.10.27 07:59:58.713,0.95706,0.95739,1.00,1.60
2016.10.27 07:59:59.262,0.9571,0.95741,1.00,2.10
2016.10.27 07:59:59.790,0.9571,0.95742,1.00,2.10
