2015.01.13 18:00:00.147,0.92312,0.92359,1.00,1.37
2015.01.13 18:00:00.248,0.92317,0.92373,1.00,1.75
2015.01.13 18:00:00.358,0.92313,0.92367,1.00,1.75
2015.01.13 18:00:00.715,0.92313,0.92367,1.00,1.75
2015.01.13 18:00:03.879,0.92312,0.92362,1.50,1.75
2015.01.13 18:00:04.204,0.92313,0.92362,1.00,1.75
2015.01.13 18:00:05.542,0.92312,0.92356,1.00,1.75
2015.01.13 18:00:05.793,0.92313,0.92364,1.50,1.75
2015.01.13 18:00:05.995,0.92321,0.92363,1.00,1.75
2015.01.13 18:00:06.176,0.92319,0.92363,1.00,1.75
2015.01.13 18:00:08.416,0.92319,0.92363,1.00,1.12
2015.01.13 18:00:08.517,0.92321,0.92366,1.00,1.50
2015.01.13 18:00:08.925,0.92323,0.9237,1.00,1.75
2015.01.13 18:00:09.231,0.92317,0.92367,1.50,1.75
2015.01.13 18:00:09.861,0.92318,0.92367,1.00,1.75
2015.01.13 18:00:10.195,0.9232,0.92367,1.00,1.75
2015.01.13 18:00:10.416,0.92318,0.92367,1.50,1.75
2015.01.13 18:00:11.165,0.92318,0.92367,1.50,1.37
2015.01.13 18:00:13.403,0.92319,0.92371,1.00,1.75
2015.01.13 18:00:13.504,0.92319,0.92371,1.00,1.00
2015.01.13 18:00:13.708,0.92323,0.9237,1.00,1.00
2015.01.13 18:00:13.923,0.92324,0.92373,1.00,1.00
2015.01.13 18:00:16.103,0.92324,0.92372,1.00,1.00
2015.01.13 18:00:16.705,0.92324,0.92372,1.75,1.37
2015.01.13 18:00:17.016,0.92327,0.92372,1.37,1.00
2015.01.13 18:00:17.574,0.92329,0.92372,1.37,1.00
2015.01.13 18:00:19.055,0.9233,0.92378,1.37,1.37
2015.01.13 18:00:22.190,0.92333,0.92378,1.00,1.37
2015.01.13 18:00:22.341,0.92336,0.92378,1.00,1.00
2015.01.13 18:00:22.442,0.92334,0.92378,1.00,1.12
2015.01.13 18:00:23.503,0.92336,0.92378,1.00,1.00
2015.01.13 18:00:24.914,0.92336,0.92378,1.00,1.50
2015.01.13 18:00:25.155,0.92334,0.92378,1.00,1.87
2015.01.13 18:00:25.364,0.92336,0.92378,1.00,1.50
2015.01.13 18:00:25.525,0.92334,0.92378,1.12,1.50
2015.01.13 18:00:25.629,0.92336,0.92378,1.00,1.50
2015.01.13 18:00:27.885,0.92336,0.92378,1.00,1.37
2015.01.13 18:00:29.074,0.92337,0.92378,1.00,1.37
2015.01.13 18:00:33.031,0.92334,0.92378,1.00,1.37
2015.01.13 18:00:33.608,0.92335,0.92378,1.00,1.37
2015.01.13 18:00:36.379,0.92329,0.92375,1.00,1.37
2015.01.13 18:00:36.581,0.92325,0.92372,1.12,1.00
2015.01.13 18:00:36.682,0.92328,0.92372,1.00,1.00
2015.01.13 18:00:37.568,0.92328,0.92373,1.00,1.12
2015.01.13 18:00:38.020,0.92331,0.92373,1.00,1.12
2015.01.13 18:00:38.183,0.92327,0.92373,1.00,1.12
2015.01.13 18:00:38.365,0.92328,0.92372,1.00,1.37
2015.01.13 18:00:38.786,0.92326,0.92372,1.00,1.37
2015.01.13 18:00:40.999,0.92326,0.92372,1.00,1.50
2015.01.13 18:00:42.419,0.92329,0.92372,1.00,1.50
2015.01.13 18:00:43.725,0.92329,0.92372,1.00,1.00
2015.01.13 18:00:47.908,0.92329,0.92373,1.00,1.12
2015.01.13 18:00:48.009,0.92327,0.92373,1.00,1.12
2015.01.13 18:00:48.110,0.92322,0.92373,1.00,1.50
2015.01.13 18:00:48.292,0.92325,0.92372,1.00,1.12
2015.01.13 18:00:48.695,0.92322,0.92374,1.00,1.37
2015.01.13 18:00:48.896,0.92322,0.92367,1.00,1.00
2015.01.13 18:00:49.228,0.92324,0.92368,1.37,1.00
2015.01.13 18:00:49.480,0.92325,0.92373,1.37,1.50
2015.01.13 18:00:51.140,0.92325,0.92372,1.00,1.12
2015.01.13 18:00:52.037,0.92325,0.92373,1.75,1.50
2015.01.13 18:00:52.542,0.9233,0.92373,1.37,1.00
2015.01.13 18:00:53.333,0.9233,0.92373,1.12,1.00
2015.01.13 18:00:54.166,0.92335,0.92373,1.00,1.00
2015.01.13 18:00:54.217,0.92335,0.92378,1.00,1.50
2015.01.13 18:00:55.194,0.92335,0.92378,1.00,1.75
2015.01.13 18:01:01.955,0.92336,0.92377,1.00,1.50
2015.01.13 18:01:02.226,0.92333,0.92382,1.00,2.62
2015.01.13 18:01:02.314,0.92333,0.92373,1.00,1.00
2015.01.13 18:01:04.105,0.92333,0.92372,1.00,1.00
2015.01.13 18:01:04.404,0.92333,0.92382,1.00,2.25
2015.01.13 18:01:05.106,0.92328,0.92382,1.37,2.25
2015.01.13 18:01:05.892,0.92328,0.92382,1.37,2.25
2015.01.13 18:01:05.993,0.92328,0.92381,1.50,1.00
2015.01.13 18:01:06.418,0.92333,0.92377,1.12,1.00
2015.01.13 18:01:07.091,0.92328,0.92378,1.50,1.00
2015.01.13 18:01:07.376,0.92328,0.92381,1.50,1.00
2015.01.13 18:01:09.910,0.92328,0.92381,1.37,1.00
2015.01.13 18:01:10.346,0.92328,0.92378,1.37,1.00
2015.01.13 18:01:13.254,0.92328,0.92378,1.37,1.37
2015.01.13 18:01:15.920,0.92327,0.92377,1.00,1.12
2015.01.13 18:01:16.071,0.92323,0.92377,1.37,1.12
2015.01.13 18:01:16.172,0.92329,0.92377,1.00,1.87
2015.01.13 18:01:16.474,0.92325,0.92377,1.37,1.12
2015.01.13 18:01:16.525,0.92325,0.92377,1.75,1.50
2015.01.13 18:01:16.665,0.92323,0.92377,1.37,1.87
2015.01.13 18:01:16.766,0.92322,0.92377,2.25,1.50
2015.01.13 18:01:17.043,0.92322,0.92377,2.25,1.12
2015.01.13 18:01:17.224,0.92323,0.92377,1.75,2.25
2015.01.13 18:01:18.033,0.92323,0.92377,2.25,2.25
2015.01.13 18:01:19.069,0.92325,0.92378,1.37,2.25
2015.01.13 18:01:20.732,0.92325,0.92377,1.50,1.12
2015.01.13 18:01:21.032,0.92325,0.92378,1.12,2.25
2015.01.13 18:01:21.233,0.92325,0.92377,1.50,1.12
2015.01.13 18:01:21.665,0.92325,0.92377,1.75,1.12
2015.01.13 18:01:22.272,0.92325,0.92373,1.75,1.00
2015.01.13 18:01:23.042,0.92325,0.92373,1.37,1.00
2015.01.13 18:01:23.143,0.92325,0.92373,1.75,1.00
2015.01.13 18:01:24.313,0.92325,0.92372,1.75,1.00
2015.01.13 18:01:26.284,0.9233,0.92372,1.00,1.00
2015.01.13 18:01:26.349,0.9233,0.92372,1.37,1.00
2015.01.13 18:01:27.273,0.92326,0.92372,1.00,1.00
2015.01.13 18:01:27.374,0.92319,0.92372,1.00,1.50
2015.01.13 18:01:27.475,0.92318,0.92367,1.00,1.00
2015.01.13 18:01:28.295,0.92318,0.92371,1.00,1.00
2015.01.13 18:01:29.154,0.92318,0.92371,1.00,1.75
2015.01.13 18:01:31.714,0.92318,0.92371,1.00,1.75
2015.01.13 18:01:32.263,0.92317,0.92369,1.00,1.12
2015.01.13 18:01:38.380,0.92317,0.9237,1.37,1.12
2015.01.13 18:01:38.779,0.92322,0.92371,1.50,1.87
2015.01.13 18:01:38.880,0.92327,0.92371,1.00,1.87
2015.01.13 18:01:40.087,0.92323,0.9237,1.00,1.12
2015.01.13 18:01:40.289,0.92323,0.92367,1.00,1.75
2015.01.13 18:01:40.605,0.92323,0.92361,1.00,1.12
2015.01.13 18:01:40.911,0.92323,0.9236,1.00,1.87
2015.01.13 18:01:41.213,0.92323,0.92353,1.00,1.75
2015.01.13 18:01:44.013,0.92322,0.92354,1.00,1.87
2015.01.13 18:01:44.164,0.92313,0.92354,1.00,1.87
2015.01.13 18:01:44.315,0.92313,0.92349,1.00,1.75
2015.01.13 18:01:44.645,0.92323,0.92346,1.00,1.75
2015.01.13 18:01:44.746,0.92323,0.92346,1.00,1.37
2015.01.13 18:01:44.944,0.92323,0.92347,1.00,1.12
2015.01.13 18:01:46.052,0.92323,0.92346,1.00,1.37
2015.01.13 18:01:46.591,0.92323,0.92347,1.00,1.75
2015.01.13 18:01:47.131,0.92322,0.92349,1.00,1.75
2015.01.13 18:01:48.121,0.92323,0.9235,1.00,1.12
2015.01.13 18:01:48.681,0.92322,0.9235,1.00,1.87
2015.01.13 18:01:49.264,0.92322,0.92346,1.00,1.12
2015.01.13 18:01:50.604,0.92323,0.92346,1.00,1.12
2015.01.13 18:01:51.236,0.92323,0.92347,1.00,1.75
2015.01.13 18:01:51.437,0.92323,0.9235,1.00,1.87
2015.01.13 18:01:51.766,0.92323,0.92351,1.00,1.12
2015.01.13 18:01:52.276,0.92323,0.92351,1.00,1.75
2015.01.13 18:01:53.029,0.92323,0.9235,1.00,1.00
2015.01.13 18:01:53.180,0.92312,0.9235,1.00,1.00
2015.01.13 18:01:53.331,0.92312,0.92351,1.00,1.12
2015.01.13 18:01:53.633,0.92318,0.9235,1.00,1.37
2015.01.13 18:01:53.964,0.92322,0.9235,1.00,1.37
2015.01.13 18:01:54.559,0.92323,0.92351,1.00,1.12
2015.01.13 18:01:55.094,0.92322,0.92351,1.00,1.12
2015.01.13 18:01:55.615,0.92323,0.92351,1.00,1.12
2015.01.13 18:01:55.770,0.92322,0.92351,1.00,1.00
2015.01.13 18:01:55.838,0.92322,0.92352,1.00,1.12
2015.01.13 18:01:56.145,0.92322,0.92351,1.00,1.00
2015.01.13 18:01:56.245,0.92322,0.92352,1.00,1.12
2015.01.13 18:01:56.935,0.92323,0.92351,1.00,1.37
2015.01.13 18:01:57.275,0.92322,0.92348,1.00,1.00
2015.01.13 18:01:57.375,0.92322,0.92349,1.00,1.12
2015.01.13 18:02:00.150,0.92322,0.92351,1.00,1.12
2015.01.13 18:02:01.423,0.92322,0.92353,1.00,1.12
2015.01.13 18:02:05.476,0.92322,0.92352,1.00,1.12
2015.01.13 18:02:05.579,0.92322,0.92352,1.00,1.00
2015.01.13 18:02:05.781,0.92322,0.92352,1.00,1.12
2015.01.13 18:02:06.305,0.92323,0.92352,1.00,1.12
2015.01.13 18:02:06.588,0.92317,0.92352,1.00,1.12
2015.01.13 18:02:06.913,0.92322,0.92352,1.00,1.37
2015.01.13 18:02:07.454,0.92322,0.92351,1.00,1.12
2015.01.13 18:02:07.844,0.92322,0.9235,1.00,1.12
2015.01.13 18:02:08.274,0.92322,0.92351,1.00,1.12
2015.01.13 18:02:08.374,0.92322,0.9235,1.00,1.12
2015.01.13 18:02:08.793,0.92322,0.92351,1.00,1.12
2015.01.13 18:02:09.004,0.92322,0.92349,1.00,1.12
2015.01.13 18:02:09.113,0.92322,0.92351,1.00,1.75
2015.01.13 18:02:09.977,0.92322,0.92351,1.00,1.12
2015.01.13 18:02:10.680,0.92322,0.9235,1.00,1.00
2015.01.13 18:02:10.781,0.92322,0.9235,1.00,1.37
2015.01.13 18:02:13.838,0.92322,0.92351,1.00,1.00
2015.01.13 18:02:13.889,0.92322,0.92351,1.00,1.12
2015.01.13 18:02:14.723,0.92322,0.92351,1.00,1.12
2015.01.13 18:02:15.104,0.92322,0.92352,1.00,1.12
2015.01.13 18:02:15.295,0.92322,0.92349,1.00,1.37
2015.01.13 18:02:15.496,0.92322,0.9235,1.00,1.12
2015.01.13 18:02:15.933,0.92322,0.92349,1.00,1.37
2015.01.13 18:02:16.034,0.92322,0.9235,1.00,1.12
2015.01.13 18:02:16.423,0.92322,0.9235,1.00,1.37
2015.01.13 18:02:16.646,0.92322,0.9235,1.00,1.75
2015.01.13 18:02:17.428,0.92322,0.9235,1.00,1.37
2015.01.13 18:02:17.733,0.92322,0.9235,1.00,1.75
2015.01.13 18:02:18.009,0.92322,0.9235,1.00,1.37
2015.01.13 18:02:18.242,0.92322,0.92349,1.00,1.12
2015.01.13 18:02:18.864,0.92322,0.92352,1.00,1.12
2015.01.13 18:02:19.417,0.92322,0.92349,1.00,1.12
2015.01.13 18:02:19.953,0.92322,0.92351,1.00,1.12
2015.01.13 18:02:20.388,0.92322,0.92349,1.00,1.12
2015.01.13 18:02:20.439,0.92322,0.9235,1.00,1.12
2015.01.13 18:02:21.292,0.92322,0.9235,1.00,1.12
2015.01.13 18:02:22.614,0.92322,0.92347,1.00,1.12
2015.01.13 18:02:24.401,0.92318,0.92348,1.00,1.12
2015.01.13 18:02:35.839,0.92318,0.9235,1.00,1.12
2015.01.13 18:02:35.940,0.92318,0.92348,1.00,1.12
2015.01.13 18:02:37.369,0.92318,0.92348,1.00,1.37
2015.01.13 18:02:38.030,0.92318,0.92346,1.00,1.00
2015.01.13 18:02:38.782,0.92317,0.92346,1.00,1.00
2015.01.13 18:02:39.582,0.92323,0.92346,1.00,1.00
2015.01.13 18:02:42.188,0.92323,0.92346,1.00,1.37
2015.01.13 18:02:42.518,0.92323,0.92345,1.00,1.12
2015.01.13 18:02:44.282,0.92318,0.92341,1.00,1.12
2015.01.13 18:02:44.878,0.92317,0.92341,1.00,1.12
2015.01.13 18:02:45.488,0.92317,0.92341,1.00,1.12
2015.01.13 18:02:48.839,0.92318,0.92341,1.00,1.12
2015.01.13 18:02:52.192,0.92318,0.92341,1.00,1.12
2015.01.13 18:02:53.986,0.92318,0.92341,1.00,1.12
2015.01.13 18:02:57.156,0.92318,0.92342,1.00,1.12
2015.01.13 18:03:01.653,0.92318,0.92345,1.00,1.12
2015.01.13 18:03:01.804,0.92318,0.92345,1.00,1.00
2015.01.13 18:03:04.742,0.92318,0.92352,1.00,1.12
2015.01.13 18:03:07.712,0.92318,0.92352,1.00,1.12
2015.01.13 18:03:08.592,0.92317,0.92351,1.00,1.12
2015.01.13 18:03:10.682,0.92317,0.92351,1.00,1.12
2015.01.13 18:03:12.605,0.92318,0.92351,1.00,1.12
2015.01.13 18:03:13.322,0.92318,0.92351,1.00,1.12
2015.01.13 18:03:14.775,0.92313,0.92351,1.00,1.12
2015.01.13 18:03:15.750,0.92313,0.92345,1.00,1.12
2015.01.13 18:03:15.902,0.92303,0.92342,1.00,1.12
2015.01.13 18:03:16.112,0.92302,0.92341,1.00,1.12
2015.01.13 18:03:16.213,0.92302,0.92342,1.00,1.12
2015.01.13 18:03:16.314,0.92308,0.92349,1.00,2.25
2015.01.13 18:03:16.849,0.92308,0.92356,1.00,1.50
2015.01.13 18:03:17.082,0.92306,0.9236,1.00,1.12
2015.01.13 18:03:17.478,0.92303,0.92357,1.00,1.37
2015.01.13 18:03:17.680,0.92302,0.92353,1.00,1.00
2015.01.13 18:03:18.053,0.92303,0.92353,1.00,1.75
2015.01.13 18:03:18.852,0.92302,0.92353,1.00,1.75
2015.01.13 18:03:20.434,0.92303,0.92353,1.00,1.75
2015.01.13 18:03:20.484,0.92303,0.92353,1.00,1.75
2015.01.13 18:03:21.935,0.92308,0.92359,1.00,1.75
2015.01.13 18:03:24.871,0.92308,0.92359,1.00,1.87
2015.01.13 18:03:27.107,0.92308,0.92355,1.00,1.75
2015.01.13 18:03:27.667,0.92307,0.92352,1.00,1.75
2015.01.13 18:03:28.427,0.92308,0.92347,1.00,1.37
2015.01.13 18:03:28.753,0.92313,0.92348,1.00,1.37
2015.01.13 18:03:29.294,0.92312,0.92355,1.00,1.75
2015.01.13 18:03:29.670,0.92318,0.92356,1.00,1.75
2015.01.13 18:03:30.196,0.92312,0.92356,1.00,1.00
2015.01.13 18:03:30.247,0.92312,0.92364,1.00,1.37
2015.01.13 18:03:30.398,0.92323,0.92364,1.00,1.37
2015.01.13 18:03:30.941,0.92322,0.92361,1.00,1.00
2015.01.13 18:03:34.569,0.92322,0.92357,1.00,1.00
2015.01.13 18:03:35.152,0.92323,0.92357,1.00,1.00
2015.01.13 18:03:35.562,0.92318,0.92357,1.00,1.00
2015.01.13 18:03:35.905,0.92323,0.92357,1.00,1.00
2015.01.13 18:03:46.872,0.92323,0.92357,1.00,1.75
2015.01.13 18:03:46.923,0.92318,0.92356,1.00,1.12
2015.01.13 18:03:46.973,0.92318,0.92349,1.00,1.00
2015.01.13 18:03:47.124,0.92313,0.92349,1.00,1.00
2015.01.13 18:03:47.275,0.92313,0.92353,1.00,1.00
2015.01.13 18:03:47.376,0.92308,0.92353,1.00,1.00
2015.01.13 18:03:47.578,0.92318,0.92353,1.00,1.00
2015.01.13 18:03:48.333,0.92318,0.92358,1.00,1.75
2015.01.13 18:03:48.961,0.92318,0.92355,1.00,1.00
2015.01.13 18:03:54.119,0.92318,0.92355,1.00,1.37
2015.01.13 18:03:54.421,0.92318,0.92349,1.00,1.00
2015.01.13 18:03:55.295,0.92318,0.92354,1.00,1.12
2015.01.13 18:04:07.178,0.92318,0.9235,1.00,1.00
2015.01.13 18:04:07.706,0.92318,0.92349,1.00,1.00
2015.01.13 18:04:08.348,0.92318,0.9235,1.00,1.00
2015.01.13 18:04:09.965,0.92318,0.92349,1.00,1.00
2015.01.13 18:04:10.116,0.92313,0.92349,1.00,1.00
2015.01.13 18:04:10.167,0.92313,0.92345,1.00,1.00
2015.01.13 18:04:10.469,0.92323,0.92336,1.00,1.00
2015.01.13 18:04:10.811,0.9232,0.92333,1.00,1.37
2015.01.13 18:04:11.099,0.92318,0.92333,1.00,1.37
2015.01.13 18:04:11.658,0.92317,0.92333,1.00,1.50
2015.01.13 18:04:12.231,0.92317,0.92338,1.00,1.00
2015.01.13 18:04:13.223,0.92318,0.92338,1.00,1.00
2015.01.13 18:04:13.621,0.92323,0.92338,1.00,1.00
2015.01.13 18:04:14.017,0.92323,0.92343,1.00,1.00
2015.01.13 18:04:14.169,0.92322,0.92348,1.00,1.00
2015.01.13 18:04:14.421,0.92317,0.92348,1.00,1.00
2015.01.13 18:04:14.522,0.92317,0.92354,1.00,1.00
2015.01.13 18:04:14.622,0.92323,0.92358,1.00,1.00
2015.01.13 18:04:14.874,0.92313,0.92354,1.00,1.00
2015.01.13 18:04:14.975,0.92313,0.9236,1.37,1.00
2015.01.13 18:04:15.076,0.92312,0.92353,1.37,1.00
2015.01.13 18:04:15.127,0.92312,0.92353,1.00,1.00
2015.01.13 18:04:15.177,0.92328,0.92353,1.00,1.00
2015.01.13 18:04:15.382,0.92322,0.92353,1.00,1.00
2015.01.13 18:04:15.602,0.92327,0.92353,1.00,1.00
2015.01.13 18:04:15.971,0.92327,0.92349,1.00,1.00
2015.01.13 18:04:16.172,0.92323,0.92352,1.00,1.00
2015.01.13 18:04:16.374,0.92328,0.92353,1.00,1.00
2015.01.13 18:04:16.938,0.92327,0.92352,1.00,1.00
2015.01.13 18:04:18.160,0.92323,0.92352,1.00,1.00
2015.01.13 18:04:18.312,0.92323,0.92356,1.00,1.00
2015.01.13 18:04:18.413,0.92323,0.92353,1.00,1.00
2015.01.13 18:04:18.916,0.92328,0.92352,1.00,1.00
2015.01.13 18:04:19.017,0.92328,0.92356,1.00,1.37
2015.01.13 18:04:19.186,0.92328,0.92357,1.00,1.00
2015.01.13 18:04:23.328,0.92323,0.92357,1.00,1.00
2015.01.13 18:04:23.640,0.92327,0.92356,1.00,1.00
2015.01.13 18:04:24.649,0.92328,0.92356,1.00,1.00
2015.01.13 18:04:28.140,0.92323,0.92356,1.00,1.00
2015.01.13 18:04:28.291,0.92323,0.92352,1.00,1.00
2015.01.13 18:04:28.923,0.92327,0.92352,1.00,1.00
2015.01.13 18:04:30.150,0.92328,0.92352,1.00,1.00
2015.01.13 18:04:31.582,0.92323,0.92352,1.00,1.00
2015.01.13 18:04:34.111,0.92322,0.92352,1.00,1.00
2015.01.13 18:04:34.556,0.92323,0.92348,1.00,1.00
2015.01.13 18:04:35.661,0.92318,0.92348,1.00,1.00
2015.01.13 18:04:35.870,0.92323,0.92348,1.00,1.00
2015.01.13 18:04:36.540,0.92323,0.92351,1.00,1.00
2015.01.13 18:04:39.060,0.92322,0.92351,1.00,1.00
2015.01.13 18:04:41.602,0.92317,0.92351,1.00,1.00
2015.01.13 18:04:41.819,0.92313,0.92351,1.00,1.00
2015.01.13 18:04:41.869,0.92313,0.92348,1.00,1.50
2015.01.13 18:04:42.214,0.92313,0.92343,1.00,1.00
2015.01.13 18:04:48.653,0.92313,0.92348,1.00,1.00
2015.01.13 18:04:49.182,0.92317,0.92348,1.00,1.00
2015.01.13 18:04:49.756,0.92317,0.92344,1.00,1.00
2015.01.13 18:04:50.058,0.92317,0.92341,1.00,1.00
2015.01.13 18:04:50.109,0.92312,0.92341,1.00,1.00
2015.01.13 18:04:51.050,0.92317,0.92341,1.00,1.00
2015.01.13 18:04:51.796,0.92317,0.9234,1.00,1.00
2015.01.13 18:04:54.966,0.92317,0.92345,1.00,1.00
2015.01.13 18:04:55.274,0.92317,0.92341,1.00,1.00
2015.01.13 18:04:55.375,0.92313,0.92341,1.00,1.00
2015.01.13 18:04:55.914,0.92312,0.92341,1.00,1.00
2015.01.13 18:04:56.888,0.92312,0.92342,1.00,1.00
2015.01.13 18:05:01.833,0.92312,0.92342,1.00,1.37
2015.01.13 18:05:02.035,0.92308,0.92338,1.00,1.00
2015.01.13 18:05:02.160,0.92302,0.92338,1.00,1.00
2015.01.13 18:05:02.634,0.92303,0.92338,1.00,1.37
2015.01.13 18:05:04.132,0.92303,0.92331,1.00,1.00
2015.01.13 18:05:04.691,0.92303,0.9233,1.00,1.00
2015.01.13 18:05:17.066,0.92303,0.92326,1.00,1.00
2015.01.13 18:05:20.861,0.92302,0.92326,1.00,1.00
2015.01.13 18:05:22.690,0.92302,0.92326,1.00,1.37
2015.01.13 18:05:23.050,0.92303,0.92321,1.00,1.00
2015.01.13 18:05:23.390,0.92298,0.92321,1.00,1.00
2015.01.13 18:05:24.092,0.92298,0.92321,1.00,1.37
2015.01.13 18:05:24.193,0.92279,0.92321,1.00,1.00
2015.01.13 18:05:24.244,0.92272,0.92318,1.00,1.00
2015.01.13 18:05:24.827,0.92273,0.92318,1.00,1.00
2015.01.13 18:05:26.599,0.92273,0.92318,1.00,1.37
2015.01.13 18:05:26.700,0.92273,0.92314,1.00,1.00
2015.01.13 18:05:27.907,0.92272,0.92314,1.00,1.00
2015.01.13 18:05:28.890,0.92278,0.92314,1.00,1.00
2015.01.13 18:05:29.111,0.92273,0.92314,1.00,1.00
2015.01.13 18:05:30.985,0.92273,0.9231,1.00,1.00
2015.01.13 18:05:31.867,0.92277,0.9231,1.00,1.00
2015.01.13 18:05:35.920,0.92277,0.92307,1.00,1.00
2015.01.13 18:05:36.182,0.92273,0.92307,1.00,1.00
2015.01.13 18:05:36.650,0.92272,0.92302,1.00,1.00
2015.01.13 18:05:36.851,0.92268,0.92302,1.00,1.00
2015.01.13 18:05:38.138,0.92272,0.92302,1.00,1.00
2015.01.13 18:05:38.188,0.92272,0.92305,1.00,1.00
2015.01.13 18:05:38.380,0.92268,0.92305,1.00,1.00
2015.01.13 18:05:38.571,0.92273,0.92305,1.00,1.00
2015.01.13 18:05:38.990,0.92278,0.92305,1.00,1.00
2015.01.13 18:05:39.670,0.92272,0.92305,1.00,1.00
2015.01.13 18:05:40.115,0.92278,0.92305,1.00,1.00
2015.01.13 18:05:42.641,0.92277,0.92305,1.00,1.00
2015.01.13 18:05:47.590,0.92278,0.92305,1.00,1.00
2015.01.13 18:05:48.258,0.92278,0.92306,1.00,1.00
2015.01.13 18:05:48.374,0.92272,0.92306,1.00,1.00
2015.01.13 18:05:49.001,0.92273,0.92305,1.00,1.00
2015.01.13 18:05:49.250,0.92273,0.92309,1.00,1.00
2015.01.13 18:05:52.675,0.92273,0.92314,1.00,1.12
2015.01.13 18:05:53.341,0.92277,0.92317,1.00,1.37
2015.01.13 18:05:53.649,0.92273,0.92312,1.00,1.00
2015.01.13 18:05:53.920,0.92273,0.92316,1.00,1.37
2015.01.13 18:05:53.970,0.92278,0.92316,1.00,1.37
2015.01.13 18:05:54.400,0.92278,0.92316,1.00,1.00
2015.01.13 18:05:54.966,0.92278,0.92316,1.00,1.37
2015.01.13 18:05:55.600,0.92277,0.92316,1.00,1.37
2015.01.13 18:05:56.389,0.92278,0.92316,1.00,1.37
2015.01.13 18:05:56.946,0.92278,0.92316,1.00,1.12
2015.01.13 18:05:58.150,0.92277,0.92316,1.00,1.12
2015.01.13 18:06:00.930,0.92273,0.92316,1.00,1.12
2015.01.13 18:06:01.565,0.92272,0.92316,1.00,1.12
2015.01.13 18:06:05.994,0.92272,0.92312,1.00,1.00
2015.01.13 18:06:06.648,0.92273,0.92312,1.00,1.00
2015.01.13 18:06:12.076,0.92273,0.92311,1.00,1.00
2015.01.13 18:06:12.610,0.92273,0.92308,1.00,1.00
2015.01.13 18:06:12.912,0.92268,0.92302,1.00,1.00
2015.01.13 18:06:13.272,0.92268,0.92304,1.00,1.00
2015.01.13 18:06:14.321,0.92272,0.92304,1.00,1.00
2015.01.13 18:06:14.891,0.92273,0.92304,1.00,1.00
2015.01.13 18:06:15.089,0.92268,0.92304,1.00,1.00
2015.01.13 18:06:15.882,0.92267,0.92304,1.00,1.00
2015.01.13 18:06:16.923,0.92267,0.92301,1.00,1.00
2015.01.13 18:06:17.144,0.92267,0.92304,1.00,1.12
2015.01.13 18:06:17.195,0.92267,0.92304,1.00,1.37
2015.01.13 18:06:17.498,0.92268,0.92296,1.00,1.00
2015.01.13 18:06:17.954,0.92268,0.92299,1.00,1.00
2015.01.13 18:06:18.530,0.92268,0.92296,1.00,1.00
2015.01.13 18:06:18.750,0.92268,0.92299,1.00,1.00
2015.01.13 18:06:18.901,0.92268,0.92299,1.00,1.37
2015.01.13 18:06:20.069,0.92268,0.92295,1.00,1.00
2015.01.13 18:06:33.527,0.92268,0.92298,1.00,1.00
2015.01.13 18:06:36.958,0.92268,0.92295,1.00,1.00
2015.01.13 18:06:37.391,0.92268,0.92298,1.00,1.00
2015.01.13 18:06:38.400,0.92268,0.92296,1.00,1.00
2015.01.13 18:06:42.335,0.92263,0.92296,1.00,1.00
2015.01.13 18:06:43.000,0.92263,0.923,1.00,1.37
2015.01.13 18:06:45.259,0.92263,0.923,1.00,1.00
2015.01.13 18:06:45.360,0.92263,0.92304,1.00,1.00
2015.01.13 18:06:45.638,0.92267,0.92304,1.00,1.00
2015.01.13 18:06:46.141,0.92268,0.92304,1.00,1.00
2015.01.13 18:06:47.591,0.92267,0.92304,1.00,1.00
2015.01.13 18:06:58.152,0.92268,0.92304,1.00,1.00
2015.01.13 18:07:00.771,0.92268,0.92301,1.00,1.00
2015.01.13 18:07:01.073,0.92268,0.92298,1.00,1.12
2015.01.13 18:07:01.252,0.92263,0.92298,1.00,1.12
2015.01.13 18:07:02.653,0.92263,0.92296,1.00,1.00
2015.01.13 18:07:04.093,0.92263,0.92299,1.00,1.37
2015.01.13 18:07:04.619,0.92267,0.92299,1.00,1.37
2015.01.13 18:07:06.964,0.92263,0.92299,1.00,1.37
2015.01.13 18:07:07.501,0.92263,0.92296,1.00,1.00
2015.01.13 18:07:09.921,0.92263,0.92299,1.00,1.12
2015.01.13 18:07:11.841,0.92263,0.92297,1.00,1.00
2015.01.13 18:07:12.619,0.92263,0.92297,1.00,1.37
2015.01.13 18:07:21.552,0.92263,0.92302,1.00,1.00
2015.01.13 18:07:21.670,0.92257,0.92302,1.00,1.00
2015.01.13 18:07:21.821,0.92257,0.92297,1.00,1.00
2015.01.13 18:07:22.155,0.92268,0.92298,1.00,1.00
2015.01.13 18:07:22.429,0.92268,0.923,1.00,1.00
2015.01.13 18:07:22.717,0.92268,0.92298,1.00,1.00
2015.01.13 18:07:22.851,0.92268,0.92304,1.00,1.37
2015.01.13 18:07:22.902,0.92273,0.92304,1.00,1.37
2015.01.13 18:07:24.081,0.92273,0.92304,1.00,1.37
2015.01.13 18:07:24.308,0.92268,0.92302,1.00,1.00
2015.01.13 18:07:30.994,0.92268,0.92304,1.00,1.37
2015.01.13 18:07:31.095,0.92268,0.92301,1.00,1.00
2015.01.13 18:07:31.799,0.92268,0.92304,1.00,1.37
2015.01.13 18:07:31.899,0.92268,0.92301,1.00,1.00
2015.01.13 18:07:32.000,0.92268,0.92303,1.00,1.12
2015.01.13 18:07:32.101,0.92268,0.92301,1.00,1.00
2015.01.13 18:07:32.202,0.92268,0.92303,1.00,1.00
2015.01.13 18:07:32.525,0.92268,0.923,1.00,1.00
2015.01.13 18:07:32.668,0.92268,0.92303,1.00,1.00
2015.01.13 18:07:33.299,0.92268,0.923,1.00,1.00
2015.01.13 18:07:33.614,0.92268,0.92303,1.00,1.00
2015.01.13 18:07:34.015,0.92268,0.923,1.00,1.00
2015.01.13 18:07:34.224,0.92268,0.92303,1.00,1.37
2015.01.13 18:07:34.783,0.92268,0.92301,1.00,1.00
2015.01.13 18:07:35.314,0.92268,0.92303,1.00,1.37
2015.01.13 18:07:35.819,0.92268,0.92303,1.00,1.12
2015.01.13 18:07:36.271,0.92268,0.92307,1.00,1.00
2015.01.13 18:07:36.649,0.92268,0.92309,1.00,1.12
2015.01.13 18:07:38.388,0.92267,0.92309,1.00,1.00
2015.01.13 18:07:39.075,0.92268,0.92309,1.00,1.00
2015.01.13 18:07:42.918,0.92268,0.92312,1.00,1.00
2015.01.13 18:07:46.307,0.92273,0.92312,1.00,1.12
2015.01.13 18:07:46.858,0.92262,0.92312,1.75,1.00
2015.01.13 18:07:46.966,0.92262,0.92312,1.37,1.12
2015.01.13 18:07:47.067,0.92262,0.92312,1.00,1.00
2015.01.13 18:07:47.470,0.92262,0.92308,1.00,1.00
2015.01.13 18:07:51.587,0.92263,0.92308,1.00,1.00
2015.01.13 18:07:52.009,0.92263,0.92313,1.37,1.12
2015.01.13 18:07:52.139,0.92268,0.92313,1.00,1.12
2015.01.13 18:07:52.584,0.92268,0.9231,1.00,1.00
2015.01.13 18:07:57.172,0.92268,0.92314,1.00,1.37
2015.01.13 18:07:57.709,0.92268,0.92314,1.00,1.00
2015.01.13 18:07:57.878,0.92267,0.92311,1.00,1.00
2015.01.13 18:07:58.437,0.92268,0.92311,1.00,1.00
2015.01.13 18:08:00.108,0.92268,0.92311,1.37,1.00
2015.01.13 18:08:00.185,0.92268,0.92314,1.37,1.00
2015.01.13 18:08:00.490,0.92268,0.9231,1.12,1.00
2015.01.13 18:08:00.870,0.92268,0.92308,1.00,1.00
2015.01.13 18:08:09.024,0.92268,0.9231,1.00,1.00
2015.01.13 18:08:09.629,0.92267,0.9231,1.00,1.00
2015.01.13 18:08:11.092,0.92263,0.9231,1.12,1.12
2015.01.13 18:08:11.158,0.92263,0.9231,1.00,1.50
2015.01.13 18:08:11.749,0.92263,0.92306,1.00,1.00
2015.01.13 18:08:12.087,0.92263,0.92303,1.00,1.00
2015.01.13 18:08:12.597,0.92262,0.92303,1.00,1.00
2015.01.13 18:08:13.864,0.92262,0.92304,1.00,1.00
2015.01.13 18:08:14.969,0.92262,0.92308,1.00,1.50
2015.01.13 18:08:16.581,0.92258,0.92307,2.62,1.37
2015.01.13 18:08:16.682,0.92262,0.92307,1.00,1.37
2015.01.13 18:08:16.733,0.92262,0.92308,1.00,1.50
2015.01.13 18:08:17.359,0.92263,0.9231,1.00,1.75
2015.01.13 18:08:18.953,0.92263,0.92311,1.00,1.37
2015.01.13 18:08:19.525,0.92262,0.92311,1.12,1.37
2015.01.13 18:08:20.111,0.92263,0.92311,1.00,1.37
2015.01.13 18:08:20.674,0.92264,0.92312,1.00,1.37
2015.01.13 18:08:20.853,0.92267,0.92313,1.00,1.12
2015.01.13 18:08:21.060,0.92267,0.92314,1.00,1.37
2015.01.13 18:08:21.261,0.92267,0.92314,1.37,1.50
2015.01.13 18:08:21.647,0.92273,0.92314,1.00,1.50
2015.01.13 18:08:21.913,0.92267,0.92315,1.00,1.50
2015.01.13 18:08:22.499,0.92264,0.92316,1.37,1.12
2015.01.13 18:08:22.550,0.92264,0.92319,1.37,1.37
2015.01.13 18:08:22.701,0.9227,0.92318,1.00,1.37
2015.01.13 18:08:23.008,0.92273,0.92318,1.00,1.37
2015.01.13 18:08:23.079,0.9227,0.92318,1.00,1.37
2015.01.13 18:08:23.899,0.92265,0.92318,1.37,1.37
2015.01.13 18:08:24.940,0.92267,0.92319,1.37,1.37
2015.01.13 18:08:28.189,0.9227,0.92318,1.00,1.37
2015.01.13 18:08:28.240,0.9227,0.92318,1.00,1.00
2015.01.13 18:08:28.290,0.92269,0.92314,1.00,1.00
2015.01.13 18:08:28.592,0.92266,0.92314,1.50,1.00
2015.01.13 18:08:28.643,0.92266,0.92314,1.00,1.00
2015.01.13 18:08:28.744,0.92262,0.92314,1.00,1.00
2015.01.13 18:08:28.895,0.92262,0.92311,1.00,1.00
2015.01.13 18:08:29.255,0.92262,0.92311,1.75,1.00
2015.01.13 18:08:29.416,0.92262,0.9231,1.00,1.00
2015.01.13 18:08:30.607,0.92262,0.92315,1.00,1.00
2015.01.13 18:08:30.758,0.92262,0.92315,1.75,1.12
2015.01.13 18:08:30.927,0.92262,0.92315,1.00,1.00
2015.01.13 18:08:31.521,0.92262,0.92315,1.50,1.12
2015.01.13 18:08:31.934,0.92262,0.92315,1.00,1.00
2015.01.13 18:08:32.035,0.92262,0.92315,1.75,1.37
2015.01.13 18:08:32.223,0.92262,0.92315,1.00,1.00
2015.01.13 18:08:32.324,0.92262,0.92315,1.50,1.37
2015.01.13 18:08:32.424,0.92262,0.92315,1.00,1.00
2015.01.13 18:08:32.626,0.92262,0.92315,1.37,1.37
2015.01.13 18:08:32.927,0.92263,0.92311,1.00,1.00
2015.01.13 18:08:33.829,0.92263,0.92311,1.37,1.37
2015.01.13 18:08:35.832,0.92263,0.92311,1.00,1.37
2015.01.13 18:08:35.933,0.92263,0.92311,1.12,1.12
2015.01.13 18:08:40.646,0.92263,0.92311,1.12,1.37
2015.01.13 18:08:41.488,0.92263,0.92312,1.37,1.00
2015.01.13 18:08:42.045,0.92263,0.92315,1.37,1.37
2015.01.13 18:08:42.850,0.92263,0.92315,1.50,1.12
2015.01.13 18:08:43.352,0.92263,0.92315,1.37,1.37
2015.01.13 18:08:43.955,0.92263,0.92315,1.37,1.37
2015.01.13 18:08:44.316,0.92263,0.92315,1.50,1.37
2015.01.13 18:08:44.367,0.92263,0.92315,1.37,1.37
2015.01.13 18:08:44.489,0.92263,0.92315,1.50,1.12
2015.01.13 18:08:44.858,0.92263,0.92315,1.37,1.37
2015.01.13 18:08:44.958,0.92263,0.92315,1.37,1.00
2015.01.13 18:08:46.866,0.92263,0.92315,1.37,1.37
2015.01.13 18:08:47.268,0.92263,0.92315,1.37,1.37
2015.01.13 18:08:47.369,0.92263,0.92315,1.37,1.37
2015.01.13 18:08:48.020,0.92263,0.92315,1.00,1.00
2015.01.13 18:08:48.830,0.92263,0.92315,1.37,1.00
2015.01.13 18:08:49.161,0.92267,0.92316,1.37,1.12
2015.01.13 18:08:57.886,0.92267,0.92316,1.37,1.00
2015.01.13 18:08:57.987,0.92267,0.92316,1.00,1.37
2015.01.13 18:08:58.389,0.92263,0.92316,1.37,1.37
2015.01.13 18:09:00.468,0.92263,0.92316,1.37,1.37
2015.01.13 18:09:01.004,0.92268,0.92315,1.12,1.12
2015.01.13 18:09:01.312,0.92262,0.92315,1.37,1.37
2015.01.13 18:09:02.205,0.92263,0.9231,1.37,1.00
2015.01.13 18:09:02.974,0.92263,0.92314,1.37,1.37
2015.01.13 18:09:03.467,0.92262,0.92314,1.37,1.37
2015.01.13 18:09:08.179,0.92263,0.92314,1.37,1.37
2015.01.13 18:09:08.280,0.92263,0.92314,1.37,1.00
2015.01.13 18:09:08.396,0.92268,0.92314,1.00,1.00
2015.01.13 18:09:09.606,0.92267,0.92314,1.00,1.00
2015.01.13 18:09:12.358,0.92262,0.92314,1.37,1.00
2015.01.13 18:09:16.647,0.92262,0.92315,1.00,1.50
2015.01.13 18:09:16.748,0.92265,0.92318,1.00,1.50
2015.01.13 18:09:17.088,0.92263,0.92318,1.75,1.37
2015.01.13 18:09:18.126,0.92263,0.92318,1.50,1.37
2015.01.13 18:09:18.411,0.92263,0.92318,1.00,1.00
2015.01.13 18:09:19.550,0.92262,0.92314,1.00,1.00
2015.01.13 18:09:20.833,0.92263,0.92314,1.00,1.12
2015.01.13 18:09:21.258,0.92263,0.92314,1.37,1.37
2015.01.13 18:09:21.848,0.92262,0.92314,1.75,1.37
2015.01.13 18:09:21.949,0.92262,0.92314,1.75,1.00
2015.01.13 18:09:22.000,0.92262,0.92319,2.25,1.37
2015.01.13 18:09:26.275,0.92263,0.92319,1.75,1.37
2015.01.13 18:09:26.928,0.92268,0.92321,1.37,1.50
2015.01.13 18:09:27.627,0.92262,0.92317,3.00,1.12
2015.01.13 18:09:28.699,0.92262,0.92317,1.50,1.00
2015.01.13 18:09:28.800,0.92262,0.92303,1.00,1.00
2015.01.13 18:09:29.655,0.92258,0.92303,1.00,1.00
2015.01.13 18:09:29.706,0.92258,0.92297,1.00,1.12
2015.01.13 18:09:31.949,0.92258,0.92302,1.75,1.00
2015.01.13 18:09:32.050,0.92258,0.92307,1.00,1.00
2015.01.13 18:09:32.152,0.92258,0.92307,1.50,1.37
2015.01.13 18:09:32.457,0.92258,0.92302,1.00,1.00
2015.01.13 18:09:32.658,0.92258,0.92303,1.00,1.87
2015.01.13 18:09:32.965,0.92258,0.92298,1.00,1.37
2015.01.13 18:09:33.695,0.92257,0.92298,1.00,1.37
2015.01.13 18:09:34.667,0.92257,0.92299,1.00,1.00
2015.01.13 18:09:34.931,0.92257,0.92304,1.00,1.00
2015.01.13 18:09:35.082,0.92257,0.92304,1.75,1.37
2015.01.13 18:09:35.442,0.92258,0.92304,1.00,1.00
2015.01.13 18:09:37.062,0.92258,0.92304,1.00,2.25
2015.01.13 18:09:37.606,0.92258,0.92304,1.00,1.87
2015.01.13 18:09:39.199,0.92258,0.92305,1.00,1.00
2015.01.13 18:09:39.299,0.92258,0.92304,1.37,1.37
2015.01.13 18:09:39.985,0.92258,0.92304,1.00,1.00
2015.01.13 18:09:41.896,0.92257,0.92304,1.00,1.00
2015.01.13 18:09:42.432,0.92257,0.92305,1.00,1.00
2015.01.13 18:09:42.614,0.92257,0.923,1.00,1.00
2015.01.13 18:09:45.561,0.92257,0.92304,1.00,1.00
2015.01.13 18:09:46.062,0.92258,0.92303,1.00,1.87
2015.01.13 18:09:46.476,0.92258,0.92304,1.12,1.50
2015.01.13 18:09:47.590,0.92253,0.92304,1.00,1.00
2015.01.13 18:09:47.805,0.92257,0.92303,1.00,1.00
2015.01.13 18:09:48.199,0.92258,0.92303,1.00,1.37
2015.01.13 18:09:50.335,0.92257,0.92303,1.00,1.37
2015.01.13 18:09:53.530,0.92257,0.92303,1.00,1.75
2015.01.13 18:09:53.809,0.92257,0.92303,1.00,1.00
2015.01.13 18:09:53.860,0.92253,0.92303,1.00,1.00
2015.01.13 18:09:54.226,0.92252,0.92303,1.87,1.37
2015.01.13 18:09:54.537,0.92258,0.92303,1.00,1.37
2015.01.13 18:09:55.708,0.92258,0.92303,1.00,1.37
2015.01.13 18:09:55.941,0.92257,0.92303,1.37,1.37
2015.01.13 18:09:56.516,0.92258,0.92303,1.00,1.12
2015.01.13 18:09:58.586,0.92264,0.92307,1.00,1.87
2015.01.13 18:09:58.636,0.92264,0.92307,1.37,1.50
2015.01.13 18:09:58.687,0.92264,0.9231,1.37,1.37
2015.01.13 18:09:58.915,0.92278,0.9231,1.00,1.37
2015.01.13 18:09:59.245,0.92278,0.9231,1.00,1.12
2015.01.13 18:10:01.636,0.92278,0.9231,1.00,1.37
2015.01.13 18:10:02.665,0.92277,0.9231,1.00,1.12
2015.01.13 18:10:02.967,0.92278,0.92306,1.00,1.87
2015.01.13 18:10:03.676,0.92273,0.92306,1.00,1.50
2015.01.13 18:10:03.978,0.92272,0.92306,1.00,1.87
2015.01.13 18:10:04.280,0.92272,0.92309,1.00,2.62
2015.01.13 18:10:04.777,0.92273,0.92309,1.00,2.25
2015.01.13 18:10:05.308,0.92273,0.92308,1.00,1.50
2015.01.13 18:10:05.409,0.92273,0.92308,1.00,2.25
2015.01.13 18:10:05.570,0.92273,0.92308,1.00,1.50
2015.01.13 18:10:05.727,0.92273,0.92307,1.00,3.00
2015.01.13 18:10:05.923,0.92273,0.92307,1.00,1.50
2015.01.13 18:10:06.197,0.92273,0.92309,1.00,2.25
2015.01.13 18:10:06.485,0.92273,0.92309,1.00,2.62
2015.01.13 18:10:07.290,0.92273,0.92309,1.00,1.37
2015.01.13 18:10:07.880,0.92273,0.92309,1.00,1.00
2015.01.13 18:10:08.597,0.92278,0.92309,1.00,1.12
2015.01.13 18:10:08.823,0.92272,0.92311,1.00,1.87
2015.01.13 18:10:08.974,0.92277,0.9231,1.00,1.50
2015.01.13 18:10:09.600,0.92277,0.92311,1.00,1.50
2015.01.13 18:10:10.361,0.92273,0.92311,1.00,1.50
2015.01.13 18:10:13.194,0.92273,0.92309,1.00,1.00
2015.01.13 18:10:13.561,0.92273,0.92309,1.00,3.00
2015.01.13 18:10:15.307,0.92272,0.92309,1.00,3.00
2015.01.13 18:10:15.628,0.92272,0.92303,1.00,1.75
2015.01.13 18:10:16.096,0.92267,0.92302,1.00,2.25
2015.01.13 18:10:16.623,0.92268,0.92301,1.00,1.75
2015.01.13 18:10:16.674,0.92272,0.92301,1.00,1.75
2015.01.13 18:10:18.232,0.92268,0.923,1.00,2.25
2015.01.13 18:10:19.598,0.92267,0.92299,1.00,2.25
2015.01.13 18:10:21.210,0.92267,0.923,1.00,2.25
2015.01.13 18:10:22.670,0.92267,0.923,1.00,2.25
2015.01.13 18:10:23.476,0.92268,0.923,1.00,2.25
2015.01.13 18:10:29.829,0.92267,0.92298,1.00,1.87
2015.01.13 18:10:31.770,0.92267,0.92299,1.00,2.25
2015.01.13 18:10:32.157,0.92263,0.92293,1.00,1.87
2015.01.13 18:10:32.208,0.92263,0.92293,1.00,2.25
2015.01.13 18:10:32.359,0.92258,0.92293,1.00,3.00
2015.01.13 18:10:32.460,0.92258,0.92295,1.00,3.00
2015.01.13 18:10:32.611,0.92262,0.92295,1.00,3.00
2015.01.13 18:10:32.672,0.92262,0.92295,1.00,3.00
2015.01.13 18:10:33.727,0.92262,0.92298,1.00,1.75
2015.01.13 18:10:34.887,0.92267,0.92298,1.00,1.75
2015.01.13 18:10:41.418,0.92268,0.92298,1.00,1.75
2015.01.13 18:10:41.613,0.92268,0.92298,1.00,1.00
2015.01.13 18:10:41.713,0.92268,0.92302,1.00,1.00
2015.01.13 18:10:42.616,0.92268,0.92304,1.00,2.25
2015.01.13 18:10:42.928,0.92268,0.92303,1.00,2.25
2015.01.13 18:10:43.157,0.92268,0.92303,1.00,2.25
2015.01.13 18:10:43.208,0.92268,0.923,1.00,1.00
2015.01.13 18:10:43.565,0.92268,0.923,1.00,3.00
2015.01.13 18:10:43.932,0.92272,0.923,1.00,3.00
2015.01.13 18:10:45.461,0.92272,0.92302,1.00,1.87
2015.01.13 18:10:45.775,0.92272,0.92303,1.00,1.50
2015.01.13 18:10:45.977,0.92273,0.92303,1.00,1.87
2015.01.13 18:10:46.077,0.92273,0.92301,1.00,1.50
2015.01.13 18:10:46.178,0.92273,0.92301,1.00,3.00
2015.01.13 18:10:46.486,0.92273,0.923,1.00,1.87
2015.01.13 18:10:46.587,0.92273,0.92301,1.00,1.50
2015.01.13 18:10:47.094,0.92273,0.923,1.00,1.50
2015.01.13 18:10:47.754,0.92273,0.923,1.00,2.25
2015.01.13 18:10:49.514,0.92273,0.923,1.00,2.25
2015.01.13 18:10:49.927,0.92273,0.923,1.00,1.50
2015.01.13 18:10:50.028,0.92273,0.92301,1.00,3.00
2015.01.13 18:10:50.866,0.92267,0.92301,1.00,1.75
2015.01.13 18:10:50.917,0.92267,0.92302,1.00,2.25
2015.01.13 18:10:50.967,0.92272,0.92304,1.00,1.75
2015.01.13 18:10:51.375,0.92278,0.92305,1.00,1.75
2015.01.13 18:10:51.426,0.92278,0.92305,1.00,1.75
2015.01.13 18:10:51.627,0.92272,0.92309,1.00,1.75
2015.01.13 18:10:51.728,0.92272,0.92309,1.00,1.75
2015.01.13 18:10:51.829,0.92278,0.92309,1.00,1.75
2015.01.13 18:10:52.365,0.92282,0.92309,1.00,1.75
2015.01.13 18:10:53.570,0.92282,0.92309,1.00,3.00
2015.01.13 18:10:53.621,0.92278,0.92309,1.00,3.00
2015.01.13 18:10:54.124,0.92278,0.92307,1.00,2.25
2015.01.13 18:10:55.126,0.92278,0.92307,1.00,2.25
2015.01.13 18:10:55.376,0.92268,0.92307,1.00,1.87
2015.01.13 18:10:55.477,0.92268,0.92306,1.00,1.00
2015.01.13 18:10:56.964,0.92268,0.92309,1.00,1.12
2015.01.13 18:10:57.032,0.92268,0.92309,1.00,1.75
2015.01.13 18:10:57.132,0.92268,0.92309,1.00,1.37
2015.01.13 18:10:57.233,0.92267,0.92309,1.00,1.75
2015.01.13 18:10:57.355,0.92258,0.92309,1.37,1.75
2015.01.13 18:10:57.633,0.92258,0.92307,1.37,1.75
2015.01.13 18:10:58.761,0.92258,0.92307,1.37,1.75
2015.01.13 18:10:59.449,0.92258,0.92306,1.37,1.75
2015.01.13 18:10:59.970,0.92258,0.92306,1.12,1.75
2015.01.13 18:11:01.385,0.92262,0.92306,1.00,1.75
2015.01.13 18:11:03.349,0.92262,0.92306,1.00,1.75
2015.01.13 18:11:03.580,0.92262,0.92307,1.37,1.37
2015.01.13 18:11:03.681,0.92258,0.92313,3.00,1.75
2015.01.13 18:11:04.136,0.92258,0.92309,1.75,1.75
2015.01.13 18:11:04.236,0.92258,0.92308,1.50,1.50
2015.01.13 18:11:04.930,0.92258,0.92305,1.37,1.37
2015.01.13 18:11:06.244,0.92258,0.92305,1.37,1.75
2015.01.13 18:11:06.578,0.92257,0.92309,1.75,1.75
2015.01.13 18:11:06.629,0.92257,0.92311,1.75,1.75
2015.01.13 18:11:06.941,0.92258,0.92311,1.00,1.37
2015.01.13 18:11:07.142,0.92258,0.92307,1.37,1.75
2015.01.13 18:11:10.208,0.92257,0.92306,1.37,1.75
2015.01.13 18:11:10.645,0.92257,0.92306,1.37,1.50
2015.01.13 18:11:12.217,0.92258,0.92305,1.37,1.50
2015.01.13 18:11:12.318,0.92258,0.92305,1.37,1.37
2015.01.13 18:11:12.477,0.92252,0.92305,2.25,1.37
2015.01.13 18:11:14.486,0.92263,0.9231,1.37,1.37
2015.01.13 18:11:15.795,0.92268,0.9231,1.00,1.37
2015.01.13 18:11:17.457,0.92268,0.9231,1.00,1.37
2015.01.13 18:11:17.570,0.92263,0.92305,1.00,1.37
2015.01.13 18:11:17.676,0.92263,0.92305,1.00,1.37
2015.01.13 18:11:19.095,0.92268,0.92305,1.00,1.37
2015.01.13 18:11:20.136,0.92268,0.92305,1.00,1.75
2015.01.13 18:11:21.001,0.92263,0.92305,1.00,1.75
2015.01.13 18:11:21.339,0.92263,0.92305,1.00,1.12
2015.01.13 18:11:21.645,0.92268,0.92309,1.00,1.37
2015.01.13 18:11:22.653,0.92262,0.92306,1.00,1.37
2015.01.13 18:11:22.754,0.92262,0.92306,1.00,1.37
2015.01.13 18:11:22.855,0.92262,0.92305,1.00,1.37
2015.01.13 18:11:22.956,0.92258,0.92311,1.00,1.37
2015.01.13 18:11:23.057,0.92258,0.9231,1.12,1.50
2015.01.13 18:11:23.359,0.92258,0.9231,1.37,1.75
2015.01.13 18:11:23.746,0.92257,0.9231,1.00,1.00
2015.01.13 18:11:24.548,0.92257,0.9231,1.37,2.25
2015.01.13 18:11:25.375,0.92256,0.9231,1.37,1.87
2015.01.13 18:11:25.476,0.92256,0.9231,2.25,1.87
2015.01.13 18:11:25.815,0.92263,0.9231,1.00,2.25
2015.01.13 18:11:25.953,0.92257,0.9231,1.37,2.25
2015.01.13 18:11:28.054,0.92258,0.9231,1.37,1.37
2015.01.13 18:11:28.155,0.92258,0.9231,1.50,1.37
2015.01.13 18:11:28.256,0.9226,0.92311,1.37,1.37
2015.01.13 18:11:28.357,0.92268,0.92311,1.00,1.37
2015.01.13 18:11:29.326,0.92263,0.92314,1.12,1.37
2015.01.13 18:11:29.495,0.92263,0.9231,1.00,1.37
2015.01.13 18:11:29.697,0.92257,0.9231,1.37,1.37
2015.01.13 18:11:29.915,0.92262,0.9231,1.00,1.37
2015.01.13 18:11:30.094,0.92258,0.9231,1.37,1.37
2015.01.13 18:11:30.314,0.92263,0.9231,1.00,1.37
2015.01.13 18:11:30.853,0.92263,0.9231,1.12,1.37
2015.01.13 18:11:31.894,0.92263,0.92311,1.37,1.37
2015.01.13 18:11:32.344,0.92268,0.92314,1.00,1.37
2015.01.13 18:11:32.646,0.9226,0.92314,1.37,1.37
2015.01.13 18:11:32.697,0.92257,0.9231,1.50,1.37
2015.01.13 18:11:32.998,0.92262,0.9231,1.00,1.50
2015.01.13 18:11:33.064,0.92258,0.9231,1.12,1.50
2015.01.13 18:11:34.901,0.92255,0.92311,1.75,1.87
2015.01.13 18:11:35.203,0.92267,0.92311,1.00,1.37
2015.01.13 18:11:35.770,0.92267,0.92311,1.00,1.12
2015.01.13 18:11:37.777,0.92267,0.92311,1.00,1.37
2015.01.13 18:11:39.279,0.92267,0.9231,1.00,1.37
2015.01.13 18:11:39.818,0.92267,0.9231,1.00,1.00
2015.01.13 18:11:40.544,0.92258,0.92311,1.50,1.37
2015.01.13 18:11:40.704,0.92258,0.92311,1.37,1.37
2015.01.13 18:11:41.088,0.92257,0.92311,1.50,1.50
2015.01.13 18:11:41.749,0.92263,0.92311,1.00,1.50
2015.01.13 18:11:42.637,0.92258,0.92311,1.37,1.50
2015.01.13 18:11:44.177,0.92262,0.92311,1.00,1.50
2015.01.13 18:11:44.687,0.92263,0.9231,1.00,1.37
2015.01.13 18:11:44.737,0.92263,0.9231,1.37,1.37
2015.01.13 18:11:44.838,0.92267,0.9231,1.00,1.37
2015.01.13 18:11:46.421,0.92268,0.9231,1.00,1.00
2015.01.13 18:11:47.940,0.92262,0.9231,1.00,1.00
2015.01.13 18:11:48.345,0.92262,0.9231,1.00,1.37
2015.01.13 18:11:48.645,0.92262,0.9231,1.00,1.37
2015.01.13 18:11:50.098,0.92262,0.92307,1.00,1.00
2015.01.13 18:11:50.428,0.92263,0.92307,1.00,1.50
2015.01.13 18:11:50.479,0.92263,0.92307,1.00,1.37
2015.01.13 18:11:50.669,0.92263,0.92306,1.00,2.25
2015.01.13 18:11:51.079,0.92263,0.92306,1.00,1.12
2015.01.13 18:11:51.381,0.92263,0.92302,1.00,1.00
2015.01.13 18:11:51.979,0.92263,0.92302,1.00,1.37
2015.01.13 18:11:52.056,0.92263,0.92302,1.00,1.00
2015.01.13 18:11:52.506,0.92263,0.92306,1.00,1.37
2015.01.13 18:11:53.066,0.92263,0.92306,1.00,1.75
2015.01.13 18:11:53.465,0.92263,0.92306,1.00,1.37
2015.01.13 18:11:54.261,0.92263,0.92306,1.00,1.75
2015.01.13 18:11:54.561,0.92263,0.92306,1.00,1.37
2015.01.13 18:11:56.675,0.92263,0.92306,1.00,1.37
2015.01.13 18:11:57.243,0.92263,0.92306,1.00,1.12
2015.01.13 18:12:01.185,0.92263,0.92306,1.00,1.37
2015.01.13 18:12:01.725,0.92263,0.92306,1.00,1.75
2015.01.13 18:12:03.346,0.92257,0.92306,1.00,2.25
2015.01.13 18:12:03.397,0.92257,0.92306,1.00,2.25
2015.01.13 18:12:03.911,0.92257,0.92302,1.00,1.75
2015.01.13 18:12:04.012,0.92257,0.92302,1.00,1.37
2015.01.13 18:12:04.520,0.92258,0.92302,1.00,1.37
2015.01.13 18:12:04.990,0.92258,0.92302,1.00,1.12
2015.01.13 18:12:05.317,0.92258,0.92307,1.00,1.12
2015.01.13 18:12:05.418,0.92258,0.92307,1.00,1.37
2015.01.13 18:12:05.469,0.92253,0.92307,1.00,1.37
2015.01.13 18:12:05.694,0.92267,0.92307,1.00,1.37
2015.01.13 18:12:06.402,0.92267,0.9231,1.00,1.37
2015.01.13 18:12:07.084,0.92268,0.9231,1.00,1.37
2015.01.13 18:12:09.853,0.92268,0.9231,1.00,1.12
2015.01.13 18:12:10.003,0.92268,0.9231,1.00,1.37
2015.01.13 18:12:10.203,0.92268,0.9231,1.00,1.00
2015.01.13 18:12:10.454,0.92268,0.9231,1.00,1.37
2015.01.13 18:12:10.720,0.92268,0.9231,1.00,1.12
2015.01.13 18:12:11.006,0.92268,0.9231,1.00,1.37
2015.01.13 18:12:11.507,0.92268,0.9231,1.00,1.12
2015.01.13 18:12:11.615,0.92268,0.9231,1.00,1.37
2015.01.13 18:12:11.715,0.92268,0.9231,1.00,1.00
2015.01.13 18:12:12.024,0.92268,0.9231,1.00,1.37
2015.01.13 18:12:12.209,0.92268,0.9231,1.00,1.00
2015.01.13 18:12:12.509,0.92268,0.9231,1.00,1.37
2015.01.13 18:12:12.729,0.92262,0.92305,1.00,1.35
2015.01.13 18:12:13.082,0.92263,0.92307,1.00,2.10
2015.01.13 18:12:13.233,0.92263,0.92307,1.75,2.10
2015.01.13 18:12:13.313,0.92263,0.92307,1.00,2.10
2015.01.13 18:12:13.414,0.92268,0.92314,1.00,1.12
2015.01.13 18:12:14.225,0.92268,0.92317,1.00,1.00
2015.01.13 18:12:14.326,0.92268,0.92317,1.00,1.37
2015.01.13 18:12:14.427,0.92268,0.92317,1.00,1.37
2015.01.13 18:12:14.666,0.92268,0.92321,1.00,1.87
2015.01.13 18:12:14.868,0.92268,0.92322,1.37,2.85
2015.01.13 18:12:14.969,0.92268,0.92322,1.00,2.47
2015.01.13 18:12:15.650,0.92268,0.92322,1.37,2.85
2015.01.13 18:12:16.021,0.92268,0.92322,1.00,2.47
2015.01.13 18:12:25.674,0.92267,0.92322,1.12,1.72
2015.01.13 18:12:26.141,0.92268,0.92322,1.37,2.85
2015.01.13 18:12:26.653,0.92268,0.92322,1.00,2.47
2015.01.13 18:12:26.754,0.92268,0.92322,1.12,2.85
2015.01.13 18:12:27.363,0.92268,0.92321,1.37,1.50
2015.01.13 18:12:27.464,0.92268,0.92321,1.37,1.75
2015.01.13 18:12:28.157,0.92268,0.92321,1.12,1.75
2015.01.13 18:12:28.313,0.92262,0.92316,1.87,1.37
2015.01.13 18:12:28.364,0.92262,0.92316,1.87,1.75
2015.01.13 18:12:29.057,0.92262,0.92316,1.12,1.87
2015.01.13 18:12:29.595,0.92265,0.92317,1.37,1.50
2015.01.13 18:12:29.796,0.9227,0.92321,1.37,1.35
2015.01.13 18:12:30.344,0.9227,0.92318,1.37,1.00
2015.01.13 18:12:31.184,0.92267,0.9232,1.12,1.75
2015.01.13 18:12:31.436,0.92264,0.9232,1.37,3.00
2015.01.13 18:12:32.979,0.92265,0.92319,1.75,1.50
2015.01.13 18:12:33.080,0.92265,0.92319,1.37,1.50
2015.01.13 18:12:33.767,0.92268,0.92321,1.87,1.35
2015.01.13 18:12:35.404,0.92269,0.92323,1.00,3.22
2015.01.13 18:12:35.467,0.92269,0.92321,1.37,1.67
2015.01.13 18:12:37.713,0.92269,0.92321,1.00,1.35
2015.01.13 18:12:38.041,0.92269,0.92321,1.37,1.35
2015.01.13 18:12:39.092,0.92269,0.92321,1.00,1.35
2015.01.13 18:12:39.274,0.92264,0.92318,1.37,1.75
2015.01.13 18:12:39.577,0.92264,0.92316,1.50,1.37
2015.01.13 18:12:39.915,0.92273,0.92322,1.00,1.75
2015.01.13 18:12:42.107,0.92268,0.92323,2.25,2.25
2015.01.13 18:12:42.208,0.92268,0.92322,1.87,1.75
2015.01.13 18:12:42.485,0.92268,0.92319,1.37,1.75
2015.01.13 18:12:42.587,0.92268,0.92319,1.50,1.37
2015.01.13 18:12:42.838,0.92265,0.92319,1.37,1.50
2015.01.13 18:12:42.889,0.92265,0.92319,1.75,1.37
2015.01.13 18:12:43.314,0.92267,0.92319,1.37,1.75
2015.01.13 18:12:44.392,0.92265,0.92319,1.00,1.00
2015.01.13 18:12:47.675,0.92268,0.92319,1.00,1.00
2015.01.13 18:12:48.438,0.92268,0.92314,1.50,1.37
2015.01.13 18:12:48.745,0.92268,0.92321,1.00,1.00
2015.01.13 18:12:48.908,0.92268,0.92321,1.00,1.75
2015.01.13 18:12:49.410,0.92268,0.92321,1.00,1.00
2015.01.13 18:12:49.989,0.92268,0.92321,1.00,1.37
2015.01.13 18:12:50.322,0.92268,0.92321,1.37,1.75
2015.01.13 18:12:51.640,0.92268,0.9232,1.37,1.50
2015.01.13 18:12:51.942,0.92268,0.92319,1.00,1.00
2015.01.13 18:12:53.064,0.92265,0.92319,1.00,1.00
2015.01.13 18:12:53.444,0.92265,0.92319,1.75,1.75
2015.01.13 18:12:53.515,0.92265,0.92319,1.37,1.75
2015.01.13 18:12:57.124,0.92265,0.92318,1.50,1.75
2015.01.13 18:12:57.949,0.92265,0.92318,1.75,1.75
2015.01.13 18:12:58.445,0.92265,0.92318,1.00,1.00
2015.01.13 18:12:58.970,0.92265,0.92319,1.00,2.25
2015.01.13 18:13:01.766,0.92265,0.92319,1.00,3.75
2015.01.13 18:13:03.978,0.92265,0.92318,1.00,1.00
2015.01.13 18:13:04.079,0.92265,0.92318,1.37,1.75
2015.01.13 18:13:04.179,0.92265,0.92318,1.00,1.00
2015.01.13 18:13:04.467,0.92265,0.92318,1.37,1.75
2015.01.13 18:13:04.972,0.92265,0.92319,1.00,3.00
2015.01.13 18:13:05.573,0.92264,0.92319,1.37,1.75
2015.01.13 18:13:06.130,0.92264,0.92318,1.00,1.50
2015.01.13 18:13:06.184,0.92264,0.92318,1.37,1.75
2015.01.13 18:13:11.343,0.92265,0.92318,1.37,1.50
2015.01.13 18:13:12.918,0.92265,0.92318,1.00,1.12
2015.01.13 18:13:12.968,0.92263,0.92315,1.00,1.50
2015.01.13 18:13:13.270,0.92263,0.92308,1.00,1.50
2015.01.13 18:13:13.574,0.92262,0.92307,1.00,1.75
2015.01.13 18:13:15.933,0.92263,0.92307,1.00,1.75
2015.01.13 18:13:18.417,0.92262,0.92307,1.00,1.75
2015.01.13 18:13:20.442,0.92263,0.92307,1.00,1.75
2015.01.13 18:13:22.638,0.92262,0.92307,1.00,1.75
2015.01.13 18:13:26.492,0.92262,0.92307,1.00,1.75
2015.01.13 18:13:27.648,0.92262,0.92305,1.00,1.75
2015.01.13 18:13:33.166,0.92263,0.92305,1.00,1.75
2015.01.13 18:13:38.366,0.92263,0.92305,1.00,1.50
2015.01.13 18:13:39.089,0.92263,0.92307,1.00,2.25
2015.01.13 18:13:42.577,0.92263,0.92307,1.00,2.25
2015.01.13 18:13:42.781,0.92263,0.92307,1.00,1.75
2015.01.13 18:13:43.106,0.92263,0.92306,1.00,1.50
2015.01.13 18:13:43.206,0.92263,0.92306,1.00,2.25
2015.01.13 18:13:44.836,0.92263,0.92306,1.00,1.75
2015.01.13 18:13:45.201,0.92263,0.92307,1.00,2.25
2015.01.13 18:13:45.302,0.92263,0.92303,1.00,1.75
2015.01.13 18:13:45.912,0.92262,0.92307,1.00,2.25
2015.01.13 18:13:47.722,0.92262,0.92307,1.00,2.25
2015.01.13 18:13:47.923,0.92262,0.92306,1.00,1.75
2015.01.13 18:13:48.552,0.92263,0.92306,1.00,1.75
2015.01.13 18:13:49.719,0.92263,0.92306,1.00,1.75
2015.01.13 18:13:50.363,0.92263,0.92307,1.00,1.75
2015.01.13 18:13:51.964,0.92257,0.92303,1.00,2.25
2015.01.13 18:13:52.182,0.92263,0.92303,1.00,2.25
2015.01.13 18:13:53.392,0.92262,0.92302,1.00,3.00
2015.01.13 18:13:54.273,0.92263,0.92302,1.00,3.00
2015.01.13 18:13:56.582,0.92262,0.92302,1.00,1.50
2015.01.13 18:13:57.352,0.92263,0.92302,1.00,1.50
2015.01.13 18:14:02.982,0.92263,0.92302,1.00,1.75
2015.01.13 18:14:10.780,0.92263,0.92302,1.00,1.75
2015.01.13 18:14:11.915,0.92263,0.92302,1.00,3.00
2015.01.13 18:14:12.218,0.92263,0.92296,1.00,1.75
2015.01.13 18:14:12.777,0.92262,0.92297,1.00,2.25
2015.01.13 18:14:13.811,0.92262,0.92297,1.00,1.12
2015.01.13 18:14:13.912,0.92263,0.923,1.00,1.00
2015.01.13 18:14:14.013,0.92263,0.92303,1.00,1.50
2015.01.13 18:14:14.114,0.92268,0.92303,1.00,1.00
2015.01.13 18:14:14.315,0.92268,0.92307,1.00,1.50
2015.01.13 18:14:14.416,0.92262,0.92308,1.37,1.12
2015.01.13 18:14:14.737,0.92262,0.92308,1.50,1.37
2015.01.13 18:14:15.998,0.92267,0.92308,1.00,1.37
2015.01.13 18:14:16.740,0.92268,0.92307,1.00,1.37
2015.01.13 18:14:20.942,0.92267,0.92307,1.00,1.37
2015.01.13 18:14:26.525,0.92267,0.92307,1.00,1.75
2015.01.13 18:14:26.625,0.92263,0.92308,1.12,1.75
2015.01.13 18:14:27.227,0.92263,0.9231,1.37,1.50
2015.01.13 18:14:27.602,0.92268,0.92309,1.00,1.37
2015.01.13 18:14:30.334,0.92268,0.92309,1.00,1.75
2015.01.13 18:14:30.902,0.92262,0.92307,1.37,1.50
2015.01.13 18:14:31.548,0.92257,0.92307,2.25,1.50
2015.01.13 18:14:32.127,0.92257,0.92307,1.00,1.00
2015.01.13 18:14:32.178,0.92257,0.92307,1.75,1.50
2015.01.13 18:14:32.279,0.92258,0.92307,1.00,1.00
2015.01.13 18:14:32.380,0.92263,0.92308,1.37,1.50
2015.01.13 18:14:32.482,0.92263,0.92308,1.00,1.37
2015.01.13 18:14:32.540,0.92263,0.92308,1.00,1.00
2015.01.13 18:14:32.591,0.92257,0.92308,1.00,1.00
2015.01.13 18:14:33.013,0.92257,0.92311,2.25,2.10
2015.01.13 18:14:33.151,0.92258,0.92309,1.50,1.00
2015.01.13 18:14:33.454,0.92258,0.92312,2.25,1.37
2015.01.13 18:14:33.644,0.92258,0.92312,1.50,1.37
2015.01.13 18:14:33.744,0.92258,0.92312,2.25,1.50
2015.01.13 18:14:34.045,0.92258,0.92312,1.50,1.00
2015.01.13 18:14:34.283,0.92258,0.92312,2.25,1.37
2015.01.13 18:14:36.150,0.92258,0.92312,1.75,1.37
2015.01.13 18:14:37.167,0.92263,0.92312,1.37,1.37
2015.01.13 18:14:38.806,0.92263,0.92312,1.37,1.37
2015.01.13 18:14:39.692,0.92262,0.92313,1.37,1.12
2015.01.13 18:14:40.076,0.92262,0.92313,1.00,1.00
2015.01.13 18:14:40.476,0.92263,0.92313,1.12,1.37
2015.01.13 18:14:40.802,0.92268,0.92317,1.00,1.97
2015.01.13 18:14:40.945,0.92268,0.92317,1.00,1.60
2015.01.13 18:14:40.996,0.92268,0.92316,1.37,1.67
2015.01.13 18:14:41.198,0.92268,0.92317,1.12,1.97
2015.01.13 18:14:41.405,0.92267,0.92317,1.00,1.60
2015.01.13 18:14:41.682,0.92267,0.92317,1.37,2.10
2015.01.13 18:14:42.484,0.92267,0.92317,1.37,2.10
2015.01.13 18:14:42.585,0.92267,0.92312,1.00,1.00
2015.01.13 18:14:43.162,0.92267,0.92317,1.00,1.72
2015.01.13 18:14:43.514,0.92267,0.92317,1.00,1.97
2015.01.13 18:14:43.615,0.92267,0.92317,1.00,1.60
2015.01.13 18:14:43.817,0.92267,0.92317,1.00,1.97
2015.01.13 18:14:44.398,0.92267,0.92317,1.12,1.97
2015.01.13 18:14:45.243,0.92267,0.92316,1.00,1.67
2015.01.13 18:14:45.691,0.92262,0.92316,1.87,1.67
2015.01.13 18:14:47.623,0.92268,0.92316,1.00,1.67
2015.01.13 18:14:49.902,0.92262,0.92315,1.87,1.37
2015.01.13 18:14:50.071,0.92268,0.92315,1.00,1.37
2015.01.13 18:14:50.228,0.92262,0.92315,1.87,1.37
2015.01.13 18:14:53.752,0.92263,0.92314,1.00,1.37
2015.01.13 18:14:53.853,0.92268,0.92314,1.00,1.37
2015.01.13 18:14:55.352,0.92267,0.92315,1.00,1.87
2015.01.13 18:14:57.351,0.92268,0.92315,1.00,1.87
2015.01.13 18:14:57.452,0.92268,0.92315,1.00,1.87
2015.01.13 18:15:00.633,0.92267,0.92315,1.00,1.87
2015.01.13 18:15:01.312,0.92268,0.92315,1.00,1.87
2015.01.13 18:15:04.373,0.92267,0.92314,1.00,1.37
2015.01.13 18:15:05.042,0.92268,0.92314,1.00,1.37
2015.01.13 18:15:05.143,0.92268,0.92312,1.00,1.37
2015.01.13 18:15:05.372,0.92263,0.92312,1.37,1.37
2015.01.13 18:15:05.692,0.92263,0.9231,1.00,1.37
2015.01.13 18:15:11.851,0.92262,0.9231,1.12,1.37
2015.01.13 18:15:12.071,0.92268,0.9231,1.00,1.37
2015.01.13 18:15:13.458,0.92268,0.9231,1.00,1.12
2015.01.13 18:15:21.312,0.92267,0.9231,1.00,1.12
2015.01.13 18:15:31.763,0.92268,0.92312,1.00,1.37
2015.01.13 18:15:34.492,0.92268,0.92308,1.00,1.00
2015.01.13 18:15:43.862,0.92268,0.9231,1.00,1.87
2015.01.13 18:15:44.601,0.92268,0.92308,1.00,1.00
2015.01.13 18:15:45.001,0.92268,0.92307,1.37,1.00
2015.01.13 18:15:45.176,0.92268,0.9231,1.37,1.00
2015.01.13 18:15:46.759,0.92268,0.9231,1.00,1.00
2015.01.13 18:15:46.860,0.92268,0.9231,1.37,1.50
2015.01.13 18:15:47.184,0.92263,0.9231,1.50,1.50
2015.01.13 18:15:47.235,0.92263,0.92307,1.00,1.00
2015.01.13 18:15:47.537,0.92263,0.92301,1.00,1.00
2015.01.13 18:15:47.942,0.92263,0.92299,1.00,1.00
2015.01.13 18:15:48.644,0.92263,0.92304,1.00,1.37
2015.01.13 18:15:48.694,0.92263,0.92304,1.00,1.00
2015.01.13 18:15:48.745,0.92268,0.92304,1.00,1.00
2015.01.13 18:15:49.049,0.92268,0.92306,1.00,1.50
2015.01.13 18:15:49.361,0.92263,0.92306,1.00,1.50
2015.01.13 18:15:50.647,0.92263,0.92303,1.00,1.50
2015.01.13 18:15:50.964,0.92263,0.92301,1.00,1.12
2015.01.13 18:15:52.766,0.92263,0.923,1.00,1.00
2015.01.13 18:15:53.870,0.92262,0.923,1.00,1.00
2015.01.13 18:15:54.772,0.92258,0.923,1.00,1.00
2015.01.13 18:15:57.698,0.92258,0.92301,1.00,1.00
2015.01.13 18:15:58.306,0.92258,0.923,1.00,1.00
2015.01.13 18:15:58.835,0.92263,0.92301,1.00,1.00
2015.01.13 18:15:58.935,0.92263,0.92308,1.00,1.00
2015.01.13 18:16:04.282,0.92263,0.92305,1.00,1.00
2015.01.13 18:16:04.702,0.92263,0.92303,1.00,1.00
2015.01.13 18:16:05.109,0.92263,0.923,1.00,1.50
2015.01.13 18:16:05.488,0.92263,0.92297,1.00,1.00
2015.01.13 18:16:09.490,0.92262,0.92297,1.00,1.00
2015.01.13 18:16:10.062,0.92263,0.92297,1.00,1.00
2015.01.13 18:16:13.120,0.92262,0.92297,1.00,1.00
2015.01.13 18:16:14.081,0.92262,0.92297,1.00,1.37
2015.01.13 18:16:14.384,0.92247,0.92281,2.62,1.00
2015.01.13 18:16:14.485,0.92254,0.92291,1.12,2.25
2015.01.13 18:16:14.587,0.92254,0.92293,1.12,1.00
2015.01.13 18:16:14.687,0.92262,0.92295,1.00,1.00
2015.01.13 18:16:15.030,0.92273,0.92295,1.00,1.00
2015.01.13 18:16:15.102,0.92267,0.92295,1.00,1.00
2015.01.13 18:16:17.110,0.92273,0.92297,1.00,1.00
2015.01.13 18:16:17.641,0.92272,0.92297,1.00,1.00
2015.01.13 18:16:17.742,0.92272,0.92299,1.00,1.00
2015.01.13 18:16:17.898,0.92272,0.92304,1.00,1.00
2015.01.13 18:16:22.831,0.92273,0.92304,1.00,1.00
2015.01.13 18:16:28.729,0.92273,0.92302,1.00,1.00
2015.01.13 18:16:32.291,0.92272,0.92302,1.00,1.00
2015.01.13 18:16:33.831,0.92273,0.92302,1.00,1.00
2015.01.13 18:16:34.180,0.92273,0.92298,1.00,1.00
2015.01.13 18:16:41.546,0.92268,0.92298,1.00,1.00
2015.01.13 18:16:44.390,0.92272,0.92298,1.00,1.00
2015.01.13 18:16:46.591,0.92273,0.92298,1.00,1.00
2015.01.13 18:16:47.108,0.92273,0.92297,1.00,1.00
2015.01.13 18:16:47.768,0.92272,0.92297,1.00,1.00
2015.01.13 18:16:57.642,0.92268,0.92297,1.00,1.00
2015.01.13 18:16:57.692,0.92268,0.92293,1.00,1.00
2015.01.13 18:16:57.843,0.92257,0.92293,1.12,1.00
2015.01.13 18:16:57.894,0.92257,0.92299,1.00,1.87
2015.01.13 18:16:58.095,0.92257,0.92295,1.00,1.37
2015.01.13 18:16:58.276,0.92258,0.92296,1.00,1.00
2015.01.13 18:16:58.327,0.92258,0.92299,1.00,1.37
2015.01.13 18:16:58.428,0.92258,0.92302,1.00,1.37
2015.01.13 18:16:58.588,0.92267,0.92302,1.00,1.37
2015.01.13 18:16:58.689,0.92267,0.92302,1.00,1.00
2015.01.13 18:16:58.740,0.92267,0.92304,1.00,1.12
2015.01.13 18:16:58.985,0.92268,0.92304,1.00,1.37
2015.01.13 18:16:59.242,0.92262,0.92304,1.00,1.87
2015.01.13 18:16:59.782,0.92262,0.92303,1.00,1.87
2015.01.13 18:17:00.310,0.92263,0.92304,1.00,1.37
2015.01.13 18:17:00.893,0.92262,0.92304,1.00,1.37
2015.01.13 18:17:01.461,0.92263,0.92304,1.00,1.37
2015.01.13 18:17:01.549,0.92267,0.92304,1.00,1.37
2015.01.13 18:17:02.291,0.92267,0.92304,1.00,1.12
2015.01.13 18:17:03.089,0.92268,0.92304,1.00,1.12
2015.01.13 18:17:03.893,0.92273,0.92307,1.00,1.00
2015.01.13 18:17:03.993,0.92273,0.92312,1.00,1.00
2015.01.13 18:17:04.092,0.92283,0.92312,1.00,1.00
2015.01.13 18:17:04.243,0.92283,0.92314,1.00,1.12
2015.01.13 18:17:04.795,0.92283,0.92314,1.00,1.37
2015.01.13 18:17:05.398,0.92283,0.92314,1.00,1.12
2015.01.13 18:17:06.434,0.92283,0.92316,1.00,1.87
2015.01.13 18:17:07.049,0.92278,0.92316,1.00,1.87
2015.01.13 18:17:08.738,0.92277,0.92316,1.00,1.87
2015.01.13 18:17:08.839,0.92283,0.92319,1.00,1.12
2015.01.13 18:17:09.806,0.92283,0.92318,1.00,1.00
2015.01.13 18:17:16.885,0.92278,0.92318,1.00,1.00
2015.01.13 18:17:18.599,0.92283,0.92318,1.00,1.00
2015.01.13 18:17:29.971,0.92283,0.92319,1.00,1.12
2015.01.13 18:17:33.599,0.92283,0.9232,1.00,1.00
2015.01.13 18:17:35.719,0.92283,0.9232,1.00,1.37
2015.01.13 18:17:37.196,0.92283,0.9232,1.00,1.00
2015.01.13 18:17:41.920,0.92283,0.9232,1.00,1.37
2015.01.13 18:17:49.584,0.92283,0.92319,1.00,1.37
2015.01.13 18:17:50.742,0.92283,0.92319,1.00,1.37
2015.01.13 18:17:52.372,0.92282,0.92319,1.00,1.37
2015.01.13 18:17:53.842,0.92282,0.92317,1.00,1.00
2015.01.13 18:17:55.118,0.92283,0.92317,1.00,1.12
2015.01.13 18:17:58.858,0.92288,0.92317,1.00,1.12
2015.01.13 18:17:59.110,0.92282,0.92317,1.00,1.12
2015.01.13 18:18:03.509,0.92283,0.92317,1.00,1.00
2015.01.13 18:18:04.829,0.92282,0.92317,1.00,1.00
2015.01.13 18:18:05.382,0.92283,0.92317,1.00,1.37
2015.01.13 18:18:07.549,0.92283,0.92317,1.00,1.50
2015.01.13 18:18:07.878,0.92283,0.92306,1.00,1.00
2015.01.13 18:18:07.928,0.92277,0.92306,1.00,1.00
2015.01.13 18:18:07.979,0.92277,0.92304,1.00,1.00
2015.01.13 18:18:08.080,0.92277,0.92307,1.00,1.00
2015.01.13 18:18:08.510,0.92283,0.92301,1.00,1.00
2015.01.13 18:18:09.220,0.92283,0.92302,1.00,1.00
2015.01.13 18:18:11.121,0.92282,0.92302,1.00,1.00
2015.01.13 18:18:11.670,0.92283,0.92302,1.00,1.00
2015.01.13 18:18:14.277,0.92283,0.92301,1.00,1.00
2015.01.13 18:18:14.397,0.92277,0.92301,1.00,1.00
2015.01.13 18:18:14.941,0.92278,0.92301,1.00,1.00
2015.01.13 18:18:17.758,0.92278,0.92301,1.00,1.37
2015.01.13 18:18:18.271,0.92278,0.92301,1.00,1.00
2015.01.13 18:18:18.792,0.92277,0.92301,1.00,1.00
2015.01.13 18:18:19.350,0.92278,0.92301,1.00,1.00
2015.01.13 18:18:19.501,0.92272,0.92302,1.00,1.00
2015.01.13 18:18:20.028,0.92273,0.92302,1.00,1.00
2015.01.13 18:18:22.038,0.92273,0.923,1.00,1.00
2015.01.13 18:18:25.363,0.92273,0.92302,1.00,1.00
2015.01.13 18:18:25.514,0.92278,0.92302,1.00,1.00
2015.01.13 18:18:32.327,0.92277,0.92302,1.00,1.00
2015.01.13 18:18:35.847,0.92278,0.92302,1.00,1.00
2015.01.13 18:18:36.668,0.92278,0.92303,1.00,1.00
2015.01.13 18:18:38.575,0.92278,0.92301,1.00,1.00
2015.01.13 18:18:39.216,0.92278,0.923,1.00,1.00
2015.01.13 18:18:39.487,0.92277,0.92303,1.00,1.00
2015.01.13 18:18:39.992,0.92277,0.92302,1.00,1.00
2015.01.13 18:18:40.529,0.92277,0.92301,1.00,1.00
2015.01.13 18:18:41.054,0.92278,0.92301,1.00,1.00
2015.01.13 18:18:45.309,0.92277,0.92301,1.00,1.00
2015.01.13 18:18:46.479,0.92277,0.92297,1.00,1.00
2015.01.13 18:18:46.630,0.92273,0.92297,1.00,1.00
2015.01.13 18:18:46.681,0.92273,0.92293,1.00,1.00
2015.01.13 18:18:46.874,0.92268,0.92293,1.37,1.00
2015.01.13 18:18:46.976,0.92268,0.92295,1.37,1.00
2015.01.13 18:18:47.127,0.92258,0.92295,1.00,1.00
2015.01.13 18:18:47.178,0.92258,0.92302,1.00,1.00
2015.01.13 18:18:47.278,0.92258,0.92308,1.00,2.25
2015.01.13 18:18:47.379,0.92259,0.92313,1.00,1.50
2015.01.13 18:18:47.698,0.92257,0.92309,1.00,1.00
2015.01.13 18:18:48.000,0.92257,0.92301,1.00,1.00
2015.01.13 18:18:48.101,0.92257,0.9231,1.00,1.00
2015.01.13 18:18:48.618,0.92257,0.92308,1.00,1.00
2015.01.13 18:18:49.167,0.92257,0.92307,1.00,1.37
2015.01.13 18:18:50.200,0.92257,0.92302,1.00,1.00
2015.01.13 18:18:52.981,0.92257,0.92302,1.00,1.37
2015.01.13 18:18:53.520,0.92257,0.92299,1.00,1.00
2015.01.13 18:18:54.112,0.92257,0.92299,1.00,1.75
2015.01.13 18:18:54.786,0.92257,0.92295,1.00,1.75
2015.01.13 18:18:55.319,0.92258,0.92295,1.00,1.75
2015.01.13 18:18:55.668,0.92247,0.92288,1.00,1.87
2015.01.13 18:18:55.919,0.92248,0.92288,1.00,2.25
2015.01.13 18:18:56.529,0.92248,0.92286,1.00,2.25
2015.01.13 18:18:58.067,0.92247,0.92286,1.00,2.25
2015.01.13 18:18:58.577,0.92248,0.92286,1.00,2.25
2015.01.13 18:18:58.897,0.92258,0.92281,1.00,1.87
2015.01.13 18:19:00.549,0.92258,0.9228,1.00,2.47
2015.01.13 18:19:00.650,0.92253,0.92277,1.00,1.87
2015.01.13 18:19:02.797,0.92247,0.92278,1.00,2.47
2015.01.13 18:19:03.127,0.92252,0.92278,1.00,2.47
2015.01.13 18:19:03.935,0.92252,0.92278,1.00,2.10
2015.01.13 18:19:04.136,0.92253,0.9228,1.00,1.87
2015.01.13 18:19:04.797,0.92253,0.92279,1.00,1.50
2015.01.13 18:19:05.586,0.92253,0.92282,1.00,1.87
2015.01.13 18:19:05.877,0.92253,0.92285,1.00,1.50
2015.01.13 18:19:05.927,0.92258,0.92285,1.00,1.50
2015.01.13 18:19:06.487,0.92258,0.92284,1.00,1.50
2015.01.13 18:19:08.397,0.92258,0.92285,1.00,1.50
2015.01.13 18:19:09.864,0.92258,0.92286,1.00,1.50
2015.01.13 18:19:10.608,0.92252,0.92286,1.00,1.50
2015.01.13 18:19:11.378,0.92257,0.92286,1.00,1.50
2015.01.13 18:19:12.759,0.92257,0.92286,1.00,1.87
2015.01.13 18:19:12.809,0.92253,0.92285,1.00,1.87
2015.01.13 18:19:12.960,0.92253,0.92282,1.00,1.87
2015.01.13 18:19:13.262,0.92252,0.92281,1.00,2.47
2015.01.13 18:19:13.776,0.92253,0.9228,1.00,1.87
2015.01.13 18:19:18.370,0.92253,0.9228,1.00,1.87
2015.01.13 18:19:18.678,0.92253,0.92283,1.00,1.87
2015.01.13 18:19:25.816,0.92252,0.92284,1.00,1.87
2015.01.13 18:19:25.933,0.92252,0.92282,1.00,1.87
2015.01.13 18:19:26.288,0.92252,0.92278,1.00,3.97
2015.01.13 18:19:26.389,0.92248,0.92278,1.00,3.97
2015.01.13 18:19:26.932,0.92247,0.92278,1.00,3.97
2015.01.13 18:19:27.083,0.92247,0.92278,1.00,1.87
2015.01.13 18:19:27.234,0.92247,0.92281,1.00,1.87
2015.01.13 18:19:28.392,0.92247,0.92282,1.00,2.47
2015.01.13 18:19:28.567,0.92253,0.92284,1.00,3.97
2015.01.13 18:19:28.786,0.92247,0.92284,1.00,3.97
2015.01.13 18:19:29.289,0.92248,0.92283,1.00,2.47
2015.01.13 18:19:29.950,0.92247,0.92283,1.00,2.47
2015.01.13 18:19:32.086,0.92243,0.92281,1.00,1.87
2015.01.13 18:19:34.026,0.92243,0.92279,1.00,1.50
2015.01.13 18:19:34.128,0.92243,0.92279,1.00,2.25
2015.01.13 18:19:34.430,0.92243,0.92273,1.00,1.87
2015.01.13 18:19:34.631,0.92238,0.92271,1.00,1.50
2015.01.13 18:19:35.456,0.92238,0.92274,1.00,2.47
2015.01.13 18:19:36.222,0.92237,0.92274,1.00,2.47
2015.01.13 18:19:37.451,0.92237,0.92274,1.00,1.67
2015.01.13 18:19:37.973,0.92238,0.92273,1.00,1.50
2015.01.13 18:19:38.384,0.92237,0.92272,1.00,2.25
2015.01.13 18:19:38.931,0.92238,0.92272,1.00,2.25
2015.01.13 18:19:41.327,0.92232,0.92272,1.00,2.25
2015.01.13 18:19:41.833,0.92233,0.92271,1.00,2.25
2015.01.13 18:19:41.884,0.92237,0.92271,1.00,2.25
2015.01.13 18:19:43.087,0.92238,0.92273,1.00,3.00
2015.01.13 18:19:45.066,0.92233,0.92272,1.00,1.75
2015.01.13 18:19:45.429,0.92237,0.92273,1.00,2.62
2015.01.13 18:19:46.039,0.92238,0.92273,1.00,1.87
2015.01.13 18:19:46.631,0.92238,0.92273,1.00,1.87
2015.01.13 18:19:49.178,0.92238,0.92274,1.00,1.35
2015.01.13 18:19:49.358,0.92233,0.92272,1.00,3.00
2015.01.13 18:19:49.627,0.92237,0.92272,1.00,2.25
2015.01.13 18:19:49.778,0.92237,0.92274,1.00,3.22
2015.01.13 18:19:52.652,0.92237,0.92274,1.00,2.10
2015.01.13 18:19:52.758,0.92237,0.92273,1.00,1.87
2015.01.13 18:19:52.910,0.92232,0.92273,1.00,1.37
2015.01.13 18:19:53.148,0.92233,0.92275,1.37,1.35
2015.01.13 18:19:53.350,0.92238,0.92275,1.00,1.60
2015.01.13 18:19:53.917,0.92237,0.92275,1.00,1.60
2015.01.13 18:19:54.459,0.92238,0.92274,1.00,1.30
2015.01.13 18:19:57.358,0.92238,0.92275,1.00,2.47
2015.01.13 18:19:58.562,0.92238,0.92273,1.12,1.50
2015.01.13 18:19:58.663,0.92231,0.92273,1.37,2.47
2015.01.13 18:19:58.764,0.92228,0.92272,1.37,2.25
2015.01.13 18:19:59.066,0.92228,0.92266,1.00,2.47
2015.01.13 18:20:00.086,0.92228,0.92267,1.00,3.60
2015.01.13 18:20:01.348,0.92227,0.92262,1.00,1.87
2015.01.13 18:20:02.489,0.92227,0.92262,1.00,1.87
2015.01.13 18:20:02.691,0.92214,0.92254,1.00,1.30
2015.01.13 18:20:03.287,0.92212,0.92254,1.87,1.67
2015.01.13 18:20:03.443,0.92216,0.92254,1.00,1.67
2015.01.13 18:20:03.764,0.92218,0.92254,1.37,1.30
2015.01.13 18:20:03.888,0.92218,0.92254,1.00,1.30
2015.01.13 18:20:04.097,0.92215,0.92254,1.00,1.30
2015.01.13 18:20:04.379,0.92215,0.92254,1.37,1.35
2015.01.13 18:20:04.707,0.92215,0.92254,1.00,1.30
2015.01.13 18:20:05.867,0.92215,0.92255,1.00,1.35
2015.01.13 18:20:06.168,0.92219,0.92258,1.50,1.35
2015.01.13 18:20:06.319,0.92222,0.92262,1.37,1.00
2015.01.13 18:20:06.420,0.92223,0.92267,1.37,1.72
2015.01.13 18:20:06.788,0.92228,0.92267,1.00,1.72
2015.01.13 18:20:06.889,0.9222,0.92267,3.00,2.85
2015.01.13 18:20:07.991,0.92222,0.92264,1.37,1.30
2015.01.13 18:20:08.292,0.92222,0.92264,2.62,1.30
2015.01.13 18:20:08.393,0.92223,0.92264,1.50,1.30
2015.01.13 18:20:08.494,0.92223,0.92264,1.87,1.30
2015.01.13 18:20:09.321,0.92222,0.92266,3.00,1.72
2015.01.13 18:20:10.199,0.92222,0.92266,3.75,1.60
2015.01.13 18:20:10.857,0.92225,0.92271,2.62,2.62
2015.01.13 18:20:10.908,0.9223,0.92271,2.25,1.00
2015.01.13 18:20:11.110,0.92234,0.92278,1.87,3.22
2015.01.13 18:20:11.407,0.92238,0.92277,1.00,1.50
2015.01.13 18:20:11.616,0.92234,0.92277,1.50,2.85
2015.01.13 18:20:11.717,0.92233,0.92275,1.00,1.35
2015.01.13 18:20:11.831,0.9223,0.92274,2.62,2.85
2015.01.13 18:20:11.932,0.92228,0.9227,1.37,1.30
2015.01.13 18:20:12.033,0.92228,0.92273,1.37,1.97
2015.01.13 18:20:12.507,0.92227,0.92269,1.37,1.37
2015.01.13 18:20:14.325,0.92227,0.9227,1.00,1.72
2015.01.13 18:20:14.425,0.92226,0.92272,1.37,1.97
2015.01.13 18:20:14.722,0.92228,0.92272,1.87,1.97
2015.01.13 18:20:14.886,0.92232,0.92272,1.00,1.97
2015.01.13 18:20:15.242,0.92232,0.92272,1.00,1.97
2015.01.13 18:20:15.343,0.92227,0.92272,1.87,1.97
2015.01.13 18:20:16.307,0.92233,0.92272,1.00,1.97
2015.01.13 18:20:16.357,0.92233,0.92272,1.00,1.97
2015.01.13 18:20:16.537,0.92233,0.92271,1.00,1.97
2015.01.13 18:20:16.688,0.92227,0.92265,1.00,1.37
2015.01.13 18:20:17.244,0.92228,0.92263,1.00,1.00
2015.01.13 18:20:17.637,0.92223,0.92264,1.00,1.12
2015.01.13 18:20:18.238,0.92222,0.92264,1.00,1.12
2015.01.13 18:20:19.774,0.92222,0.92264,1.00,1.37
2015.01.13 18:20:19.875,0.92217,0.92264,1.12,1.37
2015.01.13 18:20:19.976,0.92217,0.92264,1.00,1.50
2015.01.13 18:20:20.280,0.92217,0.92264,1.50,1.75
2015.01.13 18:20:20.942,0.92217,0.92264,1.87,1.75
2015.01.13 18:20:27.282,0.92218,0.92264,1.12,1.75
2015.01.13 18:20:32.236,0.92217,0.92264,1.00,3.00
2015.01.13 18:20:32.388,0.92206,0.9225,1.37,2.10
2015.01.13 18:20:32.539,0.92208,0.92247,1.00,1.72
2015.01.13 18:20:32.841,0.92208,0.92244,1.00,1.12
2015.01.13 18:20:33.187,0.92208,0.92242,1.00,1.00
2015.01.13 18:20:33.599,0.92208,0.92242,1.00,2.47
2015.01.13 18:20:33.708,0.92208,0.92248,1.12,1.35
2015.01.13 18:20:34.010,0.92208,0.92248,1.37,1.30
2015.01.13 18:20:34.136,0.92208,0.92248,1.00,1.30
2015.01.13 18:20:34.237,0.92209,0.92248,1.50,1.30
2015.01.13 18:20:34.517,0.92209,0.92251,1.37,1.12
2015.01.13 18:20:34.896,0.92213,0.92255,1.00,1.37
2015.01.13 18:20:35.608,0.92213,0.92255,1.37,1.37
2015.01.13 18:20:36.156,0.92213,0.92255,1.00,1.37
2015.01.13 18:20:39.447,0.92209,0.92255,1.37,1.75
2015.01.13 18:20:40.936,0.92206,0.92252,1.37,1.37
2015.01.13 18:20:43.639,0.92208,0.92252,1.37,1.37
2015.01.13 18:20:44.045,0.92208,0.92252,1.00,1.37
2015.01.13 18:20:44.146,0.92206,0.92252,1.00,1.37
2015.01.13 18:20:44.499,0.92212,0.92253,1.00,1.87
2015.01.13 18:20:44.662,0.92207,0.92253,1.75,1.50
2015.01.13 18:20:44.907,0.92212,0.92252,1.00,1.37
2015.01.13 18:20:45.346,0.92207,0.92252,2.25,1.12
2015.01.13 18:20:45.733,0.92213,0.92251,1.37,1.00
2015.01.13 18:20:53.654,0.92212,0.92254,1.37,1.00
2015.01.13 18:20:53.705,0.92212,0.92257,1.37,1.00
2015.01.13 18:20:53.807,0.92213,0.92257,1.37,1.37
2015.01.13 18:20:54.263,0.92211,0.92257,1.37,1.00
2015.01.13 18:20:54.767,0.92213,0.92257,1.37,1.12
2015.01.13 18:20:55.087,0.92212,0.92261,1.12,1.00
2015.01.13 18:20:55.138,0.9222,0.92266,1.37,1.00
2015.01.13 18:20:55.390,0.92227,0.92271,1.00,1.75
2015.01.13 18:20:55.940,0.92228,0.92272,1.00,2.85
2015.01.13 18:20:56.247,0.92228,0.92271,1.00,1.00
2015.01.13 18:20:56.427,0.92228,0.92271,1.37,1.37
2015.01.13 18:20:56.976,0.92228,0.92271,1.37,1.37
2015.01.13 18:20:57.027,0.92228,0.92271,1.00,1.12
2015.01.13 18:20:57.605,0.92227,0.92271,1.00,1.37
2015.01.13 18:20:58.413,0.92227,0.92271,1.00,1.37
2015.01.13 18:20:59.157,0.92227,0.92271,1.37,1.37
2015.01.13 18:21:01.774,0.92227,0.92271,1.37,1.37
2015.01.13 18:21:12.709,0.92228,0.9226,1.37,1.00
2015.01.13 18:21:14.394,0.92228,0.92261,1.37,1.00
2015.01.13 18:21:14.445,0.92228,0.92261,1.37,1.00
2015.01.13 18:21:14.903,0.92228,0.92255,1.37,1.00
2015.01.13 18:21:15.327,0.92223,0.92256,1.00,1.00
2015.01.13 18:21:15.427,0.92222,0.92251,1.12,1.00
2015.01.13 18:21:15.880,0.92217,0.92251,1.00,1.00
2015.01.13 18:21:15.931,0.92217,0.92248,1.00,1.00
2015.01.13 18:21:16.232,0.92217,0.92254,1.00,1.00
2015.01.13 18:21:16.646,0.92223,0.92254,1.00,1.00
2015.01.13 18:21:18.465,0.92228,0.92256,1.00,1.60
2015.01.13 18:21:28.776,0.92227,0.92258,1.37,1.00
2015.01.13 18:21:30.571,0.92227,0.92258,1.12,1.00
2015.01.13 18:21:31.099,0.92227,0.92259,1.37,1.00
2015.01.13 18:21:32.226,0.92228,0.92257,1.12,1.00
2015.01.13 18:21:33.292,0.92228,0.92257,1.37,1.00
2015.01.13 18:21:33.343,0.92228,0.92261,1.37,1.00
2015.01.13 18:21:33.594,0.92228,0.92261,1.50,1.00
2015.01.13 18:21:33.645,0.92228,0.92263,1.50,1.00
2015.01.13 18:21:33.695,0.92227,0.92263,2.25,1.00
2015.01.13 18:21:33.746,0.92227,0.92266,2.25,1.35
2015.01.13 18:21:35.094,0.92237,0.92266,1.00,1.35
2015.01.13 18:21:35.632,0.92232,0.92266,1.37,1.35
2015.01.13 18:21:36.855,0.92238,0.92266,1.00,1.35
2015.01.13 18:21:38.659,0.92233,0.92266,1.37,1.35
2015.01.13 18:21:45.676,0.92233,0.92268,1.50,2.85
2015.01.13 18:21:46.790,0.92233,0.92268,1.75,2.85
2015.01.13 18:21:47.406,0.92232,0.92268,1.75,2.85
2015.01.13 18:21:47.941,0.92232,0.92266,1.50,1.35
2015.01.13 18:21:48.504,0.92232,0.92266,1.37,1.35
2015.01.13 18:21:49.116,0.92233,0.92266,1.00,1.35
2015.01.13 18:21:52.385,0.92238,0.92266,1.00,1.35
2015.01.13 18:21:53.158,0.92238,0.92262,1.00,1.00
2015.01.13 18:21:54.356,0.92233,0.92262,1.00,1.00
2015.01.13 18:21:54.900,0.92233,0.92261,1.00,1.00
2015.01.13 18:21:55.001,0.92233,0.92266,1.00,1.72
2015.01.13 18:21:55.102,0.92233,0.92264,1.00,1.00
2015.01.13 18:21:55.445,0.92237,0.92265,1.00,1.00
2015.01.13 18:21:56.325,0.92232,0.92265,1.00,1.00
2015.01.13 18:21:56.887,0.92233,0.92265,1.00,1.00
2015.01.13 18:21:57.195,0.92233,0.92261,1.00,1.00
2015.01.13 18:22:02.125,0.92232,0.92261,1.00,1.00
2015.01.13 18:22:03.554,0.92228,0.92261,1.37,1.00
2015.01.13 18:22:06.684,0.92232,0.92261,1.00,1.00
2015.01.13 18:22:08.614,0.92233,0.92261,1.00,1.00
2015.01.13 18:22:09.384,0.92232,0.92261,1.00,1.00
2015.01.13 18:22:10.155,0.92233,0.92261,1.00,1.00
2015.01.13 18:22:13.251,0.92233,0.92259,1.00,1.00
2015.01.13 18:22:14.366,0.92233,0.92261,1.00,1.00
2015.01.13 18:22:14.474,0.92233,0.92267,1.37,1.00
2015.01.13 18:22:14.675,0.92229,0.92267,1.75,1.00
2015.01.13 18:22:14.726,0.92232,0.92271,1.75,1.00
2015.01.13 18:22:14.976,0.92233,0.92272,1.75,1.00
2015.01.13 18:22:15.026,0.92242,0.92274,1.12,1.00
2015.01.13 18:22:15.228,0.92237,0.92276,1.50,1.00
2015.01.13 18:22:15.652,0.92243,0.92276,1.37,1.00
2015.01.13 18:22:16.194,0.92243,0.92275,1.37,1.00
2015.01.13 18:22:16.406,0.92243,0.9228,1.37,1.00
2015.01.13 18:22:16.948,0.92243,0.92279,1.37,1.00
2015.01.13 18:22:17.059,0.92243,0.92275,1.37,1.00
2015.01.13 18:22:17.109,0.92243,0.92275,1.00,1.00
2015.01.13 18:22:17.260,0.92243,0.92273,1.00,1.00
2015.01.13 18:22:17.311,0.92238,0.92273,1.37,1.00
2015.01.13 18:22:17.366,0.92238,0.92273,1.50,1.00
2015.01.13 18:22:17.945,0.92242,0.92274,1.37,1.00
2015.01.13 18:22:18.556,0.92243,0.92277,1.12,1.00
2015.01.13 18:22:18.674,0.92242,0.92274,1.37,1.00
2015.01.13 18:22:19.204,0.92242,0.92274,1.00,1.00
2015.01.13 18:22:19.834,0.92243,0.92274,1.00,1.00
2015.01.13 18:22:20.090,0.92238,0.9227,1.00,1.00
2015.01.13 18:22:20.394,0.92233,0.9227,1.37,1.00
2015.01.13 18:22:20.598,0.92233,0.92268,1.37,1.00
2015.01.13 18:22:23.404,0.92232,0.9227,1.37,1.00
2015.01.13 18:22:23.945,0.92232,0.92271,1.37,1.00
2015.01.13 18:22:24.045,0.92238,0.92272,1.00,1.00
2015.01.13 18:22:24.146,0.92232,0.92272,1.37,1.00
2015.01.13 18:22:24.287,0.92233,0.92276,1.50,1.87
2015.01.13 18:22:24.590,0.92243,0.92274,1.00,1.00
2015.01.13 18:22:26.239,0.92243,0.92276,1.00,1.00
2015.01.13 18:22:26.785,0.92243,0.92279,1.00,1.00
2015.01.13 18:22:27.314,0.92243,0.92278,1.00,1.00
2015.01.13 18:22:27.911,0.92242,0.92279,1.00,1.37
2015.01.13 18:22:27.962,0.92242,0.92279,1.00,1.12
2015.01.13 18:22:28.639,0.92243,0.92279,1.00,1.12
2015.01.13 18:22:28.690,0.92243,0.92279,1.00,1.37
2015.01.13 18:22:28.897,0.92238,0.92274,1.00,1.12
2015.01.13 18:22:28.998,0.92238,0.9227,1.00,1.00
2015.01.13 18:22:29.114,0.92227,0.9227,1.00,1.00
2015.01.13 18:22:29.164,0.92227,0.92266,1.00,1.00
2015.01.13 18:22:29.727,0.92228,0.92266,1.00,1.00
2015.01.13 18:22:30.323,0.92228,0.92265,1.00,1.00
2015.01.13 18:22:30.424,0.92223,0.92266,1.37,1.37
2015.01.13 18:22:30.525,0.92224,0.92269,1.75,1.00
2015.01.13 18:22:30.832,0.92227,0.92273,1.75,1.12
2015.01.13 18:22:30.933,0.92229,0.92272,1.75,1.00
2015.01.13 18:22:31.034,0.92232,0.92275,1.50,1.50
2015.01.13 18:22:31.534,0.92232,0.92273,1.37,1.12
2015.01.13 18:22:31.839,0.92228,0.9227,1.50,1.00
2015.01.13 18:22:31.890,0.92228,0.9227,1.37,1.00
2015.01.13 18:22:32.202,0.92233,0.9227,1.00,1.00
2015.01.13 18:22:32.408,0.92228,0.9227,1.37,1.00
2015.01.13 18:22:32.597,0.92233,0.9227,1.00,1.00
2015.01.13 18:22:32.952,0.92233,0.92272,1.37,1.00
2015.01.13 18:22:34.011,0.92232,0.92272,1.37,1.00
2015.01.13 18:22:34.162,0.9223,0.92274,2.25,1.00
2015.01.13 18:22:34.262,0.9223,0.92276,2.25,1.00
2015.01.13 18:22:34.432,0.92238,0.92276,1.37,1.00
2015.01.13 18:22:34.776,0.92237,0.9228,1.37,1.50
2015.01.13 18:22:35.284,0.92237,0.92279,1.87,1.00
2015.01.13 18:22:35.494,0.92237,0.92277,1.87,1.00
2015.01.13 18:22:35.927,0.92237,0.92277,1.87,1.00
2015.01.13 18:22:36.930,0.92237,0.92277,1.87,1.00
2015.01.13 18:22:37.047,0.92237,0.92277,1.37,1.12
2015.01.13 18:22:37.148,0.92234,0.92276,1.37,1.00
2015.01.13 18:22:37.249,0.92234,0.92273,1.37,1.00
2015.01.13 18:22:37.450,0.92233,0.92276,1.37,1.00
2015.01.13 18:22:37.978,0.92238,0.92276,1.00,1.00
2015.01.13 18:22:38.683,0.92237,0.92276,1.00,1.00
2015.01.13 18:22:39.124,0.92233,0.92276,1.00,1.00
2015.01.13 18:22:39.637,0.92238,0.92276,1.00,1.00
2015.01.13 18:22:40.945,0.92238,0.92276,1.00,1.37
2015.01.13 18:22:41.616,0.92233,0.92276,1.37,1.37
2015.01.13 18:22:46.345,0.92238,0.92276,1.00,1.37
2015.01.13 18:22:47.115,0.92233,0.92276,1.37,1.37
2015.01.13 18:22:52.447,0.92232,0.92275,1.00,1.00
2015.01.13 18:22:52.918,0.92232,0.92276,1.37,1.37
2015.01.13 18:22:53.019,0.92232,0.92276,1.00,1.00
2015.01.13 18:22:53.610,0.92232,0.92276,1.00,1.37
2015.01.13 18:22:53.689,0.92232,0.92272,1.00,1.00
2015.01.13 18:22:54.619,0.92237,0.92272,1.00,1.00
2015.01.13 18:22:54.829,0.92237,0.92275,1.00,1.00
2015.01.13 18:22:55.026,0.92237,0.92275,1.37,1.00
2015.01.13 18:22:55.126,0.92237,0.92277,1.37,1.00
2015.01.13 18:22:55.672,0.92236,0.92276,1.37,1.00
2015.01.13 18:22:56.435,0.92238,0.92276,1.12,1.12
2015.01.13 18:22:56.486,0.92238,0.92274,1.12,1.00
2015.01.13 18:22:56.797,0.92232,0.92274,1.87,1.00
2015.01.13 18:23:02.178,0.92233,0.92274,1.50,1.00
2015.01.13 18:23:04.879,0.92233,0.92274,1.37,1.00
2015.01.13 18:23:05.429,0.92233,0.92274,1.37,1.00
2015.01.13 18:23:06.558,0.92233,0.9228,1.37,1.50
2015.01.13 18:23:10.926,0.92228,0.92277,1.87,1.87
2015.01.13 18:23:12.622,0.92228,0.92277,2.25,1.87
2015.01.13 18:23:12.746,0.92228,0.92275,1.12,1.87
2015.01.13 18:23:12.897,0.92222,0.92272,2.25,1.50
2015.01.13 18:23:12.948,0.92223,0.92269,1.12,1.00
2015.01.13 18:23:13.049,0.92223,0.92269,1.37,1.37
2015.01.13 18:23:13.154,0.92223,0.92269,1.37,1.12
2015.01.13 18:23:13.269,0.92223,0.92269,1.12,1.75
2015.01.13 18:23:14.176,0.92223,0.92267,1.00,1.87
2015.01.13 18:23:14.503,0.92223,0.92267,1.12,2.25
2015.01.13 18:23:14.850,0.92223,0.92264,1.00,2.25
2015.01.13 18:23:14.901,0.92218,0.92264,1.37,2.25
2015.01.13 18:23:15.105,0.92222,0.92265,1.00,2.25
2015.01.13 18:23:15.156,0.92222,0.92264,1.37,1.87
2015.01.13 18:23:16.311,0.92222,0.92261,1.37,1.12
2015.01.13 18:23:16.869,0.92222,0.92259,1.00,1.00
2015.01.13 18:23:16.970,0.92218,0.9226,1.00,1.12
2015.01.13 18:23:17.121,0.92215,0.9226,1.12,1.75
2015.01.13 18:23:17.222,0.92215,0.9226,1.37,1.12
2015.01.13 18:23:17.724,0.92218,0.9226,1.00,1.75
2015.01.13 18:23:18.273,0.92217,0.92259,1.12,1.50
2015.01.13 18:23:19.375,0.92222,0.92259,1.00,1.50
2015.01.13 18:23:21.023,0.92217,0.92259,1.12,1.50
2015.01.13 18:23:22.206,0.92213,0.92257,1.12,1.12
2015.01.13 18:23:24.805,0.92212,0.92259,1.50,2.85
2015.01.13 18:23:25.134,0.9222,0.92259,1.00,1.35
2015.01.13 18:23:25.406,0.9222,0.92257,1.00,1.00
2015.01.13 18:23:29.444,0.92216,0.92259,1.12,2.05
2015.01.13 18:23:29.925,0.92217,0.92257,1.12,1.00
2015.01.13 18:23:29.975,0.92219,0.92257,1.00,1.00
2015.01.13 18:23:31.459,0.92216,0.92257,1.37,1.00
2015.01.13 18:23:31.560,0.9222,0.92259,1.12,1.35
2015.01.13 18:23:31.863,0.9222,0.9226,1.37,1.97
2015.01.13 18:23:32.573,0.92224,0.9226,1.12,1.35
2015.01.13 18:23:33.334,0.92224,0.92263,1.12,3.22
2015.01.13 18:23:36.653,0.92227,0.92263,1.00,2.10
2015.01.13 18:23:37.164,0.92227,0.92263,1.37,2.10
2015.01.13 18:23:37.698,0.92226,0.92263,1.37,2.10
2015.01.13 18:23:40.547,0.92226,0.92263,1.37,2.10
2015.01.13 18:23:40.598,0.92229,0.92267,1.00,1.37
2015.01.13 18:23:40.849,0.92229,0.92268,1.37,1.12
2015.01.13 18:23:41.275,0.92228,0.92267,1.00,1.37
2015.01.13 18:23:41.350,0.92228,0.92267,1.12,1.00
2015.01.13 18:23:41.854,0.92228,0.92268,1.00,1.37
2015.01.13 18:23:42.463,0.92228,0.92267,1.12,1.00
2015.01.13 18:23:43.683,0.92228,0.92268,1.12,1.12
2015.01.13 18:23:44.423,0.92229,0.92272,1.00,2.10
2015.01.13 18:23:47.603,0.92228,0.92268,1.12,1.50
2015.01.13 18:23:48.854,0.92223,0.92267,1.50,1.00
2015.01.13 18:23:49.414,0.92223,0.92268,1.50,1.00
2015.01.13 18:23:50.833,0.92223,0.92267,1.50,1.00
2015.01.13 18:23:53.323,0.92223,0.92267,1.12,1.37
2015.01.13 18:23:56.941,0.92222,0.92263,1.00,1.87
2015.01.13 18:23:56.992,0.92222,0.92263,1.00,2.62
2015.01.13 18:23:57.294,0.92221,0.92254,1.00,1.87
2015.01.13 18:23:57.445,0.92217,0.92252,1.00,1.87
2015.01.13 18:23:57.518,0.92212,0.92252,1.50,1.87
2015.01.13 18:23:57.569,0.92212,0.92252,1.00,1.87
2015.01.13 18:23:57.619,0.92209,0.92252,1.00,1.87
2015.01.13 18:23:58.132,0.92208,0.92255,1.12,3.00
2015.01.13 18:23:58.341,0.92208,0.92255,1.00,2.62
2015.01.13 18:23:58.670,0.92208,0.92257,1.00,3.60
2015.01.13 18:23:58.963,0.92208,0.92257,1.00,2.47
2015.01.13 18:23:59.295,0.92212,0.92256,1.00,1.37
2015.01.13 18:23:59.346,0.92207,0.92256,1.37,1.37
2015.01.13 18:24:00.686,0.92209,0.92257,1.00,1.35
2015.01.13 18:24:01.223,0.92208,0.92257,1.00,1.35
2015.01.13 18:24:01.712,0.92209,0.92256,1.12,1.37
2015.01.13 18:24:01.812,0.92207,0.92257,1.00,1.35
2015.01.13 18:24:02.234,0.92209,0.92257,1.00,2.10
2015.01.13 18:24:02.542,0.92208,0.92256,1.37,1.12
2015.01.13 18:24:03.219,0.92208,0.92257,1.50,3.60
2015.01.13 18:24:04.044,0.92208,0.92257,1.50,2.10
2015.01.13 18:24:04.094,0.92208,0.92252,1.00,1.00
2015.01.13 18:24:04.411,0.92207,0.92246,1.00,1.00
2015.01.13 18:24:04.802,0.92207,0.92247,1.00,1.75
2015.01.13 18:24:04.953,0.92207,0.92246,1.00,1.87
2015.01.13 18:24:07.928,0.92207,0.92246,1.37,1.12
2015.01.13 18:24:08.180,0.92207,0.92251,1.75,1.87
2015.01.13 18:24:08.281,0.92207,0.9225,1.37,1.12
2015.01.13 18:24:08.432,0.92203,0.92251,1.75,1.37
2015.01.13 18:24:08.532,0.92203,0.92251,1.37,1.00
2015.01.13 18:24:08.583,0.92203,0.92245,1.37,1.00
2015.01.13 18:24:09.149,0.92207,0.92245,1.00,1.00
2015.01.13 18:24:12.170,0.92208,0.92245,1.00,1.00
2015.01.13 18:24:12.780,0.92213,0.92245,1.00,1.00
2015.01.13 18:24:14.150,0.92213,0.92244,1.00,1.00
2015.01.13 18:24:14.693,0.92213,0.92245,1.00,1.00
2015.01.13 18:24:15.932,0.92213,0.92242,1.00,1.00
2015.01.13 18:24:17.082,0.92213,0.9224,1.00,1.00
2015.01.13 18:24:17.583,0.92213,0.92239,1.00,1.00
2015.01.13 18:24:18.297,0.92207,0.92239,1.37,1.00
2015.01.13 18:24:18.879,0.92207,0.92235,1.37,1.00
2015.01.13 18:24:19.407,0.92207,0.92235,1.00,1.00
2015.01.13 18:24:20.041,0.92208,0.92235,1.00,1.00
2015.01.13 18:24:20.602,0.92208,0.92234,1.00,1.00
2015.01.13 18:24:21.082,0.92198,0.92234,1.12,1.00
2015.01.13 18:24:21.233,0.92198,0.92233,1.75,1.00
2015.01.13 18:24:21.412,0.92198,0.92233,1.00,1.00
2015.01.13 18:24:24.143,0.92198,0.92237,1.00,1.00
2015.01.13 18:24:24.244,0.92201,0.92237,1.00,1.00
2015.01.13 18:24:24.438,0.92203,0.92241,1.00,1.00
2015.01.13 18:24:24.639,0.92203,0.92236,1.00,1.00
2015.01.13 18:24:28.853,0.92207,0.92236,1.00,1.00
2015.01.13 18:24:29.487,0.92207,0.92237,1.00,1.00
2015.01.13 18:24:29.712,0.92207,0.92239,1.00,1.00
2015.01.13 18:24:29.813,0.92207,0.92242,1.00,1.00
2015.01.13 18:24:30.014,0.92207,0.92238,1.00,1.00
2015.01.13 18:24:30.484,0.92208,0.92241,1.00,1.00
2015.01.13 18:24:31.291,0.92208,0.9224,1.00,1.00
2015.01.13 18:24:33.145,0.92207,0.9224,1.00,1.00
2015.01.13 18:24:34.338,0.92207,0.92244,1.37,1.00
2015.01.13 18:24:34.752,0.92207,0.9224,1.00,1.00
2015.01.13 18:24:35.759,0.92207,0.92238,1.00,1.00
2015.01.13 18:24:37.323,0.92208,0.92238,1.00,1.00
2015.01.13 18:24:37.918,0.92208,0.92239,1.00,1.00
2015.01.13 18:24:38.643,0.92207,0.92239,1.00,1.00
2015.01.13 18:24:42.798,0.92207,0.92241,1.00,1.00
2015.01.13 18:24:44.583,0.92202,0.92241,1.37,1.00
2015.01.13 18:24:45.235,0.92202,0.92243,1.37,1.00
2015.01.13 18:24:45.286,0.92202,0.92243,1.75,1.00
2015.01.13 18:24:45.337,0.92202,0.92245,1.75,1.00
2015.01.13 18:24:46.387,0.92207,0.92242,1.37,1.00
2015.01.13 18:24:52.114,0.92203,0.92246,1.50,1.00
2015.01.13 18:24:53.192,0.92203,0.92244,1.50,1.00
2015.01.13 18:24:56.073,0.92203,0.92244,2.25,1.00
2015.01.13 18:24:56.173,0.92204,0.92243,1.87,1.00
2015.01.13 18:24:56.291,0.92204,0.92243,2.25,1.00
2015.01.13 18:24:56.611,0.92213,0.92243,1.00,1.00
2015.01.13 18:24:57.116,0.92213,0.92244,1.00,1.00
2015.01.13 18:24:58.772,0.92213,0.92239,1.00,1.00
2015.01.13 18:24:58.923,0.92208,0.92237,1.00,1.00
2015.01.13 18:24:59.921,0.92203,0.92237,1.37,1.00
2015.01.13 18:25:00.126,0.92207,0.92237,1.00,1.00
2015.01.13 18:25:02.625,0.92203,0.92237,1.37,1.00
2015.01.13 18:25:03.075,0.92207,0.92236,1.00,1.00
2015.01.13 18:25:03.650,0.92203,0.92236,1.00,1.00
2015.01.13 18:25:05.388,0.92198,0.92236,1.37,1.00
2015.01.13 18:25:05.926,0.92203,0.92235,1.00,1.00
2015.01.13 18:25:06.378,0.92202,0.92231,1.12,1.00
2015.01.13 18:25:08.568,0.92207,0.92231,1.00,1.00
2015.01.13 18:25:09.297,0.92208,0.92231,1.00,1.00
2015.01.13 18:25:09.600,0.92208,0.92234,1.00,1.00
2015.01.13 18:25:13.804,0.92208,0.92233,1.00,1.00
2015.01.13 18:25:14.342,0.92208,0.9223,1.00,1.00
2015.01.13 18:25:14.908,0.92208,0.92229,1.00,1.00
2015.01.13 18:25:15.619,0.92208,0.9223,1.00,1.00
2015.01.13 18:25:17.128,0.92208,0.92229,1.00,1.00
2015.01.13 18:25:19.050,0.92208,0.9223,1.00,1.00
2015.01.13 18:25:19.564,0.92208,0.92231,1.00,1.00
2015.01.13 18:25:19.964,0.92208,0.92234,1.00,1.00
2015.01.13 18:25:20.161,0.92208,0.92236,1.00,1.00
2015.01.13 18:25:20.692,0.92208,0.92237,1.00,1.00
2015.01.13 18:25:21.915,0.92208,0.92238,1.00,1.00
2015.01.13 18:25:22.447,0.92208,0.92237,1.00,1.00
2015.01.13 18:25:23.700,0.92208,0.92235,1.00,1.00
2015.01.13 18:25:24.536,0.92208,0.92234,1.00,1.00
2015.01.13 18:25:24.867,0.92203,0.92234,1.00,1.00
2015.01.13 18:25:25.158,0.92203,0.92228,1.00,1.00
2015.01.13 18:25:25.259,0.92203,0.92231,1.00,1.00
2015.01.13 18:25:25.460,0.92202,0.92233,1.00,1.00
2015.01.13 18:25:25.769,0.92203,0.92231,1.00,1.00
2015.01.13 18:25:26.186,0.92198,0.92231,1.00,1.00
2015.01.13 18:25:26.760,0.92198,0.92229,1.00,1.00
2015.01.13 18:25:28.983,0.92198,0.92232,1.12,1.00
2015.01.13 18:25:29.084,0.92202,0.92233,1.00,1.00
2015.01.13 18:25:29.386,0.92207,0.92238,1.00,1.37
2015.01.13 18:25:29.476,0.92203,0.92238,1.00,1.00
2015.01.13 18:25:29.527,0.92203,0.92238,1.37,1.00
2015.01.13 18:25:29.854,0.92208,0.92238,1.00,1.00
2015.01.13 18:25:29.905,0.92208,0.9224,1.00,1.00
2015.01.13 18:25:30.464,0.92207,0.9224,1.00,1.00
2015.01.13 18:25:30.977,0.92207,0.92239,1.00,1.00
2015.01.13 18:25:31.527,0.92207,0.92238,1.00,1.00
2015.01.13 18:25:31.849,0.92202,0.92238,1.00,1.00
2015.01.13 18:25:31.950,0.92202,0.92233,1.00,1.00
2015.01.13 18:25:32.495,0.92203,0.92233,1.00,1.00
2015.01.13 18:25:32.854,0.92197,0.92233,1.37,1.00
2015.01.13 18:25:33.154,0.92202,0.92233,1.00,1.00
2015.01.13 18:25:33.542,0.92202,0.92236,1.37,1.00
2015.01.13 18:25:34.094,0.92203,0.92235,1.12,1.00
2015.01.13 18:25:35.256,0.92202,0.92235,1.00,1.00
2015.01.13 18:25:35.862,0.92203,0.92235,1.00,1.00
2015.01.13 18:25:36.404,0.92202,0.92235,1.00,1.00
2015.01.13 18:25:37.227,0.92202,0.92232,1.00,1.00
2015.01.13 18:25:37.773,0.92202,0.92233,1.00,1.00
2015.01.13 18:25:40.215,0.92202,0.92237,1.00,1.00
2015.01.13 18:25:41.075,0.92203,0.92237,1.00,1.00
2015.01.13 18:25:42.885,0.92203,0.92239,1.00,1.00
2015.01.13 18:25:44.869,0.92203,0.92238,1.00,1.00
2015.01.13 18:25:45.895,0.92202,0.92238,1.12,1.00
2015.01.13 18:25:46.338,0.92208,0.92237,1.00,1.00
2015.01.13 18:25:46.923,0.92203,0.9224,1.00,1.00
2015.01.13 18:25:47.125,0.92212,0.92239,1.00,1.00
2015.01.13 18:25:47.765,0.92213,0.92239,1.00,1.00
2015.01.13 18:25:48.095,0.92207,0.92239,1.00,1.00
2015.01.13 18:25:48.146,0.92207,0.92237,1.00,1.00
2015.01.13 18:25:48.504,0.92208,0.92234,1.00,1.00
2015.01.13 18:25:51.063,0.92207,0.92234,1.00,1.00
2015.01.13 18:25:51.835,0.92208,0.92234,1.00,1.00
2015.01.13 18:25:55.637,0.92208,0.92235,1.00,1.00
2015.01.13 18:25:57.020,0.92208,0.92234,1.00,1.00
2015.01.13 18:25:57.121,0.92208,0.92236,1.00,1.00
2015.01.13 18:25:57.766,0.92208,0.9224,1.00,1.00
2015.01.13 18:25:57.883,0.92212,0.9224,1.00,1.00
2015.01.13 18:25:58.422,0.92212,0.92239,1.00,1.00
2015.01.13 18:25:58.776,0.92212,0.92242,1.00,1.00
2015.01.13 18:25:58.927,0.92218,0.92242,1.00,1.00
2015.01.13 18:25:59.165,0.92218,0.92245,1.00,1.00
2015.01.13 18:26:01.707,0.92218,0.92244,1.00,1.00
2015.01.13 18:26:01.843,0.92213,0.92244,1.00,1.00
2015.01.13 18:26:01.894,0.92213,0.92241,1.00,1.00
2015.01.13 18:26:02.517,0.92213,0.9224,1.00,1.00
2015.01.13 18:26:07.563,0.92207,0.9224,1.00,1.00
2015.01.13 18:26:07.787,0.92213,0.92241,1.00,1.00
2015.01.13 18:26:08.113,0.92208,0.92241,1.00,1.00
2015.01.13 18:26:08.343,0.92213,0.92241,1.00,1.00
2015.01.13 18:26:08.553,0.92208,0.9224,1.00,1.00
2015.01.13 18:26:08.704,0.92208,0.92237,1.00,1.00
2015.01.13 18:26:09.224,0.92207,0.92237,1.00,1.00
2015.01.13 18:26:12.073,0.92208,0.92237,1.00,1.00
2015.01.13 18:26:12.806,0.92208,0.92236,1.00,1.00
2015.01.13 18:26:13.363,0.92208,0.92237,1.00,1.00
2015.01.13 18:26:14.339,0.92208,0.92239,1.00,1.00
2015.01.13 18:26:17.134,0.92207,0.92239,1.00,1.00
2015.01.13 18:26:17.665,0.92207,0.92241,1.00,1.50
2015.01.13 18:26:17.817,0.92207,0.92245,1.00,1.00
2015.01.13 18:26:18.381,0.92207,0.92244,1.00,1.00
2015.01.13 18:26:19.289,0.92207,0.92248,1.00,1.00
2015.01.13 18:26:19.340,0.92207,0.92248,1.00,1.37
2015.01.13 18:26:19.641,0.92208,0.92246,1.00,1.37
2015.01.13 18:26:19.963,0.92208,0.92242,1.00,1.00
2015.01.13 18:26:20.287,0.92208,0.92238,1.00,1.00
2015.01.13 18:26:20.564,0.92202,0.92239,1.00,1.00
2015.01.13 18:26:20.724,0.92202,0.92243,1.00,1.00
2015.01.13 18:26:22.853,0.92203,0.92243,1.00,1.00
2015.01.13 18:26:23.261,0.92203,0.92247,1.00,1.50
2015.01.13 18:26:24.104,0.92202,0.92246,1.00,1.00
2015.01.13 18:26:24.154,0.92202,0.92246,1.00,1.75
2015.01.13 18:26:24.488,0.92202,0.92238,1.00,1.12
2015.01.13 18:26:24.993,0.92203,0.92238,1.00,1.12
2015.01.13 18:26:25.615,0.92203,0.92243,1.00,1.37
2015.01.13 18:26:25.666,0.92203,0.92243,1.00,1.37
2015.01.13 18:26:25.766,0.92203,0.92246,1.00,1.00
2015.01.13 18:26:25.867,0.92208,0.92246,1.00,1.00
2015.01.13 18:26:26.233,0.92208,0.92246,1.00,1.37
2015.01.13 18:26:26.434,0.92208,0.92246,1.00,1.00
2015.01.13 18:26:26.634,0.92208,0.92246,1.00,1.37
2015.01.13 18:26:26.835,0.92208,0.92246,1.00,1.00
2015.01.13 18:26:27.033,0.92202,0.92246,1.00,1.00
2015.01.13 18:26:27.236,0.92202,0.92246,1.00,1.37
2015.01.13 18:26:27.841,0.92202,0.92246,1.00,1.00
2015.01.13 18:26:27.962,0.92202,0.92246,1.00,1.37
2015.01.13 18:26:28.446,0.92202,0.92246,1.00,1.00
2015.01.13 18:26:28.947,0.92202,0.92246,1.00,1.37
2015.01.13 18:26:29.250,0.92202,0.92246,1.00,1.12
2015.01.13 18:26:32.054,0.92203,0.92246,1.00,1.12
2015.01.13 18:26:33.386,0.92203,0.92245,1.00,1.00
2015.01.13 18:26:34.205,0.92203,0.92246,1.00,1.87
2015.01.13 18:26:34.406,0.92198,0.92237,1.00,1.00
2015.01.13 18:26:34.742,0.92197,0.92236,1.00,1.37
2015.01.13 18:26:37.812,0.92197,0.92236,1.00,1.00
2015.01.13 18:26:40.185,0.92202,0.92236,1.00,1.00
2015.01.13 18:26:40.804,0.92202,0.92237,1.00,1.12
2015.01.13 18:26:41.306,0.92203,0.92236,1.00,1.37
2015.01.13 18:26:41.677,0.92203,0.92243,1.00,1.97
2015.01.13 18:26:41.728,0.92198,0.92243,1.00,1.97
2015.01.13 18:26:41.836,0.92198,0.92243,1.00,1.60
2015.01.13 18:26:41.944,0.92203,0.92243,1.00,1.60
2015.01.13 18:26:43.884,0.92203,0.92243,1.00,1.97
2015.01.13 18:26:44.402,0.92207,0.92243,1.00,1.60
2015.01.13 18:26:44.804,0.92203,0.92246,1.50,2.47
2015.01.13 18:26:45.136,0.92208,0.92246,1.00,2.47
2015.01.13 18:26:45.413,0.92208,0.92248,1.00,1.37
2015.01.13 18:26:47.127,0.92209,0.9225,1.00,1.37
2015.01.13 18:26:47.328,0.92211,0.92251,1.00,1.37
2015.01.13 18:26:47.529,0.92213,0.92252,1.00,1.12
2015.01.13 18:26:47.580,0.92208,0.92252,1.00,1.12
2015.01.13 18:26:47.631,0.92208,0.92252,1.00,1.37
2015.01.13 18:26:47.833,0.92208,0.92252,1.50,1.12
2015.01.13 18:26:48.152,0.92211,0.92251,1.00,1.00
2015.01.13 18:26:48.649,0.92208,0.92252,1.00,1.00
2015.01.13 18:26:48.872,0.92212,0.92252,1.00,1.00
2015.01.13 18:26:49.444,0.92212,0.92256,1.00,1.75
2015.01.13 18:26:52.950,0.92213,0.92258,1.00,1.50
2015.01.13 18:26:54.753,0.92213,0.92258,1.87,1.37
2015.01.13 18:26:54.854,0.92216,0.92262,1.00,1.75
2015.01.13 18:26:55.204,0.92218,0.92261,1.00,1.75
2015.01.13 18:26:56.683,0.92218,0.92261,1.00,3.00
2015.01.13 18:26:57.385,0.92217,0.92261,1.00,3.75
2015.01.13 18:26:58.544,0.92217,0.92259,1.00,1.37
2015.01.13 18:26:59.112,0.92218,0.92259,1.00,1.50
2015.01.13 18:26:59.747,0.92218,0.92259,1.00,1.75
2015.01.13 18:27:00.950,0.92218,0.92259,1.00,1.37
2015.01.13 18:27:01.373,0.92218,0.92261,1.50,1.37
2015.01.13 18:27:01.452,0.92218,0.92261,1.50,1.75
2015.01.13 18:27:01.702,0.92218,0.92261,1.00,1.50
2015.01.13 18:27:01.753,0.92218,0.92261,1.00,1.75
2015.01.13 18:27:02.666,0.92218,0.92261,1.00,1.50
2015.01.13 18:27:04.369,0.92218,0.92262,1.00,1.75
2015.01.13 18:27:04.726,0.92218,0.92262,1.00,1.75
2015.01.13 18:27:05.079,0.92218,0.92261,1.00,1.75
2015.01.13 18:27:06.543,0.9222,0.92262,1.00,1.75
2015.01.13 18:27:06.594,0.9222,0.92262,1.00,1.50
2015.01.13 18:27:06.996,0.92218,0.92262,1.50,2.25
2015.01.13 18:27:07.806,0.92218,0.92262,1.50,1.87
2015.01.13 18:27:08.007,0.9222,0.92262,1.00,1.87
2015.01.13 18:27:08.352,0.9222,0.92262,1.00,2.25
2015.01.13 18:27:08.403,0.92218,0.92262,1.00,1.75
2015.01.13 18:27:08.662,0.92217,0.92265,1.87,2.25
2015.01.13 18:27:08.713,0.9222,0.92262,1.00,1.75
2015.01.13 18:27:08.763,0.9222,0.92262,1.37,1.00
2015.01.13 18:27:08.814,0.92229,0.92267,1.00,1.50
2015.01.13 18:27:08.864,0.92229,0.92267,1.00,1.12
2015.01.13 18:27:08.965,0.92229,0.92274,1.00,1.37
2015.01.13 18:27:09.180,0.92231,0.92277,1.00,1.75
2015.01.13 18:27:10.833,0.92231,0.92277,1.00,1.50
2015.01.13 18:27:11.145,0.92232,0.92277,1.12,1.75
2015.01.13 18:27:11.532,0.92243,0.92278,1.00,1.75
2015.01.13 18:27:20.512,0.92243,0.92282,1.00,2.25
2015.01.13 18:27:20.713,0.92242,0.92285,1.50,1.75
2015.01.13 18:27:20.814,0.92242,0.92286,1.87,1.50
2015.01.13 18:27:20.865,0.92243,0.92286,1.12,1.50
2015.01.13 18:27:21.204,0.92253,0.92289,1.00,1.75
2015.01.13 18:27:23.372,0.92253,0.92289,1.00,1.75
2015.01.13 18:27:24.572,0.92253,0.92291,1.00,1.75
2015.01.13 18:27:24.975,0.92253,0.92292,1.00,1.75
2015.01.13 18:27:25.202,0.92258,0.92293,1.00,1.75
2015.01.13 18:27:25.320,0.92252,0.92294,1.00,1.75
2015.01.13 18:27:25.371,0.92252,0.92294,1.00,1.37
2015.01.13 18:27:25.879,0.92257,0.92296,1.00,1.50
2015.01.13 18:27:26.418,0.92255,0.92296,1.00,1.50
2015.01.13 18:27:26.469,0.92255,0.92296,1.00,1.37
2015.01.13 18:27:26.520,0.92257,0.92297,1.00,1.37
2015.01.13 18:27:26.688,0.92255,0.923,1.00,1.75
2015.01.13 18:27:26.852,0.92258,0.923,1.00,1.75
2015.01.13 18:27:27.385,0.92258,0.92299,1.00,2.25
2015.01.13 18:27:28.612,0.92253,0.92297,1.00,1.37
2015.01.13 18:27:30.743,0.92257,0.92299,1.00,1.75
2015.01.13 18:27:30.813,0.92253,0.92297,1.00,1.37
2015.01.13 18:27:31.031,0.92258,0.92299,1.00,1.75
2015.01.13 18:27:31.672,0.92258,0.92299,1.00,1.50
2015.01.13 18:27:32.002,0.92258,0.92301,1.00,1.75
2015.01.13 18:27:32.102,0.92258,0.92301,1.00,1.75
2015.01.13 18:27:32.602,0.92258,0.92302,1.00,2.25
2015.01.13 18:27:32.719,0.92258,0.92302,1.00,2.25
2015.01.13 18:27:32.878,0.92259,0.92302,1.00,1.37
2015.01.13 18:27:33.418,0.9226,0.92302,1.50,1.12
2015.01.13 18:27:33.469,0.92264,0.92302,1.00,1.12
2015.01.13 18:27:33.771,0.92267,0.92302,1.00,1.12
2015.01.13 18:27:34.072,0.92264,0.9231,1.87,1.75
2015.01.13 18:27:34.705,0.92264,0.92307,1.00,1.75
2015.01.13 18:27:38.423,0.92265,0.92307,1.00,1.75
2015.01.13 18:27:38.642,0.92265,0.92307,1.00,1.75
2015.01.13 18:27:40.605,0.92264,0.92307,1.00,1.75
2015.01.13 18:27:41.111,0.92265,0.92307,1.00,1.75
2015.01.13 18:27:42.118,0.92262,0.92307,1.00,1.75
2015.01.13 18:27:43.173,0.92263,0.92309,1.00,1.75
2015.01.13 18:27:43.331,0.92263,0.92307,1.00,1.75
2015.01.13 18:27:43.662,0.92263,0.92307,1.00,1.75
2015.01.13 18:27:43.813,0.92259,0.92302,1.50,1.75
2015.01.13 18:27:44.231,0.92259,0.92302,1.50,1.37
2015.01.13 18:27:44.281,0.92261,0.92302,1.00,1.37
2015.01.13 18:27:44.591,0.92263,0.92308,1.00,1.75
2015.01.13 18:27:45.112,0.92264,0.92307,1.00,1.75
2015.01.13 18:27:45.163,0.92264,0.92307,1.00,1.37
2015.01.13 18:27:45.369,0.92264,0.92307,1.00,1.37
2015.01.13 18:27:45.469,0.92266,0.92307,1.00,1.37
2015.01.13 18:27:45.847,0.92266,0.92302,1.00,1.12
2015.01.13 18:27:46.589,0.92267,0.92307,1.00,1.50
2015.01.13 18:27:47.187,0.92266,0.92307,1.00,1.50
2015.01.13 18:27:47.910,0.92267,0.92308,1.00,1.75
2015.01.13 18:27:48.011,0.92265,0.92308,1.00,2.25
2015.01.13 18:27:48.570,0.92265,0.92308,1.00,2.25
2015.01.13 18:27:49.550,0.92263,0.92308,1.00,2.25
2015.01.13 18:27:50.014,0.92263,0.92312,1.50,2.10
2015.01.13 18:27:50.509,0.92263,0.92307,2.25,1.37
2015.01.13 18:27:50.609,0.92263,0.92307,1.00,1.75
2015.01.13 18:27:50.828,0.92263,0.92307,1.50,1.37
2015.01.13 18:27:51.311,0.92267,0.92307,1.50,1.00
2015.01.13 18:27:51.412,0.92269,0.92317,1.00,1.37
2015.01.13 18:27:51.522,0.92271,0.92317,1.00,1.37
2015.01.13 18:27:51.871,0.92277,0.92318,1.00,1.37
2015.01.13 18:27:52.438,0.92276,0.92317,1.00,1.37
2015.01.13 18:27:52.822,0.92272,0.92318,1.50,1.75
2015.01.13 18:27:52.923,0.92272,0.92318,1.50,1.37
2015.01.13 18:27:53.504,0.92273,0.92317,1.50,1.37
2015.01.13 18:27:54.014,0.92273,0.92317,1.50,1.37
2015.01.13 18:27:55.118,0.92273,0.92317,1.50,1.37
2015.01.13 18:27:55.832,0.92274,0.92317,1.00,1.37
2015.01.13 18:27:57.132,0.92273,0.92317,1.50,1.37
2015.01.13 18:27:57.657,0.92273,0.92317,1.50,1.50
2015.01.13 18:27:58.956,0.92274,0.92314,1.00,1.37
2015.01.13 18:27:59.499,0.92273,0.92317,1.50,1.50
2015.01.13 18:28:00.032,0.92274,0.92317,1.00,1.50
2015.01.13 18:28:00.566,0.92274,0.92317,1.00,1.37
2015.01.13 18:28:01.114,0.92273,0.92317,1.50,1.50
2015.01.13 18:28:02.942,0.92273,0.92312,1.00,1.37
2015.01.13 18:28:03.151,0.92269,0.92313,1.00,1.50
2015.01.13 18:28:03.314,0.92271,0.92313,1.00,1.37
2015.01.13 18:28:06.446,0.92271,0.92312,1.00,1.75
2015.01.13 18:28:06.497,0.92268,0.92307,1.00,1.75
2015.01.13 18:28:06.598,0.92262,0.92307,1.50,1.75
2015.01.13 18:28:06.749,0.92259,0.92306,1.75,1.75
2015.01.13 18:28:06.850,0.92258,0.92301,1.75,1.50
2015.01.13 18:28:06.951,0.92258,0.92302,1.75,1.75
2015.01.13 18:28:07.051,0.92258,0.92298,1.00,1.75
2015.01.13 18:28:07.102,0.92255,0.92299,1.00,1.75
2015.01.13 18:28:08.097,0.92255,0.92299,1.00,1.75
2015.01.13 18:28:08.198,0.92255,0.92302,1.00,1.37
2015.01.13 18:28:08.257,0.92255,0.92302,1.00,1.37
2015.01.13 18:28:08.560,0.92259,0.92302,1.00,1.50
2015.01.13 18:28:08.711,0.92262,0.92302,1.00,1.37
2015.01.13 18:28:10.132,0.92258,0.92302,1.00,1.87
2015.01.13 18:28:11.284,0.92258,0.92302,1.00,1.75
2015.01.13 18:28:11.792,0.92258,0.92302,1.00,1.75
2015.01.13 18:28:14.699,0.92258,0.92299,1.00,1.75
2015.01.13 18:28:15.292,0.92258,0.923,1.00,1.75
2015.01.13 18:28:15.716,0.92258,0.92298,1.00,1.75
2015.01.13 18:28:18.562,0.92253,0.92297,1.00,1.75
2015.01.13 18:28:18.941,0.92252,0.92295,1.00,1.75
2015.01.13 18:28:19.614,0.92253,0.92292,1.00,1.75
2015.01.13 18:28:20.750,0.92252,0.92293,1.00,1.75
2015.01.13 18:28:24.834,0.92258,0.92295,1.00,1.37
2015.01.13 18:28:25.155,0.92257,0.92298,1.00,1.75
2015.01.13 18:28:25.406,0.92248,0.92293,1.00,1.35
2015.01.13 18:28:25.457,0.92248,0.92292,1.00,1.35
2015.01.13 18:28:25.772,0.92253,0.92291,1.00,1.75
2015.01.13 18:28:25.942,0.92252,0.92296,1.00,3.00
2015.01.13 18:28:26.043,0.92252,0.92298,1.00,2.62
2015.01.13 18:28:26.144,0.92249,0.92297,1.00,1.37
2015.01.13 18:28:26.612,0.92252,0.92298,1.00,1.50
2015.01.13 18:28:27.265,0.92252,0.92298,1.00,1.75
2015.01.13 18:28:27.779,0.92252,0.92297,1.00,1.75
2015.01.13 18:28:27.829,0.92248,0.92292,1.12,1.37
2015.01.13 18:28:30.134,0.92253,0.92297,1.00,2.25
2015.01.13 18:28:30.551,0.92253,0.92297,1.00,1.87
2015.01.13 18:28:30.652,0.92248,0.92292,1.37,1.37
2015.01.13 18:28:32.279,0.92248,0.92292,1.37,1.00
2015.01.13 18:28:32.380,0.92252,0.92298,1.00,1.50
2015.01.13 18:28:32.682,0.92256,0.92307,1.37,1.87
2015.01.13 18:28:36.054,0.92257,0.92303,1.00,1.75
2015.01.13 18:28:36.105,0.92254,0.92302,1.87,1.75
2015.01.13 18:28:36.155,0.92254,0.92302,1.50,1.75
2015.01.13 18:28:36.256,0.92253,0.92298,1.00,1.75
2015.01.13 18:28:36.408,0.92251,0.92297,1.00,1.37
2015.01.13 18:28:36.559,0.92251,0.92299,1.00,1.00
2015.01.13 18:28:36.659,0.92248,0.92292,1.00,1.00
2015.01.13 18:28:37.358,0.92248,0.92292,1.37,1.37
2015.01.13 18:28:38.161,0.92247,0.92293,1.37,1.37
2015.01.13 18:28:41.569,0.92248,0.92292,1.37,1.37
2015.01.13 18:28:42.670,0.92252,0.92298,1.00,1.75
2015.01.13 18:28:43.907,0.92252,0.92298,1.00,1.50
2015.01.13 18:28:44.699,0.92252,0.92298,1.00,1.37
2015.01.13 18:28:45.863,0.92248,0.92293,1.50,1.00
2015.01.13 18:28:46.680,0.92247,0.92293,3.00,1.00
2015.01.13 18:28:47.990,0.92247,0.92293,1.87,1.37
2015.01.13 18:28:50.033,0.92247,0.92293,1.50,1.00
2015.01.13 18:28:50.534,0.92248,0.92293,1.50,1.00
2015.01.13 18:28:50.699,0.92248,0.92293,1.87,1.37
2015.01.13 18:28:50.913,0.92248,0.92293,1.87,1.00
2015.01.13 18:28:51.183,0.92253,0.92297,1.00,1.37
2015.01.13 18:28:51.633,0.92253,0.92297,1.00,1.75
2015.01.13 18:28:52.570,0.92252,0.92298,1.00,1.75
2015.01.13 18:28:53.671,0.92253,0.92297,1.00,1.75
2015.01.13 18:28:55.645,0.92253,0.92297,1.00,1.37
2015.01.13 18:28:55.872,0.92249,0.92292,1.50,1.00
2015.01.13 18:28:56.556,0.92248,0.92292,1.50,1.12
2015.01.13 18:28:57.244,0.92249,0.92292,1.50,1.00
2015.01.13 18:28:58.120,0.92248,0.92292,1.50,1.00
2015.01.13 18:29:00.687,0.92248,0.92291,1.00,1.00
2015.01.13 18:29:00.738,0.92248,0.92291,1.00,1.75
2015.01.13 18:29:00.939,0.92248,0.92289,1.00,1.50
2015.01.13 18:29:01.135,0.92248,0.92289,1.00,3.75
2015.01.13 18:29:01.631,0.92248,0.92287,1.00,1.37
2015.01.13 18:29:01.938,0.92248,0.92291,1.00,1.87
2015.01.13 18:29:02.341,0.92248,0.92292,1.00,1.12
2015.01.13 18:29:04.780,0.92253,0.92294,1.00,1.37
2015.01.13 18:29:04.990,0.92253,0.92297,1.00,1.87
2015.01.13 18:29:05.491,0.92253,0.92298,2.25,1.37
2015.01.13 18:29:06.915,0.92252,0.92298,1.12,1.87
2015.01.13 18:29:07.308,0.92252,0.92298,1.50,1.37
2015.01.13 18:29:08.120,0.92252,0.92298,1.12,1.12
2015.01.13 18:29:08.536,0.92253,0.92297,1.00,1.75
2015.01.13 18:29:08.786,0.92253,0.92297,1.12,1.75
2015.01.13 18:29:09.230,0.92252,0.92298,1.00,1.50
2015.01.13 18:29:12.314,0.92252,0.92298,1.12,1.37
2015.01.13 18:29:13.043,0.92253,0.92297,1.00,1.37
2015.01.13 18:29:13.144,0.92253,0.92297,1.37,1.12
2015.01.13 18:29:13.449,0.92258,0.92302,1.12,1.50
2015.01.13 18:29:14.554,0.92257,0.92305,1.37,1.75
2015.01.13 18:29:14.928,0.92258,0.92305,1.00,1.12
2015.01.13 18:29:15.231,0.92258,0.92305,1.00,1.50
2015.01.13 18:29:16.039,0.92258,0.92305,1.00,1.37
2015.01.13 18:29:16.438,0.92258,0.92305,1.00,1.37
2015.01.13 18:29:17.428,0.92258,0.92299,1.00,1.00
2015.01.13 18:29:17.730,0.92258,0.92297,1.00,1.75
2015.01.13 18:29:18.363,0.92258,0.92296,1.00,1.75
2015.01.13 18:29:18.851,0.92258,0.92296,1.00,1.37
2015.01.13 18:29:19.398,0.92258,0.92299,1.00,1.37
2015.01.13 18:29:19.679,0.92258,0.92299,1.00,2.25
2015.01.13 18:29:20.662,0.92258,0.92299,1.00,2.25
2015.01.13 18:29:21.668,0.92258,0.92297,1.00,1.75
2015.01.13 18:29:21.830,0.92254,0.92297,1.00,2.25
2015.01.13 18:29:22.014,0.92254,0.92297,1.00,1.37
2015.01.13 18:29:22.395,0.92258,0.92299,1.00,1.75
2015.01.13 18:29:22.601,0.92254,0.92297,1.00,1.50
2015.01.13 18:29:23.096,0.92253,0.92297,1.50,1.75
2015.01.13 18:29:26.610,0.92251,0.92297,1.00,3.00
2015.01.13 18:29:27.881,0.92253,0.92297,1.00,3.00
2015.01.13 18:29:28.286,0.92253,0.92295,1.00,1.75
2015.01.13 18:29:28.667,0.92253,0.92295,1.00,1.75
2015.01.13 18:29:30.157,0.92253,0.92295,1.00,1.75
2015.01.13 18:29:30.258,0.92253,0.92295,1.00,1.75
2015.01.13 18:29:30.978,0.92253,0.92295,1.00,1.75
2015.01.13 18:29:31.122,0.92251,0.92292,1.00,1.50
2015.01.13 18:29:31.256,0.9225,0.92292,1.00,1.12
2015.01.13 18:29:31.408,0.9225,0.92298,1.00,2.25
2015.01.13 18:29:31.728,0.92248,0.92291,1.00,1.75
2015.01.13 18:29:31.882,0.9225,0.9229,1.00,1.75
2015.01.13 18:29:32.182,0.9225,0.9229,1.00,1.00
2015.01.13 18:29:32.906,0.9225,0.92292,1.00,1.37
2015.01.13 18:29:33.419,0.9225,0.92292,1.00,1.00
2015.01.13 18:29:33.951,0.9225,0.92292,1.00,1.37
2015.01.13 18:29:38.581,0.9225,0.92292,1.00,1.12
2015.01.13 18:29:38.683,0.92252,0.92296,1.00,1.37
2015.01.13 18:29:38.985,0.92254,0.92293,1.00,1.12
2015.01.13 18:29:39.758,0.92254,0.92293,1.00,1.37
2015.01.13 18:29:40.817,0.9226,0.92293,1.12,1.00
2015.01.13 18:29:40.868,0.9226,0.92302,1.12,1.50
2015.01.13 18:29:41.097,0.92259,0.92305,3.37,1.75
2015.01.13 18:29:41.198,0.92261,0.92305,1.00,1.12
2015.01.13 18:29:41.817,0.92262,0.92302,1.00,1.50
2015.01.13 18:29:44.312,0.92262,0.92302,1.00,1.00
2015.01.13 18:29:44.464,0.92264,0.92302,1.00,1.00
2015.01.13 18:29:45.041,0.92263,0.92303,1.50,1.12
2015.01.13 18:29:48.043,0.92263,0.92303,1.87,1.37
2015.01.13 18:29:48.249,0.92272,0.92313,1.87,1.37
2015.01.13 18:29:48.350,0.92272,0.92318,2.62,1.75
2015.01.13 18:29:48.652,0.92269,0.92315,1.75,1.12
2015.01.13 18:29:48.753,0.9227,0.92317,1.00,2.25
2015.01.13 18:29:50.161,0.9227,0.92315,1.37,1.37
2015.01.13 18:29:50.530,0.92271,0.92315,1.12,1.37
2015.01.13 18:29:50.681,0.92275,0.92315,1.12,1.37
2015.01.13 18:29:50.841,0.92282,0.92321,1.00,1.75
2015.01.13 18:29:51.639,0.92277,0.92319,3.00,1.50
2015.01.13 18:29:51.689,0.92277,0.92319,1.50,1.75
2015.01.13 18:29:52.009,0.92282,0.92319,1.00,1.75
2015.01.13 18:29:52.708,0.92282,0.92319,1.00,1.75
2015.01.13 18:29:54.138,0.92283,0.92319,1.00,1.75
2015.01.13 18:29:54.689,0.92282,0.92319,1.00,1.75
2015.01.13 18:30:00.917,0.92282,0.92318,1.00,1.75
2015.01.13 18:30:01.428,0.92282,0.92319,1.00,1.50
2015.01.13 18:30:01.952,0.92283,0.92319,1.00,1.50
2015.01.13 18:30:03.323,0.92283,0.92319,1.00,1.75
2015.01.13 18:30:03.654,0.92283,0.92322,1.00,2.25
2015.01.13 18:30:04.277,0.92282,0.92322,1.00,1.75
2015.01.13 18:30:05.798,0.92287,0.92322,1.00,1.75
2015.01.13 18:30:07.231,0.92283,0.92322,1.00,2.62
2015.01.13 18:30:08.656,0.92287,0.92322,1.00,1.87
2015.01.13 18:30:12.070,0.92282,0.92322,1.00,1.87
2015.01.13 18:30:12.679,0.92282,0.92318,1.00,1.75
2015.01.13 18:30:12.782,0.92282,0.92321,1.00,1.75
2015.01.13 18:30:12.848,0.92282,0.92321,1.00,1.75
2015.01.13 18:30:14.047,0.92283,0.92318,1.00,1.75
2015.01.13 18:30:14.098,0.92283,0.92316,1.00,1.75
2015.01.13 18:30:14.378,0.92288,0.9232,1.00,1.75
2015.01.13 18:30:14.864,0.92288,0.92321,1.00,1.75
2015.01.13 18:30:15.267,0.92288,0.9232,1.00,1.50
2015.01.13 18:30:15.806,0.92293,0.92323,1.00,1.75
2015.01.13 18:30:16.961,0.92293,0.92325,1.00,1.75
2015.01.13 18:30:17.511,0.92292,0.92327,1.00,1.75
2015.01.13 18:30:18.171,0.92293,0.92327,1.00,1.75
2015.01.13 18:30:19.307,0.92293,0.92328,1.00,1.75
2015.01.13 18:30:22.097,0.92293,0.92332,1.00,2.25
2015.01.13 18:30:27.462,0.92293,0.92332,1.00,1.37
2015.01.13 18:30:30.176,0.92293,0.92332,1.00,1.50
2015.01.13 18:30:30.646,0.92293,0.92332,1.00,1.75
2015.01.13 18:30:31.134,0.92286,0.92329,1.50,1.75
2015.01.13 18:30:31.235,0.92282,0.9233,1.00,1.87
2015.01.13 18:30:31.285,0.92282,0.92327,1.00,1.75
2015.01.13 18:30:31.587,0.92278,0.92323,1.00,1.75
2015.01.13 18:30:31.917,0.92283,0.92326,1.00,1.87
2015.01.13 18:30:31.967,0.92283,0.92326,1.00,1.87
2015.01.13 18:30:32.169,0.92283,0.92326,1.00,1.00
2015.01.13 18:30:32.219,0.92287,0.92326,1.00,1.00
2015.01.13 18:30:32.320,0.92282,0.92326,1.00,1.00
2015.01.13 18:30:32.421,0.92285,0.92326,1.00,1.00
2015.01.13 18:30:32.741,0.92284,0.92326,1.00,1.12
2015.01.13 18:30:33.173,0.92284,0.92326,1.00,1.12
2015.01.13 18:30:35.384,0.92283,0.92326,1.00,1.12
2015.01.13 18:30:42.293,0.92282,0.92328,1.50,1.37
2015.01.13 18:30:43.078,0.92282,0.92328,1.87,1.75
2015.01.13 18:30:43.597,0.92283,0.92328,1.00,1.75
2015.01.13 18:30:46.992,0.92285,0.92328,1.00,1.75
2015.01.13 18:30:48.664,0.92288,0.92328,1.00,1.75
2015.01.13 18:30:49.303,0.92284,0.92327,1.00,1.75
2015.01.13 18:30:49.842,0.92284,0.92328,1.00,1.37
2015.01.13 18:30:51.210,0.92282,0.92328,1.00,1.37
2015.01.13 18:30:51.311,0.92283,0.92328,1.00,1.75
2015.01.13 18:30:51.825,0.92285,0.92328,1.00,1.75
2015.01.13 18:30:52.838,0.92283,0.92327,1.00,1.75
2015.01.13 18:30:52.939,0.92283,0.92327,1.00,1.75
2015.01.13 18:30:53.246,0.92282,0.92324,1.00,1.75
2015.01.13 18:30:53.296,0.92277,0.92323,1.50,1.75
2015.01.13 18:30:53.397,0.92283,0.92324,1.00,1.75
2015.01.13 18:30:53.755,0.92283,0.92321,1.00,1.75
2015.01.13 18:30:54.254,0.92283,0.92321,1.00,1.75
2015.01.13 18:30:54.469,0.92283,0.92322,1.00,1.75
2015.01.13 18:30:55.276,0.92277,0.92321,1.00,1.75
2015.01.13 18:30:56.165,0.92278,0.92319,1.00,1.75
2015.01.13 18:30:56.266,0.92278,0.92316,1.00,1.75
2015.01.13 18:30:56.367,0.92272,0.92319,1.00,1.75
2015.01.13 18:30:56.467,0.92272,0.92321,1.37,2.25
2015.01.13 18:30:56.619,0.92278,0.92321,1.00,2.25
2015.01.13 18:30:57.225,0.92278,0.9232,1.00,1.50
2015.01.13 18:30:57.831,0.92278,0.92322,1.00,2.25
2015.01.13 18:31:00.132,0.92278,0.92322,1.00,1.50
2015.01.13 18:31:00.766,0.92278,0.92322,1.12,1.75
2015.01.13 18:31:01.537,0.92278,0.92322,1.12,1.75
2015.01.13 18:31:04.288,0.92277,0.92323,1.00,1.75
2015.01.13 18:31:04.708,0.92277,0.92323,1.00,2.25
2015.01.13 18:31:05.292,0.92277,0.92323,1.00,2.25
2015.01.13 18:31:08.701,0.92277,0.92323,1.00,2.25
2015.01.13 18:31:08.802,0.92277,0.92318,1.00,2.25
2015.01.13 18:31:08.953,0.92273,0.92315,1.00,1.75
2015.01.13 18:31:09.555,0.92269,0.92312,1.12,1.50
2015.01.13 18:31:10.207,0.92273,0.92315,1.00,1.75
2015.01.13 18:31:10.609,0.92273,0.92315,1.00,1.50
2015.01.13 18:31:10.710,0.92273,0.92316,1.00,1.12
2015.01.13 18:31:10.912,0.92271,0.92316,1.00,1.87
2015.01.13 18:31:11.696,0.92272,0.92316,1.00,1.87
2015.01.13 18:31:12.256,0.92272,0.92316,1.37,1.50
2015.01.13 18:31:12.357,0.92274,0.92317,1.87,1.12
2015.01.13 18:31:12.696,0.92283,0.92316,1.00,1.00
2015.01.13 18:31:12.747,0.92283,0.92327,1.00,1.87
2015.01.13 18:31:18.036,0.92279,0.92327,1.37,1.87
2015.01.13 18:31:18.587,0.92283,0.92327,1.37,1.37
2015.01.13 18:31:18.920,0.92288,0.92327,1.37,1.12
2015.01.13 18:31:20.275,0.92288,0.92327,1.00,1.12
2015.01.13 18:31:20.609,0.92285,0.92322,1.87,1.00
2015.01.13 18:31:21.167,0.92285,0.92323,1.87,1.12
2015.01.13 18:31:21.846,0.92279,0.92322,2.25,1.00
2015.01.13 18:31:21.897,0.92279,0.92328,1.87,1.75
2015.01.13 18:31:23.301,0.9228,0.92322,1.37,1.00
2015.01.13 18:31:23.401,0.92282,0.92328,1.87,1.37
2015.01.13 18:31:23.865,0.92282,0.92323,2.62,1.00
2015.01.13 18:31:24.937,0.92285,0.92323,1.87,1.00
2015.01.13 18:31:25.088,0.92288,0.92327,1.37,1.12
2015.01.13 18:31:29.574,0.92288,0.92327,1.00,1.00
2015.01.13 18:31:34.838,0.92288,0.92327,1.37,1.12
2015.01.13 18:31:36.736,0.92288,0.92327,1.00,1.37
2015.01.13 18:31:37.616,0.92283,0.92327,2.25,1.37
2015.01.13 18:31:39.375,0.92283,0.92322,1.50,1.00
2015.01.13 18:31:39.595,0.92283,0.92327,2.25,1.37
2015.01.13 18:31:41.378,0.92283,0.92329,1.87,1.87
2015.01.13 18:31:41.680,0.92292,0.92333,1.37,1.37
2015.01.13 18:31:41.982,0.92292,0.92338,3.75,1.37
2015.01.13 18:31:42.288,0.92295,0.92338,1.50,1.12
2015.01.13 18:31:42.928,0.92297,0.92338,1.75,1.87
2015.01.13 18:31:43.180,0.9229,0.92337,1.00,1.12
2015.01.13 18:31:43.231,0.92286,0.92334,1.37,1.75
2015.01.13 18:31:43.437,0.92286,0.92327,1.00,1.37
2015.01.13 18:31:44.049,0.92283,0.92327,1.37,1.37
2015.01.13 18:31:46.111,0.92283,0.92327,1.00,1.37
2015.01.13 18:31:46.457,0.92283,0.92325,1.00,1.12
2015.01.13 18:31:47.626,0.92282,0.92323,1.00,1.50
2015.01.13 18:31:50.221,0.92282,0.92323,1.00,1.37
2015.01.13 18:31:54.115,0.92283,0.92322,1.00,1.37
2015.01.13 18:31:58.439,0.92283,0.92322,1.00,1.00
2015.01.13 18:31:58.792,0.92285,0.92322,1.00,1.00
2015.01.13 18:31:59.101,0.92281,0.92327,2.25,1.50
2015.01.13 18:31:59.202,0.9228,0.92327,1.00,1.12
2015.01.13 18:31:59.424,0.92284,0.92328,1.00,1.37
2015.01.13 18:31:59.760,0.9229,0.92328,1.00,1.00
2015.01.13 18:31:59.911,0.92288,0.92327,1.00,1.00
2015.01.13 18:32:00.216,0.92288,0.92332,1.00,1.00
2015.01.13 18:32:00.320,0.92286,0.92332,1.00,1.00
2015.01.13 18:32:00.421,0.92285,0.92328,1.00,1.00
2015.01.13 18:32:00.622,0.92288,0.92333,1.00,1.00
2015.01.13 18:32:01.075,0.92287,0.92328,1.00,1.00
2015.01.13 18:32:02.454,0.92284,0.92328,1.00,1.37
2015.01.13 18:32:02.555,0.9228,0.92328,1.00,1.37
2015.01.13 18:32:02.656,0.92279,0.9233,1.00,1.50
2015.01.13 18:32:02.957,0.92279,0.92323,1.00,1.00
2015.01.13 18:32:03.355,0.92279,0.9233,1.00,1.50
2015.01.13 18:32:03.620,0.92283,0.92327,1.00,1.37
2015.01.13 18:32:04.229,0.92283,0.92327,1.00,1.37
2015.01.13 18:32:04.886,0.92283,0.92327,1.12,1.00
2015.01.13 18:32:04.937,0.9228,0.9233,1.37,1.12
2015.01.13 18:32:05.270,0.92293,0.92329,1.00,1.50
2015.01.13 18:32:05.806,0.92288,0.92329,1.00,1.50
2015.01.13 18:32:05.963,0.92288,0.9233,1.00,2.62
2015.01.13 18:32:06.165,0.92282,0.9233,1.12,1.37
2015.01.13 18:32:06.871,0.92283,0.92327,1.00,1.12
2015.01.13 18:32:07.682,0.92283,0.92327,1.12,1.37
2015.01.13 18:32:11.826,0.92283,0.92327,1.00,1.37
2015.01.13 18:32:12.331,0.92282,0.92328,1.00,3.00
2015.01.13 18:32:13.486,0.92282,0.92326,1.12,1.87
2015.01.13 18:32:14.192,0.92282,0.92328,1.00,1.87
2015.01.13 18:32:17.297,0.92282,0.92328,1.00,1.87
2015.01.13 18:32:17.598,0.92282,0.92328,1.00,1.50
2015.01.13 18:32:17.933,0.92283,0.92328,1.37,1.50
2015.01.13 18:32:18.447,0.92287,0.92327,1.37,1.00
2015.01.13 18:32:18.648,0.92293,0.92337,1.00,1.00
2015.01.13 18:32:18.749,0.92287,0.92337,1.00,1.50
2015.01.13 18:32:18.950,0.92282,0.92337,1.50,1.00
2015.01.13 18:32:19.152,0.92282,0.92327,1.50,1.00
2015.01.13 18:32:19.570,0.92283,0.92333,1.50,1.00
2015.01.13 18:32:19.620,0.92283,0.92333,1.87,1.75
2015.01.13 18:32:21.387,0.92281,0.92332,1.12,1.87
2015.01.13 18:32:21.438,0.92281,0.9233,1.00,1.12
2015.01.13 18:32:21.764,0.92281,0.92327,1.37,1.37
2015.01.13 18:32:22.717,0.92285,0.92327,1.00,1.37
2015.01.13 18:32:23.824,0.92285,0.92329,1.12,1.00
2015.01.13 18:32:24.076,0.92286,0.92327,1.00,1.00
2015.01.13 18:32:25.361,0.9228,0.92327,1.87,1.37
2015.01.13 18:32:25.462,0.92281,0.92327,1.87,1.50
2015.01.13 18:32:25.658,0.92281,0.92327,1.87,1.37
2015.01.13 18:32:26.276,0.92281,0.92328,1.50,1.00
2015.01.13 18:32:26.377,0.92284,0.92328,1.00,1.00
2015.01.13 18:32:27.149,0.92286,0.92328,1.00,1.12
2015.01.13 18:32:28.943,0.92286,0.92328,1.12,1.37
2015.01.13 18:32:30.756,0.92285,0.92328,1.00,1.37
2015.01.13 18:32:31.058,0.92277,0.92328,1.50,1.75
2015.01.13 18:32:31.367,0.92282,0.92331,1.00,1.12
2015.01.13 18:32:31.418,0.92285,0.92331,1.00,1.12
2015.01.13 18:32:31.978,0.92285,0.92327,1.37,1.12
2015.01.13 18:32:33.492,0.92284,0.92327,1.37,1.00
2015.01.13 18:32:33.643,0.92288,0.92337,1.37,1.75
2015.01.13 18:32:33.694,0.92291,0.92337,1.37,1.37
2015.01.13 18:32:34.275,0.92296,0.92337,1.00,1.37
2015.01.13 18:32:34.602,0.92298,0.92338,1.12,1.00
2015.01.13 18:32:34.966,0.92298,0.92338,1.37,1.00
2015.01.13 18:32:35.067,0.92297,0.92343,2.25,1.37
2015.01.13 18:32:35.118,0.92301,0.92343,1.37,1.00
2015.01.13 18:32:35.694,0.92301,0.92342,1.37,1.00
2015.01.13 18:32:36.269,0.92302,0.92343,1.37,1.00
2015.01.13 18:32:37.639,0.92301,0.92342,1.37,1.00
2015.01.13 18:32:39.369,0.92302,0.92342,1.00,1.00
2015.01.13 18:32:40.376,0.92303,0.92342,1.37,1.00
2015.01.13 18:32:40.596,0.92301,0.92347,1.37,1.50
2015.01.13 18:32:40.908,0.92305,0.92348,1.00,1.50
2015.01.13 18:32:41.549,0.92306,0.92348,1.00,1.50
2015.01.13 18:32:42.075,0.92306,0.92348,1.00,1.50
2015.01.13 18:32:44.007,0.92306,0.92347,1.00,1.50
2015.01.13 18:32:44.715,0.92306,0.92348,1.12,1.75
2015.01.13 18:32:45.286,0.92306,0.92348,1.37,1.75
2015.01.13 18:32:45.890,0.92305,0.92342,1.12,1.00
2015.01.13 18:32:46.192,0.92315,0.92353,1.00,1.00
2015.01.13 18:32:49.034,0.92315,0.92352,1.00,1.00
2015.01.13 18:32:49.287,0.9231,0.92352,1.00,1.00
2015.01.13 18:32:49.438,0.9231,0.92353,1.00,1.37
2015.01.13 18:32:49.598,0.9231,0.92353,1.37,1.00
2015.01.13 18:32:49.699,0.92316,0.92353,1.00,1.00
2015.01.13 18:32:50.513,0.92316,0.92353,1.00,1.50
2015.01.13 18:32:50.614,0.92311,0.92353,1.00,1.37
2015.01.13 18:32:50.715,0.92307,0.92353,1.00,1.12
2015.01.13 18:32:50.815,0.9231,0.92353,1.00,1.12
2015.01.13 18:32:51.123,0.9231,0.92348,1.00,1.00
2015.01.13 18:32:51.425,0.92307,0.92348,1.00,1.50
2015.01.13 18:32:51.645,0.92311,0.92348,1.00,1.00
2015.01.13 18:32:52.335,0.9231,0.92352,1.00,1.37
2015.01.13 18:32:52.885,0.9231,0.92348,1.00,1.00
2015.01.13 18:32:53.155,0.9231,0.92353,1.00,1.37
2015.01.13 18:32:53.874,0.9231,0.92347,1.00,1.00
2015.01.13 18:32:55.464,0.9231,0.92347,1.37,1.00
2015.01.13 18:32:55.717,0.9231,0.92347,1.00,1.00
2015.01.13 18:32:56.293,0.92311,0.92353,1.50,1.50
2015.01.13 18:32:56.467,0.92311,0.92353,1.87,1.50
2015.01.13 18:32:57.366,0.92311,0.92353,1.87,1.87
2015.01.13 18:32:57.467,0.92311,0.92353,1.87,1.50
2015.01.13 18:32:57.567,0.9231,0.92353,1.50,1.50
2015.01.13 18:33:00.767,0.92311,0.92353,1.00,1.75
2015.01.13 18:33:01.537,0.92311,0.92353,1.37,1.00
2015.01.13 18:33:01.638,0.92311,0.92352,1.37,1.00
2015.01.13 18:33:01.954,0.9231,0.92348,1.50,1.00
2015.01.13 18:33:03.410,0.92311,0.92353,1.37,1.00
2015.01.13 18:33:04.575,0.92311,0.92347,1.37,1.00
2015.01.13 18:33:04.846,0.92311,0.92347,1.00,1.00
2015.01.13 18:33:05.149,0.9231,0.92352,1.00,1.12
2015.01.13 18:33:05.247,0.9231,0.92352,1.37,1.00
2015.01.13 18:33:05.605,0.9231,0.92352,1.75,1.00
2015.01.13 18:33:06.554,0.92311,0.92348,1.50,1.00
2015.01.13 18:33:06.782,0.92311,0.92348,1.00,1.00
2015.01.13 18:33:06.882,0.92311,0.92348,1.50,1.00
2015.01.13 18:33:08.557,0.9231,0.92348,1.12,1.00
2015.01.13 18:33:08.658,0.92311,0.92348,1.37,1.00
2015.01.13 18:33:08.859,0.92305,0.92348,1.37,1.00
2015.01.13 18:33:08.960,0.92307,0.92348,1.37,1.00
2015.01.13 18:33:09.061,0.92307,0.92348,1.37,1.00
2015.01.13 18:33:09.162,0.92312,0.92347,1.00,1.00
2015.01.13 18:33:11.174,0.92312,0.92347,1.37,1.00
2015.01.13 18:33:13.069,0.92309,0.92347,1.12,1.00
2015.01.13 18:33:13.120,0.92312,0.92347,1.00,1.00
2015.01.13 18:33:16.599,0.92312,0.92347,1.37,1.00
2015.01.13 18:33:17.479,0.92312,0.92347,1.00,1.00
2015.01.13 18:33:18.081,0.92312,0.92347,1.37,1.00
2015.01.13 18:33:22.883,0.92314,0.92347,1.00,1.00
2015.01.13 18:33:23.494,0.92315,0.92347,1.00,1.00
2015.01.13 18:33:23.802,0.92317,0.92347,1.37,1.00
2015.01.13 18:33:23.853,0.92317,0.92358,1.37,1.37
2015.01.13 18:33:23.903,0.92324,0.92358,1.00,1.00
2015.01.13 18:33:24.425,0.92323,0.92357,1.00,1.00
2015.01.13 18:33:25.212,0.92324,0.92357,1.00,1.00
2015.01.13 18:33:25.822,0.92324,0.92358,1.00,1.00
2015.01.13 18:33:27.124,0.9232,0.92358,1.37,1.00
2015.01.13 18:33:28.554,0.92318,0.92363,1.37,1.87
2015.01.13 18:33:29.066,0.92317,0.92366,1.50,2.25
2015.01.13 18:33:29.117,0.92319,0.92362,1.50,1.00
2015.01.13 18:33:29.454,0.92319,0.92357,1.50,1.00
2015.01.13 18:33:29.984,0.92322,0.92363,1.37,1.50
2015.01.13 18:33:30.553,0.92322,0.92363,1.37,1.87
2015.01.13 18:33:33.633,0.92322,0.92363,1.37,1.87
2015.01.13 18:33:36.603,0.92322,0.92363,1.37,1.87
2015.01.13 18:33:37.578,0.92324,0.92357,1.12,1.00
2015.01.13 18:33:41.488,0.92318,0.92357,2.25,1.75
2015.01.13 18:33:41.690,0.92313,0.92352,1.37,1.12
2015.01.13 18:33:41.891,0.92312,0.92348,1.37,1.00
2015.01.13 18:33:42.405,0.92313,0.92347,1.37,1.00
2015.01.13 18:33:42.987,0.92313,0.92347,1.37,1.00
2015.01.13 18:33:45.853,0.92313,0.92352,1.87,1.75
2015.01.13 18:33:45.904,0.92313,0.92352,1.87,1.75
2015.01.13 18:33:46.004,0.92317,0.92352,1.00,1.75
2015.01.13 18:33:46.206,0.92322,0.92358,1.75,1.00
2015.01.13 18:33:46.357,0.92326,0.92358,1.00,1.00
2015.01.13 18:33:46.594,0.92323,0.92362,1.87,1.50
2015.01.13 18:33:50.842,0.92323,0.92362,1.87,1.87
2015.01.13 18:33:50.892,0.92323,0.92353,1.00,1.35
2015.01.13 18:33:50.993,0.92317,0.92353,1.12,2.05
2015.01.13 18:33:51.094,0.92317,0.92362,1.37,1.12
2015.01.13 18:33:51.346,0.92323,0.92362,2.47,1.12
2015.01.13 18:33:51.396,0.92324,0.92362,1.35,1.00
2015.01.13 18:33:51.597,0.9232,0.92362,1.50,1.00
2015.01.13 18:33:55.113,0.92323,0.92362,1.50,1.00
2015.01.13 18:33:55.315,0.92323,0.92367,1.37,1.12
2015.01.13 18:33:55.392,0.92333,0.92367,1.00,1.87
2015.01.13 18:33:56.900,0.92333,0.92366,1.00,1.12
2015.01.13 18:33:58.392,0.92328,0.92362,1.00,1.37
2015.01.13 18:34:01.618,0.92328,0.92362,1.00,1.37
2015.01.13 18:34:02.931,0.92328,0.92362,1.00,1.37
2015.01.13 18:34:03.304,0.92328,0.92362,1.00,1.37
2015.01.13 18:34:03.539,0.92333,0.92366,1.00,1.75
2015.01.13 18:34:03.674,0.92327,0.92366,1.00,1.75
2015.01.13 18:34:13.323,0.92328,0.92365,1.00,1.12
2015.01.13 18:34:25.061,0.92328,0.92365,1.00,1.37
2015.01.13 18:34:25.112,0.92323,0.9236,1.00,1.30
2015.01.13 18:34:25.163,0.92323,0.92361,1.00,1.35
2015.01.13 18:34:25.691,0.92323,0.92362,1.00,1.37
2015.01.13 18:34:31.422,0.92323,0.92361,1.00,1.75
2015.01.13 18:34:31.623,0.92318,0.92358,1.00,1.35
2015.01.13 18:34:31.724,0.92318,0.92361,1.00,2.85
2015.01.13 18:34:31.925,0.92317,0.92357,1.50,1.00
2015.01.13 18:34:32.330,0.92319,0.92357,1.00,1.00
2015.01.13 18:34:32.381,0.92323,0.92364,1.00,1.37
2015.01.13 18:34:33.182,0.92323,0.92366,1.00,1.75
2015.01.13 18:34:33.924,0.92323,0.92366,1.00,1.75
2015.01.13 18:34:34.816,0.92323,0.92362,1.00,1.37
2015.01.13 18:34:35.355,0.92318,0.92357,1.37,1.00
2015.01.13 18:34:37.992,0.92323,0.92362,1.00,1.50
2015.01.13 18:34:42.283,0.92322,0.92363,1.00,1.87
2015.01.13 18:34:45.842,0.92318,0.92357,1.75,1.00
2015.01.13 18:34:46.387,0.92328,0.92362,1.00,1.37
2015.01.13 18:34:48.372,0.92323,0.92362,1.00,1.50
2015.01.13 18:34:51.852,0.92317,0.92363,1.12,2.25
2015.01.13 18:34:52.053,0.92317,0.92361,1.50,1.35
2015.01.13 18:34:52.660,0.92318,0.92357,1.37,1.00
2015.01.13 18:34:53.320,0.92318,0.92357,1.37,1.50
2015.01.13 18:34:54.469,0.92318,0.92357,1.37,1.87
2015.01.13 18:34:54.864,0.92318,0.92357,1.00,2.25
2015.01.13 18:34:55.065,0.92313,0.9235,1.37,1.00
2015.01.13 18:34:55.216,0.92313,0.9235,1.00,1.72
2015.01.13 18:34:55.371,0.92308,0.92347,1.87,1.00
2015.01.13 18:34:56.717,0.92308,0.92348,1.37,1.67
2015.01.13 18:34:57.451,0.92307,0.92348,1.37,2.47
2015.01.13 18:35:00.532,0.92308,0.92347,1.37,1.75
2015.01.13 18:35:03.504,0.92308,0.92347,1.37,1.75
2015.01.13 18:35:06.523,0.92308,0.92347,1.37,1.75
2015.01.13 18:35:13.257,0.92307,0.92348,1.37,1.75
2015.01.13 18:35:13.565,0.92313,0.92347,1.37,1.75
2015.01.13 18:35:14.980,0.92313,0.92352,1.50,1.75
2015.01.13 18:35:15.274,0.92313,0.92352,1.50,1.75
2015.01.13 18:35:15.995,0.92313,0.92352,1.75,1.75
2015.01.13 18:35:16.247,0.92313,0.92352,1.37,1.75
2015.01.13 18:35:16.645,0.92317,0.92353,1.00,1.87
2015.01.13 18:35:17.145,0.92318,0.9235,1.00,1.12
2015.01.13 18:35:17.246,0.92318,0.92351,1.00,1.12
2015.01.13 18:35:17.401,0.92312,0.92351,1.00,2.05
2015.01.13 18:35:17.552,0.92312,0.9235,1.00,1.37
2015.01.13 18:35:18.085,0.92312,0.92349,1.00,1.12
2015.01.13 18:35:19.453,0.92312,0.92351,1.00,1.12
2015.01.13 18:35:20.168,0.92308,0.92347,1.37,1.00
2015.01.13 18:35:20.343,0.92317,0.92351,1.00,1.12
2015.01.13 18:35:20.645,0.92317,0.9235,1.00,1.12
2015.01.13 18:35:21.158,0.92312,0.92348,1.00,1.37
2015.01.13 18:35:21.334,0.92317,0.9235,1.00,1.12
2015.01.13 18:35:28.091,0.92317,0.92351,1.00,1.37
2015.01.13 18:35:32.544,0.92317,0.92351,1.00,1.12
2015.01.13 18:35:32.595,0.92313,0.92347,1.00,1.75
2015.01.13 18:35:32.696,0.92313,0.92347,1.00,2.25
2015.01.13 18:35:32.847,0.92313,0.92345,1.00,2.25
2015.01.13 18:35:32.897,0.92307,0.92343,1.50,1.75
2015.01.13 18:35:32.948,0.92307,0.92343,1.50,1.75
2015.01.13 18:35:33.149,0.92298,0.92342,1.00,1.75
2015.01.13 18:35:33.677,0.92298,0.9234,1.00,1.75
2015.01.13 18:35:35.084,0.92303,0.9234,1.00,1.75
2015.01.13 18:35:37.645,0.92303,0.92342,1.00,1.12
2015.01.13 18:35:37.846,0.92303,0.92343,1.00,1.12
2015.01.13 18:35:38.249,0.92303,0.92347,1.87,1.87
2015.01.13 18:35:39.914,0.92307,0.92347,1.12,1.12
2015.01.13 18:35:40.066,0.92307,0.92348,1.37,1.12
2015.01.13 18:35:40.466,0.92307,0.92348,1.37,1.12
2015.01.13 18:35:42.906,0.92307,0.92348,1.37,1.12
2015.01.13 18:35:45.904,0.92307,0.92348,2.62,1.12
2015.01.13 18:35:46.412,0.92312,0.92348,1.00,1.12
2015.01.13 18:35:48.831,0.92312,0.92348,1.00,1.12
2015.01.13 18:35:51.917,0.92312,0.92348,1.00,1.12
2015.01.13 18:35:54.873,0.92312,0.92348,1.00,1.12
2015.01.13 18:36:04.345,0.92308,0.92348,1.87,1.12
2015.01.13 18:36:07.005,0.92308,0.92347,1.87,1.75
2015.01.13 18:36:11.767,0.92308,0.92347,1.37,1.75
2015.01.13 18:36:12.071,0.92313,0.92352,1.37,1.75
2015.01.13 18:36:12.373,0.92317,0.92353,1.37,1.75
2015.01.13 18:36:13.023,0.92318,0.92351,1.12,1.00
2015.01.13 18:36:13.182,0.92318,0.92351,1.37,1.00
2015.01.13 18:36:13.480,0.92318,0.92351,1.00,1.00
2015.01.13 18:36:13.732,0.92316,0.92351,1.00,1.37
2015.01.13 18:36:13.783,0.92313,0.92351,1.00,1.37
2015.01.13 18:36:14.307,0.92312,0.92351,1.12,1.37
2015.01.13 18:36:14.928,0.92313,0.92352,1.00,1.37
2015.01.13 18:36:15.744,0.92313,0.92352,1.00,1.37
2015.01.13 18:36:15.845,0.92314,0.92353,1.00,1.12
2015.01.13 18:36:16.197,0.92316,0.92357,1.00,1.50
2015.01.13 18:36:16.248,0.92318,0.92357,1.30,1.50
2015.01.13 18:36:16.349,0.92318,0.92357,2.47,1.12
2015.01.13 18:36:16.679,0.92321,0.92363,1.00,1.87
2015.01.13 18:36:16.729,0.92323,0.92363,1.00,1.87
2015.01.13 18:36:17.269,0.92323,0.92362,1.50,1.50
2015.01.13 18:36:20.336,0.92327,0.92364,1.00,1.12
2015.01.13 18:36:21.134,0.92323,0.92362,1.00,1.37
2015.01.13 18:36:23.891,0.92327,0.92364,1.00,1.12
2015.01.13 18:36:31.333,0.92323,0.92362,1.00,1.37
2015.01.13 18:36:37.272,0.92323,0.9236,1.00,1.12
2015.01.13 18:36:37.424,0.92317,0.9236,2.25,1.12
2015.01.13 18:36:37.474,0.92317,0.9236,1.87,1.75
2015.01.13 18:36:37.982,0.92318,0.9236,1.37,1.12
2015.01.13 18:36:40.644,0.92318,0.92362,1.37,1.50
2015.01.13 18:36:42.364,0.92322,0.92363,1.00,1.87
2015.01.13 18:36:42.939,0.92322,0.92363,1.37,1.37
2015.01.13 18:36:52.782,0.92328,0.92365,1.00,1.75
2015.01.13 18:36:52.933,0.92328,0.92365,1.12,1.37
2015.01.13 18:36:53.034,0.92328,0.92368,1.37,1.00
2015.01.13 18:36:53.235,0.92325,0.9237,1.37,1.12
2015.01.13 18:36:53.349,0.92328,0.92367,1.00,1.12
2015.01.13 18:36:53.830,0.92328,0.92367,1.00,1.37
2015.01.13 18:36:54.712,0.92328,0.92364,1.00,1.12
2015.01.13 18:36:55.152,0.92328,0.92367,1.37,1.75
2015.01.13 18:36:55.559,0.92333,0.92371,1.00,1.12
2015.01.13 18:36:55.610,0.92333,0.92371,1.00,1.12
2015.01.13 18:36:58.675,0.92333,0.92371,1.00,1.12
2015.01.13 18:36:59.204,0.92334,0.92373,1.12,1.12
2015.01.13 18:36:59.305,0.9234,0.92374,1.00,1.12
2015.01.13 18:36:59.356,0.9234,0.92382,1.50,1.75
2015.01.13 18:36:59.874,0.92344,0.92387,1.00,1.75
2015.01.13 18:37:00.734,0.92343,0.92387,1.00,1.75
2015.01.13 18:37:01.242,0.92343,0.92387,1.37,1.50
2015.01.13 18:37:01.293,0.92343,0.92387,1.37,1.50
2015.01.13 18:37:06.406,0.9234,0.92386,1.37,1.12
2015.01.13 18:37:07.033,0.92338,0.92385,1.12,1.12
2015.01.13 18:37:07.372,0.92338,0.9238,1.00,1.75
2015.01.13 18:37:07.918,0.92337,0.92378,1.00,1.75
2015.01.13 18:37:10.053,0.92337,0.92378,1.12,1.12
2015.01.13 18:37:10.839,0.92337,0.92378,1.00,1.75
2015.01.13 18:37:13.888,0.92337,0.92379,1.00,2.25
2015.01.13 18:37:14.392,0.92338,0.92379,1.00,2.25
2015.01.13 18:37:14.931,0.92332,0.92378,1.87,1.75
2015.01.13 18:37:15.333,0.92338,0.9238,1.00,2.25
2015.01.13 18:37:16.030,0.92338,0.92376,1.00,1.75
2015.01.13 18:37:16.105,0.92333,0.92376,1.87,1.75
2015.01.13 18:37:16.324,0.92337,0.92376,1.00,1.75
2015.01.13 18:37:18.208,0.92337,0.92376,1.00,2.25
2015.01.13 18:37:18.301,0.92333,0.92376,1.00,2.25
2015.01.13 18:37:18.966,0.92332,0.92376,1.00,2.25
2015.01.13 18:37:20.391,0.92338,0.92376,1.00,2.25
2015.01.13 18:37:21.603,0.92332,0.92373,1.00,1.37
2015.01.13 18:37:23.050,0.92333,0.92372,1.00,1.37
2015.01.13 18:37:23.838,0.92332,0.92373,1.00,1.37
2015.01.13 18:37:24.138,0.92332,0.92373,1.37,1.37
2015.01.13 18:37:24.963,0.92332,0.92373,1.00,1.50
2015.01.13 18:37:25.754,0.92332,0.92373,1.37,1.87
2015.01.13 18:37:28.616,0.92332,0.92373,1.00,2.25
2015.01.13 18:37:29.083,0.92338,0.92373,1.00,1.75
2015.01.13 18:37:30.705,0.92338,0.92373,1.00,1.37
2015.01.13 18:37:30.806,0.92332,0.92373,1.12,1.87
2015.01.13 18:37:32.157,0.92332,0.92373,1.00,1.37
2015.01.13 18:37:32.322,0.92332,0.92373,1.12,1.37
2015.01.13 18:37:32.383,0.92337,0.92374,1.00,1.37
2015.01.13 18:37:32.491,0.92333,0.92372,1.00,1.37
2015.01.13 18:37:35.192,0.92333,0.92372,1.37,1.37
2015.01.13 18:37:37.270,0.92333,0.92372,1.00,1.37
2015.01.13 18:37:40.902,0.92333,0.92372,1.12,1.37
2015.01.13 18:37:41.226,0.92328,0.92371,1.00,2.25
2015.01.13 18:37:41.542,0.92328,0.9237,1.00,1.75
2015.01.13 18:37:42.091,0.92328,0.92367,1.00,1.75
2015.01.13 18:37:42.613,0.92328,0.92366,1.00,1.12
2015.01.13 18:37:45.614,0.92323,0.92362,1.00,1.37
2015.01.13 18:37:45.834,0.92328,0.92366,1.00,1.87
2015.01.13 18:37:52.651,0.92323,0.92362,1.00,1.37
2015.01.13 18:37:53.772,0.92322,0.9236,1.00,1.00
2015.01.13 18:37:53.923,0.92323,0.92367,1.75,1.87
2015.01.13 18:37:54.024,0.92323,0.92367,1.00,1.75
2015.01.13 18:37:54.124,0.92328,0.92366,1.00,2.25
2015.01.13 18:37:54.426,0.92328,0.92371,1.00,1.00
2015.01.13 18:37:55.803,0.92328,0.92371,1.37,1.37
2015.01.13 18:37:57.208,0.92328,0.92371,1.50,1.37
2015.01.13 18:37:57.460,0.92328,0.92372,1.50,1.12
2015.01.13 18:38:00.553,0.92332,0.92375,1.12,1.87
2015.01.13 18:38:01.098,0.92327,0.92373,1.75,1.37
2015.01.13 18:38:01.403,0.92327,0.92373,1.37,2.25
2015.01.13 18:38:01.654,0.92327,0.92372,1.37,1.50
2015.01.13 18:38:06.083,0.92327,0.92367,1.00,1.37
2015.01.13 18:38:08.100,0.92327,0.92369,1.37,1.37
2015.01.13 18:38:08.401,0.92333,0.9237,1.00,1.37
2015.01.13 18:38:08.714,0.92333,0.92373,1.00,1.50
2015.01.13 18:38:08.814,0.92333,0.92376,1.37,1.12
2015.01.13 18:38:08.965,0.9233,0.92378,1.37,2.25
2015.01.13 18:38:09.252,0.92332,0.92378,1.37,1.87
2015.01.13 18:38:09.353,0.92332,0.92378,1.50,1.87
2015.01.13 18:38:09.879,0.92338,0.92378,1.00,1.37
2015.01.13 18:38:10.890,0.92338,0.92382,1.00,2.62
2015.01.13 18:38:12.350,0.92338,0.92382,1.37,2.62
2015.01.13 18:38:13.662,0.92333,0.92381,1.75,1.50
2015.01.13 18:38:13.883,0.92343,0.92381,1.00,1.50
2015.01.13 18:38:14.542,0.92342,0.9238,1.00,1.12
2015.01.13 18:38:15.055,0.92342,0.92381,1.12,1.12
2015.01.13 18:38:15.371,0.92342,0.92382,1.37,1.12
2015.01.13 18:38:16.089,0.92342,0.92384,1.37,1.37
2015.01.13 18:38:18.438,0.92342,0.92384,1.12,1.37
2015.01.13 18:38:19.051,0.92342,0.92381,1.00,1.50
2015.01.13 18:38:20.558,0.92342,0.92379,1.00,1.87
2015.01.13 18:38:20.608,0.92338,0.92379,1.12,1.87
2015.01.13 18:38:20.659,0.92338,0.92378,1.00,1.37
2015.01.13 18:38:21.162,0.92337,0.92376,1.37,1.37
2015.01.13 18:38:21.744,0.92337,0.92377,1.37,1.12
2015.01.13 18:38:23.651,0.92337,0.9238,1.37,1.37
2015.01.13 18:38:24.195,0.92337,0.92377,1.37,1.37
2015.01.13 18:38:25.431,0.92337,0.92375,1.37,1.00
2015.01.13 18:38:25.582,0.92337,0.9238,1.37,1.37
2015.01.13 18:38:25.633,0.92337,0.9238,1.00,1.12
2015.01.13 18:38:25.930,0.92337,0.9238,1.50,1.37
2015.01.13 18:38:29.115,0.92337,0.92381,1.37,1.50
2015.01.13 18:38:29.391,0.92343,0.92382,1.00,1.75
2015.01.13 18:38:29.441,0.92343,0.92383,1.00,1.87
2015.01.13 18:38:30.353,0.92343,0.92384,1.50,1.75
2015.01.13 18:38:30.454,0.92343,0.92387,1.37,1.75
2015.01.13 18:38:30.605,0.92343,0.92392,1.37,1.87
2015.01.13 18:38:30.655,0.92345,0.92393,1.75,1.12
2015.01.13 18:38:30.957,0.92353,0.92399,1.75,1.12
2015.01.13 18:38:31.109,0.92358,0.92399,1.12,1.12
2015.01.13 18:38:31.160,0.92363,0.92399,1.00,1.12
2015.01.13 18:38:31.839,0.92357,0.92399,1.37,1.12
2015.01.13 18:38:31.940,0.92357,0.924,1.87,1.12
2015.01.13 18:38:32.041,0.92357,0.92402,3.75,1.12
2015.01.13 18:38:32.645,0.92357,0.92404,3.00,1.12
2015.01.13 18:38:33.126,0.92363,0.92404,1.37,1.00
2015.01.13 18:38:33.176,0.92367,0.92404,1.00,1.00
2015.01.13 18:38:33.572,0.92362,0.92404,1.37,1.00
2015.01.13 18:38:33.854,0.92368,0.92404,1.00,1.00
2015.01.13 18:38:36.985,0.92364,0.92407,1.37,1.87
2015.01.13 18:38:37.328,0.92369,0.92407,1.37,1.00
2015.01.13 18:38:37.429,0.92371,0.92412,1.37,1.12
2015.01.13 18:38:37.641,0.92371,0.92414,1.37,1.00
2015.01.13 18:38:37.943,0.92366,0.92414,1.37,1.87
2015.01.13 18:38:38.044,0.92365,0.92414,1.37,2.62
2015.01.13 18:38:38.452,0.92365,0.92407,1.00,1.37
2015.01.13 18:38:38.966,0.92364,0.92407,1.12,1.87
2015.01.13 18:38:39.533,0.92365,0.92407,1.00,1.87
2015.01.13 18:38:39.715,0.92361,0.92407,1.00,1.75
2015.01.13 18:38:39.935,0.92361,0.92407,1.37,2.62
2015.01.13 18:38:42.368,0.92363,0.92405,1.37,1.37
2015.01.13 18:38:45.548,0.92363,0.92406,1.00,1.87
2015.01.13 18:38:46.112,0.92358,0.92406,1.37,1.87
2015.01.13 18:38:46.990,0.92363,0.92406,1.00,1.87
2015.01.13 18:38:47.051,0.92363,0.92406,1.37,1.50
2015.01.13 18:38:47.370,0.92358,0.92402,1.37,1.37
2015.01.13 18:38:49.300,0.92358,0.924,1.37,1.37
2015.01.13 18:38:49.502,0.92357,0.924,1.12,1.12
2015.01.13 18:38:50.188,0.92358,0.92397,1.00,1.00
2015.01.13 18:38:54.471,0.92358,0.92397,1.00,1.37
2015.01.13 18:38:55.573,0.92358,0.92397,1.00,1.37
2015.01.13 18:38:56.893,0.92358,0.92397,1.00,1.75
2015.01.13 18:38:57.077,0.92358,0.92397,1.00,1.50
2015.01.13 18:38:57.377,0.92358,0.92397,1.00,1.75
2015.01.13 18:38:58.112,0.92358,0.92397,1.00,1.75
2015.01.13 18:38:59.584,0.92353,0.92392,1.50,1.37
2015.01.13 18:39:00.092,0.92353,0.92392,1.50,1.12
2015.01.13 18:39:00.912,0.92353,0.92392,1.00,1.75
2015.01.13 18:39:03.371,0.92347,0.92388,1.00,1.37
2015.01.13 18:39:03.622,0.92347,0.92387,1.00,1.50
2015.01.13 18:39:03.673,0.92343,0.92382,1.87,1.12
2015.01.13 18:39:03.874,0.92347,0.92384,1.00,1.50
2015.01.13 18:39:04.126,0.92342,0.92378,1.00,1.12
2015.01.13 18:39:04.961,0.92342,0.92378,1.00,1.37
2015.01.13 18:39:05.062,0.92342,0.92378,1.00,1.00
2015.01.13 18:39:05.600,0.92343,0.92377,1.00,1.00
2015.01.13 18:39:07.620,0.92347,0.92381,1.00,1.37
2015.01.13 18:39:08.395,0.92343,0.92381,1.00,1.50
2015.01.13 18:39:08.600,0.92337,0.92378,2.85,1.37
2015.01.13 18:39:09.590,0.92342,0.92381,1.00,1.50
2015.01.13 18:39:11.173,0.92342,0.92381,1.00,1.87
2015.01.13 18:39:11.366,0.92338,0.92377,1.60,1.37
2015.01.13 18:39:11.572,0.92342,0.9238,1.00,2.25
2015.01.13 18:39:11.800,0.92337,0.92378,2.85,1.37
2015.01.13 18:39:12.251,0.92337,0.92377,1.00,1.87
2015.01.13 18:39:13.452,0.92337,0.92377,1.00,1.75
2015.01.13 18:39:15.678,0.92343,0.92379,1.00,1.75
2015.01.13 18:39:15.910,0.92343,0.92379,1.00,1.87
2015.01.13 18:39:16.489,0.92342,0.92378,1.00,1.37
2015.01.13 18:39:16.997,0.92343,0.92378,1.00,1.37
2015.01.13 18:39:18.249,0.92343,0.92382,1.00,1.50
2015.01.13 18:39:21.030,0.92347,0.92383,1.00,1.12
2015.01.13 18:39:22.388,0.92343,0.92382,1.00,1.87
2015.01.13 18:39:23.084,0.92343,0.92382,1.00,1.87
2015.01.13 18:39:24.330,0.92348,0.92382,1.00,1.87
2015.01.13 18:39:25.100,0.92342,0.92382,1.12,1.12
2015.01.13 18:39:27.302,0.92343,0.92382,1.00,1.87
2015.01.13 18:39:27.653,0.92347,0.92383,1.00,1.87
2015.01.13 18:39:28.090,0.92343,0.92382,1.37,1.50
2015.01.13 18:39:28.606,0.92343,0.92381,1.12,1.00
2015.01.13 18:39:29.922,0.92343,0.92382,1.00,2.25
2015.01.13 18:39:31.522,0.92342,0.92381,1.00,1.12
2015.01.13 18:39:33.681,0.92343,0.92382,1.00,2.25
2015.01.13 18:39:36.870,0.92353,0.92381,1.00,1.12
2015.01.13 18:39:37.309,0.92348,0.92381,1.00,1.12
2015.01.13 18:39:43.559,0.92348,0.92383,1.00,1.12
2015.01.13 18:39:46.563,0.92347,0.92382,1.00,1.12
2015.01.13 18:39:47.165,0.92347,0.92382,1.00,1.12
2015.01.13 18:39:52.999,0.92347,0.92383,1.00,1.12
2015.01.13 18:39:54.299,0.92347,0.92381,1.00,1.12
2015.01.13 18:39:54.601,0.92342,0.92376,1.00,1.12
2015.01.13 18:39:54.937,0.92352,0.92376,1.00,1.37
2015.01.13 18:39:55.349,0.92347,0.92378,1.00,1.12
2015.01.13 18:39:55.759,0.92347,0.92382,1.00,1.75
2015.01.13 18:39:59.640,0.92347,0.92382,1.00,1.12
2015.01.13 18:40:00.299,0.92348,0.92382,1.00,1.87
2015.01.13 18:40:00.649,0.92348,0.92381,1.00,1.37
2015.01.13 18:40:01.310,0.92347,0.92381,1.00,1.37
2015.01.13 18:40:05.866,0.92348,0.92381,1.00,1.37
2015.01.13 18:40:07.591,0.92347,0.92381,1.00,1.37
2015.01.13 18:40:08.129,0.92348,0.92381,1.00,1.37
2015.01.13 18:40:09.829,0.92348,0.92382,1.00,1.87
2015.01.13 18:40:15.111,0.92347,0.92382,1.00,1.12
2015.01.13 18:40:16.151,0.92347,0.92383,1.00,1.37
2015.01.13 18:40:16.710,0.92347,0.92383,1.00,1.37
2015.01.13 18:40:17.641,0.92352,0.92386,1.00,2.25
2015.01.13 18:40:17.793,0.92352,0.92386,1.00,1.37
2015.01.13 18:40:17.893,0.92348,0.92386,1.00,1.00
2015.01.13 18:40:17.994,0.92348,0.92386,1.37,1.00
2015.01.13 18:40:18.246,0.92349,0.92392,1.37,1.87
2015.01.13 18:40:18.297,0.92353,0.92392,1.00,1.37
2015.01.13 18:40:18.397,0.92353,0.92392,1.00,1.37
2015.01.13 18:40:19.940,0.92353,0.92392,1.00,1.12
2015.01.13 18:40:24.094,0.92358,0.92395,1.00,1.12
2015.01.13 18:40:28.160,0.92352,0.92393,1.12,1.37
2015.01.13 18:40:31.022,0.92353,0.92392,1.00,1.12
2015.01.13 18:40:32.656,0.92353,0.92392,1.37,1.00
2015.01.13 18:40:32.757,0.92354,0.92395,1.37,1.37
2015.01.13 18:40:32.908,0.92358,0.92395,1.00,1.37
2015.01.13 18:40:33.841,0.92358,0.92397,1.00,1.37
2015.01.13 18:40:33.942,0.92357,0.92398,1.12,1.37
2015.01.13 18:40:34.043,0.9236,0.92398,1.87,1.00
2015.01.13 18:40:34.356,0.9236,0.92403,1.00,1.87
2015.01.13 18:40:34.457,0.92357,0.92403,1.00,1.87
2015.01.13 18:40:34.658,0.92359,0.92403,1.12,1.87
2015.01.13 18:40:34.759,0.92358,0.92403,1.00,1.12
2015.01.13 18:40:34.916,0.92363,0.92402,1.00,1.00
2015.01.13 18:40:35.117,0.92357,0.92398,1.50,1.00
2015.01.13 18:40:35.319,0.92358,0.92402,1.00,1.00
2015.01.13 18:40:35.857,0.92359,0.92402,1.00,1.00
2015.01.13 18:40:35.908,0.92363,0.92407,1.00,2.25
2015.01.13 18:40:36.053,0.92363,0.92407,1.00,3.00
2015.01.13 18:40:36.381,0.92363,0.92407,1.00,3.00
2015.01.13 18:40:36.760,0.92363,0.92407,1.00,3.75
2015.01.13 18:40:37.061,0.92363,0.92402,1.00,1.75
2015.01.13 18:40:37.112,0.92355,0.92402,1.37,1.75
2015.01.13 18:40:37.213,0.92354,0.92397,1.12,1.37
2015.01.13 18:40:38.701,0.92352,0.92397,1.50,1.12
2015.01.13 18:40:40.910,0.92352,0.92398,1.37,1.87
2015.01.13 18:40:42.219,0.92353,0.92401,1.37,1.75
2015.01.13 18:40:42.630,0.92355,0.92402,1.37,1.37
2015.01.13 18:40:43.218,0.92355,0.92402,1.37,1.37
2015.01.13 18:40:43.319,0.92355,0.92402,1.37,1.50
2015.01.13 18:40:43.420,0.92355,0.92403,1.12,1.75
2015.01.13 18:40:43.622,0.92354,0.92402,1.00,1.75
2015.01.13 18:40:43.723,0.92354,0.92402,1.00,1.75
2015.01.13 18:40:43.824,0.92355,0.92402,1.00,1.75
2015.01.13 18:40:44.213,0.92358,0.92401,1.00,2.25
2015.01.13 18:40:44.374,0.92353,0.92397,1.87,1.72
2015.01.13 18:40:44.424,0.92353,0.92392,1.50,1.12
2015.01.13 18:40:44.575,0.92351,0.92392,1.00,1.12
2015.01.13 18:40:44.626,0.92351,0.92395,1.37,1.12
2015.01.13 18:40:44.930,0.92357,0.92403,1.00,1.75
2015.01.13 18:40:46.170,0.92357,0.92403,1.37,1.37
2015.01.13 18:40:46.674,0.92361,0.92402,1.37,1.00
2015.01.13 18:40:46.911,0.92363,0.92407,1.37,1.50
2015.01.13 18:40:48.354,0.92363,0.92398,1.50,1.35
2015.01.13 18:40:48.455,0.92358,0.92395,1.00,1.12
2015.01.13 18:40:48.656,0.92362,0.92402,1.37,2.62
2015.01.13 18:40:48.807,0.92363,0.92407,1.12,1.50
2015.01.13 18:40:48.858,0.92363,0.9241,1.37,2.25
2015.01.13 18:40:49.072,0.92366,0.92412,1.00,1.00
2015.01.13 18:40:49.273,0.92373,0.92412,1.00,1.00
2015.01.13 18:40:49.474,0.92371,0.92412,1.00,1.00
2015.01.13 18:40:49.625,0.92371,0.92417,1.00,1.00
2015.01.13 18:40:49.676,0.92371,0.92417,1.37,1.50
2015.01.13 18:40:49.977,0.92372,0.92417,1.12,1.37
2015.01.13 18:40:50.484,0.92373,0.92417,1.00,1.37
2015.01.13 18:40:50.635,0.92377,0.92419,1.00,1.37
2015.01.13 18:40:54.166,0.92377,0.92422,1.00,3.75
2015.01.13 18:40:54.470,0.92373,0.9241,1.00,2.05
2015.01.13 18:40:54.571,0.92367,0.9241,1.37,1.72
2015.01.13 18:40:54.672,0.92369,0.92415,2.25,1.12
2015.01.13 18:40:55.007,0.92377,0.92415,1.00,1.12
2015.01.13 18:40:55.209,0.92377,0.92421,1.00,1.75
2015.01.13 18:40:55.742,0.92377,0.92414,1.00,3.00
2015.01.13 18:40:55.880,0.92372,0.92414,1.00,3.00
2015.01.13 18:40:56.062,0.92372,0.92412,1.00,1.75
2015.01.13 18:40:56.323,0.92367,0.92408,1.00,1.75
2015.01.13 18:40:57.860,0.92373,0.92409,1.00,3.00
2015.01.13 18:40:58.001,0.92373,0.92409,1.00,2.25
2015.01.13 18:40:58.102,0.92368,0.92409,1.00,2.25
2015.01.13 18:40:58.456,0.92373,0.9241,1.00,2.25
2015.01.13 18:40:58.851,0.92368,0.92407,1.00,1.75
2015.01.13 18:40:59.396,0.92367,0.92408,1.00,3.00
2015.01.13 18:41:00.499,0.92363,0.92402,1.00,1.37
2015.01.13 18:41:00.600,0.92363,0.92402,1.00,1.37
2015.01.13 18:41:02.689,0.92363,0.92402,1.00,2.25
2015.01.13 18:41:02.868,0.92357,0.92402,1.50,1.75
2015.01.13 18:41:03.396,0.92357,0.92398,1.50,1.75
2015.01.13 18:41:03.447,0.92357,0.92397,1.00,3.00
2015.01.13 18:41:03.598,0.92349,0.92397,2.05,3.00
2015.01.13 18:41:03.699,0.92347,0.92394,1.87,2.25
2015.01.13 18:41:04.196,0.92348,0.9239,1.75,1.75
2015.01.13 18:41:04.549,0.92348,0.9239,1.00,1.75
2015.01.13 18:41:06.312,0.92348,0.92392,1.00,1.75
2015.01.13 18:41:06.520,0.92347,0.92393,1.12,2.25
2015.01.13 18:41:06.624,0.92347,0.92393,1.12,1.50
2015.01.13 18:41:06.724,0.92348,0.92392,1.12,1.37
2015.01.13 18:41:07.287,0.92348,0.92394,1.37,2.25
2015.01.13 18:41:07.789,0.92347,0.92388,1.00,1.37
2015.01.13 18:41:08.211,0.92343,0.92387,1.37,1.37
2015.01.13 18:41:08.623,0.92347,0.92391,1.00,1.87
2015.01.13 18:41:08.724,0.92347,0.92392,1.75,1.37
2015.01.13 18:41:09.039,0.92347,0.92392,1.37,1.37
2015.01.13 18:41:09.401,0.92347,0.92393,1.87,1.75
2015.01.13 18:41:09.502,0.92347,0.92393,1.12,1.75
2015.01.13 18:41:10.036,0.92348,0.92392,1.00,2.25
2015.01.13 18:41:11.333,0.9234,0.92392,2.25,1.37
2015.01.13 18:41:11.434,0.92346,0.92393,1.50,1.37
2015.01.13 18:41:11.736,0.92344,0.92393,1.37,1.75
2015.01.13 18:41:12.508,0.92347,0.92391,1.00,1.50
2015.01.13 18:41:12.951,0.92347,0.92391,1.00,1.37
2015.01.13 18:41:13.069,0.92342,0.92391,1.37,1.37
2015.01.13 18:41:13.119,0.92342,0.92391,1.50,1.37
2015.01.13 18:41:13.643,0.92348,0.92391,1.00,1.37
2015.01.13 18:41:13.955,0.92348,0.92391,1.00,1.37
2015.01.13 18:41:14.583,0.92348,0.92391,1.00,1.37
2015.01.13 18:41:15.192,0.92347,0.92393,1.12,1.50
2015.01.13 18:41:15.242,0.92347,0.92393,1.37,1.75
2015.01.13 18:41:15.444,0.92347,0.92393,1.37,1.37
2015.01.13 18:41:15.626,0.92348,0.92394,1.37,1.37
2015.01.13 18:41:16.851,0.92353,0.92397,1.00,1.37
2015.01.13 18:41:16.952,0.92353,0.92397,1.12,2.25
2015.01.13 18:41:17.117,0.92353,0.92397,1.00,1.87
2015.01.13 18:41:17.218,0.92352,0.92397,1.37,1.50
2015.01.13 18:41:17.622,0.92352,0.92398,1.87,1.37
2015.01.13 18:41:18.959,0.92353,0.92397,1.12,1.37
2015.01.13 18:41:19.565,0.92353,0.92392,1.12,1.00
2015.01.13 18:41:21.649,0.92352,0.92393,1.87,1.12
2015.01.13 18:41:22.205,0.92353,0.92392,1.12,1.00
2015.01.13 18:41:23.034,0.92353,0.92392,1.00,1.37
2015.01.13 18:41:23.240,0.92347,0.92389,1.00,1.37
2015.01.13 18:41:23.450,0.92349,0.92393,1.75,1.00
2015.01.13 18:41:23.771,0.92354,0.92398,1.37,1.12
2015.01.13 18:41:24.279,0.92357,0.92398,1.00,1.12
2015.01.13 18:41:25.058,0.92353,0.92401,1.37,1.50
2015.01.13 18:41:25.159,0.92353,0.924,1.37,1.75
2015.01.13 18:41:31.378,0.92353,0.92392,1.00,1.37
2015.01.13 18:41:31.793,0.92353,0.92392,1.00,1.37
2015.01.13 18:41:32.100,0.92348,0.92387,1.37,1.00
2015.01.13 18:41:34.204,0.92348,0.92387,1.00,1.00
2015.01.13 18:41:34.369,0.92348,0.92387,1.37,1.00
2015.01.13 18:41:35.521,0.92352,0.92393,1.12,1.37
2015.01.13 18:41:35.622,0.92348,0.92387,1.37,1.00
2015.01.13 18:41:37.792,0.92348,0.92387,1.37,1.00
2015.01.13 18:41:40.680,0.92348,0.92387,1.37,1.00
2015.01.13 18:41:41.510,0.92348,0.92387,1.37,1.00
2015.01.13 18:41:42.771,0.92353,0.92392,1.00,1.37
2015.01.13 18:41:44.528,0.92347,0.92388,1.37,1.00
2015.01.13 18:41:46.594,0.92347,0.92388,1.75,1.00
2015.01.13 18:41:46.644,0.92352,0.92393,1.37,1.37
2015.01.13 18:41:48.710,0.92347,0.92388,1.75,1.00
2015.01.13 18:41:51.904,0.92347,0.92388,1.37,1.12
2015.01.13 18:41:52.417,0.92348,0.92387,1.37,1.00
2015.01.13 18:41:52.798,0.92348,0.92387,1.37,1.75
2015.01.13 18:42:01.817,0.92348,0.92387,1.37,1.75
2015.01.13 18:42:05.432,0.92348,0.92387,1.00,1.87
2015.01.13 18:42:08.972,0.92348,0.9239,1.37,1.12
2015.01.13 18:42:09.073,0.92347,0.92389,1.37,1.12
2015.01.13 18:42:09.174,0.92347,0.92388,1.37,1.00
2015.01.13 18:42:09.275,0.92347,0.92388,1.87,1.00
2015.01.13 18:42:09.376,0.92348,0.92388,1.12,1.00
2015.01.13 18:42:09.477,0.92348,0.92393,1.50,1.12
2015.01.13 18:42:09.661,0.92348,0.92393,1.87,1.12
2015.01.13 18:42:10.557,0.92349,0.92392,1.37,1.00
2015.01.13 18:42:11.081,0.92348,0.92392,1.37,1.00
2015.01.13 18:42:11.350,0.92348,0.92392,1.37,1.37
2015.01.13 18:42:12.052,0.92348,0.92392,1.37,1.37
2015.01.13 18:42:12.955,0.92348,0.92392,1.00,1.00
2015.01.13 18:42:14.561,0.92347,0.92387,1.87,1.00
2015.01.13 18:42:14.863,0.92342,0.92383,1.50,1.12
2015.01.13 18:42:15.064,0.92336,0.92377,1.00,1.00
2015.01.13 18:42:15.566,0.92335,0.92377,1.00,1.00
2015.01.13 18:42:15.766,0.92333,0.92377,1.87,1.00
2015.01.13 18:42:15.869,0.92333,0.92377,1.00,1.87
2015.01.13 18:42:15.970,0.92329,0.92377,1.87,1.12
2015.01.13 18:42:16.319,0.92333,0.92377,1.00,1.87
2015.01.13 18:42:18.792,0.92337,0.92377,1.12,1.37
2015.01.13 18:42:19.221,0.92337,0.92377,1.37,1.00
2015.01.13 18:42:19.733,0.92337,0.92377,1.37,1.00
2015.01.13 18:42:20.849,0.92337,0.92378,1.37,1.00
2015.01.13 18:42:21.330,0.92337,0.92378,1.00,1.37
2015.01.13 18:42:21.995,0.92334,0.92378,1.37,1.12
2015.01.13 18:42:22.368,0.92334,0.92373,1.37,1.00
2015.01.13 18:42:23.921,0.92334,0.92378,1.12,1.12
2015.01.13 18:42:24.685,0.92334,0.92377,1.12,1.00
2015.01.13 18:42:25.346,0.92334,0.92378,1.12,1.12
2015.01.13 18:42:25.402,0.92334,0.92378,1.50,1.00
2015.01.13 18:42:26.138,0.92338,0.92378,1.12,1.37
2015.01.13 18:42:27.708,0.92338,0.92378,1.37,1.00
2015.01.13 18:42:28.317,0.92339,0.92377,1.12,1.00
2015.01.13 18:42:28.620,0.92334,0.92377,1.37,1.37
2015.01.13 18:42:29.249,0.92335,0.92377,1.37,1.50
2015.01.13 18:42:29.551,0.92337,0.92378,1.50,1.75
2015.01.13 18:42:30.137,0.92338,0.92377,1.37,1.00
2015.01.13 18:42:31.127,0.92337,0.92383,1.87,1.12
2015.01.13 18:42:31.228,0.92337,0.92381,2.25,1.37
2015.01.13 18:42:31.677,0.92342,0.92386,1.37,1.37
2015.01.13 18:42:33.315,0.92347,0.92387,1.00,1.37
2015.01.13 18:42:37.228,0.92347,0.9238,1.00,1.12
2015.01.13 18:42:37.379,0.92342,0.92383,1.37,1.12
2015.01.13 18:42:38.166,0.92342,0.92388,1.37,2.62
2015.01.13 18:42:42.138,0.92343,0.92387,1.00,1.87
2015.01.13 18:42:43.077,0.92339,0.92383,1.37,1.37
2015.01.13 18:42:45.203,0.92343,0.92386,1.00,1.12
2015.01.13 18:42:46.192,0.92342,0.92386,1.00,1.12
2015.01.13 18:42:49.492,0.92343,0.92387,1.00,1.87
2015.01.13 18:42:50.104,0.92342,0.92387,1.00,1.12
2015.01.13 18:42:51.699,0.92339,0.92387,1.37,1.87
2015.01.13 18:42:55.481,0.92339,0.92382,1.37,1.12
2015.01.13 18:42:56.701,0.92339,0.92364,1.37,7.50
2015.01.13 18:42:57.206,0.92338,0.92364,1.12,5.25
2015.01.13 18:42:59.394,0.92337,0.92364,1.00,5.25
2015.01.13 18:43:05.407,0.92338,0.92364,1.00,5.25
2015.01.13 18:43:06.425,0.92337,0.92364,1.00,5.25
2015.01.13 18:43:06.655,0.92332,0.92363,1.00,5.25
2015.01.13 18:43:07.264,0.92333,0.92363,1.00,5.25
2015.01.13 18:43:09.787,0.92333,0.92372,1.00,1.37
2015.01.13 18:43:11.378,0.92333,0.92375,1.00,1.37
2015.01.13 18:43:12.147,0.92333,0.92375,1.00,1.75
2015.01.13 18:43:12.963,0.92333,0.92372,1.00,1.50
2015.01.13 18:43:13.114,0.92328,0.92372,1.00,2.25
2015.01.13 18:43:13.640,0.92327,0.92368,1.50,1.37
2015.01.13 18:43:13.969,0.92328,0.92367,1.00,1.37
2015.01.13 18:43:14.367,0.92327,0.92371,1.50,1.37
2015.01.13 18:43:14.646,0.92333,0.92372,1.00,1.50
2015.01.13 18:43:17.427,0.92332,0.92374,1.00,2.25
2015.01.13 18:43:17.477,0.92332,0.92375,1.12,2.25
2015.01.13 18:43:17.713,0.92332,0.92375,1.00,2.25
2015.01.13 18:43:18.385,0.92332,0.92373,1.12,1.37
2015.01.13 18:43:18.606,0.92337,0.92375,1.00,2.25
2015.01.13 18:43:23.690,0.92337,0.92369,1.00,1.00
2015.01.13 18:43:24.918,0.92337,0.9237,1.00,1.12
2015.01.13 18:43:27.518,0.92337,0.92369,1.00,1.00
2015.01.13 18:43:30.816,0.92333,0.92369,1.00,1.12
2015.01.13 18:43:32.461,0.92333,0.92365,1.00,1.00
2015.01.13 18:43:32.613,0.92327,0.92366,1.87,1.00
2015.01.13 18:43:32.663,0.92327,0.92363,1.00,1.00
2015.01.13 18:43:33.226,0.92328,0.92363,1.00,1.00
2015.01.13 18:43:33.550,0.92333,0.9236,1.00,1.00
2015.01.13 18:43:33.899,0.92327,0.92354,1.00,1.00
2015.01.13 18:43:34.000,0.92327,0.92358,1.00,1.00
2015.01.13 18:43:34.302,0.92327,0.92362,1.00,1.12
2015.01.13 18:43:34.353,0.92323,0.92362,1.00,1.12
2015.01.13 18:43:34.657,0.92322,0.92362,1.12,1.37
2015.01.13 18:43:35.002,0.92328,0.92362,1.00,1.37
2015.01.13 18:43:35.056,0.92328,0.92362,1.00,1.00
2015.01.13 18:43:35.208,0.92328,0.92365,1.00,1.37
2015.01.13 18:43:35.309,0.92327,0.92366,1.12,1.00
2015.01.13 18:43:35.642,0.92328,0.92363,1.00,1.00
2015.01.13 18:43:35.977,0.92328,0.9236,1.00,1.37
2015.01.13 18:43:36.536,0.92327,0.9236,1.00,1.37
2015.01.13 18:43:39.106,0.92328,0.92361,1.00,1.37
2015.01.13 18:43:39.869,0.92327,0.92361,1.00,1.37
2015.01.13 18:43:42.216,0.92327,0.92361,1.00,1.12
2015.01.13 18:43:43.765,0.92327,0.92363,1.00,4.12
2015.01.13 18:43:44.274,0.92327,0.92362,1.00,1.00
2015.01.13 18:43:44.891,0.92327,0.92363,1.00,3.75
2015.01.13 18:43:45.545,0.92327,0.92364,1.00,4.87
2015.01.13 18:43:45.817,0.92327,0.92362,1.00,1.00
2015.01.13 18:43:46.585,0.92327,0.92363,1.00,4.50
2015.01.13 18:43:48.665,0.92328,0.92363,1.00,4.50
2015.01.13 18:43:48.988,0.92332,0.92363,1.00,3.75
2015.01.13 18:43:49.555,0.92333,0.92363,1.00,3.75
2015.01.13 18:43:51.607,0.92332,0.92363,1.00,3.75
2015.01.13 18:43:52.598,0.92333,0.92363,1.00,3.75
2015.01.13 18:43:54.303,0.92333,0.92373,1.00,1.50
2015.01.13 18:43:56.282,0.92333,0.92373,1.00,1.87
2015.01.13 18:43:56.383,0.92333,0.92373,1.00,1.87
2015.01.13 18:43:56.683,0.92333,0.92373,1.00,1.50
2015.01.13 18:43:56.784,0.92333,0.92373,1.00,1.87
2015.01.13 18:43:57.285,0.92333,0.92373,1.00,1.50
2015.01.13 18:43:57.386,0.92333,0.92373,1.00,1.87
2015.01.13 18:43:57.808,0.92333,0.92373,1.00,1.87
2015.01.13 18:44:00.204,0.92333,0.92368,1.00,1.00
2015.01.13 18:44:00.255,0.92333,0.92363,1.00,1.00
2015.01.13 18:44:00.305,0.92327,0.92363,1.00,1.00
2015.01.13 18:44:05.315,0.92333,0.92363,1.00,1.12
2015.01.13 18:44:06.836,0.92333,0.92366,1.00,1.00
2015.01.13 18:44:06.937,0.92333,0.92366,1.00,1.37
2015.01.13 18:44:07.104,0.92328,0.92366,1.00,1.37
2015.01.13 18:44:07.713,0.92327,0.92366,1.12,1.37
2015.01.13 18:44:08.245,0.92328,0.92366,1.00,1.37
2015.01.13 18:44:08.822,0.92327,0.92366,1.00,1.37
2015.01.13 18:44:08.914,0.92327,0.92366,1.00,1.37
2015.01.13 18:44:12.321,0.92327,0.92366,1.00,1.00
2015.01.13 18:44:12.422,0.92327,0.92369,2.47,1.37
2015.01.13 18:44:12.736,0.92327,0.92368,1.12,1.37
2015.01.13 18:44:13.213,0.92333,0.92368,1.00,1.37
2015.01.13 18:44:17.137,0.92333,0.92367,1.00,1.12
2015.01.13 18:44:17.389,0.92332,0.92372,1.00,2.25
2015.01.13 18:44:18.579,0.92332,0.92372,1.00,1.37
2015.01.13 18:44:19.398,0.92333,0.92372,1.00,1.37
2015.01.13 18:44:21.828,0.92328,0.92372,1.37,1.50
2015.01.13 18:44:21.878,0.92328,0.92373,1.50,1.37
2015.01.13 18:44:22.196,0.92338,0.92377,1.00,1.75
2015.01.13 18:44:22.508,0.92343,0.92378,1.00,1.87
2015.01.13 18:44:23.765,0.92343,0.92378,1.00,1.50
2015.01.13 18:44:26.107,0.92337,0.92378,2.62,1.50
2015.01.13 18:44:26.208,0.92338,0.9238,1.87,1.12
2015.01.13 18:44:26.748,0.92342,0.92384,1.00,1.75
2015.01.13 18:44:27.102,0.92343,0.92376,1.00,1.37
2015.01.13 18:44:27.327,0.92337,0.92375,1.00,1.37
2015.01.13 18:44:27.377,0.92337,0.92375,1.00,1.75
2015.01.13 18:44:27.911,0.92338,0.92375,1.00,1.87
2015.01.13 18:44:29.405,0.92343,0.92375,1.00,1.87
2015.01.13 18:44:31.419,0.92342,0.92375,1.00,1.00
2015.01.13 18:44:31.629,0.92343,0.92375,1.00,1.37
2015.01.13 18:44:31.730,0.92343,0.92378,1.00,1.37
2015.01.13 18:44:33.874,0.92343,0.92378,1.00,1.50
2015.01.13 18:44:35.128,0.92342,0.92378,1.00,1.50
2015.01.13 18:44:35.646,0.92343,0.92379,1.00,1.75
2015.01.13 18:44:35.697,0.92343,0.92379,1.00,1.37
2015.01.13 18:44:35.798,0.92348,0.92379,1.00,1.37
2015.01.13 18:44:36.186,0.92347,0.9238,1.00,1.37
2015.01.13 18:44:37.878,0.92348,0.9238,1.00,1.37
2015.01.13 18:44:38.316,0.92342,0.9238,1.00,1.37
2015.01.13 18:44:38.645,0.92347,0.9238,1.00,1.37
2015.01.13 18:44:39.415,0.92348,0.9238,1.00,1.37
2015.01.13 18:44:42.166,0.92353,0.9238,1.00,1.37
2015.01.13 18:44:51.405,0.92348,0.92384,1.00,1.75
2015.01.13 18:44:52.396,0.92353,0.92384,1.00,1.75
2015.01.13 18:44:53.385,0.92347,0.92384,1.00,1.75
2015.01.13 18:44:54.298,0.92347,0.92384,1.00,1.37
2015.01.13 18:44:54.348,0.92348,0.92384,1.67,1.37
2015.01.13 18:44:54.869,0.92342,0.92386,1.87,1.37
2015.01.13 18:44:55.446,0.92348,0.92386,1.00,1.75
2015.01.13 18:44:56.607,0.92347,0.92386,1.00,1.75
2015.01.13 18:44:56.965,0.92353,0.92386,1.00,1.75
2015.01.13 18:44:57.358,0.92343,0.9238,1.50,1.37
2015.01.13 18:44:57.459,0.92343,0.92383,1.50,1.75
2015.01.13 18:44:57.637,0.92343,0.92383,1.50,3.00
2015.01.13 18:44:57.738,0.92342,0.92381,1.75,2.25
2015.01.13 18:44:57.789,0.92342,0.92381,1.00,3.00
2015.01.13 18:44:57.897,0.92338,0.92381,1.00,3.00
2015.01.13 18:44:58.335,0.92338,0.92376,1.00,1.37
2015.01.13 18:44:58.386,0.92332,0.92376,1.87,1.37
2015.01.13 18:44:58.929,0.92333,0.92373,1.37,1.12
2015.01.13 18:44:59.133,0.92333,0.92374,1.00,1.37
2015.01.13 18:44:59.486,0.92333,0.92372,1.00,1.75
2015.01.13 18:45:00.169,0.92333,0.9237,1.00,1.87
2015.01.13 18:45:00.522,0.92333,0.92363,1.00,1.37
2015.01.13 18:45:00.834,0.92332,0.92362,1.00,1.12
2015.01.13 18:45:01.588,0.92333,0.92362,1.00,1.12
2015.01.13 18:45:05.292,0.92333,0.92364,1.00,1.37
2015.01.13 18:45:05.393,0.92332,0.92367,1.00,1.12
2015.01.13 18:45:05.594,0.92337,0.92367,1.00,1.12
2015.01.13 18:45:05.795,0.92337,0.92372,1.00,1.75
2015.01.13 18:45:05.953,0.92337,0.92375,1.00,3.00
2015.01.13 18:45:06.054,0.92337,0.92376,1.00,1.75
2015.01.13 18:45:06.165,0.92333,0.92375,1.12,1.37
2015.01.13 18:45:06.374,0.92342,0.92377,1.00,1.37
2015.01.13 18:45:06.578,0.92342,0.92383,1.00,1.87
2015.01.13 18:45:06.629,0.92337,0.92383,1.12,1.87
2015.01.13 18:45:06.964,0.92347,0.92382,1.00,1.75
2015.01.13 18:45:07.375,0.92347,0.92383,1.00,1.87
2015.01.13 18:45:07.595,0.92336,0.92383,1.12,1.87
2015.01.13 18:45:07.703,0.92334,0.92381,1.37,1.50
2015.01.13 18:45:07.804,0.92337,0.92383,1.00,1.75
2015.01.13 18:45:08.005,0.92338,0.92384,1.00,1.37
2015.01.13 18:45:08.162,0.92333,0.92384,1.87,1.37
2015.01.13 18:45:08.263,0.92333,0.92387,1.87,1.37
2015.01.13 18:45:08.363,0.92338,0.92388,1.37,2.25
2015.01.13 18:45:08.666,0.92342,0.92389,1.00,1.75
2015.01.13 18:45:08.767,0.92342,0.92389,1.12,1.37
2015.01.13 18:45:09.078,0.92342,0.92388,1.00,1.75
2015.01.13 18:45:09.129,0.92337,0.92388,1.50,1.75
2015.01.13 18:45:09.381,0.92338,0.92383,1.00,2.25
2015.01.13 18:45:09.684,0.92338,0.92383,1.00,1.87
2015.01.13 18:45:09.885,0.92333,0.9238,1.87,1.37
2015.01.13 18:45:10.514,0.92333,0.92382,1.37,1.37
2015.01.13 18:45:10.993,0.92333,0.92382,1.00,1.75
2015.01.13 18:45:11.094,0.92327,0.92376,1.87,1.12
2015.01.13 18:45:11.195,0.92327,0.92374,1.37,1.12
2015.01.13 18:45:11.515,0.92322,0.92373,1.37,1.12
2015.01.13 18:45:12.172,0.92322,0.92373,1.37,1.87
2015.01.13 18:45:12.273,0.92322,0.92372,1.00,1.75
2015.01.13 18:45:12.814,0.92322,0.9237,1.00,1.75
2015.01.13 18:45:13.015,0.92318,0.92368,1.37,1.75
2015.01.13 18:45:13.116,0.92317,0.92368,1.12,1.75
2015.01.13 18:45:13.217,0.92317,0.92364,1.00,2.25
2015.01.13 18:45:13.424,0.92318,0.92363,1.00,1.37
2015.01.13 18:45:14.034,0.92318,0.92367,1.12,3.75
2015.01.13 18:45:14.223,0.92318,0.92367,1.00,2.25
2015.01.13 18:45:14.324,0.92322,0.92367,1.00,1.50
2015.01.13 18:45:14.635,0.92322,0.92367,1.00,2.25
2015.01.13 18:45:14.937,0.92322,0.92362,1.00,1.75
2015.01.13 18:45:14.988,0.92318,0.92362,1.00,2.25
2015.01.13 18:45:15.089,0.92318,0.92365,1.00,1.87
2015.01.13 18:45:15.139,0.92318,0.92365,1.37,1.50
2015.01.13 18:45:15.459,0.92327,0.92366,1.00,1.12
2015.01.13 18:45:15.607,0.92323,0.92366,1.00,1.12
2015.01.13 18:45:16.407,0.92323,0.92367,1.37,3.00
2015.01.13 18:45:16.507,0.92323,0.92365,1.00,1.12
2015.01.13 18:45:16.608,0.92302,0.92354,1.00,1.60
2015.01.13 18:45:16.809,0.92302,0.92353,1.00,1.50
2015.01.13 18:45:16.860,0.92297,0.92348,1.37,1.00
2015.01.13 18:45:17.162,0.92302,0.92353,1.00,1.00
2015.01.13 18:45:17.212,0.92302,0.9235,1.00,1.00
2015.01.13 18:45:17.515,0.92308,0.92352,1.00,1.00
2015.01.13 18:45:17.615,0.92302,0.92354,1.00,1.00
2015.01.13 18:45:18.138,0.92308,0.92355,1.00,1.00
2015.01.13 18:45:18.474,0.92308,0.92349,1.00,1.00
2015.01.13 18:45:18.575,0.923,0.92349,1.00,1.00
2015.01.13 18:45:18.688,0.92298,0.92349,1.00,1.00
2015.01.13 18:45:19.028,0.92298,0.92344,1.00,1.00
2015.01.13 18:45:19.415,0.92298,0.92344,1.00,1.75
2015.01.13 18:45:19.717,0.92303,0.92344,1.00,1.50
2015.01.13 18:45:19.919,0.92293,0.92343,1.87,1.37
2015.01.13 18:45:19.969,0.92293,0.92343,1.50,1.75
2015.01.13 18:45:20.626,0.92295,0.92343,1.00,1.75
2015.01.13 18:45:20.677,0.92295,0.92343,1.00,1.37
2015.01.13 18:45:20.883,0.92303,0.92343,1.00,1.37
2015.01.13 18:45:22.313,0.92302,0.92343,1.00,1.37
2015.01.13 18:45:22.494,0.92302,0.92348,1.00,1.37
2015.01.13 18:45:22.595,0.92302,0.92348,1.00,1.12
2015.01.13 18:45:22.759,0.92304,0.92354,1.00,1.37
2015.01.13 18:45:22.910,0.92308,0.92354,1.00,1.37
2015.01.13 18:45:23.655,0.92307,0.92354,1.00,1.37
2015.01.13 18:45:24.295,0.92306,0.92354,1.00,1.37
2015.01.13 18:45:24.719,0.92306,0.92354,1.37,1.37
2015.01.13 18:45:29.264,0.92306,0.92354,1.50,1.37
2015.01.13 18:45:30.185,0.92308,0.92354,1.00,1.75
2015.01.13 18:45:30.386,0.92308,0.9235,1.00,1.37
2015.01.13 18:45:30.487,0.92303,0.92355,1.87,1.50
2015.01.13 18:45:30.675,0.92305,0.92358,1.37,1.50
2015.01.13 18:45:31.178,0.92313,0.92361,1.00,1.37
2015.01.13 18:45:31.278,0.92313,0.9236,1.12,1.37
2015.01.13 18:45:31.623,0.92317,0.92365,1.00,1.75
2015.01.13 18:45:31.793,0.92312,0.92363,1.37,1.37
2015.01.13 18:45:32.362,0.92314,0.92363,1.00,1.37
2015.01.13 18:45:32.513,0.92313,0.92363,1.37,1.75
2015.01.13 18:45:32.943,0.92313,0.92362,1.87,1.37
2015.01.13 18:45:33.126,0.92313,0.92362,1.87,1.37
2015.01.13 18:45:33.243,0.92313,0.92362,1.87,1.37
2015.01.13 18:45:33.805,0.92313,0.92362,2.25,1.37
2015.01.13 18:45:34.316,0.92318,0.92362,2.25,1.00
2015.01.13 18:45:34.695,0.92323,0.9237,1.12,1.75
2015.01.13 18:45:35.096,0.9232,0.92368,1.37,1.37
2015.01.13 18:45:35.146,0.9232,0.92368,1.50,1.37
2015.01.13 18:45:36.356,0.9232,0.92367,1.37,1.37
2015.01.13 18:45:36.804,0.9232,0.92367,1.75,1.37
2015.01.13 18:45:37.133,0.9232,0.9237,1.37,1.50
2015.01.13 18:45:37.432,0.9232,0.92362,1.37,1.00
2015.01.13 18:45:38.076,0.9232,0.92363,1.37,1.00
2015.01.13 18:45:38.177,0.92317,0.92363,1.37,1.37
2015.01.13 18:45:38.703,0.92318,0.92365,1.37,1.37
2015.01.13 18:45:38.753,0.92318,0.92365,1.50,1.37
2015.01.13 18:45:38.854,0.92318,0.92362,1.87,1.37
2015.01.13 18:45:39.213,0.92317,0.92365,1.00,1.75
2015.01.13 18:45:39.365,0.92317,0.9236,1.00,1.50
2015.01.13 18:45:39.837,0.92313,0.9236,1.37,1.50
2015.01.13 18:45:39.942,0.92313,0.9236,1.37,1.37
2015.01.13 18:45:42.051,0.92308,0.9236,1.75,2.25
2015.01.13 18:45:42.183,0.9231,0.92361,1.75,1.37
2015.01.13 18:45:42.684,0.92318,0.92361,1.00,1.37
2015.01.13 18:45:43.343,0.92317,0.92361,1.12,1.37
2015.01.13 18:45:46.644,0.92318,0.9236,1.00,1.37
2015.01.13 18:45:47.346,0.92313,0.92357,1.37,1.12
2015.01.13 18:45:47.447,0.92313,0.92357,1.00,1.00
2015.01.13 18:45:47.497,0.92313,0.92357,1.00,1.75
2015.01.13 18:45:47.548,0.9231,0.92357,1.37,1.75
2015.01.13 18:45:48.092,0.92308,0.92355,1.87,1.75
2015.01.13 18:45:48.714,0.92308,0.92354,1.00,2.25
2015.01.13 18:45:49.233,0.92307,0.9235,1.00,1.50
2015.01.13 18:45:49.604,0.92307,0.92348,1.00,1.50
2015.01.13 18:45:50.315,0.92307,0.92348,1.00,1.75
2015.01.13 18:45:50.645,0.92303,0.92348,1.00,1.75
2015.01.13 18:45:50.923,0.92302,0.92348,1.00,1.75
2015.01.13 18:45:51.633,0.92302,0.92344,1.00,1.37
2015.01.13 18:45:51.834,0.92302,0.92344,1.37,1.37
2015.01.13 18:45:51.935,0.92302,0.92344,1.00,1.00
2015.01.13 18:45:52.036,0.92302,0.92344,1.00,1.37
2015.01.13 18:45:52.338,0.92297,0.92345,1.37,1.75
2015.01.13 18:45:52.863,0.92298,0.92344,1.00,1.75
2015.01.13 18:45:53.165,0.92298,0.92338,1.00,1.37
2015.01.13 18:45:55.163,0.92297,0.92338,1.00,1.37
2015.01.13 18:45:55.478,0.92303,0.92338,1.00,2.25
2015.01.13 18:45:55.579,0.92293,0.92337,1.00,1.50
2015.01.13 18:45:56.270,0.92293,0.92337,1.00,2.25
2015.01.13 18:45:57.749,0.92293,0.92337,1.00,1.87
2015.01.13 18:45:58.757,0.92293,0.92335,1.00,1.75
2015.01.13 18:45:59.073,0.92287,0.92335,1.00,1.75
2015.01.13 18:45:59.157,0.92287,0.92335,1.37,1.50
2015.01.13 18:45:59.574,0.92287,0.92337,1.12,1.87
2015.01.13 18:46:00.368,0.92287,0.92337,1.00,1.50
2015.01.13 18:46:00.469,0.92287,0.92337,1.12,1.87
2015.01.13 18:46:01.914,0.92287,0.92338,1.37,2.25
2015.01.13 18:46:02.683,0.92287,0.92338,1.00,2.25
2015.01.13 18:46:02.784,0.92287,0.92337,1.12,1.75
2015.01.13 18:46:03.788,0.92287,0.92338,1.00,2.25
2015.01.13 18:46:03.889,0.92287,0.92337,1.00,2.25
2015.01.13 18:46:04.292,0.92287,0.92337,1.00,1.75
2015.01.13 18:46:04.804,0.92287,0.92337,1.12,1.75
2015.01.13 18:46:05.116,0.92287,0.92337,1.00,1.75
2015.01.13 18:46:05.167,0.92287,0.92337,1.00,1.50
2015.01.13 18:46:07.085,0.92287,0.92338,1.00,3.75
2015.01.13 18:46:07.186,0.92287,0.92338,1.00,3.00
2015.01.13 18:46:07.384,0.92287,0.92337,1.12,2.25
2015.01.13 18:46:07.739,0.92292,0.92338,1.00,3.00
2015.01.13 18:46:08.314,0.92288,0.92337,1.37,1.75
2015.01.13 18:46:08.365,0.92288,0.92337,1.00,3.00
2015.01.13 18:46:08.662,0.92288,0.92337,1.37,3.00
2015.01.13 18:46:10.105,0.92288,0.92334,1.00,1.50
2015.01.13 18:46:10.572,0.92288,0.92334,1.00,1.75
2015.01.13 18:46:10.673,0.92282,0.92333,1.37,2.25
2015.01.13 18:46:10.782,0.92282,0.92333,1.12,2.25
2015.01.13 18:46:10.883,0.92277,0.92329,1.87,2.25
2015.01.13 18:46:11.209,0.92268,0.92317,1.37,1.37
2015.01.13 18:46:11.475,0.92263,0.92317,1.50,1.75
2015.01.13 18:46:11.995,0.92263,0.92312,1.37,1.37
2015.01.13 18:46:12.096,0.9226,0.92312,1.50,1.37
2015.01.13 18:46:12.197,0.9226,0.92312,1.75,2.25
2015.01.13 18:46:12.526,0.92263,0.92312,1.37,2.25
2015.01.13 18:46:14.988,0.9226,0.92308,1.50,1.00
2015.01.13 18:46:15.139,0.92262,0.92312,1.50,1.50
2015.01.13 18:46:15.358,0.92269,0.92312,1.37,1.12
2015.01.13 18:46:15.458,0.92265,0.92312,1.37,1.12
2015.01.13 18:46:15.509,0.92265,0.92312,1.37,1.37
2015.01.13 18:46:16.443,0.92268,0.92315,1.37,1.12
2015.01.13 18:46:16.771,0.92268,0.92318,1.75,1.37
2015.01.13 18:46:16.822,0.92268,0.92319,1.75,1.50
2015.01.13 18:46:16.923,0.92268,0.92319,1.75,1.50
2015.01.13 18:46:17.302,0.92274,0.92322,1.37,1.75
2015.01.13 18:46:17.403,0.92274,0.92321,1.37,1.12
2015.01.13 18:46:17.705,0.92267,0.92318,1.37,1.75
2015.01.13 18:46:17.907,0.92263,0.92313,1.50,1.50
2015.01.13 18:46:18.108,0.92261,0.92313,1.75,1.37
2015.01.13 18:46:18.209,0.92266,0.92312,1.75,1.37
2015.01.13 18:46:18.523,0.92268,0.92312,1.12,1.75
2015.01.13 18:46:20.120,0.92262,0.9231,1.75,1.37
2015.01.13 18:46:20.671,0.92268,0.92311,1.00,1.37
2015.01.13 18:46:21.185,0.92267,0.9231,1.00,1.37
2015.01.13 18:46:21.715,0.92267,0.9231,1.00,1.37
2015.01.13 18:46:22.403,0.92263,0.9231,1.37,1.37
2015.01.13 18:46:22.932,0.92262,0.9231,1.37,1.37
2015.01.13 18:46:25.750,0.92262,0.9231,1.37,1.37
2015.01.13 18:46:26.023,0.92258,0.92307,2.25,1.00
2015.01.13 18:46:26.175,0.92258,0.92307,1.37,1.12
2015.01.13 18:46:26.284,0.92258,0.92306,1.75,1.37
2015.01.13 18:46:26.596,0.92258,0.92305,1.75,1.12
2015.01.13 18:46:27.984,0.92258,0.92305,1.50,1.37
2015.01.13 18:46:28.296,0.92258,0.92306,1.37,1.00
2015.01.13 18:46:28.473,0.92258,0.92306,1.50,1.37
2015.01.13 18:46:28.624,0.92258,0.92305,1.37,1.00
2015.01.13 18:46:28.821,0.92258,0.92305,1.75,1.37
2015.01.13 18:46:29.617,0.92258,0.92305,1.75,1.12
2015.01.13 18:46:29.717,0.92258,0.92306,1.50,1.37
2015.01.13 18:46:29.783,0.92258,0.92306,1.75,1.37
2015.01.13 18:46:29.923,0.92258,0.92306,1.37,1.00
2015.01.13 18:46:30.033,0.92258,0.92305,1.50,1.37
2015.01.13 18:46:30.540,0.92258,0.92305,1.75,1.12
2015.01.13 18:46:30.852,0.92258,0.92305,1.75,1.37
2015.01.13 18:46:34.931,0.92258,0.92306,1.37,1.37
2015.01.13 18:46:35.052,0.92258,0.92305,1.37,1.12
2015.01.13 18:46:35.122,0.92258,0.92302,1.00,1.12
2015.01.13 18:46:35.223,0.92252,0.92302,1.37,1.50
2015.01.13 18:46:35.372,0.92249,0.92297,4.50,1.00
2015.01.13 18:46:35.850,0.92248,0.92297,1.75,1.00
2015.01.13 18:46:36.563,0.92248,0.92297,3.00,1.00
2015.01.13 18:46:36.613,0.92252,0.92302,1.75,1.50
2015.01.13 18:46:36.664,0.92252,0.92302,1.37,1.50
2015.01.13 18:46:36.865,0.92252,0.92302,1.75,1.50
2015.01.13 18:46:37.044,0.92253,0.92303,1.75,1.00
2015.01.13 18:46:37.146,0.92255,0.92303,2.25,1.00
2015.01.13 18:46:37.347,0.9225,0.92303,1.00,1.00
2015.01.13 18:46:37.398,0.92253,0.92305,1.00,1.00
2015.01.13 18:46:37.700,0.92248,0.92298,1.00,1.00
2015.01.13 18:46:38.050,0.92247,0.92295,1.00,1.00
2015.01.13 18:46:38.441,0.92247,0.92295,1.50,1.37
2015.01.13 18:46:39.766,0.92247,0.9229,1.50,1.00
2015.01.13 18:46:40.070,0.92247,0.9228,1.37,1.00
2015.01.13 18:46:41.792,0.92248,0.92286,1.37,1.00
2015.01.13 18:46:42.347,0.92248,0.92286,1.37,1.00
2015.01.13 18:46:45.507,0.92248,0.92286,1.37,1.00
2015.01.13 18:46:48.643,0.92248,0.92291,1.37,1.12
2015.01.13 18:46:49.897,0.92248,0.92293,1.75,1.37
2015.01.13 18:46:53.100,0.92248,0.92293,1.37,1.37
2015.01.13 18:46:53.322,0.92248,0.92289,1.12,1.00
2015.01.13 18:46:53.835,0.92248,0.92289,1.37,1.12
2015.01.13 18:46:54.410,0.92243,0.92285,1.00,1.37
2015.01.13 18:46:54.712,0.92233,0.92264,1.00,1.00
2015.01.13 18:46:54.913,0.92233,0.92269,1.00,1.00
2015.01.13 18:46:55.423,0.92227,0.92268,1.00,1.00
2015.01.13 18:46:55.524,0.92227,0.92263,1.00,1.00
2015.01.13 18:46:55.625,0.92223,0.92264,1.00,1.00
2015.01.13 18:46:55.725,0.92223,0.92259,1.00,1.00
2015.01.13 18:46:56.229,0.92223,0.9226,1.00,1.00
2015.01.13 18:46:56.631,0.92218,0.92259,1.00,1.00
2015.01.13 18:46:56.856,0.92222,0.92255,1.00,1.00
2015.01.13 18:46:57.042,0.92218,0.92255,1.12,1.00
2015.01.13 18:46:57.143,0.92218,0.92256,1.00,1.37
2015.01.13 18:46:57.641,0.92218,0.92256,1.00,1.50
2015.01.13 18:46:59.782,0.92218,0.92254,1.00,1.50
2015.01.13 18:47:01.552,0.92213,0.92254,1.00,1.50
2015.01.13 18:47:01.653,0.92213,0.92254,1.00,1.75
2015.01.13 18:47:02.013,0.92217,0.92254,1.00,1.75
2015.01.13 18:47:04.668,0.92217,0.92254,1.00,1.75
2015.01.13 18:47:04.769,0.92217,0.92254,1.00,1.50
2015.01.13 18:47:05.366,0.92218,0.92254,1.00,1.50
2015.01.13 18:47:08.390,0.92217,0.92254,1.00,1.50
2015.01.13 18:47:08.992,0.92217,0.92255,1.00,1.50
2015.01.13 18:47:09.885,0.92218,0.92255,1.00,1.50
2015.01.13 18:47:10.648,0.92217,0.92255,1.00,1.50
2015.01.13 18:47:13.405,0.92218,0.92256,1.00,2.25
2015.01.13 18:47:13.871,0.92212,0.92256,1.37,1.87
2015.01.13 18:47:14.072,0.92218,0.92258,1.00,1.75
2015.01.13 18:47:14.173,0.92217,0.92257,1.30,1.50
2015.01.13 18:47:14.475,0.92217,0.92258,1.72,1.50
2015.01.13 18:47:15.183,0.92217,0.92258,2.10,1.50
2015.01.13 18:47:15.599,0.92223,0.92262,1.37,1.75
2015.01.13 18:47:15.751,0.92223,0.92262,1.37,1.00
2015.01.13 18:47:17.077,0.92223,0.92262,1.37,1.12
2015.01.13 18:47:18.142,0.92223,0.92262,1.00,1.12
2015.01.13 18:47:18.322,0.92223,0.92262,1.00,1.37
2015.01.13 18:47:18.423,0.92223,0.92262,1.12,1.37
2015.01.13 18:47:20.334,0.92217,0.92258,2.10,1.00
2015.01.13 18:47:20.881,0.92217,0.92258,2.10,1.00
2015.01.13 18:47:21.383,0.92218,0.92257,1.75,1.00
2015.01.13 18:47:21.691,0.92218,0.92257,1.37,1.00
2015.01.13 18:47:21.987,0.92218,0.92257,1.12,1.37
2015.01.13 18:47:22.695,0.92218,0.92257,1.37,1.00
2015.01.13 18:47:25.995,0.92218,0.92257,1.37,1.00
2015.01.13 18:47:27.601,0.92217,0.92258,2.10,1.00
2015.01.13 18:47:28.361,0.92218,0.92257,1.37,1.00
2015.01.13 18:47:30.555,0.92218,0.92257,1.12,1.37
2015.01.13 18:47:31.114,0.92218,0.92257,1.00,1.37
2015.01.13 18:47:32.163,0.92218,0.92257,1.75,1.00
2015.01.13 18:47:32.365,0.92223,0.92262,1.12,1.00
2015.01.13 18:47:32.914,0.92223,0.92262,1.37,1.00
2015.01.13 18:47:35.646,0.92227,0.92263,1.00,1.12
2015.01.13 18:47:36.612,0.92228,0.92262,1.00,1.00
2015.01.13 18:47:38.805,0.92228,0.92262,1.37,1.00
2015.01.13 18:47:38.956,0.92229,0.92277,1.75,2.62
2015.01.13 18:47:39.007,0.92229,0.92277,1.75,2.25
2015.01.13 18:47:39.158,0.92238,0.92287,1.50,2.25
2015.01.13 18:47:39.208,0.92238,0.92287,1.75,1.87
2015.01.13 18:47:39.309,0.92238,0.92287,1.00,1.00
2015.01.13 18:47:39.959,0.9224,0.92288,1.00,1.00
2015.01.13 18:47:40.261,0.92241,0.92288,1.75,1.00
2015.01.13 18:47:40.362,0.92243,0.9229,1.75,1.00
2015.01.13 18:47:40.901,0.92243,0.92292,1.75,1.37
2015.01.13 18:47:42.156,0.92243,0.92292,1.75,1.37
2015.01.13 18:47:44.568,0.92243,0.92292,1.75,1.37
2015.01.13 18:47:44.822,0.92244,0.92292,1.75,1.00
2015.01.13 18:47:45.301,0.92247,0.92292,1.75,1.00
2015.01.13 18:47:45.932,0.92247,0.92292,1.75,1.00
2015.01.13 18:47:47.531,0.92246,0.92292,1.75,1.12
2015.01.13 18:47:47.822,0.92243,0.92292,2.25,1.37
2015.01.13 18:47:48.253,0.92246,0.92292,1.75,1.12
2015.01.13 18:47:48.603,0.92243,0.92292,2.25,1.37
2015.01.13 18:47:48.939,0.92243,0.92292,1.50,1.87
2015.01.13 18:47:51.251,0.92243,0.92292,1.75,1.37
2015.01.13 18:47:51.536,0.92243,0.92292,1.75,1.00
2015.01.13 18:47:51.909,0.92242,0.92288,2.25,1.00
2015.01.13 18:47:52.124,0.92245,0.92288,1.50,1.12
2015.01.13 18:47:52.727,0.92242,0.92287,1.75,1.00
2015.01.13 18:47:54.321,0.92242,0.92288,1.75,1.12
2015.01.13 18:47:59.142,0.92242,0.92288,1.75,1.00
2015.01.13 18:47:59.193,0.92242,0.92288,1.75,1.00
2015.01.13 18:48:00.384,0.92241,0.92288,2.25,1.12
2015.01.13 18:48:00.585,0.9224,0.92288,1.75,1.37
2015.01.13 18:48:03.084,0.92238,0.92285,1.75,1.00
2015.01.13 18:48:04.173,0.92238,0.92285,1.75,1.37
2015.01.13 18:48:04.671,0.92238,0.92282,2.62,1.00
2015.01.13 18:48:05.011,0.92237,0.92279,1.12,1.00
2015.01.13 18:48:05.212,0.92238,0.92282,1.37,1.12
2015.01.13 18:48:05.414,0.92234,0.9228,1.75,1.00
2015.01.13 18:48:05.518,0.92234,0.9228,1.37,1.00
2015.01.13 18:48:05.670,0.92236,0.92277,1.37,1.00
2015.01.13 18:48:05.972,0.92235,0.92281,1.75,1.00
2015.01.13 18:48:08.194,0.92237,0.92281,1.75,1.00
2015.01.13 18:48:08.745,0.92238,0.9228,1.75,1.00
2015.01.13 18:48:09.357,0.92237,0.92281,1.75,1.00
2015.01.13 18:48:09.408,0.92237,0.92281,1.12,1.00
2015.01.13 18:48:09.711,0.92237,0.92281,1.75,1.00
2015.01.13 18:48:10.197,0.92237,0.9228,1.12,1.00
2015.01.13 18:48:12.413,0.92237,0.9228,1.75,1.00
2015.01.13 18:48:13.035,0.92238,0.92281,1.50,1.12
2015.01.13 18:48:15.621,0.92238,0.9228,1.37,1.00
2015.01.13 18:48:19.461,0.92237,0.92271,1.00,1.12
2015.01.13 18:48:19.562,0.92229,0.92271,1.12,1.12
2015.01.13 18:48:19.612,0.92224,0.92271,1.75,1.87
2015.01.13 18:48:19.663,0.92223,0.92269,1.12,1.00
2015.01.13 18:48:19.764,0.92222,0.9227,1.87,1.75
2015.01.13 18:48:19.879,0.92227,0.9227,1.00,1.75
2015.01.13 18:48:20.565,0.92227,0.92268,1.00,1.37
2015.01.13 18:48:21.116,0.92227,0.92267,1.37,1.37
2015.01.13 18:48:21.448,0.92223,0.92265,1.50,1.00
2015.01.13 18:48:21.549,0.92223,0.92265,1.50,1.37
2015.01.13 18:48:21.852,0.92223,0.92257,1.00,1.00
2015.01.13 18:48:21.902,0.92217,0.92257,1.12,1.00
2015.01.13 18:48:23.184,0.92218,0.92263,1.50,1.37
2015.01.13 18:48:26.573,0.92218,0.92257,1.37,1.00
2015.01.13 18:48:27.524,0.92218,0.92259,1.37,1.00
2015.01.13 18:48:27.902,0.92217,0.92265,1.37,1.37
2015.01.13 18:48:30.637,0.92218,0.92265,1.00,1.37
2015.01.13 18:48:36.201,0.92217,0.92263,1.12,1.37
2015.01.13 18:48:36.251,0.92216,0.92263,1.37,1.37
2015.01.13 18:48:38.480,0.92217,0.92268,1.87,3.00
2015.01.13 18:48:40.647,0.92217,0.92268,1.87,3.00
2015.01.13 18:48:40.899,0.92217,0.92268,1.50,1.87
2015.01.13 18:48:42.384,0.92217,0.92264,1.00,1.00
2015.01.13 18:48:46.964,0.92213,0.92262,1.87,1.00
2015.01.13 18:48:48.620,0.92207,0.92259,1.75,1.75
2015.01.13 18:48:48.942,0.92208,0.92252,1.37,1.37
2015.01.13 18:48:48.994,0.92208,0.92252,1.37,1.37
2015.01.13 18:48:49.095,0.92208,0.92253,1.37,1.50
2015.01.13 18:48:53.895,0.92207,0.92255,1.50,1.75
2015.01.13 18:48:54.641,0.92213,0.92258,1.00,1.75
2015.01.13 18:48:54.830,0.92213,0.92258,1.12,1.75
2015.01.13 18:48:54.931,0.92213,0.92259,1.37,1.87
2015.01.13 18:48:55.031,0.92213,0.92259,1.12,1.87
2015.01.13 18:48:55.233,0.9221,0.92257,1.00,1.75
2015.01.13 18:48:55.490,0.92207,0.92253,1.37,1.37
2015.01.13 18:48:56.100,0.92207,0.92252,1.00,1.12
2015.01.13 18:48:56.208,0.92207,0.92252,1.12,1.37
2015.01.13 18:48:56.510,0.92208,0.92248,1.37,1.12
2015.01.13 18:48:57.611,0.92203,0.92247,1.75,1.00
2015.01.13 18:48:58.651,0.92208,0.92249,1.37,1.37
2015.01.13 18:49:00.558,0.92208,0.92248,1.37,1.37
2015.01.13 18:49:00.860,0.92207,0.92248,1.37,1.37
2015.01.13 18:49:01.183,0.92208,0.92247,1.37,1.37
2015.01.13 18:49:01.502,0.92206,0.92251,2.25,1.75
2015.01.13 18:49:01.820,0.92207,0.92251,1.75,1.00
2015.01.13 18:49:02.333,0.92208,0.92251,1.50,1.12
2015.01.13 18:49:02.870,0.92208,0.9225,1.75,1.00
2015.01.13 18:49:02.971,0.92207,0.92253,2.25,1.00
2015.01.13 18:49:03.173,0.92207,0.92252,1.50,1.00
2015.01.13 18:49:03.274,0.92207,0.92252,1.37,1.00
2015.01.13 18:49:03.475,0.92208,0.92252,1.75,1.00
2015.01.13 18:49:04.010,0.92207,0.92253,2.25,1.12
2015.01.13 18:49:06.276,0.92207,0.92253,2.25,1.00
2015.01.13 18:49:07.170,0.92207,0.92253,1.75,1.00
2015.01.13 18:49:07.373,0.92211,0.92253,1.37,1.00
2015.01.13 18:49:07.650,0.92207,0.92248,1.37,1.00
2015.01.13 18:49:07.952,0.92204,0.92248,1.12,1.37
2015.01.13 18:49:08.053,0.92205,0.92248,1.00,1.37
2015.01.13 18:49:08.375,0.92203,0.92242,1.37,1.00
2015.01.13 18:49:08.425,0.92203,0.92248,1.37,1.75
2015.01.13 18:49:08.610,0.92203,0.92242,1.37,1.00
2015.01.13 18:49:09.151,0.922,0.92243,1.75,1.00
2015.01.13 18:49:09.379,0.922,0.92248,1.75,1.50
2015.01.13 18:49:10.389,0.92203,0.92247,1.50,1.00
2015.01.13 18:49:10.922,0.92203,0.92247,2.25,1.00
2015.01.13 18:49:11.022,0.92203,0.92247,1.87,1.00
2015.01.13 18:49:11.073,0.92208,0.92247,1.75,1.00
2015.01.13 18:49:11.174,0.92212,0.92256,1.37,1.12
2015.01.13 18:49:11.425,0.92212,0.92258,1.37,1.37
2015.01.13 18:49:11.677,0.92212,0.92262,1.75,1.75
2015.01.13 18:49:13.067,0.92211,0.92258,2.25,1.00
2015.01.13 18:49:13.714,0.92213,0.92262,1.75,1.87
2015.01.13 18:49:16.082,0.92213,0.92262,1.75,1.37
2015.01.13 18:49:16.586,0.92218,0.92262,1.75,1.00
2015.01.13 18:49:16.890,0.92223,0.9227,1.37,2.62
2015.01.13 18:49:16.991,0.92221,0.92267,1.75,1.00
2015.01.13 18:49:17.411,0.92221,0.92272,2.25,1.50
2015.01.13 18:49:17.623,0.92222,0.92272,1.50,1.87
2015.01.13 18:49:17.723,0.92219,0.92271,1.12,1.75
2015.01.13 18:49:18.806,0.92219,0.92263,1.12,1.00
2015.01.13 18:49:18.857,0.92219,0.92267,1.12,1.37
2015.01.13 18:49:18.907,0.92222,0.92267,1.12,1.00
2015.01.13 18:49:19.209,0.92226,0.92272,1.50,1.00
2015.01.13 18:49:24.455,0.92226,0.92278,1.37,1.75
2015.01.13 18:49:24.757,0.92228,0.92277,1.37,1.37
2015.01.13 18:49:25.644,0.9223,0.92278,1.12,1.75
2015.01.13 18:49:26.009,0.9223,0.92277,1.37,1.75
2015.01.13 18:49:26.420,0.92232,0.92278,1.37,1.75
2015.01.13 18:49:27.772,0.92233,0.92277,1.37,1.37
2015.01.13 18:49:28.051,0.92233,0.92277,1.12,1.37
2015.01.13 18:49:28.661,0.92233,0.92277,1.37,1.37
2015.01.13 18:49:29.239,0.92233,0.92277,1.87,1.37
2015.01.13 18:49:30.251,0.92233,0.92277,1.87,1.37
2015.01.13 18:49:32.459,0.92233,0.92277,1.87,1.37
2015.01.13 18:49:34.350,0.92232,0.92273,1.37,1.00
2015.01.13 18:49:34.666,0.92232,0.92273,1.37,1.37
2015.01.13 18:49:35.669,0.92232,0.92273,1.37,1.12
2015.01.13 18:49:35.971,0.92224,0.92272,1.12,1.75
2015.01.13 18:49:36.404,0.92223,0.92267,1.37,2.25
2015.01.13 18:49:36.710,0.9222,0.92258,1.37,1.00
2015.01.13 18:49:37.243,0.92219,0.92257,1.37,1.00
2015.01.13 18:49:38.286,0.92219,0.92257,1.12,1.12
2015.01.13 18:49:41.451,0.92215,0.92257,1.75,1.00
2015.01.13 18:49:41.968,0.92218,0.92258,1.37,1.00
2015.01.13 18:49:42.069,0.92218,0.92258,1.50,1.00
2015.01.13 18:49:42.170,0.92217,0.92258,1.00,1.00
2015.01.13 18:49:42.271,0.92216,0.92258,1.37,1.00
2015.01.13 18:49:42.755,0.92216,0.92258,1.00,1.00
2015.01.13 18:49:43.310,0.92217,0.92258,1.00,1.00
2015.01.13 18:49:43.620,0.92218,0.92262,1.00,1.00
2015.01.13 18:49:44.064,0.92218,0.92262,1.50,1.37
2015.01.13 18:49:44.469,0.92217,0.92262,1.37,1.37
2015.01.13 18:49:45.111,0.92216,0.92262,1.50,1.37
2015.01.13 18:49:45.262,0.92212,0.92258,1.12,1.75
2015.01.13 18:49:45.465,0.92209,0.92258,1.12,1.75
2015.01.13 18:49:45.789,0.92209,0.92257,1.00,2.25
2015.01.13 18:49:45.890,0.92207,0.92253,1.12,1.50
2015.01.13 18:49:46.201,0.92206,0.92252,1.37,1.37
2015.01.13 18:49:46.769,0.92208,0.92257,1.37,2.25
2015.01.13 18:49:46.870,0.92206,0.92257,1.12,2.25
2015.01.13 18:49:47.807,0.92206,0.92247,1.37,1.00
2015.01.13 18:49:48.349,0.92206,0.92252,1.37,1.37
2015.01.13 18:49:49.593,0.92206,0.92253,1.37,1.50
2015.01.13 18:49:52.102,0.92206,0.92257,1.12,1.87
2015.01.13 18:49:52.152,0.92212,0.92257,1.00,1.37
2015.01.13 18:49:52.611,0.92212,0.92258,1.87,1.50
2015.01.13 18:49:52.913,0.92208,0.92258,1.50,2.25
2015.01.13 18:49:53.114,0.92208,0.92257,1.37,1.12
2015.01.13 18:49:53.417,0.92206,0.92252,1.75,1.00
2015.01.13 18:49:53.970,0.92208,0.92258,1.50,1.87
2015.01.13 18:49:54.419,0.92208,0.92257,1.37,1.37
2015.01.13 18:49:54.520,0.92208,0.92258,1.37,1.87
2015.01.13 18:49:55.677,0.92214,0.92258,1.00,1.50
2015.01.13 18:49:58.724,0.92215,0.92258,1.00,1.37
2015.01.13 18:50:00.155,0.92212,0.92258,1.12,1.37
2015.01.13 18:50:00.205,0.92212,0.92258,1.37,1.75
2015.01.13 18:50:00.733,0.92212,0.92258,1.00,1.75
2015.01.13 18:50:02.691,0.92211,0.92255,1.12,1.37
2015.01.13 18:50:03.034,0.92211,0.92255,1.00,1.75
2015.01.13 18:50:03.617,0.92211,0.92255,1.00,1.75
2015.01.13 18:50:04.601,0.9221,0.92256,1.00,2.25
2015.01.13 18:50:04.922,0.92213,0.92255,1.00,1.50
2015.01.13 18:50:08.026,0.92214,0.92256,1.00,1.75
2015.01.13 18:50:08.331,0.92214,0.92256,1.00,1.75
2015.01.13 18:50:08.432,0.92211,0.92257,1.00,1.75
2015.01.13 18:50:09.220,0.92212,0.92258,1.00,2.25
2015.01.13 18:50:09.555,0.92212,0.92258,1.00,2.25
2015.01.13 18:50:09.656,0.92214,0.9226,1.37,1.75
2015.01.13 18:50:09.957,0.92215,0.92259,1.00,1.75
2015.01.13 18:50:10.058,0.92212,0.9226,1.00,1.75
2015.01.13 18:50:10.592,0.92207,0.92258,1.37,1.75
2015.01.13 18:50:11.691,0.92207,0.92258,1.50,1.75
2015.01.13 18:50:11.943,0.92208,0.92259,1.50,1.50
2015.01.13 18:50:12.150,0.92218,0.92261,1.00,2.25
2015.01.13 18:50:12.201,0.92218,0.92262,1.00,1.87
2015.01.13 18:50:12.710,0.92217,0.92262,1.12,1.12
2015.01.13 18:50:12.954,0.92217,0.92263,1.37,1.87
2015.01.13 18:50:13.566,0.92213,0.92257,2.25,1.00
2015.01.13 18:50:15.152,0.92213,0.92257,1.37,1.37
2015.01.13 18:50:16.756,0.92212,0.92258,1.75,1.12
2015.01.13 18:50:17.264,0.92216,0.92257,1.37,1.00
2015.01.13 18:50:17.759,0.92218,0.92262,1.37,1.75
2015.01.13 18:50:18.519,0.92217,0.92258,1.37,1.00
2015.01.13 18:50:19.410,0.92217,0.92257,1.37,1.00
2015.01.13 18:50:20.139,0.92217,0.92258,1.37,1.00
2015.01.13 18:50:20.711,0.92217,0.92258,1.37,1.00
2015.01.13 18:50:21.619,0.92218,0.92262,1.37,1.37
2015.01.13 18:50:21.899,0.92217,0.92257,1.37,1.00
2015.01.13 18:50:22.120,0.92217,0.92263,1.87,1.50
2015.01.13 18:50:23.329,0.92217,0.92258,1.37,1.00
2015.01.13 18:50:23.879,0.92217,0.92258,1.75,1.00
2015.01.13 18:50:23.929,0.92218,0.92263,1.75,1.75
2015.01.13 18:50:24.212,0.92215,0.92264,2.25,1.12
2015.01.13 18:50:24.640,0.92215,0.92257,2.25,1.00
2015.01.13 18:50:24.892,0.92218,0.92267,1.75,1.37
2015.01.13 18:50:25.083,0.92219,0.92267,1.50,1.37
2015.01.13 18:50:25.185,0.92217,0.92271,1.75,2.25
2015.01.13 18:50:25.511,0.92218,0.92267,1.75,1.37
2015.01.13 18:50:26.086,0.9222,0.92268,1.75,1.37
2015.01.13 18:50:41.575,0.92223,0.92269,1.37,1.37
2015.01.13 18:50:44.960,0.92223,0.92268,1.37,1.37
2015.01.13 18:50:48.015,0.92222,0.92267,1.50,1.12
2015.01.13 18:50:48.065,0.92222,0.92267,1.50,1.87
2015.01.13 18:50:48.216,0.92221,0.92266,1.37,1.12
2015.01.13 18:50:48.421,0.92218,0.92258,1.75,1.00
2015.01.13 18:50:48.905,0.92218,0.92258,1.37,1.00
2015.01.13 18:50:49.401,0.92218,0.92262,1.87,1.50
2015.01.13 18:50:51.697,0.92218,0.92259,1.37,1.37
2015.01.13 18:50:52.022,0.92213,0.92253,1.00,1.12
2015.01.13 18:50:52.582,0.92213,0.92252,1.00,1.75
2015.01.13 18:50:52.632,0.9221,0.92253,1.00,1.12
2015.01.13 18:50:52.783,0.9221,0.92253,1.37,1.12
2015.01.13 18:50:53.686,0.92212,0.92252,1.00,1.37
2015.01.13 18:50:54.006,0.92212,0.92253,2.25,1.50
2015.01.13 18:50:54.157,0.92213,0.92259,1.37,1.37
2015.01.13 18:50:54.207,0.92213,0.92259,1.75,1.00
2015.01.13 18:50:54.895,0.92216,0.92258,1.75,1.00
2015.01.13 18:50:56.927,0.92218,0.92262,1.37,1.75
2015.01.13 18:50:57.846,0.92218,0.92262,1.37,1.75
2015.01.13 18:50:57.896,0.92217,0.92257,1.37,1.00
2015.01.13 18:51:00.888,0.92217,0.92263,1.37,1.87
2015.01.13 18:51:00.938,0.92214,0.92263,1.75,1.87
2015.01.13 18:51:01.308,0.92214,0.92253,1.37,1.00
2015.01.13 18:51:01.827,0.92214,0.92253,1.37,1.75
2015.01.13 18:51:06.657,0.92218,0.92257,1.87,1.75
2015.01.13 18:51:07.090,0.92218,0.92257,1.87,1.37
2015.01.13 18:51:07.241,0.92222,0.92262,1.37,1.75
2015.01.13 18:51:07.573,0.92223,0.92263,1.37,1.12
2015.01.13 18:51:07.673,0.92223,0.92261,1.00,1.12
2015.01.13 18:51:08.628,0.92223,0.92266,1.00,1.75
2015.01.13 18:51:08.780,0.92223,0.92265,1.87,1.00
2015.01.13 18:51:09.094,0.92226,0.92267,1.37,1.75
2015.01.13 18:51:09.846,0.92228,0.92268,1.37,1.75
2015.01.13 18:51:10.060,0.92228,0.92268,1.37,1.00
2015.01.13 18:51:10.161,0.92228,0.92273,1.37,1.12
2015.01.13 18:51:11.652,0.92228,0.92273,1.87,1.12
2015.01.13 18:51:12.562,0.92232,0.92277,1.37,1.75
2015.01.13 18:51:13.072,0.92231,0.9228,1.37,1.75
2015.01.13 18:51:14.770,0.92232,0.92278,1.37,1.37
2015.01.13 18:51:15.161,0.92235,0.92282,1.37,1.50
2015.01.13 18:51:19.870,0.92235,0.92283,1.50,1.50
2015.01.13 18:51:20.209,0.92242,0.92287,1.00,1.37
2015.01.13 18:51:20.310,0.92242,0.92287,1.37,1.50
2015.01.13 18:51:21.479,0.92242,0.92287,1.37,1.37
2015.01.13 18:51:21.580,0.92242,0.9229,1.37,1.37
2015.01.13 18:51:21.681,0.92245,0.92292,1.37,1.87
2015.01.13 18:51:21.812,0.92245,0.92292,1.12,1.87
2015.01.13 18:51:22.202,0.92245,0.92292,1.37,1.87
2015.01.13 18:51:22.378,0.92245,0.92292,1.00,1.87
2015.01.13 18:51:22.920,0.92245,0.92292,1.75,1.37
2015.01.13 18:51:30.841,0.92246,0.92293,1.37,1.37
2015.01.13 18:51:36.235,0.92249,0.92292,1.37,1.12
2015.01.13 18:51:36.537,0.92251,0.92292,1.37,1.00
2015.01.13 18:51:36.658,0.92251,0.923,1.37,1.12
2015.01.13 18:51:36.759,0.92255,0.92301,1.37,1.75
2015.01.13 18:51:37.318,0.92254,0.92301,1.50,1.12
2015.01.13 18:51:40.558,0.92254,0.92303,1.75,1.37
2015.01.13 18:51:45.037,0.92257,0.92305,1.50,1.87
2015.01.13 18:51:47.840,0.92263,0.92308,1.00,2.25
2015.01.13 18:51:48.388,0.92259,0.92308,1.37,3.00
2015.01.13 18:51:50.419,0.92258,0.92307,1.37,1.37
2015.01.13 18:51:50.520,0.92261,0.92307,1.37,1.37
2015.01.13 18:51:51.111,0.92262,0.92308,1.37,1.75
2015.01.13 18:51:51.448,0.92261,0.92307,1.37,1.37
2015.01.13 18:51:51.549,0.92263,0.92307,1.12,1.12
2015.01.13 18:51:51.600,0.92267,0.92312,1.00,1.37
2015.01.13 18:51:51.650,0.92267,0.92313,1.12,1.87
2015.01.13 18:51:52.186,0.92268,0.92313,1.12,1.87
2015.01.13 18:51:52.720,0.92267,0.92313,1.87,1.87
2015.01.13 18:51:53.070,0.92267,0.92313,1.75,2.62
2015.01.13 18:51:53.372,0.92265,0.92306,1.00,1.12
2015.01.13 18:51:53.701,0.92264,0.92306,1.37,1.37
2015.01.13 18:51:54.938,0.92263,0.92307,1.50,1.37
2015.01.13 18:51:55.358,0.92263,0.92312,1.37,1.37
2015.01.13 18:51:55.459,0.92262,0.92312,2.25,1.37
2015.01.13 18:51:57.400,0.92263,0.92313,3.00,1.50
2015.01.13 18:51:57.735,0.92262,0.92313,4.50,1.37
2015.01.13 18:51:58.329,0.92268,0.92317,1.37,3.00
2015.01.13 18:51:58.822,0.92268,0.92313,2.25,1.87
2015.01.13 18:51:58.923,0.92268,0.92311,1.37,1.12
2015.01.13 18:51:59.140,0.92266,0.92313,1.87,1.87
2015.01.13 18:51:59.648,0.92268,0.92312,1.75,1.87
2015.01.13 18:51:59.931,0.92268,0.92312,2.62,1.87
2015.01.13 18:52:00.462,0.92268,0.92312,1.37,1.12
2015.01.13 18:52:00.644,0.92268,0.92312,1.37,1.00
2015.01.13 18:52:02.161,0.92268,0.92317,1.37,1.50
2015.01.13 18:52:02.598,0.92272,0.92318,1.00,2.47
2015.01.13 18:52:03.001,0.92272,0.92318,1.37,2.47
2015.01.13 18:52:04.118,0.92268,0.92312,5.25,1.00
2015.01.13 18:52:05.594,0.92268,0.92317,1.37,1.87
2015.01.13 18:52:05.695,0.92268,0.92312,1.12,1.75
2015.01.13 18:52:05.997,0.92262,0.92308,1.87,1.37
2015.01.13 18:52:06.388,0.92263,0.92307,1.50,1.37
2015.01.13 18:52:09.323,0.92259,0.92302,1.75,1.00
2015.01.13 18:52:10.528,0.92263,0.92307,1.37,1.50
2015.01.13 18:52:11.038,0.92259,0.92302,1.75,1.00
2015.01.13 18:52:11.139,0.92259,0.92307,1.37,1.87
2015.01.13 18:52:16.601,0.92257,0.92303,1.75,1.00
2015.01.13 18:52:19.091,0.9226,0.92303,1.87,1.37
2015.01.13 18:52:20.184,0.9226,0.92302,1.87,1.00
2015.01.13 18:52:22.114,0.92261,0.92302,1.87,1.00
2015.01.13 18:52:24.997,0.9227,0.92302,1.00,1.00
2015.01.13 18:52:25.305,0.92274,0.92317,2.25,1.75
2015.01.13 18:52:25.648,0.92274,0.92318,2.25,1.12
2015.01.13 18:52:26.275,0.92279,0.92322,1.37,1.37
2015.01.13 18:52:26.664,0.92279,0.92322,1.37,1.37
2015.01.13 18:52:27.288,0.92279,0.92322,1.75,1.00
2015.01.13 18:52:27.590,0.92282,0.92326,2.25,1.00
2015.01.13 18:52:27.892,0.92295,0.9233,2.62,1.35
2015.01.13 18:52:28.067,0.92295,0.92333,2.62,2.85
2015.01.13 18:52:29.015,0.92295,0.92333,2.62,2.85
2015.01.13 18:52:29.116,0.92296,0.92333,2.62,1.00
2015.01.13 18:52:29.167,0.92299,0.92333,1.00,1.00
2015.01.13 18:52:29.368,0.92304,0.92342,1.37,1.00
2015.01.13 18:52:29.620,0.92307,0.92343,1.37,1.00
2015.01.13 18:52:29.928,0.92305,0.92347,1.12,1.00
2015.01.13 18:52:31.107,0.92304,0.92348,1.12,1.75
2015.01.13 18:52:31.208,0.92303,0.92348,1.37,1.37
2015.01.13 18:52:31.410,0.92306,0.92343,1.50,1.00
2015.01.13 18:52:31.662,0.9231,0.92353,1.12,1.37
2015.01.13 18:52:31.928,0.92311,0.92352,1.12,1.37
2015.01.13 18:52:32.141,0.92311,0.92357,1.00,1.72
2015.01.13 18:52:32.242,0.92308,0.92357,1.00,1.72
2015.01.13 18:52:32.444,0.9231,0.92352,1.00,1.37
2015.01.13 18:52:32.746,0.92313,0.92357,1.00,1.75
2015.01.13 18:52:33.297,0.92312,0.92352,1.37,1.00
2015.01.13 18:52:33.862,0.92311,0.92352,1.37,1.37
2015.01.13 18:52:36.144,0.92312,0.92352,1.37,1.00
2015.01.13 18:52:36.194,0.92313,0.92357,1.37,1.37
2015.01.13 18:52:36.245,0.92313,0.92357,1.50,1.37
2015.01.13 18:52:36.307,0.92313,0.92357,1.37,1.00
2015.01.13 18:52:36.815,0.92315,0.92357,3.37,1.00
2015.01.13 18:52:37.428,0.92313,0.92357,2.25,1.12
2015.01.13 18:52:37.629,0.92313,0.92358,1.50,1.35
2015.01.13 18:52:37.931,0.92313,0.92358,1.37,1.50
2015.01.13 18:52:39.065,0.9231,0.92358,1.12,2.25
2015.01.13 18:52:39.216,0.92308,0.92355,1.37,1.75
2015.01.13 18:52:41.368,0.92308,0.92347,1.00,1.50
2015.01.13 18:52:41.418,0.92303,0.92347,1.00,2.25
2015.01.13 18:52:41.469,0.92303,0.92347,1.00,2.25
2015.01.13 18:52:42.016,0.92303,0.92345,1.00,1.75
2015.01.13 18:52:42.868,0.92302,0.92345,1.00,1.75
2015.01.13 18:52:43.091,0.92299,0.92337,1.12,1.12
2015.01.13 18:52:43.796,0.92299,0.92338,1.12,1.00
2015.01.13 18:52:44.445,0.92299,0.92338,1.37,1.00
2015.01.13 18:52:44.948,0.92299,0.92338,1.00,1.12
2015.01.13 18:52:45.505,0.92298,0.92337,1.12,1.00
2015.01.13 18:52:46.708,0.92298,0.92337,1.00,1.37
2015.01.13 18:52:48.153,0.92299,0.92337,1.00,1.37
2015.01.13 18:52:48.746,0.92298,0.92337,1.00,1.37
2015.01.13 18:52:49.257,0.92299,0.92337,1.00,1.37
2015.01.13 18:52:49.610,0.92299,0.92342,1.37,1.72
2015.01.13 18:52:49.710,0.923,0.92342,1.37,1.35
2015.01.13 18:52:49.811,0.923,0.92342,2.25,1.35
2015.01.13 18:52:50.113,0.92313,0.92347,1.37,1.00
2015.01.13 18:52:50.378,0.92312,0.92348,1.00,1.00
2015.01.13 18:52:50.479,0.9231,0.92348,1.12,1.00
2015.01.13 18:52:50.580,0.9231,0.92352,1.00,1.00
2015.01.13 18:52:50.781,0.92313,0.92352,1.00,1.00
2015.01.13 18:52:50.882,0.92309,0.92352,1.00,1.00
2015.01.13 18:52:50.933,0.92309,0.92348,1.00,1.00
2015.01.13 18:52:51.107,0.92307,0.92348,1.12,1.00
2015.01.13 18:52:51.158,0.92308,0.92352,1.00,1.00
2015.01.13 18:52:51.208,0.92308,0.92352,1.12,1.37
2015.01.13 18:52:51.514,0.92307,0.92352,1.00,1.75
2015.01.13 18:52:51.828,0.92307,0.92342,1.00,1.00
2015.01.13 18:52:52.137,0.92299,0.92343,1.37,1.37
2015.01.13 18:52:52.238,0.92297,0.92341,1.00,2.10
2015.01.13 18:52:52.444,0.92297,0.92332,1.00,1.00
2015.01.13 18:52:52.582,0.92295,0.92332,1.00,1.00
2015.01.13 18:52:52.683,0.92295,0.92337,1.00,1.00
2015.01.13 18:52:52.878,0.92295,0.92332,1.00,1.00
2015.01.13 18:52:53.138,0.92295,0.92341,1.37,1.50
2015.01.13 18:52:53.301,0.92295,0.92341,1.37,1.37
2015.01.13 18:52:53.360,0.92303,0.92341,1.00,1.37
2015.01.13 18:52:53.411,0.92303,0.92342,1.50,1.12
2015.01.13 18:52:53.914,0.92301,0.92343,1.12,1.00
2015.01.13 18:52:54.897,0.92304,0.92347,1.37,1.37
2015.01.13 18:52:55.448,0.92304,0.92347,1.37,1.37
2015.01.13 18:52:55.650,0.92301,0.92347,1.00,1.75
2015.01.13 18:52:55.991,0.92298,0.92334,1.00,1.00
2015.01.13 18:52:58.087,0.92297,0.92334,1.00,1.00
2015.01.13 18:52:58.389,0.92288,0.92322,1.37,1.00
2015.01.13 18:52:58.647,0.92285,0.92322,1.37,1.00
2015.01.13 18:52:58.748,0.92283,0.92321,1.37,1.00
2015.01.13 18:52:59.039,0.92284,0.92324,1.37,1.00
2015.01.13 18:52:59.362,0.92288,0.92324,1.37,1.00
2015.01.13 18:52:59.518,0.92285,0.92324,1.37,1.00
2015.01.13 18:53:01.128,0.92288,0.92324,1.00,1.00
2015.01.13 18:53:01.632,0.92288,0.92324,1.37,1.00
2015.01.13 18:53:01.733,0.92288,0.92326,1.00,1.12
2015.01.13 18:53:02.346,0.92284,0.92326,1.37,1.12
2015.01.13 18:53:03.106,0.92288,0.92326,1.00,1.12
2015.01.13 18:53:04.328,0.92284,0.92326,1.37,1.12
2015.01.13 18:53:04.433,0.92284,0.92326,1.50,1.00
2015.01.13 18:53:05.251,0.92284,0.92326,1.37,1.00
2015.01.13 18:53:05.572,0.92284,0.92324,1.37,1.00
2015.01.13 18:53:05.923,0.92283,0.92322,1.37,1.00
2015.01.13 18:53:06.233,0.92288,0.92322,1.00,1.00
2015.01.13 18:53:06.284,0.9229,0.92325,1.00,1.00
2015.01.13 18:53:10.856,0.92288,0.92326,1.37,1.00
2015.01.13 18:53:14.318,0.92288,0.92326,1.00,1.37
2015.01.13 18:53:14.368,0.92285,0.92326,1.37,1.37
2015.01.13 18:53:14.419,0.92285,0.92326,1.00,1.37
2015.01.13 18:53:14.941,0.92282,0.9232,1.87,1.00
2015.01.13 18:53:15.092,0.92282,0.92325,1.87,1.00
2015.01.13 18:53:15.586,0.92282,0.92325,1.50,1.00
2015.01.13 18:53:15.757,0.92286,0.92325,1.00,1.00
2015.01.13 18:53:16.119,0.92287,0.92325,1.37,1.00
2015.01.13 18:53:17.205,0.92287,0.9233,1.37,1.12
2015.01.13 18:53:17.697,0.92287,0.92326,1.37,1.00
2015.01.13 18:53:18.098,0.92287,0.92325,1.50,1.00
2015.01.13 18:53:22.637,0.92288,0.92325,1.37,1.00
2015.01.13 18:53:23.162,0.92282,0.92325,1.50,1.12
2015.01.13 18:53:23.968,0.92282,0.92325,1.75,1.00
2015.01.13 18:53:24.270,0.92285,0.92327,1.50,1.00
2015.01.13 18:53:24.493,0.92288,0.92327,1.50,1.00
2015.01.13 18:53:24.576,0.92288,0.92329,1.50,1.00
2015.01.13 18:53:25.656,0.92288,0.92329,1.75,1.00
2015.01.13 18:53:26.143,0.92292,0.92333,1.37,1.00
2015.01.13 18:53:26.262,0.92292,0.92333,1.75,1.00
2015.01.13 18:53:26.563,0.92292,0.92332,1.37,1.00
2015.01.13 18:53:26.664,0.92292,0.92333,1.37,1.00
2015.01.13 18:53:27.134,0.92293,0.92331,1.37,1.00
2015.01.13 18:53:27.184,0.92293,0.92331,1.12,1.00
2015.01.13 18:53:27.235,0.92293,0.92329,1.12,1.00
2015.01.13 18:53:27.476,0.92287,0.92333,1.50,1.37
2015.01.13 18:53:27.587,0.92288,0.92333,1.37,1.37
2015.01.13 18:53:27.969,0.92286,0.92333,1.37,1.37
2015.01.13 18:53:28.271,0.92287,0.92337,1.75,1.87
2015.01.13 18:53:28.686,0.92288,0.92336,1.75,1.37
2015.01.13 18:53:28.887,0.92287,0.92337,1.75,1.50
2015.01.13 18:53:29.012,0.92287,0.92337,2.25,1.37
2015.01.13 18:53:29.717,0.92288,0.92336,1.12,1.00
2015.01.13 18:53:30.817,0.92288,0.92335,1.37,1.37
2015.01.13 18:53:31.119,0.92288,0.92333,1.37,1.37
2015.01.13 18:53:32.415,0.92283,0.92331,1.37,1.37
2015.01.13 18:53:33.187,0.92283,0.92331,1.75,1.37
2015.01.13 18:53:33.735,0.92283,0.92329,1.12,1.00
2015.01.13 18:53:33.840,0.92283,0.92327,1.12,1.00
2015.01.13 18:53:34.146,0.92283,0.92327,1.37,1.37
2015.01.13 18:53:34.291,0.92283,0.92327,1.12,1.12
2015.01.13 18:53:34.394,0.92283,0.92327,1.37,1.37
2015.01.13 18:53:35.016,0.92282,0.92328,1.37,1.87
2015.01.13 18:53:35.296,0.92283,0.92327,1.37,1.12
2015.01.13 18:53:35.397,0.9228,0.92327,1.00,1.37
2015.01.13 18:53:35.498,0.92275,0.92327,3.37,2.25
2015.01.13 18:53:36.121,0.92275,0.92322,1.87,1.75
2015.01.13 18:53:36.617,0.92272,0.92323,1.75,1.50
2015.01.13 18:53:36.717,0.92273,0.92323,1.75,1.87
2015.01.13 18:53:37.023,0.92272,0.92324,1.75,1.75
2015.01.13 18:53:37.426,0.92272,0.92322,1.87,2.25
2015.01.13 18:53:39.426,0.92271,0.92322,3.00,1.37
2015.01.13 18:53:39.538,0.92275,0.92322,1.37,1.00
2015.01.13 18:53:41.238,0.92278,0.92322,1.37,1.87
2015.01.13 18:53:41.558,0.92278,0.92321,1.00,1.75
2015.01.13 18:53:42.094,0.92273,0.92321,1.37,1.75
2015.01.13 18:53:42.407,0.92273,0.92319,1.75,1.37
2015.01.13 18:53:42.709,0.92278,0.92327,1.37,1.75
2015.01.13 18:53:43.018,0.92278,0.92327,2.25,2.25
2015.01.13 18:53:45.022,0.92279,0.92327,1.75,1.37
2015.01.13 18:53:45.324,0.92282,0.92331,1.75,1.67
2015.01.13 18:53:46.456,0.92288,0.92333,1.37,1.37
2015.01.13 18:53:46.653,0.92288,0.92332,1.12,1.37
2015.01.13 18:53:47.337,0.92288,0.92337,1.75,1.37
2015.01.13 18:53:47.638,0.9229,0.92337,1.75,1.37
2015.01.13 18:53:48.058,0.92289,0.92337,2.25,1.12
2015.01.13 18:53:48.377,0.9229,0.92338,1.50,1.37
2015.01.13 18:53:48.479,0.92287,0.92338,2.25,2.25
2015.01.13 18:53:48.845,0.92283,0.92331,2.25,1.37
2015.01.13 18:53:49.217,0.92284,0.92327,1.12,1.00
2015.01.13 18:53:49.768,0.92283,0.92327,3.00,1.00
2015.01.13 18:53:49.838,0.92284,0.92327,1.12,1.00
2015.01.13 18:53:50.158,0.92282,0.92327,1.75,1.00
2015.01.13 18:53:51.334,0.92296,0.92327,1.00,1.00
2015.01.13 18:53:51.435,0.92296,0.92343,1.87,1.37
2015.01.13 18:53:51.486,0.92296,0.92343,1.50,1.00
2015.01.13 18:53:51.757,0.92301,0.92343,1.50,1.00
2015.01.13 18:53:52.012,0.92298,0.92342,1.50,1.00
2015.01.13 18:53:52.113,0.92298,0.92347,1.50,3.22
2015.01.13 18:53:52.213,0.92295,0.92346,1.00,1.60
2015.01.13 18:53:52.447,0.92298,0.92347,1.00,1.12
2015.01.13 18:53:52.768,0.92296,0.92342,2.25,1.00
2015.01.13 18:53:53.097,0.92293,0.92337,1.00,1.00
2015.01.13 18:53:53.422,0.92291,0.92338,1.75,1.37
2015.01.13 18:53:54.036,0.92289,0.92338,3.00,1.00
2015.01.13 18:53:54.756,0.9229,0.92338,1.75,1.37
2015.01.13 18:53:55.306,0.92291,0.92338,2.25,1.00
2015.01.13 18:53:55.758,0.92292,0.92337,1.87,1.00
2015.01.13 18:53:56.186,0.92296,0.92342,1.87,1.37
2015.01.13 18:53:56.375,0.92296,0.92337,1.87,1.00
2015.01.13 18:53:56.612,0.92298,0.92343,1.12,1.00
2015.01.13 18:53:56.663,0.923,0.92343,1.12,1.00
2015.01.13 18:53:57.186,0.92305,0.92342,1.87,1.00
2015.01.13 18:53:57.488,0.92308,0.92343,1.87,1.00
2015.01.13 18:53:57.689,0.92304,0.92342,1.87,1.00
2015.01.13 18:53:57.846,0.92305,0.92338,1.87,1.00
2015.01.13 18:53:58.386,0.92304,0.92338,1.50,1.00
2015.01.13 18:53:58.897,0.92306,0.92338,1.50,1.00
2015.01.13 18:53:59.157,0.92309,0.92347,1.50,1.37
2015.01.13 18:53:59.208,0.92309,0.92347,1.87,1.12
2015.01.13 18:53:59.309,0.9231,0.92347,1.87,1.00
2015.01.13 18:53:59.853,0.92311,0.92348,1.50,1.12
2015.01.13 18:54:00.037,0.92309,0.92348,1.50,1.12
2015.01.13 18:54:00.698,0.92307,0.92348,1.00,1.37
2015.01.13 18:54:01.379,0.92308,0.92347,1.12,1.37
2015.01.13 18:54:01.806,0.92309,0.92348,1.87,1.12
2015.01.13 18:54:02.126,0.92312,0.92347,1.87,1.00
2015.01.13 18:54:02.378,0.92313,0.92353,1.87,1.00
2015.01.13 18:54:02.429,0.9232,0.92356,1.50,2.62
2015.01.13 18:54:02.731,0.92322,0.92357,1.00,1.37
2015.01.13 18:54:03.034,0.92326,0.92358,1.00,1.50
2015.01.13 18:54:03.337,0.92327,0.92358,1.00,1.00
2015.01.13 18:54:03.971,0.92328,0.92358,1.50,1.00
2015.01.13 18:54:04.072,0.92332,0.92358,1.50,1.00
2015.01.13 18:54:04.123,0.92333,0.92363,1.37,1.00
2015.01.13 18:54:04.337,0.92333,0.9237,1.00,1.12
2015.01.13 18:54:04.488,0.92337,0.92372,1.00,1.75
2015.01.13 18:54:05.595,0.92337,0.92367,1.00,1.00
2015.01.13 18:54:06.117,0.92337,0.92372,1.00,1.00
2015.01.13 18:54:06.346,0.92337,0.92375,1.00,1.00
2015.01.13 18:54:06.397,0.92337,0.92375,1.37,1.00
2015.01.13 18:54:06.447,0.92339,0.92377,1.37,1.12
2015.01.13 18:54:07.051,0.92342,0.92378,1.00,1.00
2015.01.13 18:54:07.846,0.92342,0.92381,1.00,1.37
2015.01.13 18:54:07.947,0.92342,0.92381,1.00,1.37
2015.01.13 18:54:08.077,0.92342,0.92372,1.00,1.00
2015.01.13 18:54:08.615,0.92342,0.9237,1.00,1.67
2015.01.13 18:54:08.666,0.92339,0.9237,1.00,1.67
2015.01.13 18:54:09.169,0.92338,0.92376,1.87,1.12
2015.01.13 18:54:09.270,0.92334,0.92373,1.50,1.12
2015.01.13 18:54:09.537,0.92332,0.92371,2.25,1.12
2015.01.13 18:54:10.042,0.92332,0.92367,2.25,1.00
2015.01.13 18:54:10.142,0.92332,0.92354,2.25,2.47
2015.01.13 18:54:10.243,0.92325,0.92354,1.00,2.47
2015.01.13 18:54:10.294,0.92321,0.92354,1.00,2.47
2015.01.13 18:54:10.395,0.92315,0.92357,1.50,1.12
2015.01.13 18:54:10.445,0.92318,0.92362,1.87,1.75
2015.01.13 18:54:10.747,0.92329,0.92357,1.00,1.75
2015.01.13 18:54:10.798,0.92329,0.92357,1.00,1.00
2015.01.13 18:54:10.949,0.92329,0.92362,1.12,1.00
2015.01.13 18:54:11.150,0.92328,0.92357,1.00,1.00
2015.01.13 18:54:11.311,0.92326,0.92357,1.12,1.00
2015.01.13 18:54:11.412,0.92326,0.92362,2.62,1.00
2015.01.13 18:54:11.613,0.92326,0.92358,2.25,1.00
2015.01.13 18:54:12.008,0.92329,0.92358,1.00,1.00
2015.01.13 18:54:12.411,0.92324,0.92358,2.25,1.00
2015.01.13 18:54:12.508,0.92328,0.92358,1.00,1.00
2015.01.13 18:54:13.167,0.92328,0.92361,1.00,1.12
2015.01.13 18:54:13.218,0.92324,0.9236,1.00,2.85
2015.01.13 18:54:13.369,0.92324,0.92352,1.00,1.00
2015.01.13 18:54:13.621,0.9232,0.92352,1.00,1.00
2015.01.13 18:54:14.762,0.92319,0.92352,1.12,1.00
2015.01.13 18:54:14.934,0.92319,0.92352,2.62,1.00
2015.01.13 18:54:16.441,0.92323,0.92352,1.00,1.00
2015.01.13 18:54:17.042,0.92322,0.92352,1.12,1.00
2015.01.13 18:54:19.177,0.92322,0.92353,1.12,1.00
2015.01.13 18:54:19.286,0.92322,0.92357,1.12,1.35
2015.01.13 18:54:19.617,0.92323,0.92352,1.00,1.00
2015.01.13 18:54:21.355,0.92323,0.92352,1.37,1.00
2015.01.13 18:54:21.405,0.92327,0.92357,1.00,2.10
2015.01.13 18:54:21.815,0.92327,0.92357,1.37,1.50
2015.01.13 18:54:22.755,0.92329,0.92362,1.12,1.12
2015.01.13 18:54:22.906,0.92325,0.92365,1.37,1.12
2015.01.13 18:54:23.007,0.92325,0.92363,1.12,1.37
2015.01.13 18:54:23.135,0.92325,0.92357,1.12,1.00
2015.01.13 18:54:23.580,0.92331,0.92357,1.00,1.00
2015.01.13 18:54:24.238,0.92326,0.92357,1.12,1.00
2015.01.13 18:54:24.440,0.92328,0.92357,1.00,1.00
2015.01.13 18:54:24.786,0.92329,0.92362,1.00,1.12
2015.01.13 18:54:25.212,0.92325,0.92367,1.37,1.87
2015.01.13 18:54:25.313,0.92325,0.92365,1.12,1.12
2015.01.13 18:54:25.364,0.92325,0.92358,1.12,1.00
2015.01.13 18:54:25.725,0.92322,0.92357,1.50,1.75
2015.01.13 18:54:26.106,0.92322,0.92353,1.50,1.00
2015.01.13 18:54:26.325,0.92321,0.92361,1.12,1.12
2015.01.13 18:54:26.376,0.9232,0.92361,1.87,1.12
2015.01.13 18:54:26.678,0.92326,0.92362,1.87,1.75
2015.01.13 18:54:26.829,0.92326,0.92362,1.87,1.00
2015.01.13 18:54:26.930,0.92326,0.92367,1.50,1.00
2015.01.13 18:54:27.191,0.92329,0.92368,1.00,1.37
2015.01.13 18:54:27.291,0.92327,0.92368,1.12,1.37
2015.01.13 18:54:27.543,0.92327,0.92362,1.00,1.00
2015.01.13 18:54:27.845,0.9233,0.92362,1.00,1.00
2015.01.13 18:54:28.097,0.9233,0.92368,1.00,1.37
2015.01.13 18:54:28.638,0.9233,0.92368,1.00,1.00
2015.01.13 18:54:29.193,0.92331,0.92368,1.00,1.00
2015.01.13 18:54:29.787,0.92331,0.92368,1.37,1.00
2015.01.13 18:54:30.309,0.92332,0.92367,1.00,1.00
2015.01.13 18:54:30.460,0.9233,0.92367,1.00,1.00
2015.01.13 18:54:30.561,0.92327,0.92367,1.00,1.00
2015.01.13 18:54:31.030,0.92328,0.92367,1.00,1.37
2015.01.13 18:54:31.288,0.92328,0.92367,1.00,1.00
2015.01.13 18:54:31.859,0.92328,0.92367,1.00,1.37
2015.01.13 18:54:32.391,0.92329,0.92367,1.00,1.00
2015.01.13 18:54:33.483,0.9233,0.92367,1.00,1.00
2015.01.13 18:54:34.135,0.9233,0.92362,1.00,1.00
2015.01.13 18:54:36.470,0.92329,0.92362,1.00,1.00
2015.01.13 18:54:36.742,0.92324,0.92361,1.00,1.37
2015.01.13 18:54:36.894,0.92325,0.92353,1.50,1.00
2015.01.13 18:54:37.327,0.92325,0.92358,1.00,1.00
2015.01.13 18:54:38.692,0.9232,0.92358,2.25,1.00
2015.01.13 18:54:38.893,0.92327,0.92358,1.00,1.00
2015.01.13 18:54:39.452,0.92328,0.92357,1.00,1.00
2015.01.13 18:54:40.025,0.92327,0.92357,1.00,1.00
2015.01.13 18:54:41.931,0.92328,0.92357,1.00,1.00
2015.01.13 18:54:42.519,0.92327,0.92357,1.00,1.00
2015.01.13 18:54:43.082,0.92327,0.92358,1.00,1.00
2015.01.13 18:54:45.702,0.92328,0.92358,1.00,1.00
2015.01.13 18:54:48.437,0.92324,0.92358,1.37,1.00
2015.01.13 18:54:48.538,0.92324,0.92358,1.00,1.00
2015.01.13 18:54:48.689,0.92318,0.92357,1.37,1.50
2015.01.13 18:54:49.192,0.92315,0.92358,1.37,1.00
2015.01.13 18:54:50.015,0.92315,0.92358,1.37,1.12
2015.01.13 18:54:54.357,0.92315,0.9236,1.37,1.12
2015.01.13 18:54:54.835,0.92315,0.9236,1.37,1.37
2015.01.13 18:54:54.936,0.92315,0.9236,1.37,1.00
2015.01.13 18:54:55.448,0.92319,0.92362,1.00,1.37
2015.01.13 18:54:55.779,0.92319,0.92362,1.37,1.37
2015.01.13 18:54:56.896,0.92322,0.92365,1.00,1.12
2015.01.13 18:54:57.160,0.92322,0.92367,1.75,1.50
2015.01.13 18:54:57.211,0.92326,0.92368,1.87,1.12
2015.01.13 18:54:57.312,0.92337,0.92368,1.00,1.00
2015.01.13 18:54:57.413,0.9234,0.92383,1.00,1.87
2015.01.13 18:54:57.513,0.92346,0.92383,1.00,1.75
2015.01.13 18:54:57.614,0.92341,0.92387,1.50,2.25
2015.01.13 18:54:57.766,0.9234,0.92388,1.00,1.00
2015.01.13 18:54:57.816,0.92342,0.92388,1.00,1.00
2015.01.13 18:54:58.270,0.92346,0.92387,1.12,1.12
2015.01.13 18:54:59.094,0.92346,0.92387,1.00,1.50
2015.01.13 18:54:59.145,0.9234,0.92387,1.87,1.50
2015.01.13 18:54:59.195,0.92338,0.92387,1.37,1.75
2015.01.13 18:54:59.296,0.92338,0.92386,1.37,1.75
2015.01.13 18:54:59.397,0.92338,0.92386,1.00,1.75
2015.01.13 18:54:59.710,0.92332,0.9238,1.37,1.75
2015.01.13 18:55:00.397,0.92333,0.92381,1.00,1.50
2015.01.13 18:55:00.497,0.92333,0.92382,1.12,2.25
2015.01.13 18:55:04.195,0.92333,0.92378,1.00,2.25
2015.01.13 18:55:04.396,0.92333,0.92377,1.00,1.37
2015.01.13 18:55:04.497,0.92333,0.92377,1.00,1.12
2015.01.13 18:55:05.174,0.92332,0.92376,1.00,1.75
2015.01.13 18:55:05.878,0.92333,0.92376,1.00,1.75
2015.01.13 18:55:09.387,0.9233,0.92376,1.37,1.12
2015.01.13 18:55:09.716,0.9233,0.92372,1.00,1.37
2015.01.13 18:55:10.062,0.9233,0.92372,1.00,1.75
2015.01.13 18:55:10.113,0.92328,0.92371,1.12,1.50
2015.01.13 18:55:10.163,0.92321,0.92371,1.37,1.75
2015.01.13 18:55:10.721,0.92323,0.92368,1.00,2.25
2015.01.13 18:55:10.979,0.92323,0.92367,1.00,2.25
2015.01.13 18:55:11.208,0.92323,0.92367,1.00,1.75
2015.01.13 18:55:12.672,0.92323,0.92367,1.00,1.75
2015.01.13 18:55:13.176,0.92323,0.92367,1.00,2.25
2015.01.13 18:55:13.277,0.92323,0.92368,1.00,3.00
2015.01.13 18:55:13.503,0.92323,0.92368,1.00,3.00
2015.01.13 18:55:13.805,0.92323,0.92363,1.00,1.75
2015.01.13 18:55:14.559,0.92322,0.92363,1.00,1.87
2015.01.13 18:55:14.714,0.92322,0.92363,1.00,1.12
2015.01.13 18:55:14.916,0.92317,0.92363,1.00,2.62
2015.01.13 18:55:14.986,0.92317,0.92363,1.00,2.62
2015.01.13 18:55:15.238,0.92313,0.92359,1.00,1.75
2015.01.13 18:55:15.540,0.92312,0.92351,1.00,1.37
2015.01.13 18:55:15.641,0.92307,0.92351,1.00,1.37
2015.01.13 18:55:15.997,0.92307,0.92351,1.00,1.12
2015.01.13 18:55:16.403,0.92307,0.92351,1.00,1.37
2015.01.13 18:55:16.907,0.92307,0.92353,1.12,2.25
2015.01.13 18:55:17.007,0.92313,0.92353,1.00,1.75
2015.01.13 18:55:17.139,0.92313,0.92353,1.00,1.12
2015.01.13 18:55:17.240,0.92314,0.92356,1.87,1.12
2015.01.13 18:55:17.341,0.92318,0.92359,1.87,1.37
2015.01.13 18:55:18.183,0.92319,0.92367,1.37,1.37
2015.01.13 18:55:19.456,0.92318,0.92367,2.25,1.37
2015.01.13 18:55:20.257,0.9232,0.92372,1.75,1.87
2015.01.13 18:55:20.536,0.92323,0.92372,1.37,2.62
2015.01.13 18:55:20.637,0.92323,0.92372,1.37,2.62
2015.01.13 18:55:20.877,0.92323,0.92372,1.12,2.62
2015.01.13 18:55:21.940,0.92323,0.92372,1.75,1.87
2015.01.13 18:55:22.252,0.92329,0.92381,1.12,1.37
2015.01.13 18:55:22.403,0.92333,0.92382,1.00,1.37
2015.01.13 18:55:22.710,0.92333,0.92382,1.37,1.50
2015.01.13 18:55:23.194,0.92338,0.92382,1.00,1.50
2015.01.13 18:55:23.295,0.92335,0.92382,3.00,1.00
2015.01.13 18:55:23.395,0.92334,0.92382,1.12,1.00
2015.01.13 18:55:23.848,0.92334,0.92382,1.12,1.37
2015.01.13 18:55:24.150,0.92334,0.92382,1.37,1.00
2015.01.13 18:55:27.713,0.92334,0.92382,1.50,1.37
2015.01.13 18:55:27.764,0.92334,0.92382,1.37,1.00
2015.01.13 18:55:27.865,0.92334,0.92382,1.50,1.37
2015.01.13 18:55:29.983,0.92337,0.92382,1.50,1.00
2015.01.13 18:55:37.106,0.92341,0.92383,1.37,1.00
2015.01.13 18:55:37.411,0.92344,0.92383,1.50,1.00
2015.01.13 18:55:37.816,0.92347,0.92383,1.50,1.00
2015.01.13 18:55:37.918,0.92345,0.92384,1.50,1.00
2015.01.13 18:55:38.186,0.92347,0.92386,1.00,1.37
2015.01.13 18:55:38.554,0.92348,0.92387,3.00,1.75
2015.01.13 18:55:38.816,0.92348,0.92387,2.62,1.75
2015.01.13 18:55:39.545,0.92349,0.92393,1.37,1.75
2015.01.13 18:55:39.698,0.92349,0.92393,1.37,1.00
2015.01.13 18:55:40.206,0.92349,0.92392,1.12,1.00
2015.01.13 18:55:41.141,0.92344,0.92392,2.62,1.37
2015.01.13 18:55:41.677,0.92345,0.92392,1.87,1.37
2015.01.13 18:55:41.777,0.92347,0.92392,1.00,1.00
2015.01.13 18:55:42.388,0.92345,0.92392,1.37,1.00
2015.01.13 18:55:42.998,0.92347,0.92392,1.00,1.00
2015.01.13 18:55:44.416,0.92344,0.92392,1.37,1.00
2015.01.13 18:55:45.566,0.92344,0.92392,3.37,1.00
2015.01.13 18:55:46.878,0.92344,0.92392,3.75,1.12
2015.01.13 18:55:47.226,0.92344,0.92392,2.62,1.37
2015.01.13 18:55:47.555,0.92343,0.92392,1.87,1.50
2015.01.13 18:55:48.476,0.92343,0.92392,1.87,1.75
2015.01.13 18:55:48.576,0.92343,0.92391,1.00,1.75
2015.01.13 18:55:48.679,0.92342,0.92388,1.00,1.37
2015.01.13 18:55:48.881,0.92342,0.92388,1.00,2.25
2015.01.13 18:55:49.134,0.92339,0.92387,2.62,2.25
2015.01.13 18:55:49.235,0.92338,0.92387,1.00,1.50
2015.01.13 18:55:49.335,0.92338,0.92382,1.00,1.00
2015.01.13 18:55:49.901,0.92338,0.92383,1.05,1.00
2015.01.13 18:55:50.415,0.92339,0.92377,1.00,1.00
2015.01.13 18:55:50.869,0.92338,0.92383,1.60,1.00
2015.01.13 18:55:50.986,0.92339,0.92383,1.35,1.75
2015.01.13 18:55:51.168,0.92339,0.92383,1.72,1.37
2015.01.13 18:55:54.859,0.92338,0.92378,1.37,1.00
2015.01.13 18:55:55.160,0.92337,0.92379,1.57,1.12
2015.01.13 18:55:55.686,0.92338,0.92377,1.12,1.12
2015.01.13 18:55:55.937,0.92336,0.92373,1.00,1.00
2015.01.13 18:55:56.089,0.92338,0.92378,1.12,1.75
2015.01.13 18:55:56.391,0.92334,0.92377,1.37,1.12
2015.01.13 18:55:56.492,0.92334,0.92378,1.37,1.87
2015.01.13 18:55:56.542,0.92334,0.92382,1.37,1.87
2015.01.13 18:55:56.593,0.92334,0.92379,1.50,1.00
2015.01.13 18:55:56.894,0.92337,0.92372,1.37,1.00
2015.01.13 18:55:57.075,0.92339,0.92377,1.12,1.00
2015.01.13 18:55:57.692,0.9234,0.92377,1.00,1.00
2015.01.13 18:55:58.208,0.9234,0.92377,1.37,1.00
2015.01.13 18:55:58.285,0.9234,0.92377,1.37,1.00
2015.01.13 18:55:59.176,0.9234,0.92377,1.37,1.00
2015.01.13 18:55:59.276,0.92339,0.92377,1.37,1.00
2015.01.13 18:55:59.384,0.92339,0.92383,1.37,1.12
2015.01.13 18:55:59.577,0.92339,0.92383,1.37,1.37
2015.01.13 18:55:59.879,0.92336,0.92377,1.75,1.00
2015.01.13 18:56:00.134,0.92343,0.92382,1.37,1.00
2015.01.13 18:56:00.716,0.92343,0.92382,1.37,1.00
2015.01.13 18:56:01.221,0.92339,0.92382,1.50,1.12
2015.01.13 18:56:11.025,0.92342,0.92383,1.12,1.37
2015.01.13 18:56:11.104,0.92342,0.92383,1.00,1.50
2015.01.13 18:56:11.155,0.92338,0.92382,1.50,1.37
2015.01.13 18:56:11.205,0.92333,0.92381,1.12,1.75
2015.01.13 18:56:11.407,0.92327,0.92374,1.00,1.75
2015.01.13 18:56:11.618,0.92324,0.92373,1.12,1.75
2015.01.13 18:56:12.215,0.92323,0.92373,1.00,1.75
2015.01.13 18:56:12.915,0.92323,0.92373,1.00,2.25
2015.01.13 18:56:13.111,0.92323,0.92372,1.00,1.00
2015.01.13 18:56:13.212,0.92322,0.9237,1.12,1.50
2015.01.13 18:56:13.814,0.92322,0.9237,1.00,1.37
2015.01.13 18:56:14.215,0.92322,0.9237,1.00,1.75
2015.01.13 18:56:15.720,0.92323,0.92369,1.00,1.75
2015.01.13 18:56:17.022,0.92323,0.92369,1.00,1.37
2015.01.13 18:56:18.942,0.92322,0.92369,1.00,1.75
2015.01.13 18:56:19.865,0.92318,0.92361,1.87,2.05
2015.01.13 18:56:19.966,0.92318,0.92354,1.00,1.12
2015.01.13 18:56:20.511,0.92317,0.92354,1.12,1.12
2015.01.13 18:56:22.055,0.92317,0.92352,1.00,2.05
2015.01.13 18:56:22.375,0.92312,0.92348,1.37,1.00
2015.01.13 18:56:22.549,0.92312,0.92348,1.37,1.00
2015.01.13 18:56:23.134,0.92311,0.92347,1.37,1.00
2015.01.13 18:56:24.568,0.92311,0.92343,1.37,2.10
2015.01.13 18:56:24.669,0.92311,0.92343,1.00,2.10
2015.01.13 18:56:24.770,0.92306,0.92343,1.00,2.47
2015.01.13 18:56:24.871,0.92303,0.92343,1.75,2.10
2015.01.13 18:56:25.002,0.92304,0.92342,1.75,1.00
2015.01.13 18:56:25.106,0.92308,0.92347,1.37,1.00
2015.01.13 18:56:25.257,0.92308,0.92347,2.25,1.00
2015.01.13 18:56:26.477,0.92311,0.92347,1.37,1.00
2015.01.13 18:56:28.674,0.92311,0.92347,1.50,1.00
2015.01.13 18:56:29.784,0.92308,0.92347,2.25,1.00
2015.01.13 18:56:29.885,0.92308,0.92343,1.75,1.00
2015.01.13 18:56:30.186,0.92309,0.92347,1.50,1.00
2015.01.13 18:56:31.643,0.92308,0.92347,1.75,1.00
2015.01.13 18:56:32.804,0.92309,0.92348,1.75,1.12
2015.01.13 18:56:33.278,0.92307,0.92348,1.75,1.12
2015.01.13 18:56:33.379,0.92304,0.92342,2.25,1.00
2015.01.13 18:56:33.884,0.92304,0.92342,2.25,1.00
2015.01.13 18:56:35.050,0.92304,0.92342,1.37,1.00
2015.01.13 18:56:47.214,0.92307,0.92348,1.37,1.87
2015.01.13 18:56:51.286,0.92304,0.92342,1.37,1.00
2015.01.13 18:56:52.384,0.92308,0.92347,1.12,1.75
2015.01.13 18:56:53.054,0.92308,0.92347,1.12,1.75
2015.01.13 18:56:53.154,0.92304,0.92337,1.37,1.00
2015.01.13 18:56:57.447,0.92304,0.92338,1.37,1.00
2015.01.13 18:56:58.051,0.92304,0.92337,1.37,1.00
2015.01.13 18:56:58.657,0.92304,0.92333,1.37,1.00
2015.01.13 18:56:59.095,0.92304,0.92337,1.37,1.00
2015.01.13 18:56:59.364,0.92304,0.92328,1.37,1.00
2015.01.13 18:57:00.628,0.92303,0.92328,1.87,1.00
2015.01.13 18:57:06.358,0.92302,0.92333,1.37,1.00
2015.01.13 18:57:08.504,0.92303,0.92333,1.37,1.00
2015.01.13 18:57:08.555,0.92303,0.92328,1.37,1.00
2015.01.13 18:57:09.594,0.92303,0.92333,1.37,1.00
2015.01.13 18:57:09.695,0.92301,0.92333,1.50,1.00
2015.01.13 18:57:09.947,0.92301,0.92333,1.75,1.00
2015.01.13 18:57:10.864,0.92304,0.92337,1.75,1.00
2015.01.13 18:57:11.085,0.92304,0.92332,1.75,1.00
2015.01.13 18:57:15.894,0.92302,0.92333,1.35,1.00
2015.01.13 18:57:16.627,0.92302,0.92332,1.35,1.00
2015.01.13 18:57:17.667,0.92302,0.92332,1.35,1.00
2015.01.13 18:57:22.334,0.92302,0.92333,1.35,1.00
2015.01.13 18:57:23.104,0.92302,0.92332,1.35,1.00
2015.01.13 18:57:26.626,0.92302,0.92333,1.35,1.00
2015.01.13 18:57:27.192,0.92302,0.92332,1.35,1.00
2015.01.13 18:57:33.888,0.92302,0.92333,1.35,1.00
2015.01.13 18:57:34.554,0.92302,0.92332,1.35,1.00
2015.01.13 18:57:40.613,0.92302,0.92327,1.35,1.00
2015.01.13 18:57:40.664,0.92301,0.92327,1.35,1.00
2015.01.13 18:57:41.363,0.923,0.92328,2.25,1.00
2015.01.13 18:57:41.947,0.923,0.92328,1.87,1.00
2015.01.13 18:57:42.098,0.92297,0.92328,1.37,1.00
2015.01.13 18:57:42.374,0.92297,0.92327,1.12,1.00
2015.01.13 18:57:42.581,0.92294,0.92323,1.12,1.00
2015.01.13 18:57:43.088,0.92295,0.92323,1.00,1.00
2015.01.13 18:57:43.189,0.92286,0.92322,1.75,1.00
2015.01.13 18:57:43.290,0.92285,0.92322,2.25,1.00
2015.01.13 18:57:43.595,0.92285,0.92318,1.87,1.00
2015.01.13 18:57:43.696,0.92285,0.92318,1.37,1.00
2015.01.13 18:57:43.998,0.92285,0.92317,2.25,1.00
2015.01.13 18:57:44.662,0.92285,0.92323,2.25,1.00
2015.01.13 18:57:44.856,0.92285,0.92323,2.25,1.00
2015.01.13 18:57:45.543,0.92285,0.92322,2.25,1.00
2015.01.13 18:57:45.885,0.92286,0.92323,4.50,1.00
2015.01.13 18:57:46.663,0.92288,0.92323,1.37,1.00
2015.01.13 18:57:47.664,0.92288,0.92327,1.37,1.00
2015.01.13 18:57:47.853,0.92288,0.92323,1.37,1.00
2015.01.13 18:57:49.644,0.92288,0.92327,1.37,1.00
2015.01.13 18:57:49.835,0.92288,0.92322,1.37,1.00
2015.01.13 18:57:52.803,0.92284,0.92323,1.75,1.00
2015.01.13 18:57:53.384,0.92284,0.92322,3.00,1.00
2015.01.13 18:57:59.618,0.92285,0.92322,1.12,1.00
2015.01.13 18:57:59.869,0.92288,0.92327,1.75,1.00
2015.01.13 18:58:01.383,0.92287,0.92322,3.00,1.00
2015.01.13 18:58:02.373,0.92287,0.92328,3.75,1.00
2015.01.13 18:58:14.363,0.92287,0.92322,4.50,1.00
2015.01.13 18:58:25.754,0.92289,0.92322,1.87,1.00
2015.01.13 18:58:26.310,0.92287,0.92323,1.37,1.00
2015.01.13 18:58:26.970,0.92287,0.92322,1.37,1.00
2015.01.13 18:58:27.593,0.92287,0.92323,1.37,1.00
2015.01.13 18:58:29.895,0.92287,0.92322,1.37,1.00
2015.01.13 18:58:30.097,0.92284,0.92317,2.10,1.00
2015.01.13 18:58:30.326,0.92285,0.92323,2.25,1.00
2015.01.13 18:58:30.895,0.92286,0.92323,1.37,1.00
2015.01.13 18:58:31.312,0.92286,0.92323,1.75,1.00
2015.01.13 18:58:31.922,0.92286,0.92322,1.75,1.00
2015.01.13 18:58:47.362,0.92286,0.92317,1.75,1.00
2015.01.13 18:58:48.925,0.92286,0.92323,1.75,1.00
2015.01.13 18:58:49.434,0.9229,0.92323,1.37,1.00
2015.01.13 18:58:50.336,0.92291,0.92322,1.37,1.00
2015.01.13 18:58:56.246,0.9229,0.92318,1.37,1.00
2015.01.13 18:58:57.343,0.9229,0.92322,1.37,1.00
2015.01.13 18:58:58.335,0.9229,0.92323,1.37,1.00
2015.01.13 18:59:00.362,0.92289,0.92322,3.00,1.00
2015.01.13 18:59:01.857,0.92289,0.92322,2.25,1.00
2015.01.13 18:59:03.886,0.92294,0.92322,3.00,1.00
2015.01.13 18:59:04.091,0.92296,0.92327,1.75,1.00
2015.01.13 18:59:04.399,0.92298,0.92332,1.75,1.00
2015.01.13 18:59:05.859,0.92299,0.92333,1.75,1.00
2015.01.13 18:59:05.910,0.92299,0.92333,1.75,1.00
2015.01.13 18:59:06.141,0.92303,0.92338,1.75,1.00
2015.01.13 18:59:06.643,0.92303,0.92337,1.75,1.00
2015.01.13 18:59:07.016,0.92303,0.92337,1.75,1.00
2015.01.13 18:59:07.382,0.92302,0.92342,2.25,1.00
2015.01.13 18:59:07.911,0.92302,0.92343,3.00,1.00
2015.01.13 18:59:08.394,0.92302,0.92343,2.25,1.00
2015.01.13 18:59:08.595,0.92302,0.92338,2.25,1.00
2015.01.13 18:59:09.112,0.92302,0.92337,1.75,1.00
2015.01.13 18:59:09.308,0.92299,0.92337,1.75,1.00
2015.01.13 18:59:09.359,0.92299,0.92332,1.75,1.00
2015.01.13 18:59:09.661,0.92302,0.92332,1.75,1.00
2015.01.13 18:59:09.711,0.92302,0.92337,1.75,1.00
2015.01.13 18:59:12.305,0.92302,0.92342,1.75,1.00
2015.01.13 18:59:13.183,0.92302,0.92343,1.75,1.00
2015.01.13 18:59:15.383,0.92302,0.92342,1.75,1.00
2015.01.13 18:59:15.637,0.92302,0.9235,1.75,1.00
2015.01.13 18:59:15.891,0.92305,0.92353,1.75,1.12
2015.01.13 18:59:19.341,0.92305,0.92352,1.75,1.00
2015.01.13 18:59:21.106,0.92306,0.92353,1.75,1.50
2015.01.13 18:59:21.642,0.92305,0.92353,1.75,1.87
2015.01.13 18:59:21.843,0.92303,0.92351,2.25,1.75
2015.01.13 18:59:21.944,0.92299,0.9235,2.10,1.37
2015.01.13 18:59:22.295,0.92302,0.92347,1.75,1.87
2015.01.13 18:59:22.627,0.92302,0.92347,2.25,1.00
2015.01.13 18:59:23.165,0.92302,0.92348,1.75,1.00
2015.01.13 18:59:23.555,0.92303,0.92347,2.25,1.00
2015.01.13 18:59:23.656,0.92308,0.9235,2.10,1.00
2015.01.13 18:59:23.757,0.92313,0.9235,1.35,1.00
2015.01.13 18:59:23.808,0.92313,0.92352,1.35,1.00
2015.01.13 18:59:23.908,0.92313,0.92356,1.67,1.00
2015.01.13 18:59:23.959,0.92311,0.92356,4.35,1.12
2015.01.13 18:59:24.010,0.92311,0.92354,2.85,1.00
2015.01.13 18:59:24.323,0.92311,0.92358,1.75,2.25
2015.01.13 18:59:24.652,0.92311,0.92356,1.75,1.00
2015.01.13 18:59:24.866,0.92309,0.92356,1.75,1.00
2015.01.13 18:59:24.917,0.92312,0.92358,1.75,1.50
2015.01.13 18:59:24.967,0.92312,0.92358,1.75,1.50
2015.01.13 18:59:26.431,0.92317,0.92361,1.75,1.00
2015.01.13 18:59:26.542,0.92312,0.92362,2.25,1.12
2015.01.13 18:59:26.643,0.92312,0.92362,2.25,1.37
2015.01.13 18:59:26.945,0.92314,0.92357,1.75,1.00
2015.01.13 18:59:28.851,0.92313,0.92363,2.25,1.37
2015.01.13 18:59:28.952,0.92313,0.92363,2.25,1.37
2015.01.13 18:59:29.153,0.92309,0.92358,1.75,1.12
2015.01.13 18:59:29.754,0.92309,0.92357,1.75,1.00
2015.01.13 18:59:30.085,0.92308,0.92346,1.75,1.00
2015.01.13 18:59:30.186,0.92308,0.92346,1.50,1.00
2015.01.13 18:59:30.236,0.92308,0.9234,1.50,1.00
2015.01.13 18:59:30.574,0.92308,0.9234,1.00,1.00
2015.01.13 18:59:30.831,0.92302,0.9234,1.50,1.00
2015.01.13 18:59:31.359,0.92303,0.92339,1.87,1.00
2015.01.13 18:59:31.655,0.92304,0.92347,1.75,1.00
2015.01.13 18:59:31.756,0.92309,0.92357,1.75,1.37
2015.01.13 18:59:31.907,0.92309,0.92352,1.75,1.00
2015.01.13 18:59:33.750,0.92309,0.92352,1.50,1.00
2015.01.13 18:59:35.155,0.92309,0.92352,1.37,1.12
2015.01.13 18:59:35.401,0.92309,0.92347,1.37,1.00
2015.01.13 18:59:43.092,0.92309,0.92347,1.37,1.00
2015.01.13 18:59:44.973,0.92311,0.92348,1.37,1.00
2015.01.13 18:59:46.577,0.92314,0.92348,1.00,1.00
2015.01.13 18:59:47.488,0.92317,0.92348,1.00,1.00
2015.01.13 18:59:47.792,0.92326,0.92353,1.00,1.00
2015.01.13 18:59:48.405,0.92325,0.92352,1.00,1.00
2015.01.13 18:59:48.810,0.9233,0.92352,1.00,1.00
2015.01.13 18:59:48.912,0.92326,0.92352,1.00,1.00
2015.01.13 18:59:49.423,0.92322,0.92352,1.37,1.00
2015.01.13 18:59:49.913,0.92322,0.92352,1.37,1.00
2015.01.13 18:59:50.552,0.92327,0.92352,1.37,1.00
2015.01.13 18:59:50.603,0.92327,0.92363,1.37,1.00
2015.01.13 18:59:50.754,0.9233,0.92363,1.00,1.00
2015.01.13 18:59:51.056,0.92333,0.92357,1.00,1.00
2015.01.13 18:59:51.361,0.92334,0.92362,1.00,1.00
2015.01.13 18:59:51.906,0.92334,0.92367,1.00,1.00
2015.01.13 18:59:52.311,0.92338,0.92368,1.00,1.00
2015.01.13 18:59:52.613,0.92346,0.92373,1.00,1.00
2015.01.13 18:59:52.915,0.9235,0.92372,1.00,1.00
2015.01.13 18:59:53.323,0.92352,0.92373,1.00,1.00
2015.01.13 18:59:53.424,0.92349,0.92373,1.00,1.00
2015.01.13 18:59:53.897,0.92344,0.92373,1.00,1.00
2015.01.13 18:59:54.425,0.92344,0.92372,1.00,1.00
2015.01.13 18:59:55.310,0.92344,0.92373,1.00,1.00
2015.01.13 18:59:55.845,0.92345,0.92373,1.00,1.00
2015.01.13 18:59:55.946,0.92338,0.92373,1.00,1.00
2015.01.13 18:59:56.655,0.92339,0.92372,1.00,1.00
2015.01.13 18:59:57.705,0.92344,0.92372,1.00,1.00
2015.01.13 18:59:58.306,0.92343,0.92373,1.00,1.00
2015.01.13 18:59:58.682,0.9234,0.92373,1.00,1.00
2015.01.13 18:59:59.255,0.9234,0.92372,1.00,1.00
