2016.09.28 22:00:00.136,0.95194,0.95241,0.75,0.75
2016.09.28 22:00:00.291,0.95202,0.95244,0.75,0.75
2016.09.28 22:00:00.342,0.95202,0.95244,0.75,0.75
2016.09.28 22:00:00.392,0.95205,0.95246,0.75,0.75
2016.09.28 22:00:00.443,0.95205,0.95246,0.75,0.75
2016.09.28 22:00:00.674,0.95209,0.9525,0.75,0.75
2016.09.28 22:00:00.726,0.95213,0.95256,0.75,0.75
2016.09.28 22:00:00.881,0.95211,0.95256,0.75,0.75
2016.09.28 22:00:01.575,0.95211,0.95255,0.75,0.75
2016.09.28 22:00:01.676,0.95211,0.95251,0.75,0.75
2016.09.28 22:00:01.849,0.952,0.95248,0.75,0.75
2016.09.28 22:00:01.900,0.952,0.95243,0.75,0.75
2016.09.28 22:00:02.188,0.95197,0.95242,0.75,0.75
2016.09.28 22:00:02.238,0.95194,0.95242,0.75,0.75
2016.09.28 22:00:02.289,0.95194,0.9524,0.75,0.75
2016.09.28 22:00:02.390,0.95193,0.95237,0.75,0.75
2016.09.28 22:00:02.491,0.95188,0.95237,0.75,0.75
2016.09.28 22:00:02.693,0.95185,0.95232,0.75,0.75
2016.09.28 22:00:02.795,0.95185,0.95229,0.75,0.75
2016.09.28 22:00:02.896,0.95187,0.9523,0.75,0.75
2016.09.28 22:00:03.096,0.95183,0.95228,0.75,0.75
2016.09.28 22:00:03.223,0.95184,0.95228,0.75,0.75
2016.09.28 22:00:03.325,0.95181,0.95228,0.75,0.75
2016.09.28 22:00:03.663,0.9518,0.95224,0.75,0.75
2016.09.28 22:00:03.713,0.95178,0.95224,0.75,0.75
2016.09.28 22:00:04.241,0.95178,0.95225,0.75,0.75
2016.09.28 22:00:04.377,0.95178,0.95225,0.75,0.75
2016.09.28 22:00:04.515,0.95175,0.95225,0.75,0.75
2016.09.28 22:00:04.678,0.95176,0.95227,0.75,0.75
2016.09.28 22:00:04.880,0.95176,0.95225,0.75,0.75
2016.09.28 22:00:05.217,0.95176,0.95223,0.75,0.75
2016.09.28 22:00:05.548,0.95176,0.95227,0.75,0.75
2016.09.28 22:00:05.599,0.95173,0.95226,0.75,0.75
2016.09.28 22:00:05.765,0.95173,0.95227,0.75,1.50
2016.09.28 22:00:05.816,0.95173,0.95227,0.75,1.50
2016.09.28 22:00:05.866,0.95173,0.95224,0.75,0.75
2016.09.28 22:00:06.512,0.95171,0.95223,0.75,0.75
2016.09.28 22:00:06.591,0.95168,0.95221,0.75,0.75
2016.09.28 22:00:06.692,0.95168,0.95222,1.50,1.50
2016.09.28 22:00:06.743,0.95171,0.95222,0.75,0.75
2016.09.28 22:00:07.293,0.95172,0.95222,0.75,0.75
2016.09.28 22:00:07.386,0.95172,0.95222,0.75,0.75
2016.09.28 22:00:07.569,0.95172,0.95224,0.75,0.75
2016.09.28 22:00:08.073,0.95172,0.95217,0.75,0.75
2016.09.28 22:00:08.623,0.95172,0.95216,0.75,0.75
2016.09.28 22:00:09.166,0.95173,0.95216,0.75,0.75
2016.09.28 22:00:09.725,0.95172,0.95215,0.75,0.75
2016.09.28 22:00:10.272,0.95172,0.95207,0.75,0.75
2016.09.28 22:00:10.323,0.95169,0.95207,0.75,0.75
2016.09.28 22:00:10.458,0.95167,0.95207,1.87,0.75
2016.09.28 22:00:10.508,0.95169,0.95212,0.75,0.75
2016.09.28 22:00:10.609,0.95172,0.95216,0.37,0.75
2016.09.28 22:00:10.711,0.9517,0.95216,0.75,0.75
2016.09.28 22:00:10.812,0.95173,0.95218,0.75,0.75
2016.09.28 22:00:10.912,0.95172,0.95215,0.75,0.75
2016.09.28 22:00:11.402,0.95172,0.95211,0.75,0.75
2016.09.28 22:00:11.694,0.95172,0.95211,0.75,0.75
2016.09.28 22:00:11.795,0.95172,0.95216,0.75,0.75
2016.09.28 22:00:11.845,0.95173,0.95216,0.75,0.75
2016.09.28 22:00:11.896,0.95173,0.95216,0.75,0.75
2016.09.28 22:00:12.056,0.95173,0.95216,0.75,0.75
2016.09.28 22:00:12.107,0.95173,0.95216,0.75,0.75
2016.09.28 22:00:12.599,0.95173,0.95216,0.75,0.75
2016.09.28 22:00:12.649,0.95172,0.95216,0.75,0.75
2016.09.28 22:00:12.700,0.95172,0.95216,0.75,0.75
2016.09.28 22:00:12.751,0.9517,0.95216,0.75,0.75
2016.09.28 22:00:12.975,0.9517,0.95214,0.75,0.75
2016.09.28 22:00:13.025,0.9517,0.95213,0.75,0.75
2016.09.28 22:00:13.100,0.9517,0.95213,0.75,0.75
2016.09.28 22:00:13.201,0.9517,0.95222,0.75,0.75
2016.09.28 22:00:13.251,0.95172,0.95222,0.37,0.75
2016.09.28 22:00:13.302,0.95172,0.95222,0.37,0.75
2016.09.28 22:00:13.352,0.95173,0.95222,0.75,0.75
2016.09.28 22:00:13.403,0.95173,0.95219,0.75,0.75
2016.09.28 22:00:13.509,0.95173,0.95217,0.75,0.75
2016.09.28 22:00:13.946,0.95173,0.95214,0.75,0.75
2016.09.28 22:00:14.504,0.95173,0.95216,0.75,0.75
2016.09.28 22:00:15.181,0.95172,0.95215,0.37,0.75
2016.09.28 22:00:15.240,0.95186,0.95231,0.37,0.75
2016.09.28 22:00:15.363,0.95185,0.95231,0.75,0.75
2016.09.28 22:00:15.464,0.95183,0.95231,0.75,0.75
2016.09.28 22:00:15.514,0.95183,0.9522,0.75,0.75
2016.09.28 22:00:15.615,0.9518,0.9522,0.75,0.75
2016.09.28 22:00:16.058,0.95183,0.9522,0.75,0.75
2016.09.28 22:00:16.108,0.95183,0.9522,0.75,0.75
2016.09.28 22:00:16.259,0.9518,0.9522,0.75,0.75
2016.09.28 22:00:16.452,0.9518,0.9522,0.75,0.75
2016.09.28 22:00:16.707,0.9518,0.95223,0.75,0.75
2016.09.28 22:00:16.758,0.9518,0.95223,0.75,0.75
2016.09.28 22:00:16.810,0.9518,0.95223,0.75,0.75
2016.09.28 22:00:16.910,0.9518,0.95223,0.75,0.75
2016.09.28 22:00:17.011,0.9518,0.95223,0.75,0.75
2016.09.28 22:00:17.514,0.9518,0.95222,0.75,0.75
2016.09.28 22:00:17.754,0.9518,0.95222,0.75,0.75
2016.09.28 22:00:18.113,0.95179,0.95222,0.75,0.75
2016.09.28 22:00:18.317,0.9518,0.95222,0.75,0.75
2016.09.28 22:00:18.862,0.9518,0.95223,0.75,0.75
2016.09.28 22:00:19.745,0.95182,0.9522,0.37,0.75
2016.09.28 22:00:19.799,0.95188,0.9523,0.75,0.75
2016.09.28 22:00:19.900,0.95187,0.9523,1.87,0.75
2016.09.28 22:00:19.951,0.95198,0.9523,0.75,0.75
2016.09.28 22:00:20.001,0.95198,0.95239,0.75,0.75
2016.09.28 22:00:20.052,0.95197,0.95239,0.75,0.75
2016.09.28 22:00:20.103,0.95197,0.95231,0.75,0.75
2016.09.28 22:00:20.153,0.95194,0.95231,0.75,0.75
2016.09.28 22:00:20.232,0.95197,0.95237,0.75,0.75
2016.09.28 22:00:20.902,0.95196,0.95238,0.75,0.75
2016.09.28 22:00:21.155,0.95192,0.95236,0.75,0.75
2016.09.28 22:00:21.205,0.95192,0.95232,1.50,0.75
2016.09.28 22:00:21.255,0.95192,0.95232,0.75,0.75
2016.09.28 22:00:21.393,0.95191,0.9523,0.75,0.75
2016.09.28 22:00:21.446,0.95186,0.95229,0.75,0.75
2016.09.28 22:00:21.524,0.95184,0.95226,0.75,0.75
2016.09.28 22:00:21.726,0.95184,0.95232,1.50,0.75
2016.09.28 22:00:22.073,0.95187,0.95232,0.75,0.75
2016.09.28 22:00:22.440,0.95187,0.95228,0.75,0.75
2016.09.28 22:00:22.541,0.95187,0.95228,0.75,0.75
2016.09.28 22:00:22.745,0.95187,0.95234,0.75,0.75
2016.09.28 22:00:22.846,0.95187,0.95229,0.75,0.75
2016.09.28 22:00:23.159,0.95187,0.95233,1.50,0.75
2016.09.28 22:00:23.260,0.95196,0.95236,0.75,0.75
2016.09.28 22:00:23.361,0.95193,0.95236,0.75,0.75
2016.09.28 22:00:23.413,0.95192,0.95231,0.75,0.75
2016.09.28 22:00:23.514,0.95192,0.95234,0.75,0.75
2016.09.28 22:00:23.565,0.95193,0.95234,0.75,0.75
2016.09.28 22:00:23.818,0.95193,0.95231,0.75,0.75
2016.09.28 22:00:23.868,0.95189,0.95231,0.75,0.75
2016.09.28 22:00:23.969,0.95189,0.95231,0.75,0.75
2016.09.28 22:00:24.415,0.95189,0.95233,0.75,0.75
2016.09.28 22:00:24.466,0.95189,0.95233,0.75,0.75
2016.09.28 22:00:24.729,0.95189,0.95231,0.75,0.75
2016.09.28 22:00:24.931,0.95189,0.95233,0.75,0.75
2016.09.28 22:00:25.498,0.95189,0.95234,0.75,0.75
2016.09.28 22:00:25.548,0.95189,0.95236,0.75,0.75
2016.09.28 22:00:26.320,0.95189,0.95235,0.75,0.75
2016.09.28 22:00:26.370,0.95192,0.95235,0.37,0.75
2016.09.28 22:00:26.464,0.95195,0.95238,1.50,0.75
2016.09.28 22:00:26.521,0.95195,0.95233,1.50,0.75
2016.09.28 22:00:26.572,0.95195,0.95233,0.75,0.75
2016.09.28 22:00:26.623,0.95194,0.95237,0.75,0.75
2016.09.28 22:00:26.673,0.95189,0.95237,1.50,0.75
2016.09.28 22:00:26.724,0.95189,0.95231,0.75,0.75
2016.09.28 22:00:26.883,0.95191,0.95231,0.75,0.75
2016.09.28 22:00:27.223,0.95191,0.95236,0.75,0.75
2016.09.28 22:00:27.727,0.95192,0.95236,0.75,0.75
2016.09.28 22:00:27.854,0.95195,0.95236,0.75,0.75
2016.09.28 22:00:28.229,0.95195,0.95232,0.75,0.75
2016.09.28 22:00:28.390,0.95194,0.95232,0.75,0.75
2016.09.28 22:00:28.719,0.95194,0.95228,0.75,0.75
2016.09.28 22:00:28.831,0.95194,0.95233,0.75,0.75
2016.09.28 22:00:29.335,0.95195,0.95237,0.75,0.75
2016.09.28 22:00:29.436,0.95195,0.95233,0.75,0.75
2016.09.28 22:00:30.252,0.95192,0.95236,0.75,0.75
2016.09.28 22:00:30.363,0.95192,0.95236,0.75,0.75
2016.09.28 22:00:30.464,0.95195,0.95236,0.75,0.75
2016.09.28 22:00:30.648,0.95194,0.95237,0.75,0.75
2016.09.28 22:00:30.749,0.95191,0.95237,0.75,0.75
2016.09.28 22:00:31.128,0.95191,0.95235,0.75,0.75
2016.09.28 22:00:31.390,0.95191,0.95235,0.75,0.75
2016.09.28 22:00:31.491,0.95187,0.95233,1.12,0.75
2016.09.28 22:00:31.592,0.9519,0.95232,0.75,0.75
2016.09.28 22:00:31.943,0.9519,0.95244,0.75,0.75
2016.09.28 22:00:32.153,0.95185,0.95226,0.75,0.75
2016.09.28 22:00:32.254,0.95182,0.95226,0.75,0.75
2016.09.28 22:00:32.355,0.95183,0.95226,0.75,0.75
2016.09.28 22:00:32.456,0.9518,0.95224,0.75,0.75
2016.09.28 22:00:33.061,0.9518,0.95224,0.75,0.75
2016.09.28 22:00:33.148,0.9518,0.95222,0.75,0.75
2016.09.28 22:00:33.650,0.95179,0.95222,0.75,0.75
2016.09.28 22:00:34.042,0.95179,0.95222,0.75,0.75
2016.09.28 22:00:35.179,0.95179,0.95223,0.75,0.75
2016.09.28 22:00:35.749,0.95179,0.95221,0.75,0.75
2016.09.28 22:00:36.471,0.95179,0.95221,0.75,0.75
2016.09.28 22:00:36.606,0.95179,0.95224,0.75,0.75
2016.09.28 22:00:36.713,0.95179,0.95226,0.75,0.75
2016.09.28 22:00:36.867,0.95179,0.95224,0.75,0.75
2016.09.28 22:00:37.177,0.95176,0.95224,0.75,0.75
2016.09.28 22:00:37.278,0.95176,0.95218,0.75,0.75
2016.09.28 22:00:37.379,0.95176,0.95223,0.75,0.75
2016.09.28 22:00:37.480,0.95176,0.95221,0.75,0.75
2016.09.28 22:00:38.610,0.95176,0.95224,0.75,0.75
2016.09.28 22:00:38.782,0.95176,0.95222,0.75,0.75
2016.09.28 22:00:39.513,0.95176,0.95223,0.75,0.75
2016.09.28 22:00:40.213,0.95176,0.95223,0.75,0.75
2016.09.28 22:00:40.265,0.95173,0.95223,0.75,0.75
2016.09.28 22:00:40.316,0.95173,0.95219,0.75,0.75
2016.09.28 22:00:40.418,0.95173,0.95222,0.75,0.75
2016.09.28 22:00:41.415,0.95174,0.95218,0.75,0.75
2016.09.28 22:00:41.588,0.95171,0.95218,0.75,0.75
2016.09.28 22:00:41.689,0.95171,0.95218,0.75,0.75
2016.09.28 22:00:41.740,0.95169,0.95219,0.75,0.75
2016.09.28 22:00:41.840,0.95169,0.95216,0.75,0.75
2016.09.28 22:00:41.891,0.95167,0.95216,0.75,0.75
2016.09.28 22:00:42.217,0.95166,0.95215,0.75,0.75
2016.09.28 22:00:42.530,0.95166,0.95212,0.75,0.75
2016.09.28 22:00:42.818,0.95166,0.95215,0.75,0.75
2016.09.28 22:00:42.921,0.95167,0.95214,0.75,0.75
2016.09.28 22:00:43.022,0.95167,0.95214,0.75,0.75
2016.09.28 22:00:43.700,0.95167,0.95216,0.75,0.75
2016.09.28 22:00:44.213,0.95166,0.95216,0.75,0.75
2016.09.28 22:00:44.421,0.95166,0.95214,0.75,0.75
2016.09.28 22:00:44.748,0.95166,0.95216,0.75,0.75
2016.09.28 22:00:44.798,0.9517,0.95216,0.75,0.75
2016.09.28 22:00:45.000,0.95173,0.95217,0.75,0.75
2016.09.28 22:00:45.384,0.95173,0.95217,0.75,0.75
2016.09.28 22:00:45.485,0.95173,0.95217,0.75,0.75
2016.09.28 22:00:45.586,0.9517,0.95217,0.75,0.75
2016.09.28 22:00:46.109,0.9517,0.95216,0.75,0.75
2016.09.28 22:00:46.577,0.9517,0.95216,0.75,0.75
2016.09.28 22:00:46.628,0.9517,0.95218,0.75,0.75
2016.09.28 22:00:47.188,0.9517,0.95218,0.75,0.75
2016.09.28 22:00:47.528,0.95166,0.95212,0.75,0.75
2016.09.28 22:00:47.877,0.95169,0.95212,0.75,0.75
2016.09.28 22:00:47.989,0.95166,0.95212,0.75,0.75
2016.09.28 22:00:49.698,0.95167,0.95212,0.75,0.75
2016.09.28 22:00:50.109,0.95167,0.95212,0.75,0.75
2016.09.28 22:00:50.211,0.9516,0.95211,0.75,0.75
2016.09.28 22:00:50.261,0.9516,0.95208,0.75,0.75
2016.09.28 22:00:50.312,0.9516,0.95208,0.75,0.75
2016.09.28 22:00:50.413,0.95159,0.95209,0.75,0.75
2016.09.28 22:00:50.614,0.95164,0.95203,0.75,0.75
2016.09.28 22:00:50.665,0.95164,0.95209,0.75,0.75
2016.09.28 22:00:50.715,0.95164,0.95209,0.75,0.75
2016.09.28 22:00:50.823,0.95164,0.95209,0.75,0.75
2016.09.28 22:00:51.353,0.95164,0.95207,0.75,0.75
2016.09.28 22:00:51.510,0.95164,0.95207,0.75,0.75
2016.09.28 22:00:52.038,0.95163,0.95207,0.75,0.75
2016.09.28 22:00:52.089,0.9516,0.95207,0.75,0.75
2016.09.28 22:00:52.608,0.9516,0.95206,0.75,0.75
2016.09.28 22:00:52.856,0.9516,0.95201,0.75,0.75
2016.09.28 22:00:53.070,0.9516,0.95207,0.75,0.75
2016.09.28 22:00:53.171,0.9516,0.95202,0.75,0.75
2016.09.28 22:00:53.372,0.9516,0.95206,0.75,0.75
2016.09.28 22:00:53.574,0.9516,0.95202,0.75,0.75
2016.09.28 22:00:57.114,0.95161,0.95202,0.75,0.75
2016.09.28 22:00:57.165,0.95161,0.95202,0.75,0.75
2016.09.28 22:00:57.467,0.95161,0.95205,0.75,0.75
2016.09.28 22:00:58.542,0.9516,0.95205,0.75,0.75
2016.09.28 22:00:58.592,0.9516,0.95206,1.50,0.75
2016.09.28 22:00:59.562,0.9516,0.95206,0.75,0.75
2016.09.28 22:01:00.572,0.9516,0.95202,0.75,0.75
2016.09.28 22:01:00.775,0.9516,0.95204,0.75,0.75
2016.09.28 22:01:00.976,0.9516,0.95201,0.75,0.75
2016.09.28 22:01:01.268,0.9516,0.95204,0.75,0.75
2016.09.28 22:01:01.324,0.9516,0.95204,0.75,0.75
2016.09.28 22:01:01.571,0.9516,0.95199,0.75,0.75
2016.09.28 22:01:01.624,0.9516,0.95199,0.75,0.75
2016.09.28 22:01:01.881,0.9516,0.95202,0.75,0.75
2016.09.28 22:01:01.932,0.95158,0.95202,0.75,0.75
2016.09.28 22:01:02.354,0.9516,0.95202,0.75,0.75
2016.09.28 22:01:02.655,0.9516,0.95202,0.75,0.75
2016.09.28 22:01:03.025,0.95157,0.95202,0.75,0.75
2016.09.28 22:01:03.090,0.95157,0.95204,0.75,0.75
2016.09.28 22:01:03.433,0.95157,0.95202,0.75,0.75
2016.09.28 22:01:03.708,0.95157,0.95204,0.75,0.75
2016.09.28 22:01:04.328,0.95157,0.95205,0.75,0.75
2016.09.28 22:01:04.701,0.95157,0.95201,0.75,0.75
2016.09.28 22:01:04.827,0.95157,0.95205,0.75,0.75
2016.09.28 22:01:04.881,0.95157,0.95202,0.75,0.75
2016.09.28 22:01:04.987,0.95157,0.95205,0.75,0.75
2016.09.28 22:01:05.038,0.95156,0.95205,0.75,0.75
2016.09.28 22:01:05.212,0.95157,0.95202,0.75,0.75
2016.09.28 22:01:05.582,0.95157,0.95202,0.75,0.75
2016.09.28 22:01:05.889,0.95157,0.95198,0.75,0.75
2016.09.28 22:01:06.063,0.95157,0.95198,0.75,0.75
2016.09.28 22:01:06.135,0.95157,0.95198,0.75,0.75
2016.09.28 22:01:06.557,0.95157,0.95198,0.75,0.75
2016.09.28 22:01:06.621,0.95157,0.952,0.75,0.75
2016.09.28 22:01:06.722,0.95156,0.95197,0.75,0.75
2016.09.28 22:01:06.773,0.95156,0.95197,0.75,0.75
2016.09.28 22:01:06.874,0.95156,0.95197,0.75,0.75
2016.09.28 22:01:06.924,0.95156,0.95204,0.75,0.75
2016.09.28 22:01:07.025,0.95153,0.95203,0.75,0.75
2016.09.28 22:01:07.126,0.95153,0.95198,0.75,0.75
2016.09.28 22:01:07.533,0.95153,0.95196,0.75,0.75
2016.09.28 22:01:07.939,0.95153,0.95197,0.75,0.75
2016.09.28 22:01:08.046,0.95149,0.95195,0.75,0.75
2016.09.28 22:01:08.442,0.95149,0.95192,0.75,0.75
2016.09.28 22:01:08.543,0.95145,0.95192,0.75,0.75
2016.09.28 22:01:08.594,0.95145,0.95189,0.75,0.75
2016.09.28 22:01:08.745,0.9515,0.95187,0.75,0.75
2016.09.28 22:01:08.837,0.95144,0.95187,0.75,0.75
2016.09.28 22:01:08.938,0.95149,0.95187,0.75,0.75
2016.09.28 22:01:09.038,0.95145,0.95187,0.75,0.75
2016.09.28 22:01:09.089,0.95145,0.95187,0.75,0.75
2016.09.28 22:01:10.243,0.95145,0.95187,0.75,0.75
2016.09.28 22:01:10.395,0.95145,0.95189,0.75,0.75
2016.09.28 22:01:10.532,0.95145,0.95185,0.75,0.75
2016.09.28 22:01:10.583,0.95145,0.95185,0.75,0.75
2016.09.28 22:01:10.633,0.95145,0.95188,1.50,0.75
2016.09.28 22:01:10.684,0.9515,0.95188,0.75,0.75
2016.09.28 22:01:10.739,0.95145,0.95188,0.75,0.75
2016.09.28 22:01:10.941,0.95144,0.95185,0.75,0.75
2016.09.28 22:01:11.173,0.95143,0.9519,1.50,0.75
2016.09.28 22:01:11.224,0.95144,0.95189,0.75,0.75
2016.09.28 22:01:11.274,0.9515,0.95189,0.75,0.75
2016.09.28 22:01:11.340,0.95144,0.95189,0.75,0.75
2016.09.28 22:01:11.849,0.95143,0.95188,0.75,0.75
2016.09.28 22:01:12.701,0.95143,0.9519,0.75,0.75
2016.09.28 22:01:12.752,0.95144,0.9519,0.75,0.75
2016.09.28 22:01:13.003,0.95144,0.95193,1.50,0.75
2016.09.28 22:01:13.449,0.95144,0.95193,1.50,0.75
2016.09.28 22:01:14.808,0.95144,0.95192,0.75,0.75
2016.09.28 22:01:15.683,0.95144,0.95192,0.75,0.75
2016.09.28 22:01:15.734,0.95145,0.95195,0.75,0.75
2016.09.28 22:01:15.785,0.95149,0.95195,0.75,0.75
2016.09.28 22:01:15.979,0.95146,0.95195,0.75,0.75
2016.09.28 22:01:16.078,0.95145,0.95195,0.75,1.50
2016.09.28 22:01:16.129,0.95141,0.95191,0.75,0.75
2016.09.28 22:01:16.230,0.95142,0.95195,0.75,0.75
2016.09.28 22:01:16.281,0.95147,0.95195,0.75,0.75
2016.09.28 22:01:16.383,0.95142,0.95195,0.75,0.75
2016.09.28 22:01:16.491,0.95142,0.95195,1.50,0.75
2016.09.28 22:01:16.651,0.95148,0.95195,0.75,0.75
2016.09.28 22:01:16.701,0.95148,0.95195,0.75,0.75
2016.09.28 22:01:16.752,0.95141,0.95187,1.50,0.75
2016.09.28 22:01:16.802,0.95141,0.95187,0.75,0.75
2016.09.28 22:01:17.070,0.95145,0.95187,0.75,0.75
2016.09.28 22:01:17.930,0.95145,0.95184,0.75,0.75
2016.09.28 22:01:18.117,0.95145,0.95187,0.75,0.75
2016.09.28 22:01:19.121,0.95145,0.95186,0.75,0.75
2016.09.28 22:01:20.089,0.95145,0.95186,0.75,0.75
2016.09.28 22:01:20.140,0.95145,0.95184,0.75,0.75
2016.09.28 22:01:20.191,0.95142,0.95184,0.75,0.75
2016.09.28 22:01:20.244,0.95142,0.95186,0.75,0.75
2016.09.28 22:01:20.345,0.95142,0.95183,0.75,0.75
2016.09.28 22:01:20.396,0.95141,0.95183,0.75,0.75
2016.09.28 22:01:20.584,0.95134,0.95179,0.75,0.75
2016.09.28 22:01:20.637,0.95132,0.95174,0.75,0.75
2016.09.28 22:01:20.791,0.95132,0.95174,0.75,0.75
2016.09.28 22:01:20.857,0.95132,0.95174,1.50,0.75
2016.09.28 22:01:20.908,0.95132,0.95174,1.50,0.75
2016.09.28 22:01:21.126,0.95132,0.95173,0.75,0.75
2016.09.28 22:01:21.845,0.95132,0.95175,0.75,0.75
2016.09.28 22:01:21.908,0.95132,0.95175,1.12,0.75
2016.09.28 22:01:22.028,0.95132,0.95178,1.12,0.75
2016.09.28 22:01:22.129,0.95132,0.95175,1.12,0.75
2016.09.28 22:01:22.179,0.95131,0.95175,0.75,0.75
2016.09.28 22:01:23.762,0.9513,0.95175,0.75,0.75
2016.09.28 22:01:23.813,0.9513,0.95175,0.75,0.75
2016.09.28 22:01:24.334,0.95129,0.95174,0.75,0.75
2016.09.28 22:01:24.435,0.95129,0.95176,0.75,0.75
2016.09.28 22:01:24.648,0.9513,0.95178,0.75,0.75
2016.09.28 22:01:24.836,0.95128,0.95175,0.75,0.75
2016.09.28 22:01:24.937,0.95134,0.95178,0.75,0.75
2016.09.28 22:01:25.038,0.9513,0.95176,0.75,0.75
2016.09.28 22:01:25.088,0.9513,0.95176,0.75,0.75
2016.09.28 22:01:25.222,0.9513,0.95176,0.75,0.75
2016.09.28 22:01:25.334,0.9513,0.95176,0.75,0.75
2016.09.28 22:01:25.384,0.9513,0.95176,0.75,0.75
2016.09.28 22:01:25.499,0.95135,0.95176,0.75,0.75
2016.09.28 22:01:25.600,0.9513,0.95175,0.75,0.75
2016.09.28 22:01:25.972,0.95131,0.95178,0.75,0.75
2016.09.28 22:01:26.074,0.95128,0.95175,1.50,0.75
2016.09.28 22:01:26.175,0.95129,0.95174,0.75,0.75
2016.09.28 22:01:26.225,0.95129,0.95174,0.75,0.75
2016.09.28 22:01:26.341,0.95129,0.95179,0.75,0.75
2016.09.28 22:01:26.442,0.95131,0.95174,0.75,0.75
2016.09.28 22:01:26.527,0.95131,0.95174,1.12,0.75
2016.09.28 22:01:26.578,0.95132,0.95182,2.62,0.75
2016.09.28 22:01:26.641,0.95134,0.95181,0.75,0.75
2016.09.28 22:01:26.692,0.95134,0.95181,0.75,0.75
2016.09.28 22:01:26.742,0.95132,0.95185,2.62,0.75
2016.09.28 22:01:26.793,0.95136,0.95186,0.75,0.75
2016.09.28 22:01:26.979,0.95139,0.95187,0.75,0.75
2016.09.28 22:01:27.304,0.95136,0.95187,0.75,0.75
2016.09.28 22:01:27.354,0.95135,0.95184,1.50,0.75
2016.09.28 22:01:28.506,0.95136,0.95184,0.75,0.75
2016.09.28 22:01:28.819,0.95135,0.95184,1.50,0.75
2016.09.28 22:01:29.091,0.95135,0.95185,0.75,0.75
2016.09.28 22:01:29.449,0.95135,0.95183,0.75,0.75
2016.09.28 22:01:30.065,0.95136,0.95184,0.75,0.75
2016.09.28 22:01:30.853,0.95136,0.95185,0.75,0.75
2016.09.28 22:01:31.380,0.95138,0.95188,0.75,0.75
2016.09.28 22:01:31.486,0.95142,0.95188,0.75,0.75
2016.09.28 22:01:31.536,0.95142,0.95188,0.75,0.75
2016.09.28 22:01:32.012,0.95142,0.95189,0.75,0.75
2016.09.28 22:01:32.063,0.95142,0.95187,0.75,0.75
2016.09.28 22:01:32.204,0.95139,0.95184,0.75,0.75
2016.09.28 22:01:32.257,0.9514,0.95187,0.75,0.75
2016.09.28 22:01:32.379,0.95142,0.95187,0.75,0.75
2016.09.28 22:01:32.480,0.95142,0.95189,0.75,0.75
2016.09.28 22:01:33.173,0.95142,0.95188,0.75,0.75
2016.09.28 22:01:33.261,0.95142,0.95186,0.75,0.75
2016.09.28 22:01:34.394,0.95142,0.95186,0.75,0.75
2016.09.28 22:01:34.463,0.95142,0.95188,0.75,0.75
2016.09.28 22:01:34.869,0.95142,0.9519,0.75,0.75
2016.09.28 22:01:39.672,0.95143,0.9519,0.75,0.75
2016.09.28 22:01:42.281,0.95143,0.95187,0.75,0.75
2016.09.28 22:01:42.391,0.95138,0.95187,1.50,0.75
2016.09.28 22:01:45.900,0.95139,0.95187,0.75,0.75
2016.09.28 22:01:46.937,0.95142,0.95189,0.75,0.75
2016.09.28 22:01:47.692,0.95142,0.9519,0.75,0.75
2016.09.28 22:01:48.223,0.95142,0.95191,0.75,0.75
2016.09.28 22:01:48.996,0.95142,0.9519,0.75,0.75
2016.09.28 22:01:49.497,0.95142,0.95191,0.75,0.75
2016.09.28 22:01:50.417,0.95146,0.95192,0.75,0.75
2016.09.28 22:01:50.568,0.95146,0.95192,0.75,0.75
2016.09.28 22:01:51.109,0.95145,0.95193,0.75,0.75
2016.09.28 22:01:51.210,0.95145,0.95195,0.75,0.75
2016.09.28 22:01:51.500,0.95148,0.95195,0.75,0.75
2016.09.28 22:01:51.567,0.95148,0.95195,0.75,0.75
2016.09.28 22:01:51.624,0.95148,0.95198,0.75,0.75
2016.09.28 22:01:51.675,0.95148,0.95198,0.75,0.75
2016.09.28 22:01:51.953,0.95148,0.95198,0.75,0.75
2016.09.28 22:01:52.054,0.95149,0.95198,0.75,0.75
2016.09.28 22:01:52.201,0.95149,0.95194,0.75,0.75
2016.09.28 22:01:52.251,0.95149,0.95194,0.75,0.75
2016.09.28 22:01:52.361,0.95148,0.95194,0.75,0.75
2016.09.28 22:01:52.491,0.95148,0.95196,0.75,0.75
2016.09.28 22:01:52.542,0.95146,0.95196,0.75,0.75
2016.09.28 22:01:52.703,0.95146,0.95193,0.75,0.75
2016.09.28 22:01:52.948,0.95145,0.95196,0.75,0.75
2016.09.28 22:01:53.104,0.95145,0.95193,0.75,0.75
2016.09.28 22:01:53.523,0.95149,0.95196,0.75,0.75
2016.09.28 22:01:53.573,0.95149,0.95196,0.75,0.75
2016.09.28 22:01:53.675,0.95149,0.95196,0.75,0.75
2016.09.28 22:01:54.346,0.95149,0.95196,0.75,0.75
2016.09.28 22:01:54.515,0.95147,0.95196,0.75,0.75
2016.09.28 22:01:54.565,0.95147,0.95196,0.75,0.75
2016.09.28 22:01:57.183,0.95147,0.95197,0.75,0.75
2016.09.28 22:01:57.647,0.95147,0.95197,0.75,0.75
2016.09.28 22:01:57.720,0.95146,0.95197,0.75,0.75
2016.09.28 22:01:58.257,0.95146,0.95196,0.75,0.75
2016.09.28 22:01:58.939,0.95146,0.95195,0.75,0.75
2016.09.28 22:01:59.760,0.95145,0.95195,0.75,0.75
2016.09.28 22:01:59.823,0.95145,0.95195,1.50,0.75
2016.09.28 22:01:59.873,0.95145,0.95195,1.50,0.75
2016.09.28 22:02:00.425,0.95145,0.95194,1.50,0.75
2016.09.28 22:02:00.524,0.95146,0.95194,0.75,0.75
2016.09.28 22:02:03.466,0.95146,0.95194,0.75,0.75
2016.09.28 22:02:03.579,0.95146,0.95192,0.75,0.75
2016.09.28 22:02:03.630,0.95143,0.95192,0.75,0.75
2016.09.28 22:02:03.680,0.95143,0.95192,0.75,0.75
2016.09.28 22:02:04.172,0.9514,0.9518,0.75,0.75
2016.09.28 22:02:04.230,0.95138,0.9518,0.75,0.75
2016.09.28 22:02:04.342,0.95137,0.95183,0.75,0.75
2016.09.28 22:02:04.393,0.95137,0.95183,0.75,0.75
2016.09.28 22:02:04.493,0.95137,0.95183,0.75,0.75
2016.09.28 22:02:04.969,0.95138,0.95183,0.75,0.75
2016.09.28 22:02:06.083,0.95139,0.95184,0.75,0.75
2016.09.28 22:02:06.661,0.95139,0.95182,0.75,0.75
2016.09.28 22:02:07.275,0.9514,0.95183,0.75,0.75
2016.09.28 22:02:07.458,0.95141,0.95183,0.75,0.75
2016.09.28 22:02:07.778,0.9514,0.95183,1.50,0.75
2016.09.28 22:02:09.188,0.9514,0.95183,1.50,0.75
2016.09.28 22:02:09.239,0.95141,0.95183,0.75,0.75
2016.09.28 22:02:09.290,0.95141,0.95183,0.75,0.75
2016.09.28 22:02:09.362,0.95141,0.95183,0.75,0.75
2016.09.28 22:02:09.439,0.9514,0.95183,1.50,0.75
2016.09.28 22:02:09.551,0.95142,0.95183,0.75,0.75
2016.09.28 22:02:10.564,0.95143,0.95183,0.75,0.75
2016.09.28 22:02:11.182,0.95143,0.95183,0.75,0.75
2016.09.28 22:02:12.159,0.95143,0.95184,0.75,0.75
2016.09.28 22:02:13.070,0.95143,0.95184,0.75,0.75
2016.09.28 22:02:13.611,0.95141,0.95186,0.75,0.75
2016.09.28 22:02:13.712,0.95143,0.95184,0.75,0.75
2016.09.28 22:02:15.616,0.9514,0.95185,1.50,0.75
2016.09.28 22:02:15.717,0.95142,0.95183,0.75,0.75
2016.09.28 22:02:18.575,0.95141,0.95184,0.75,0.75
2016.09.28 22:02:18.676,0.9514,0.95183,1.50,0.75
2016.09.28 22:02:18.726,0.9514,0.95183,1.50,0.75
2016.09.28 22:02:19.576,0.9514,0.95182,1.50,0.75
2016.09.28 22:02:19.627,0.9514,0.95182,1.50,0.75
2016.09.28 22:02:21.659,0.9514,0.95182,0.75,0.75
2016.09.28 22:02:21.760,0.95142,0.95183,0.37,0.75
2016.09.28 22:02:21.811,0.95142,0.95192,0.37,0.75
2016.09.28 22:02:21.900,0.9515,0.95192,0.75,0.75
2016.09.28 22:02:21.951,0.9515,0.95194,0.75,0.75
2016.09.28 22:02:22.001,0.95169,0.95208,0.75,0.75
2016.09.28 22:02:22.060,0.95169,0.95208,0.75,1.50
2016.09.28 22:02:22.111,0.95162,0.95205,0.75,0.75
2016.09.28 22:02:22.212,0.95156,0.95204,0.75,0.75
2016.09.28 22:02:22.315,0.95156,0.95204,0.75,0.75
2016.09.28 22:02:22.416,0.95149,0.95197,0.75,0.75
2016.09.28 22:02:22.831,0.95147,0.95192,0.75,0.75
2016.09.28 22:02:23.338,0.95147,0.95191,0.75,0.75
2016.09.28 22:02:23.605,0.95145,0.95191,0.75,0.75
2016.09.28 22:02:24.991,0.95143,0.95191,0.75,0.75
2016.09.28 22:02:25.108,0.95143,0.95187,0.75,0.75
2016.09.28 22:02:25.216,0.95141,0.95187,0.75,0.75
2016.09.28 22:02:25.697,0.95144,0.95188,0.75,0.75
2016.09.28 22:02:26.696,0.95144,0.95189,0.75,0.75
2016.09.28 22:02:27.224,0.95144,0.95188,0.75,0.75
2016.09.28 22:02:28.903,0.95145,0.95185,0.75,0.75
2016.09.28 22:02:29.004,0.95143,0.95185,0.75,0.75
2016.09.28 22:02:29.327,0.95143,0.95188,0.75,0.75
2016.09.28 22:02:30.407,0.95142,0.95187,0.75,0.75
2016.09.28 22:02:30.508,0.95144,0.95187,0.75,0.75
2016.09.28 22:02:32.231,0.95143,0.95187,0.75,0.75
2016.09.28 22:02:33.232,0.95145,0.95184,0.75,0.75
2016.09.28 22:02:34.223,0.95144,0.95184,0.75,0.75
2016.09.28 22:02:36.534,0.95142,0.95184,0.75,0.75
2016.09.28 22:02:36.773,0.95143,0.95186,0.75,0.75
2016.09.28 22:02:42.276,0.95144,0.95186,0.75,0.75
2016.09.28 22:02:43.144,0.95144,0.95187,0.75,0.75
2016.09.28 22:02:43.697,0.95145,0.95188,0.75,0.75
2016.09.28 22:02:44.944,0.95144,0.95188,0.75,0.75
2016.09.28 22:02:46.241,0.95143,0.95187,0.75,0.75
2016.09.28 22:02:46.348,0.95145,0.95188,0.75,0.75
2016.09.28 22:02:47.385,0.95144,0.95187,0.75,0.75
2016.09.28 22:02:48.387,0.95143,0.95188,0.75,0.75
2016.09.28 22:02:50.456,0.95143,0.95185,0.75,0.75
2016.09.28 22:02:50.974,0.95144,0.95186,0.75,0.75
2016.09.28 22:02:55.114,0.95143,0.95185,0.75,0.75
2016.09.28 22:02:55.622,0.95143,0.95186,0.75,0.75
2016.09.28 22:02:56.568,0.95142,0.95186,0.75,0.75
2016.09.28 22:02:57.269,0.95142,0.95187,0.75,0.75
2016.09.28 22:02:59.018,0.95143,0.95184,0.75,0.75
2016.09.28 22:02:59.873,0.95144,0.95184,0.75,0.75
2016.09.28 22:03:00.409,0.95144,0.95185,0.75,0.75
2016.09.28 22:03:01.337,0.95142,0.95185,0.75,0.75
2016.09.28 22:03:04.603,0.95144,0.95185,0.75,0.75
2016.09.28 22:03:08.138,0.95147,0.95184,0.75,0.75
2016.09.28 22:03:10.741,0.95147,0.95185,0.75,0.75
2016.09.28 22:03:12.845,0.95146,0.95184,0.75,0.75
2016.09.28 22:03:14.440,0.95145,0.95186,0.75,0.75
2016.09.28 22:03:16.215,0.95145,0.95185,0.75,0.75
2016.09.28 22:03:18.145,0.95147,0.95185,0.75,0.75
2016.09.28 22:03:23.634,0.95145,0.95185,0.75,0.75
2016.09.28 22:03:24.478,0.95143,0.95184,0.75,0.75
2016.09.28 22:03:25.152,0.9514,0.95186,0.75,0.75
2016.09.28 22:03:27.845,0.95143,0.95184,0.75,0.75
2016.09.28 22:03:27.946,0.95141,0.95186,0.75,0.75
2016.09.28 22:03:30.279,0.9514,0.95185,0.75,0.75
2016.09.28 22:03:33.456,0.9514,0.95184,0.75,0.75
2016.09.28 22:03:33.877,0.95141,0.95193,0.75,0.75
2016.09.28 22:03:34.358,0.95139,0.95184,0.75,0.75
2016.09.28 22:03:34.868,0.9514,0.95184,0.75,0.75
2016.09.28 22:03:37.266,0.9514,0.95189,0.75,0.75
2016.09.28 22:03:38.268,0.95141,0.95184,0.75,0.75
2016.09.28 22:03:38.807,0.95141,0.95185,0.75,0.75
2016.09.28 22:03:42.377,0.95143,0.95184,0.75,0.75
2016.09.28 22:03:42.738,0.95142,0.95186,0.75,0.75
2016.09.28 22:03:43.277,0.95141,0.95184,0.75,0.75
2016.09.28 22:03:43.910,0.9514,0.9519,0.75,0.75
2016.09.28 22:03:44.950,0.9514,0.95189,0.75,0.75
2016.09.28 22:03:45.000,0.9514,0.95189,0.75,0.75
2016.09.28 22:03:47.138,0.9514,0.9519,0.75,0.75
2016.09.28 22:03:47.864,0.9514,0.95189,0.75,0.75
2016.09.28 22:03:49.225,0.95139,0.95189,0.75,0.75
2016.09.28 22:03:49.584,0.95139,0.95185,0.75,0.75
2016.09.28 22:03:49.990,0.95135,0.95185,0.75,0.75
2016.09.28 22:03:50.571,0.95135,0.95186,0.75,0.75
2016.09.28 22:03:50.845,0.95137,0.95185,1.87,0.75
2016.09.28 22:03:51.029,0.95138,0.95181,0.75,0.75
2016.09.28 22:03:52.830,0.95137,0.95179,0.75,0.75
2016.09.28 22:03:52.880,0.95137,0.95179,2.62,0.75
2016.09.28 22:03:52.931,0.95138,0.95179,0.75,0.75
2016.09.28 22:03:53.289,0.9514,0.9518,0.75,0.75
2016.09.28 22:03:54.241,0.95138,0.95179,0.75,0.75
2016.09.28 22:03:54.517,0.95138,0.95184,0.75,0.75
2016.09.28 22:03:54.842,0.9514,0.95185,0.75,1.50
2016.09.28 22:03:55.096,0.9514,0.95185,0.75,1.50
2016.09.28 22:03:55.450,0.9514,0.95185,0.75,0.75
2016.09.28 22:03:55.593,0.95138,0.95185,0.75,0.75
2016.09.28 22:03:55.979,0.95138,0.95185,0.75,1.50
2016.09.28 22:03:56.388,0.95138,0.95185,0.75,1.50
2016.09.28 22:03:56.589,0.95138,0.95185,0.75,1.50
2016.09.28 22:03:56.639,0.95136,0.95183,0.75,0.75
2016.09.28 22:03:56.740,0.95138,0.95185,0.75,0.75
2016.09.28 22:03:56.791,0.95138,0.95185,0.75,0.75
2016.09.28 22:03:56.853,0.95138,0.95185,0.75,1.50
2016.09.28 22:03:56.953,0.95138,0.95185,0.75,0.75
2016.09.28 22:03:57.054,0.95138,0.95185,0.75,1.50
2016.09.28 22:03:57.682,0.95138,0.95185,0.75,0.75
2016.09.28 22:03:57.733,0.95138,0.95186,0.75,1.50
2016.09.28 22:03:57.904,0.95137,0.95184,0.75,0.75
2016.09.28 22:03:58.105,0.95138,0.95182,0.75,0.75
2016.09.28 22:03:58.236,0.95135,0.95183,0.75,0.75
2016.09.28 22:03:58.332,0.95135,0.95183,0.75,1.50
2016.09.28 22:03:58.405,0.95133,0.95183,0.75,0.75
2016.09.28 22:03:58.455,0.95133,0.95182,0.75,0.75
2016.09.28 22:03:58.590,0.95133,0.95183,0.75,0.75
2016.09.28 22:03:58.705,0.95129,0.95182,1.12,0.75
2016.09.28 22:03:58.847,0.95135,0.95183,0.75,1.50
2016.09.28 22:03:59.785,0.95135,0.95183,0.75,0.75
2016.09.28 22:03:59.836,0.95137,0.95185,0.75,1.50
2016.09.28 22:03:59.886,0.95137,0.95185,0.75,0.75
2016.09.28 22:03:59.937,0.95137,0.95185,0.75,0.75
2016.09.28 22:04:00.149,0.95138,0.95185,0.75,1.50
2016.09.28 22:04:00.244,0.95138,0.95185,0.75,0.75
2016.09.28 22:04:00.587,0.95138,0.95182,0.75,0.75
2016.09.28 22:04:00.809,0.95138,0.95182,0.75,1.50
2016.09.28 22:04:00.996,0.95138,0.95182,0.75,0.75
2016.09.28 22:04:01.047,0.95138,0.95182,0.75,0.75
2016.09.28 22:04:01.151,0.95138,0.95183,0.75,0.75
2016.09.28 22:04:01.201,0.95138,0.95182,0.75,0.75
2016.09.28 22:04:01.606,0.95138,0.95182,1.00,1.00
2016.09.28 22:04:01.842,0.95134,0.95182,1.00,1.00
2016.09.28 22:04:01.943,0.95134,0.95184,1.00,1.00
2016.09.28 22:04:01.993,0.95134,0.95182,1.00,1.00
2016.09.28 22:04:02.152,0.95129,0.95182,1.37,1.00
2016.09.28 22:04:02.212,0.95136,0.95182,1.00,1.00
2016.09.28 22:04:03.050,0.95137,0.95182,1.00,1.00
2016.09.28 22:04:03.100,0.95137,0.95183,1.00,1.00
2016.09.28 22:04:03.992,0.95137,0.95182,1.00,1.00
2016.09.28 22:04:04.042,0.95137,0.95182,1.00,1.00
2016.09.28 22:04:04.299,0.95136,0.95179,1.00,1.00
2016.09.28 22:04:04.350,0.95134,0.95179,1.00,1.00
2016.09.28 22:04:04.766,0.95134,0.95182,1.00,1.50
2016.09.28 22:04:04.816,0.95134,0.95182,1.00,1.50
2016.09.28 22:04:05.134,0.95136,0.95182,1.00,1.00
2016.09.28 22:04:06.128,0.95136,0.95183,1.00,1.00
2016.09.28 22:04:07.071,0.95136,0.95182,1.00,1.00
2016.09.28 22:04:10.976,0.95136,0.95183,1.00,1.00
2016.09.28 22:04:11.790,0.95135,0.95183,1.00,1.00
2016.09.28 22:04:12.431,0.95136,0.95183,1.00,1.00
2016.09.28 22:04:13.883,0.95136,0.95182,1.00,1.00
2016.09.28 22:04:14.667,0.95134,0.95182,1.00,1.00
2016.09.28 22:04:15.580,0.95136,0.95182,1.00,1.00
2016.09.28 22:04:16.839,0.95138,0.95182,1.00,1.00
2016.09.28 22:04:17.016,0.95138,0.95185,1.00,1.00
2016.09.28 22:04:18.473,0.95138,0.95186,1.00,1.50
2016.09.28 22:04:18.524,0.95138,0.95185,1.00,1.00
2016.09.28 22:04:19.245,0.95138,0.95185,1.00,1.50
2016.09.28 22:04:19.639,0.95138,0.95185,1.00,1.00
2016.09.28 22:04:20.246,0.95139,0.95186,1.00,1.50
2016.09.28 22:04:20.847,0.9514,0.95186,1.00,1.50
2016.09.28 22:04:24.672,0.95138,0.95186,1.00,1.50
2016.09.28 22:04:24.856,0.95139,0.95186,1.00,1.00
2016.09.28 22:04:25.084,0.95139,0.95186,1.00,1.00
2016.09.28 22:04:25.185,0.95137,0.95185,1.00,1.00
2016.09.28 22:04:25.803,0.95137,0.95186,1.00,1.00
2016.09.28 22:04:27.061,0.95136,0.95186,1.00,1.50
2016.09.28 22:04:27.376,0.95139,0.95186,1.00,1.00
2016.09.28 22:04:27.442,0.95139,0.95185,1.00,1.00
2016.09.28 22:04:27.963,0.95138,0.95182,1.00,1.00
2016.09.28 22:04:29.065,0.9514,0.95181,1.00,1.00
2016.09.28 22:04:30.891,0.95138,0.95182,1.00,1.00
2016.09.28 22:04:31.511,0.95136,0.95182,1.00,1.00
2016.09.28 22:04:32.172,0.95138,0.9518,1.00,1.00
2016.09.28 22:04:32.617,0.95136,0.95183,1.00,1.00
2016.09.28 22:04:33.177,0.95136,0.95181,1.00,1.00
2016.09.28 22:04:34.278,0.95135,0.95181,1.00,1.00
2016.09.28 22:04:34.611,0.95134,0.95182,1.50,1.00
2016.09.28 22:04:34.827,0.95136,0.95182,1.00,1.00
2016.09.28 22:04:34.979,0.95137,0.95188,1.00,1.00
2016.09.28 22:04:38.155,0.95137,0.95189,1.00,1.50
2016.09.28 22:04:38.586,0.95137,0.95188,1.00,1.00
2016.09.28 22:04:42.055,0.95137,0.95186,1.00,1.00
2016.09.28 22:04:42.587,0.95136,0.95186,1.00,1.00
2016.09.28 22:04:43.305,0.95136,0.95185,1.00,1.00
2016.09.28 22:04:46.407,0.95136,0.95185,1.00,1.00
2016.09.28 22:04:46.949,0.95136,0.95185,1.12,1.00
2016.09.28 22:04:47.050,0.95136,0.95185,1.00,1.00
2016.09.28 22:04:47.291,0.95136,0.95185,1.00,1.00
2016.09.28 22:04:47.447,0.95136,0.95185,1.12,1.00
2016.09.28 22:04:48.142,0.95136,0.95186,1.12,1.00
2016.09.28 22:04:49.307,0.95137,0.95186,1.00,1.00
2016.09.28 22:04:50.308,0.95138,0.95186,1.00,1.00
2016.09.28 22:04:55.016,0.95138,0.9518,1.00,1.00
2016.09.28 22:04:56.117,0.9514,0.9518,1.00,1.00
2016.09.28 22:04:57.557,0.95139,0.9518,1.00,1.00
2016.09.28 22:04:59.962,0.95132,0.95181,2.62,1.00
2016.09.28 22:05:00.012,0.95132,0.95178,1.00,1.00
2016.09.28 22:05:00.135,0.95131,0.95178,1.00,1.50
2016.09.28 22:05:00.229,0.95128,0.95174,1.00,1.00
2016.09.28 22:05:00.481,0.95128,0.95174,1.00,1.00
2016.09.28 22:05:00.582,0.95128,0.95174,1.50,1.00
2016.09.28 22:05:00.633,0.95133,0.95177,1.00,1.00
2016.09.28 22:05:01.776,0.95128,0.95177,1.87,1.00
2016.09.28 22:05:02.134,0.95137,0.95175,1.00,1.00
2016.09.28 22:05:02.334,0.95136,0.95181,1.00,1.00
2016.09.28 22:05:02.385,0.95136,0.95181,1.00,1.00
2016.09.28 22:05:02.702,0.95137,0.95177,1.00,1.00
2016.09.28 22:05:03.067,0.95131,0.95177,1.00,1.00
2016.09.28 22:05:03.225,0.95132,0.95172,1.00,1.50
2016.09.28 22:05:03.276,0.95139,0.95167,1.00,1.00
2016.09.28 22:05:03.936,0.95135,0.95169,1.00,1.00
2016.09.28 22:05:04.343,0.95137,0.95168,1.00,1.00
2016.09.28 22:05:05.470,0.95138,0.95168,1.00,1.00
2016.09.28 22:05:05.591,0.95136,0.9517,1.00,1.00
2016.09.28 22:05:05.642,0.95138,0.95172,1.00,1.00
2016.09.28 22:05:07.874,0.95135,0.95173,1.00,1.00
2016.09.28 22:05:11.873,0.95136,0.95181,1.00,1.00
2016.09.28 22:05:12.257,0.95136,0.95171,1.00,1.00
2016.09.28 22:05:13.060,0.95136,0.95182,1.00,1.00
2016.09.28 22:05:13.110,0.95136,0.95182,1.00,1.00
2016.09.28 22:05:13.161,0.95137,0.95173,1.00,1.00
2016.09.28 22:05:13.961,0.95136,0.95182,1.00,1.50
2016.09.28 22:05:14.209,0.95136,0.95182,1.00,1.00
2016.09.28 22:05:14.399,0.95136,0.95182,1.00,1.50
2016.09.28 22:05:14.500,0.95136,0.95174,1.00,1.00
2016.09.28 22:05:15.166,0.95138,0.95172,1.00,1.00
2016.09.28 22:05:19.381,0.95136,0.95182,1.00,1.00
2016.09.28 22:05:19.521,0.95137,0.95173,1.00,1.00
2016.09.28 22:05:19.712,0.95137,0.95182,1.00,1.50
2016.09.28 22:05:19.873,0.95135,0.95182,1.00,1.00
2016.09.28 22:05:20.073,0.95135,0.95174,1.00,1.00
2016.09.28 22:05:20.374,0.95136,0.95182,1.00,1.00
2016.09.28 22:05:20.475,0.95135,0.95174,1.00,1.00
2016.09.28 22:05:20.982,0.95136,0.95174,1.00,1.00
2016.09.28 22:05:22.278,0.95136,0.95173,1.00,1.00
2016.09.28 22:05:23.014,0.95137,0.95174,1.00,1.00
2016.09.28 22:05:25.115,0.95137,0.95182,1.00,1.00
2016.09.28 22:05:25.214,0.95137,0.95176,1.00,1.00
2016.09.28 22:05:26.388,0.95136,0.95178,1.00,1.00
2016.09.28 22:05:26.489,0.95137,0.9518,1.00,1.00
2016.09.28 22:05:26.585,0.95136,0.95175,1.00,1.00
2016.09.28 22:05:26.889,0.95135,0.95179,1.00,1.00
2016.09.28 22:05:27.073,0.95137,0.95175,1.00,1.00
2016.09.28 22:05:27.124,0.95135,0.95179,1.00,1.00
2016.09.28 22:05:27.787,0.95136,0.95175,1.00,1.00
2016.09.28 22:05:28.360,0.95137,0.95176,1.00,1.00
2016.09.28 22:05:30.205,0.95136,0.95173,1.00,1.00
2016.09.28 22:05:30.306,0.95135,0.95176,1.00,1.00
2016.09.28 22:05:30.771,0.95135,0.9518,1.00,1.00
2016.09.28 22:05:30.994,0.95135,0.95174,1.00,1.00
2016.09.28 22:05:31.092,0.95135,0.9518,1.00,1.00
2016.09.28 22:05:31.934,0.95135,0.95173,1.00,1.00
2016.09.28 22:05:32.194,0.95134,0.9518,1.00,1.00
2016.09.28 22:05:32.295,0.95134,0.95174,1.00,1.00
2016.09.28 22:05:32.395,0.95134,0.9518,1.00,1.00
2016.09.28 22:05:32.595,0.95134,0.95174,1.00,1.00
2016.09.28 22:05:32.795,0.95135,0.9518,1.00,1.00
2016.09.28 22:05:33.410,0.95136,0.9518,1.00,1.00
2016.09.28 22:05:33.948,0.95136,0.95179,1.00,1.00
2016.09.28 22:05:33.999,0.95135,0.95172,1.00,1.00
2016.09.28 22:05:34.097,0.95136,0.95179,1.00,1.00
2016.09.28 22:05:34.245,0.95135,0.95174,1.00,1.00
2016.09.28 22:05:34.297,0.95136,0.95179,1.00,1.00
2016.09.28 22:05:34.398,0.95135,0.95174,1.00,1.00
2016.09.28 22:05:34.998,0.95136,0.95179,1.00,1.00
2016.09.28 22:05:35.098,0.95136,0.95173,1.00,1.00
2016.09.28 22:05:35.499,0.95135,0.95179,1.00,1.00
2016.09.28 22:05:35.700,0.95136,0.95173,1.00,1.00
2016.09.28 22:05:36.400,0.95135,0.95179,1.00,1.00
2016.09.28 22:05:36.601,0.95135,0.95174,1.00,1.00
2016.09.28 22:05:37.001,0.95136,0.95179,1.00,1.00
2016.09.28 22:05:37.703,0.95128,0.95179,1.00,1.00
2016.09.28 22:05:37.754,0.95129,0.95183,1.00,1.00
2016.09.28 22:05:37.855,0.95126,0.95178,1.00,1.00
2016.09.28 22:05:37.906,0.95124,0.95178,1.87,1.00
2016.09.28 22:05:37.957,0.95126,0.95179,1.87,1.00
2016.09.28 22:05:38.007,0.95132,0.95179,1.00,1.00
2016.09.28 22:05:38.121,0.95132,0.95179,1.00,1.00
2016.09.28 22:05:38.171,0.95132,0.95183,2.62,1.00
2016.09.28 22:05:38.222,0.95132,0.95183,2.62,1.00
2016.09.28 22:05:38.323,0.95133,0.95183,1.37,1.00
2016.09.28 22:05:38.555,0.95133,0.95183,1.37,1.00
2016.09.28 22:05:38.905,0.95131,0.95184,2.62,1.00
2016.09.28 22:05:38.956,0.95131,0.95184,2.62,1.00
2016.09.28 22:05:39.007,0.95131,0.95183,1.87,1.00
2016.09.28 22:05:39.114,0.95131,0.95183,1.87,1.00
2016.09.28 22:05:39.164,0.95126,0.95181,2.62,1.00
2016.09.28 22:05:39.221,0.95126,0.95181,2.62,1.00
2016.09.28 22:05:39.322,0.95132,0.95181,1.37,1.00
2016.09.28 22:05:39.806,0.95133,0.95181,1.12,1.00
2016.09.28 22:05:40.114,0.95127,0.95181,1.37,1.00
2016.09.28 22:05:40.573,0.95127,0.9518,2.62,1.00
2016.09.28 22:05:41.308,0.95133,0.9518,1.00,1.00
2016.09.28 22:05:41.408,0.95131,0.95177,1.00,1.00
2016.09.28 22:05:41.509,0.95132,0.9518,1.00,1.00
2016.09.28 22:05:41.974,0.95132,0.9518,1.00,1.00
2016.09.28 22:05:42.025,0.95129,0.95171,1.00,1.00
2016.09.28 22:05:42.227,0.95121,0.95171,1.00,1.00
2016.09.28 22:05:42.329,0.95121,0.95171,1.00,1.00
2016.09.28 22:05:42.379,0.9512,0.95171,1.00,1.50
2016.09.28 22:05:42.430,0.95118,0.95168,1.00,1.00
2016.09.28 22:05:42.481,0.95118,0.95168,1.00,1.50
2016.09.28 22:05:42.531,0.95118,0.95168,1.00,1.50
2016.09.28 22:05:43.111,0.95117,0.95167,1.00,1.00
2016.09.28 22:05:43.214,0.95119,0.95166,1.00,1.00
2016.09.28 22:05:44.112,0.95114,0.95165,1.50,1.00
2016.09.28 22:05:45.614,0.9512,0.95166,1.00,1.00
2016.09.28 22:05:46.134,0.95121,0.95168,1.00,1.50
2016.09.28 22:05:48.154,0.95121,0.95168,1.00,1.00
2016.09.28 22:05:49.920,0.95121,0.95167,1.00,1.00
2016.09.28 22:05:56.531,0.9512,0.95168,1.00,1.00
2016.09.28 22:05:56.754,0.9512,0.95168,1.00,1.00
2016.09.28 22:05:56.856,0.95119,0.95172,1.50,1.00
2016.09.28 22:05:56.906,0.9512,0.95172,1.00,1.00
2016.09.28 22:05:57.356,0.9512,0.95172,1.00,1.00
2016.09.28 22:05:57.866,0.9512,0.95172,1.50,1.00
2016.09.28 22:05:58.133,0.95121,0.95171,1.00,1.00
2016.09.28 22:05:59.435,0.95121,0.95173,1.00,1.00
2016.09.28 22:06:00.337,0.95122,0.9517,1.00,1.00
2016.09.28 22:06:00.938,0.95119,0.9517,1.50,1.00
2016.09.28 22:06:01.198,0.9512,0.95167,1.00,1.00
2016.09.28 22:06:02.040,0.9512,0.95168,1.00,1.00
2016.09.28 22:06:02.315,0.95119,0.95168,1.00,1.00
2016.09.28 22:06:03.376,0.9512,0.95168,1.00,1.00
2016.09.28 22:06:03.943,0.9512,0.95167,1.00,1.00
2016.09.28 22:06:03.994,0.9512,0.95167,1.00,1.00
2016.09.28 22:06:04.722,0.95119,0.95167,1.00,1.00
2016.09.28 22:06:04.823,0.9512,0.95167,1.00,1.00
2016.09.28 22:06:04.873,0.9512,0.9517,1.00,1.00
2016.09.28 22:06:05.176,0.95119,0.95172,1.00,1.00
2016.09.28 22:06:05.771,0.9512,0.95172,1.00,1.00
2016.09.28 22:06:06.173,0.9512,0.95167,1.00,1.00
2016.09.28 22:06:06.224,0.95119,0.95167,1.00,1.00
2016.09.28 22:06:08.150,0.95119,0.95165,1.00,1.00
2016.09.28 22:06:08.200,0.95116,0.95165,1.50,1.00
2016.09.28 22:06:08.301,0.95117,0.95165,1.00,1.00
2016.09.28 22:06:10.429,0.95116,0.95165,1.50,1.00
2016.09.28 22:06:11.149,0.95117,0.95165,1.00,1.00
2016.09.28 22:06:12.934,0.95116,0.95165,1.50,1.00
2016.09.28 22:06:14.405,0.95117,0.95165,1.00,1.00
2016.09.28 22:06:16.102,0.95117,0.95165,1.00,1.00
2016.09.28 22:06:16.156,0.95116,0.95165,1.50,1.00
2016.09.28 22:06:16.739,0.95116,0.95165,1.50,1.00
2016.09.28 22:06:16.935,0.95114,0.95163,1.50,1.00
2016.09.28 22:06:17.539,0.95116,0.95163,1.00,1.00
2016.09.28 22:06:17.833,0.95114,0.95163,1.00,1.00
2016.09.28 22:06:18.004,0.95114,0.95163,1.00,1.00
2016.09.28 22:06:18.616,0.95114,0.95163,1.50,1.00
2016.09.28 22:06:19.495,0.95114,0.95165,1.00,1.00
2016.09.28 22:06:20.000,0.95114,0.95162,1.50,1.00
2016.09.28 22:06:20.115,0.95114,0.95162,1.00,1.00
2016.09.28 22:06:21.245,0.9511,0.95163,1.50,1.00
2016.09.28 22:06:21.346,0.9511,0.95163,1.50,1.00
2016.09.28 22:06:21.838,0.95103,0.95152,1.00,1.12
2016.09.28 22:06:21.939,0.95104,0.95151,1.00,1.50
2016.09.28 22:06:22.046,0.951,0.95151,1.37,1.00
2016.09.28 22:06:22.112,0.951,0.95151,1.37,1.00
2016.09.28 22:06:22.162,0.95103,0.95154,1.00,1.00
2016.09.28 22:06:22.213,0.95103,0.95154,1.00,1.00
2016.09.28 22:06:22.797,0.95104,0.95155,1.00,1.00
2016.09.28 22:06:22.848,0.95106,0.95155,1.00,1.00
2016.09.28 22:06:22.949,0.95109,0.95158,1.00,1.00
2016.09.28 22:06:23.337,0.95109,0.95158,1.00,1.00
2016.09.28 22:06:24.220,0.95109,0.95162,1.00,1.00
2016.09.28 22:06:24.457,0.9511,0.95159,1.00,1.00
2016.09.28 22:06:27.822,0.9511,0.95159,1.00,1.00
2016.09.28 22:06:27.872,0.95113,0.95161,1.00,1.00
2016.09.28 22:06:27.923,0.95113,0.95161,1.00,1.00
2016.09.28 22:06:27.973,0.95116,0.95163,1.00,1.00
2016.09.28 22:06:28.284,0.95115,0.95161,1.00,1.00
2016.09.28 22:06:29.057,0.95114,0.9516,1.00,1.00
2016.09.28 22:06:29.587,0.95116,0.95159,1.00,1.00
2016.09.28 22:06:29.747,0.95115,0.95164,1.00,1.00
2016.09.28 22:06:29.847,0.95116,0.95159,1.00,1.00
2016.09.28 22:06:30.577,0.95116,0.95162,1.00,1.00
2016.09.28 22:06:31.061,0.95117,0.9516,1.00,1.00
2016.09.28 22:06:31.178,0.95117,0.95162,1.00,1.00
2016.09.28 22:06:31.998,0.95118,0.95159,1.00,1.00
2016.09.28 22:06:32.161,0.95118,0.95163,1.00,1.00
2016.09.28 22:06:32.362,0.95116,0.95166,1.00,1.00
2016.09.28 22:06:33.364,0.95116,0.95166,1.00,1.00
2016.09.28 22:06:33.415,0.95117,0.95163,1.00,1.00
2016.09.28 22:06:34.172,0.95117,0.9516,1.00,1.00
2016.09.28 22:06:34.891,0.95116,0.95164,1.00,1.00
2016.09.28 22:06:37.183,0.95112,0.95153,1.00,1.00
2016.09.28 22:06:37.286,0.95113,0.95157,1.00,1.00
2016.09.28 22:06:37.488,0.95114,0.95159,1.00,1.00
2016.09.28 22:06:37.539,0.95115,0.95163,1.00,1.00
2016.09.28 22:06:37.640,0.95115,0.95163,1.00,1.00
2016.09.28 22:06:37.690,0.9512,0.95166,1.00,1.00
2016.09.28 22:06:37.999,0.95118,0.95165,1.00,1.00
2016.09.28 22:06:38.049,0.95117,0.95165,1.50,1.00
2016.09.28 22:06:38.508,0.95119,0.95171,1.00,1.00
2016.09.28 22:06:38.559,0.95122,0.95171,1.00,1.00
2016.09.28 22:06:38.845,0.95122,0.95168,1.50,1.00
2016.09.28 22:06:38.998,0.95121,0.95163,1.50,1.00
2016.09.28 22:06:39.048,0.95121,0.95163,1.50,1.00
2016.09.28 22:06:39.099,0.95121,0.95163,1.00,1.00
2016.09.28 22:06:39.801,0.95119,0.95163,1.00,1.00
2016.09.28 22:06:40.905,0.95121,0.95166,1.00,1.00
2016.09.28 22:06:41.426,0.95121,0.95165,1.00,1.00
2016.09.28 22:06:43.167,0.95118,0.9516,1.50,1.00
2016.09.28 22:06:43.268,0.95107,0.95153,2.25,1.00
2016.09.28 22:06:43.369,0.95114,0.95157,1.00,1.00
2016.09.28 22:06:43.533,0.95117,0.95159,1.00,1.00
2016.09.28 22:06:43.584,0.95118,0.95159,1.00,1.00
2016.09.28 22:06:43.657,0.95121,0.95159,1.00,1.00
2016.09.28 22:06:43.759,0.95118,0.95159,1.00,1.00
2016.09.28 22:06:44.134,0.95125,0.95161,1.00,1.00
2016.09.28 22:06:44.235,0.95126,0.95165,1.00,1.00
2016.09.28 22:06:44.524,0.95126,0.95162,1.00,1.00
2016.09.28 22:06:44.826,0.95122,0.95161,1.00,1.00
2016.09.28 22:06:45.429,0.95119,0.95163,1.00,1.00
2016.09.28 22:06:45.937,0.95118,0.95163,1.00,1.00
2016.09.28 22:06:45.988,0.95118,0.95163,1.12,1.00
2016.09.28 22:06:46.463,0.95118,0.95156,1.00,1.00
2016.09.28 22:06:46.583,0.95116,0.95159,1.00,1.00
2016.09.28 22:06:46.688,0.95116,0.95159,1.37,1.00
2016.09.28 22:06:46.739,0.95119,0.9516,1.00,1.00
2016.09.28 22:06:47.042,0.95117,0.95157,1.00,1.00
2016.09.28 22:06:47.379,0.95114,0.95159,1.37,1.00
2016.09.28 22:06:47.581,0.95114,0.95159,1.12,1.00
2016.09.28 22:06:47.782,0.95114,0.95159,1.00,1.00
2016.09.28 22:06:47.891,0.95114,0.95159,1.12,1.00
2016.09.28 22:06:47.941,0.9512,0.95162,1.00,1.00
2016.09.28 22:06:48.172,0.95118,0.95161,1.00,1.00
2016.09.28 22:06:48.834,0.95118,0.95162,1.00,1.00
2016.09.28 22:06:48.941,0.95121,0.9516,1.00,1.00
2016.09.28 22:06:49.183,0.95116,0.95157,1.87,1.00
2016.09.28 22:06:50.043,0.95116,0.95157,1.12,1.00
2016.09.28 22:06:53.993,0.95113,0.95155,1.87,1.00
2016.09.28 22:06:54.073,0.95113,0.95155,1.87,1.00
2016.09.28 22:06:54.525,0.95113,0.95155,1.12,1.00
2016.09.28 22:06:54.577,0.95113,0.95155,1.00,1.00
2016.09.28 22:06:54.963,0.95111,0.95155,1.12,1.00
2016.09.28 22:06:55.706,0.9511,0.95154,1.37,1.00
2016.09.28 22:06:56.367,0.9511,0.95155,1.37,1.00
2016.09.28 22:06:57.800,0.95114,0.95155,1.00,1.00
2016.09.28 22:06:58.499,0.95114,0.95156,1.00,1.00
2016.09.28 22:06:59.160,0.95113,0.95156,1.00,1.00
2016.09.28 22:06:59.211,0.9511,0.95156,2.62,1.00
2016.09.28 22:06:59.285,0.9511,0.95156,1.37,1.00
2016.09.28 22:06:59.386,0.95109,0.95156,2.62,1.00
2016.09.28 22:07:00.319,0.95109,0.95156,1.00,1.00
2016.09.28 22:07:00.375,0.95107,0.95155,1.87,1.00
2016.09.28 22:07:01.588,0.95107,0.95155,1.12,1.00
2016.09.28 22:07:01.705,0.95106,0.95155,1.87,1.00
2016.09.28 22:07:02.713,0.95106,0.95152,1.87,1.00
2016.09.28 22:07:02.917,0.95104,0.95158,1.87,1.00
2016.09.28 22:07:03.110,0.95106,0.95158,1.87,1.50
2016.09.28 22:07:03.209,0.95108,0.95156,1.12,1.00
2016.09.28 22:07:03.310,0.95106,0.95157,1.87,1.00
2016.09.28 22:07:03.411,0.95105,0.95154,2.62,1.00
2016.09.28 22:07:03.518,0.95105,0.95155,1.37,1.00
2016.09.28 22:07:03.618,0.95105,0.95157,2.62,1.00
2016.09.28 22:07:03.696,0.95107,0.95157,1.87,1.50
2016.09.28 22:07:03.793,0.95105,0.95157,1.37,1.00
2016.09.28 22:07:03.995,0.95107,0.95157,2.62,1.00
2016.09.28 22:07:04.097,0.95107,0.95157,2.62,1.00
2016.09.28 22:07:04.285,0.95106,0.95157,1.37,1.00
2016.09.28 22:07:04.419,0.95105,0.95156,1.87,1.00
2016.09.28 22:07:04.920,0.95107,0.95156,1.87,1.00
2016.09.28 22:07:05.021,0.95108,0.95155,1.87,1.00
2016.09.28 22:07:05.122,0.9511,0.95155,1.87,1.00
2016.09.28 22:07:05.283,0.9511,0.95158,1.87,1.00
2016.09.28 22:07:05.521,0.9511,0.95157,1.87,1.00
2016.09.28 22:07:05.646,0.9511,0.95158,1.87,1.00
2016.09.28 22:07:05.898,0.95109,0.95158,1.87,1.50
2016.09.28 22:07:05.999,0.95111,0.95156,1.87,1.00
2016.09.28 22:07:06.525,0.95112,0.95156,1.87,1.00
2016.09.28 22:07:06.823,0.9511,0.95156,1.87,1.00
2016.09.28 22:07:07.324,0.95111,0.95155,1.87,1.00
2016.09.28 22:07:07.426,0.95107,0.95154,1.87,1.00
2016.09.28 22:07:07.730,0.95107,0.95156,1.37,1.00
2016.09.28 22:07:07.791,0.95106,0.95157,1.87,1.00
2016.09.28 22:07:07.899,0.95108,0.95157,1.87,1.00
2016.09.28 22:07:08.044,0.95108,0.95157,1.87,1.00
2016.09.28 22:07:08.150,0.95108,0.95157,1.87,1.00
2016.09.28 22:07:08.200,0.95108,0.95156,2.62,1.00
2016.09.28 22:07:08.301,0.95108,0.95155,1.87,1.00
2016.09.28 22:07:08.386,0.95108,0.95157,1.87,1.00
2016.09.28 22:07:09.032,0.95108,0.95158,1.87,1.00
2016.09.28 22:07:09.133,0.9511,0.95153,1.37,1.50
2016.09.28 22:07:09.235,0.95114,0.95147,1.00,1.00
2016.09.28 22:07:09.336,0.95112,0.95145,1.00,1.00
2016.09.28 22:07:09.437,0.9511,0.9514,1.00,1.00
2016.09.28 22:07:10.189,0.95105,0.9514,1.00,1.00
2016.09.28 22:07:11.006,0.95107,0.9514,1.00,1.00
2016.09.28 22:07:11.930,0.95107,0.9514,1.00,1.00
2016.09.28 22:07:12.031,0.95109,0.95143,1.00,1.00
2016.09.28 22:07:12.132,0.9511,0.95146,1.00,1.00
2016.09.28 22:07:12.239,0.95113,0.95147,1.00,1.00
2016.09.28 22:07:12.933,0.95114,0.95148,1.00,1.00
2016.09.28 22:07:13.531,0.95114,0.95149,1.00,1.00
2016.09.28 22:07:13.859,0.95115,0.95149,1.00,1.00
2016.09.28 22:07:13.910,0.95112,0.95146,1.00,1.00
2016.09.28 22:07:14.017,0.95112,0.95146,1.00,1.00
2016.09.28 22:07:14.133,0.95111,0.95145,1.00,1.00
2016.09.28 22:07:14.410,0.95109,0.95145,1.00,1.50
2016.09.28 22:07:14.518,0.95109,0.95145,1.00,1.50
2016.09.28 22:07:15.496,0.95109,0.95145,1.50,1.50
2016.09.28 22:07:17.914,0.95109,0.95145,1.00,1.00
2016.09.28 22:07:18.021,0.95109,0.95145,1.50,1.50
2016.09.28 22:07:18.838,0.95109,0.95145,1.50,1.50
2016.09.28 22:07:18.901,0.95109,0.95144,1.00,1.00
2016.09.28 22:07:18.951,0.95108,0.95144,1.50,1.00
2016.09.28 22:07:19.102,0.95108,0.95142,1.00,1.00
2016.09.28 22:07:19.216,0.95106,0.95142,1.50,1.50
2016.09.28 22:07:19.323,0.95106,0.95142,1.50,1.50
2016.09.28 22:07:19.826,0.95106,0.95142,1.50,1.50
2016.09.28 22:07:19.939,0.95106,0.95141,1.00,1.00
2016.09.28 22:07:21.341,0.95105,0.95141,1.00,1.00
2016.09.28 22:07:21.963,0.95106,0.95141,1.00,1.00
2016.09.28 22:07:22.584,0.95105,0.95141,1.00,1.00
2016.09.28 22:07:24.245,0.95106,0.95141,1.00,1.00
2016.09.28 22:07:25.318,0.95106,0.95142,1.00,1.00
2016.09.28 22:07:25.469,0.95106,0.95142,1.00,1.00
2016.09.28 22:07:25.520,0.95106,0.95142,1.00,1.50
2016.09.28 22:07:25.671,0.95104,0.95139,1.00,1.00
2016.09.28 22:07:27.017,0.95103,0.95135,1.50,1.00
2016.09.28 22:07:27.147,0.95102,0.95139,1.00,1.00
2016.09.28 22:07:27.342,0.95108,0.95142,1.00,1.00
2016.09.28 22:07:27.852,0.95108,0.95143,1.00,1.00
2016.09.28 22:07:27.929,0.95106,0.95142,1.50,1.00
2016.09.28 22:07:27.980,0.95106,0.95142,1.50,1.00
2016.09.28 22:07:28.266,0.95106,0.95142,1.50,1.00
2016.09.28 22:07:28.367,0.95109,0.95144,1.00,1.00
2016.09.28 22:07:28.917,0.95109,0.95145,1.00,1.50
2016.09.28 22:07:28.967,0.95108,0.95145,1.00,1.00
2016.09.28 22:07:32.173,0.95109,0.95145,1.00,1.50
2016.09.28 22:07:32.245,0.95109,0.95145,1.00,1.50
2016.09.28 22:07:33.124,0.95109,0.95143,1.00,1.00
2016.09.28 22:07:33.524,0.95109,0.95143,1.00,1.00
2016.09.28 22:07:33.950,0.95109,0.95145,1.00,1.00
2016.09.28 22:07:34.388,0.95109,0.95145,1.00,1.00
2016.09.28 22:07:37.557,0.95109,0.95144,1.50,1.00
2016.09.28 22:07:37.631,0.95109,0.95145,1.00,1.50
2016.09.28 22:07:37.732,0.95109,0.95142,1.00,1.00
2016.09.28 22:07:37.783,0.95104,0.95141,1.00,1.00
2016.09.28 22:07:37.952,0.951,0.95137,1.00,1.00
2016.09.28 22:07:38.004,0.951,0.95137,1.00,1.00
2016.09.28 22:07:38.055,0.95101,0.95136,1.00,1.00
2016.09.28 22:07:38.183,0.95099,0.95134,1.00,1.00
2016.09.28 22:07:38.335,0.95098,0.95134,1.00,1.50
2016.09.28 22:07:38.385,0.95097,0.95134,1.50,1.00
2016.09.28 22:07:38.436,0.95103,0.95135,1.00,1.00
2016.09.28 22:07:38.486,0.95103,0.95134,1.00,1.00
2016.09.28 22:07:38.587,0.95103,0.95137,1.00,1.00
2016.09.28 22:07:38.638,0.95104,0.95139,1.00,1.50
2016.09.28 22:07:38.688,0.95104,0.95139,1.00,1.50
2016.09.28 22:07:38.765,0.95107,0.95141,1.00,1.00
2016.09.28 22:07:38.934,0.95105,0.95141,1.00,1.00
2016.09.28 22:07:39.033,0.95104,0.95139,1.00,1.00
2016.09.28 22:07:39.084,0.95104,0.95138,1.00,1.00
2016.09.28 22:07:40.036,0.95103,0.95137,1.50,1.00
2016.09.28 22:07:40.947,0.95103,0.95137,1.00,1.00
2016.09.28 22:07:41.062,0.95105,0.95139,1.00,1.00
2016.09.28 22:07:43.541,0.95106,0.95139,1.00,1.00
2016.09.28 22:07:43.592,0.95106,0.95139,1.00,1.00
2016.09.28 22:07:44.133,0.95107,0.95139,1.00,1.00
2016.09.28 22:07:44.465,0.95107,0.9514,1.00,1.00
2016.09.28 22:07:44.516,0.95107,0.9514,1.00,1.00
2016.09.28 22:07:45.268,0.95107,0.95139,1.00,1.00
2016.09.28 22:07:45.369,0.95109,0.95142,1.00,1.00
2016.09.28 22:07:45.654,0.95109,0.95142,1.00,1.50
2016.09.28 22:07:46.578,0.95109,0.95142,1.00,1.00
2016.09.28 22:07:46.680,0.95116,0.95142,1.00,1.00
2016.09.28 22:07:46.797,0.95118,0.95146,1.00,1.00
2016.09.28 22:07:46.983,0.95119,0.95148,1.00,1.00
2016.09.28 22:07:48.770,0.95115,0.95148,1.50,1.00
2016.09.28 22:07:48.921,0.95115,0.95148,1.50,1.00
2016.09.28 22:07:48.972,0.95116,0.95151,1.00,1.00
2016.09.28 22:07:49.023,0.95116,0.95151,1.00,1.00
2016.09.28 22:07:49.074,0.95116,0.95151,1.12,1.00
2016.09.28 22:07:49.290,0.95119,0.95151,1.00,1.00
2016.09.28 22:07:49.632,0.95119,0.95151,1.00,1.00
2016.09.28 22:07:49.687,0.95119,0.95151,1.00,1.00
2016.09.28 22:07:49.788,0.95118,0.95151,1.00,1.00
2016.09.28 22:07:50.178,0.95119,0.95152,1.00,1.00
2016.09.28 22:07:50.974,0.95119,0.95152,1.50,1.00
2016.09.28 22:07:52.857,0.95119,0.95152,1.00,1.00
2016.09.28 22:07:53.661,0.95118,0.95151,1.00,1.00
2016.09.28 22:07:53.812,0.95117,0.95151,1.00,1.50
2016.09.28 22:07:53.863,0.95117,0.9515,1.00,1.00
2016.09.28 22:07:57.869,0.95116,0.9515,1.00,1.00
2016.09.28 22:07:58.312,0.9512,0.9515,1.87,1.00
2016.09.28 22:07:58.474,0.95118,0.95151,1.87,1.00
2016.09.28 22:07:58.747,0.95118,0.95151,1.87,1.00
2016.09.28 22:07:58.871,0.95118,0.9515,1.87,1.00
2016.09.28 22:07:59.623,0.95117,0.9515,1.37,1.00
2016.09.28 22:08:01.075,0.95125,0.95149,1.00,1.00
2016.09.28 22:08:01.777,0.95124,0.95148,1.00,1.00
2016.09.28 22:08:03.989,0.95116,0.95148,1.37,1.00
2016.09.28 22:08:04.090,0.95116,0.95148,1.12,1.50
2016.09.28 22:08:04.141,0.95116,0.95148,1.12,1.50
2016.09.28 22:08:04.191,0.95115,0.95146,1.37,1.00
2016.09.28 22:08:04.242,0.95115,0.95146,1.37,1.00
2016.09.28 22:08:04.292,0.95114,0.95147,1.87,1.00
2016.09.28 22:08:04.393,0.95113,0.95145,1.00,1.00
2016.09.28 22:08:04.494,0.95111,0.95145,1.12,1.00
2016.09.28 22:08:04.545,0.95111,0.95145,1.12,1.00
2016.09.28 22:08:04.595,0.95111,0.95144,1.00,1.00
2016.09.28 22:08:04.697,0.95109,0.95144,1.50,1.00
2016.09.28 22:08:04.784,0.95109,0.95142,1.00,1.00
2016.09.28 22:08:04.835,0.95107,0.9514,1.00,1.00
2016.09.28 22:08:05.037,0.95107,0.95137,1.00,1.00
2016.09.28 22:08:05.087,0.95104,0.95137,1.00,1.00
2016.09.28 22:08:06.525,0.95104,0.95137,1.00,1.00
2016.09.28 22:08:06.626,0.95109,0.95137,1.00,1.00
2016.09.28 22:08:06.688,0.95109,0.95141,1.00,1.50
2016.09.28 22:08:07.387,0.9511,0.95141,1.00,1.00
2016.09.28 22:08:07.817,0.95111,0.95144,2.62,1.00
2016.09.28 22:08:07.918,0.95116,0.95143,1.00,1.00
2016.09.28 22:08:07.989,0.95116,0.95145,1.00,1.00
2016.09.28 22:08:08.140,0.95116,0.95145,1.00,1.00
2016.09.28 22:08:08.191,0.95121,0.95145,1.00,1.00
2016.09.28 22:08:08.292,0.95121,0.95148,1.00,1.50
2016.09.28 22:08:09.513,0.95118,0.95148,1.00,1.00
2016.09.28 22:08:13.420,0.95122,0.95149,1.00,1.00
2016.09.28 22:08:13.521,0.95118,0.9515,1.00,1.00
2016.09.28 22:08:13.572,0.95118,0.9515,1.00,1.00
2016.09.28 22:08:13.622,0.95116,0.95148,1.12,1.00
2016.09.28 22:08:16.200,0.95116,0.95148,1.37,1.00
2016.09.28 22:08:17.100,0.95116,0.95148,2.62,1.00
2016.09.28 22:08:19.603,0.95116,0.95148,1.37,1.00
2016.09.28 22:08:20.233,0.95116,0.95146,1.87,1.00
2016.09.28 22:08:21.749,0.95117,0.95148,1.87,1.00
2016.09.28 22:08:24.112,0.95116,0.95148,1.87,1.00
2016.09.28 22:08:24.312,0.95115,0.95148,2.62,1.00
2016.09.28 22:08:24.363,0.95115,0.95148,2.62,1.00
2016.09.28 22:08:24.443,0.95115,0.95148,2.62,1.00
2016.09.28 22:08:26.812,0.95117,0.95148,1.87,1.00
2016.09.28 22:08:27.263,0.95122,0.9515,1.00,1.00
2016.09.28 22:08:27.648,0.95122,0.9515,1.00,1.00
2016.09.28 22:08:27.714,0.95122,0.9515,1.12,1.00
2016.09.28 22:08:27.815,0.95122,0.9515,1.00,1.00
2016.09.28 22:08:27.967,0.95116,0.95147,1.00,1.00
2016.09.28 22:08:28.246,0.95114,0.95148,1.12,1.00
2016.09.28 22:08:29.519,0.95115,0.95148,1.37,1.00
2016.09.28 22:08:29.570,0.95119,0.95149,1.00,1.00
2016.09.28 22:08:29.722,0.95119,0.95149,1.00,1.50
2016.09.28 22:08:29.772,0.95119,0.95149,1.00,1.50
2016.09.28 22:08:29.823,0.95119,0.95148,1.00,1.00
2016.09.28 22:08:29.873,0.95114,0.95145,1.37,1.00
2016.09.28 22:08:29.924,0.95114,0.95145,1.00,1.50
2016.09.28 22:08:29.975,0.95114,0.95145,1.00,1.50
2016.09.28 22:08:30.076,0.9511,0.95144,1.37,1.00
2016.09.28 22:08:30.353,0.95109,0.9514,1.37,1.00
2016.09.28 22:08:30.527,0.95112,0.95144,1.00,1.00
2016.09.28 22:08:30.594,0.95115,0.95145,1.00,1.00
2016.09.28 22:08:30.644,0.95115,0.95145,1.50,1.00
2016.09.28 22:08:30.695,0.95115,0.95145,1.50,1.00
2016.09.28 22:08:31.040,0.95116,0.95147,1.00,1.00
2016.09.28 22:08:31.574,0.95115,0.95148,1.00,1.00
2016.09.28 22:08:31.869,0.95113,0.95148,1.12,1.00
2016.09.28 22:08:31.920,0.95113,0.95146,1.00,1.00
2016.09.28 22:08:32.043,0.95112,0.95145,1.12,1.00
2016.09.28 22:08:32.093,0.95112,0.95145,1.12,1.00
2016.09.28 22:08:32.144,0.95112,0.95145,1.50,1.00
2016.09.28 22:08:33.145,0.95114,0.95146,1.00,1.00
2016.09.28 22:08:34.750,0.95113,0.95146,1.50,1.00
2016.09.28 22:08:37.526,0.95114,0.95146,1.87,1.00
2016.09.28 22:08:38.628,0.95113,0.95146,3.37,1.00
2016.09.28 22:08:38.678,0.95118,0.95148,1.00,1.50
2016.09.28 22:08:38.729,0.95118,0.95148,1.00,1.00
2016.09.28 22:08:41.878,0.95116,0.95144,1.00,1.00
2016.09.28 22:08:42.221,0.95117,0.95142,1.00,1.00
2016.09.28 22:08:42.271,0.95115,0.95141,1.00,1.00
2016.09.28 22:08:42.769,0.95111,0.95141,1.00,1.00
2016.09.28 22:08:42.870,0.95114,0.95139,1.00,1.00
2016.09.28 22:08:43.804,0.95114,0.95141,1.00,1.00
2016.09.28 22:08:45.016,0.95115,0.95142,1.00,1.00
2016.09.28 22:08:45.975,0.95116,0.95142,1.00,1.00
2016.09.28 22:08:48.781,0.95112,0.95143,1.00,1.00
2016.09.28 22:08:50.284,0.95113,0.95143,1.00,1.00
2016.09.28 22:08:52.495,0.95113,0.95143,1.50,1.00
2016.09.28 22:08:52.592,0.95115,0.95143,1.00,1.00
2016.09.28 22:08:53.203,0.95117,0.95144,1.00,1.00
2016.09.28 22:08:53.304,0.95117,0.95147,1.00,1.00
2016.09.28 22:08:53.704,0.95115,0.95149,1.50,1.00
2016.09.28 22:08:54.195,0.95118,0.95148,1.00,1.00
2016.09.28 22:08:54.296,0.95116,0.95147,1.00,1.00
2016.09.28 22:08:54.555,0.95118,0.95147,1.00,1.00
2016.09.28 22:08:54.891,0.9512,0.95148,1.00,1.00
2016.09.28 22:08:57.997,0.95122,0.95148,1.00,1.00
2016.09.28 22:08:58.613,0.95118,0.95146,1.00,1.00
2016.09.28 22:08:59.148,0.95118,0.95145,1.00,1.00
2016.09.28 22:08:59.848,0.95119,0.95147,1.00,1.00
2016.09.28 22:09:00.708,0.9512,0.95149,1.00,1.50
2016.09.28 22:09:00.812,0.95121,0.9515,1.00,1.00
2016.09.28 22:09:01.017,0.95121,0.95152,1.00,1.50
2016.09.28 22:09:01.117,0.95124,0.95152,1.00,1.00
2016.09.28 22:09:01.168,0.95124,0.95155,1.00,1.00
2016.09.28 22:09:01.269,0.95124,0.95157,1.00,1.00
2016.09.28 22:09:01.319,0.95127,0.95159,1.00,1.00
2016.09.28 22:09:01.467,0.95128,0.9516,1.00,1.00
2016.09.28 22:09:01.518,0.95131,0.95163,1.00,1.50
2016.09.28 22:09:01.968,0.95131,0.95158,1.00,1.00
2016.09.28 22:09:02.019,0.95131,0.95158,1.00,1.00
2016.09.28 22:09:02.530,0.95125,0.95155,1.00,1.00
2016.09.28 22:09:02.907,0.95122,0.95152,1.00,1.00
2016.09.28 22:09:03.235,0.95122,0.9515,1.00,1.00
2016.09.28 22:09:03.800,0.95122,0.95149,1.00,1.00
2016.09.28 22:09:04.002,0.95119,0.95145,1.00,1.00
2016.09.28 22:09:04.230,0.95119,0.95145,1.00,1.00
2016.09.28 22:09:04.331,0.95119,0.95145,1.00,1.00
2016.09.28 22:09:04.381,0.95119,0.95146,1.00,1.00
2016.09.28 22:09:04.432,0.95119,0.95146,1.00,1.00
2016.09.28 22:09:04.951,0.9512,0.95146,1.00,1.00
2016.09.28 22:09:05.450,0.9512,0.95145,1.00,1.00
2016.09.28 22:09:05.551,0.95115,0.95145,1.00,1.00
2016.09.28 22:09:05.644,0.95117,0.95145,1.00,1.50
2016.09.28 22:09:05.694,0.95117,0.95143,1.00,1.00
2016.09.28 22:09:05.745,0.9511,0.95143,1.00,1.00
2016.09.28 22:09:05.795,0.9511,0.9514,1.00,1.00
2016.09.28 22:09:06.098,0.95114,0.9514,1.00,1.00
2016.09.28 22:09:06.210,0.95109,0.9514,1.00,1.00
2016.09.28 22:09:06.711,0.95109,0.95139,1.00,1.00
2016.09.28 22:09:07.162,0.95109,0.95139,1.00,1.00
2016.09.28 22:09:07.212,0.95109,0.95142,1.00,1.00
2016.09.28 22:09:07.441,0.95112,0.95143,1.00,1.50
2016.09.28 22:09:09.114,0.95108,0.95143,1.00,1.50
2016.09.28 22:09:09.481,0.95108,0.95142,1.00,1.00
2016.09.28 22:09:09.532,0.95109,0.95142,1.00,1.00
2016.09.28 22:09:09.950,0.9511,0.95143,1.00,1.00
2016.09.28 22:09:11.184,0.9511,0.95142,1.00,1.00
2016.09.28 22:09:11.519,0.9511,0.9514,1.00,1.00
2016.09.28 22:09:12.393,0.9511,0.95139,1.00,1.00
2016.09.28 22:09:13.122,0.95111,0.95139,1.00,1.00
2016.09.28 22:09:13.173,0.95111,0.95139,1.00,1.00
2016.09.28 22:09:13.922,0.95111,0.9514,1.00,1.00
2016.09.28 22:09:14.023,0.95111,0.95142,1.00,1.00
2016.09.28 22:09:14.074,0.95111,0.95142,1.00,1.00
2016.09.28 22:09:14.124,0.95108,0.95143,1.00,1.00
2016.09.28 22:09:14.175,0.95108,0.95143,1.00,1.00
2016.09.28 22:09:14.423,0.95108,0.95146,1.00,1.00
2016.09.28 22:09:14.540,0.95108,0.95146,1.00,1.50
2016.09.28 22:09:14.740,0.95108,0.95146,1.00,1.00
2016.09.28 22:09:19.653,0.95106,0.95146,1.00,1.00
2016.09.28 22:09:19.827,0.95109,0.95146,1.00,1.00
2016.09.28 22:09:19.928,0.95109,0.95146,1.00,1.50
2016.09.28 22:09:20.263,0.95109,0.95146,1.00,1.50
2016.09.28 22:09:20.364,0.9511,0.95146,1.00,1.00
2016.09.28 22:09:20.629,0.95112,0.95149,1.00,1.50
2016.09.28 22:09:21.566,0.95112,0.95148,1.00,1.00
2016.09.28 22:09:22.103,0.95112,0.95149,1.00,1.50
2016.09.28 22:09:22.153,0.95112,0.95146,1.00,1.00
2016.09.28 22:09:24.433,0.95117,0.95149,1.00,1.00
2016.09.28 22:09:24.584,0.95118,0.95148,1.00,1.00
2016.09.28 22:09:24.635,0.95118,0.95151,1.00,1.00
2016.09.28 22:09:24.736,0.95118,0.95153,1.00,1.00
2016.09.28 22:09:25.334,0.95122,0.95153,1.00,1.00
2016.09.28 22:09:26.035,0.9512,0.95153,1.00,1.00
2016.09.28 22:09:27.562,0.95119,0.95156,1.00,1.00
2016.09.28 22:09:27.663,0.95119,0.95154,1.00,1.00
2016.09.28 22:09:28.538,0.95121,0.95154,1.00,1.00
2016.09.28 22:09:32.455,0.9512,0.95156,1.00,1.00
2016.09.28 22:09:32.506,0.9512,0.95156,1.00,1.00
2016.09.28 22:09:33.661,0.95118,0.95154,1.00,1.00
2016.09.28 22:09:33.762,0.95111,0.95148,1.00,1.00
2016.09.28 22:09:34.374,0.95114,0.9515,1.00,1.00
2016.09.28 22:09:34.424,0.95114,0.95151,1.00,1.50
2016.09.28 22:09:34.475,0.9511,0.95151,1.00,1.00
2016.09.28 22:09:34.525,0.9511,0.95153,1.00,1.00
2016.09.28 22:09:34.677,0.95114,0.95153,1.00,1.00
2016.09.28 22:09:35.245,0.95108,0.95153,1.37,1.00
2016.09.28 22:09:35.649,0.95108,0.95153,2.62,1.00
2016.09.28 22:09:35.758,0.95108,0.95153,1.87,1.00
2016.09.28 22:09:36.947,0.95115,0.95153,1.00,1.00
2016.09.28 22:09:37.928,0.95115,0.95154,1.00,1.00
2016.09.28 22:09:38.455,0.95115,0.95153,1.00,1.00
2016.09.28 22:09:39.958,0.95116,0.95153,1.00,1.00
2016.09.28 22:09:40.540,0.95117,0.95155,1.00,1.00
2016.09.28 22:09:40.591,0.95117,0.95155,1.00,1.00
2016.09.28 22:09:45.605,0.95122,0.95154,1.00,1.00
2016.09.28 22:09:47.559,0.95116,0.95154,1.00,1.00
2016.09.28 22:09:49.963,0.95116,0.95153,1.00,1.00
2016.09.28 22:09:50.895,0.95115,0.95151,1.00,1.00
2016.09.28 22:09:51.765,0.95118,0.95151,1.00,1.00
2016.09.28 22:09:58.073,0.95117,0.95151,1.00,1.00
2016.09.28 22:09:59.909,0.95117,0.9515,1.00,1.00
2016.09.28 22:10:00.476,0.95121,0.95148,1.00,1.00
2016.09.28 22:10:00.993,0.95123,0.95152,1.00,1.00
2016.09.28 22:10:01.313,0.95121,0.95153,1.00,1.00
2016.09.28 22:10:01.378,0.95125,0.95152,1.00,1.00
2016.09.28 22:10:01.911,0.95124,0.95156,1.00,1.00
2016.09.28 22:10:02.113,0.95123,0.95153,1.00,1.00
2016.09.28 22:10:02.181,0.9512,0.95153,1.00,1.00
2016.09.28 22:10:02.282,0.95121,0.95155,1.00,1.00
2016.09.28 22:10:02.803,0.9512,0.95152,1.00,1.00
2016.09.28 22:10:03.042,0.95128,0.95155,1.00,1.00
2016.09.28 22:10:03.093,0.95128,0.95155,1.00,1.00
2016.09.28 22:10:03.201,0.9513,0.9516,1.00,1.50
2016.09.28 22:10:03.307,0.9513,0.9516,1.00,1.00
2016.09.28 22:10:03.908,0.95132,0.95158,1.00,1.00
2016.09.28 22:10:04.210,0.95131,0.95156,1.00,1.00
2016.09.28 22:10:04.485,0.95132,0.95159,1.00,1.00
2016.09.28 22:10:04.609,0.9513,0.95157,1.00,1.00
2016.09.28 22:10:05.186,0.95129,0.95156,1.00,1.00
2016.09.28 22:10:05.687,0.95128,0.95156,1.00,1.00
2016.09.28 22:10:10.817,0.95129,0.95154,1.00,1.00
2016.09.28 22:10:11.794,0.95129,0.95153,1.00,1.00
2016.09.28 22:10:13.719,0.95127,0.95153,1.00,1.00
2016.09.28 22:10:18.653,0.9513,0.95155,1.00,1.00
2016.09.28 22:10:18.754,0.9513,0.95157,1.00,1.00
2016.09.28 22:10:18.805,0.95134,0.9516,1.00,1.00
2016.09.28 22:10:18.924,0.95134,0.95161,1.00,1.00
2016.09.28 22:10:19.539,0.95135,0.95162,1.00,1.00
2016.09.28 22:10:19.589,0.95135,0.95163,1.00,1.50
2016.09.28 22:10:22.352,0.95135,0.95162,1.00,1.00
2016.09.28 22:10:24.403,0.95135,0.95163,1.00,1.50
2016.09.28 22:10:25.304,0.95135,0.95162,1.00,1.00
2016.09.28 22:10:27.211,0.95135,0.95163,1.00,1.50
2016.09.28 22:10:28.217,0.95134,0.95163,1.00,1.00
2016.09.28 22:10:29.510,0.95134,0.95162,1.00,1.00
2016.09.28 22:10:34.453,0.95134,0.95164,1.00,1.00
2016.09.28 22:10:43.769,0.95136,0.95164,1.00,1.00
2016.09.28 22:10:45.471,0.95136,0.95165,1.00,1.50
2016.09.28 22:10:50.045,0.95136,0.95165,1.00,1.00
2016.09.28 22:10:53.477,0.95136,0.95166,1.00,1.50
2016.09.28 22:11:04.156,0.95136,0.95165,1.00,1.00
2016.09.28 22:11:08.162,0.95136,0.95166,1.00,1.50
2016.09.28 22:11:09.397,0.95136,0.95166,1.00,1.00
2016.09.28 22:11:14.371,0.95136,0.95166,1.00,1.50
2016.09.28 22:11:15.811,0.95138,0.95166,1.00,1.00
2016.09.28 22:11:17.626,0.95137,0.95165,1.00,1.00
2016.09.28 22:11:17.813,0.95133,0.95166,1.00,1.00
2016.09.28 22:11:17.876,0.95133,0.95166,1.00,1.50
2016.09.28 22:11:17.927,0.95133,0.95165,1.00,1.00
2016.09.28 22:11:17.978,0.95133,0.95165,1.00,1.00
2016.09.28 22:11:18.028,0.95128,0.95164,1.00,1.00
2016.09.28 22:11:18.509,0.95128,0.95161,1.00,1.00
2016.09.28 22:11:18.616,0.95128,0.95162,1.00,1.00
2016.09.28 22:11:18.728,0.95128,0.95161,1.00,1.00
2016.09.28 22:11:18.915,0.95128,0.95164,1.00,1.50
2016.09.28 22:11:19.016,0.95128,0.95164,1.00,1.00
2016.09.28 22:11:19.078,0.95128,0.95164,1.00,1.50
2016.09.28 22:11:19.129,0.95138,0.95164,1.00,1.00
2016.09.28 22:11:19.202,0.95138,0.95166,1.00,1.00
2016.09.28 22:11:20.632,0.95138,0.95168,1.00,1.50
2016.09.28 22:11:25.187,0.95138,0.95168,1.00,1.00
2016.09.28 22:11:25.815,0.95138,0.95169,1.00,1.00
2016.09.28 22:11:26.609,0.95132,0.95163,1.00,1.00
2016.09.28 22:11:26.976,0.95127,0.95157,1.00,1.00
2016.09.28 22:11:27.419,0.95132,0.95165,1.00,1.00
2016.09.28 22:11:27.961,0.95131,0.95166,1.00,1.00
2016.09.28 22:11:28.108,0.95137,0.95169,1.00,1.50
2016.09.28 22:11:31.095,0.95137,0.95169,1.00,1.00
2016.09.28 22:11:32.948,0.9514,0.95169,1.00,1.00
2016.09.28 22:11:33.049,0.95141,0.95171,1.00,1.00
2016.09.28 22:11:33.221,0.95145,0.95174,1.00,1.00
2016.09.28 22:11:33.331,0.95138,0.95167,1.00,1.00
2016.09.28 22:11:33.436,0.95136,0.9517,1.00,1.50
2016.09.28 22:11:34.010,0.95136,0.95169,1.00,1.00
2016.09.28 22:11:34.331,0.95136,0.9517,1.00,1.50
2016.09.28 22:11:34.432,0.95136,0.9517,1.00,1.50
2016.09.28 22:11:35.256,0.95137,0.9517,1.00,1.50
2016.09.28 22:11:36.003,0.95137,0.95169,1.00,1.00
2016.09.28 22:11:38.849,0.95127,0.95159,1.00,1.00
2016.09.28 22:11:38.950,0.95126,0.95163,1.00,1.00
2016.09.28 22:11:39.055,0.95126,0.95162,1.00,1.00
2016.09.28 22:11:39.157,0.95126,0.95163,1.00,1.50
2016.09.28 22:11:39.239,0.95126,0.95162,1.00,1.00
2016.09.28 22:11:41.146,0.95127,0.95164,1.00,1.00
2016.09.28 22:11:43.149,0.95135,0.95166,1.00,1.00
2016.09.28 22:11:43.648,0.95137,0.95169,1.00,1.00
2016.09.28 22:11:43.760,0.95137,0.95169,1.00,1.00
2016.09.28 22:11:53.430,0.95137,0.95169,1.00,1.00
2016.09.28 22:11:54.331,0.95137,0.95169,1.00,1.00
2016.09.28 22:11:58.387,0.95138,0.95169,1.00,1.00
2016.09.28 22:12:00.075,0.95142,0.95169,1.00,1.00
2016.09.28 22:12:00.176,0.95142,0.95172,1.00,1.00
2016.09.28 22:12:00.758,0.95142,0.95173,1.00,1.00
2016.09.28 22:12:02.179,0.95142,0.95172,1.00,1.00
2016.09.28 22:12:05.298,0.95135,0.95167,1.00,1.00
2016.09.28 22:12:05.399,0.95132,0.95172,1.00,1.50
2016.09.28 22:12:05.449,0.95132,0.95169,1.00,1.00
2016.09.28 22:12:05.500,0.9513,0.95168,1.00,1.00
2016.09.28 22:12:05.550,0.9513,0.95168,1.00,1.50
2016.09.28 22:12:05.601,0.95129,0.95167,1.00,1.00
2016.09.28 22:12:05.752,0.9513,0.95168,1.00,1.00
2016.09.28 22:12:05.873,0.9513,0.95169,1.00,1.50
2016.09.28 22:12:05.924,0.9513,0.95169,1.00,1.00
2016.09.28 22:12:06.279,0.9513,0.95168,1.00,1.00
2016.09.28 22:12:07.086,0.95139,0.95168,1.00,1.00
2016.09.28 22:12:07.186,0.95135,0.95172,1.00,1.00
2016.09.28 22:12:07.287,0.95131,0.95171,1.00,1.00
2016.09.28 22:12:07.350,0.95131,0.95171,1.00,1.00
2016.09.28 22:12:07.650,0.95131,0.95171,1.00,1.00
2016.09.28 22:12:08.073,0.95131,0.95171,1.00,1.00
2016.09.28 22:12:09.088,0.95139,0.95172,1.00,1.50
2016.09.28 22:12:09.259,0.95139,0.95172,1.00,1.00
2016.09.28 22:12:09.822,0.95142,0.95174,1.00,1.00
2016.09.28 22:12:13.039,0.95145,0.95175,1.00,1.00
2016.09.28 22:12:13.390,0.9514,0.95166,1.00,1.00
2016.09.28 22:12:13.440,0.95139,0.95169,1.00,1.00
2016.09.28 22:12:13.911,0.95141,0.95171,1.00,1.00
2016.09.28 22:12:13.962,0.95141,0.95174,1.00,1.00
2016.09.28 22:12:14.012,0.95146,0.95175,1.00,1.00
2016.09.28 22:12:14.063,0.95146,0.95176,1.00,1.00
2016.09.28 22:12:14.113,0.95142,0.95177,1.00,1.50
2016.09.28 22:12:14.362,0.95142,0.95177,1.00,1.50
2016.09.28 22:12:15.006,0.95141,0.95177,1.00,1.50
2016.09.28 22:12:15.260,0.95141,0.95177,1.00,1.00
2016.09.28 22:12:15.486,0.95141,0.95177,1.00,1.00
2016.09.28 22:12:15.765,0.95141,0.95177,1.00,1.00
2016.09.28 22:12:19.017,0.95143,0.95175,1.00,1.00
2016.09.28 22:12:20.212,0.95143,0.95176,1.00,1.00
2016.09.28 22:12:22.615,0.95144,0.95176,1.00,1.00
2016.09.28 22:12:23.554,0.95145,0.95177,1.00,1.00
2016.09.28 22:12:23.856,0.95135,0.95164,1.00,1.00
2016.09.28 22:12:24.018,0.95132,0.95163,1.00,1.00
2016.09.28 22:12:24.454,0.95129,0.95155,1.00,1.00
2016.09.28 22:12:24.655,0.95127,0.95156,1.00,1.00
2016.09.28 22:12:28.959,0.95125,0.95157,1.00,1.00
2016.09.28 22:12:29.614,0.95124,0.95156,1.00,1.00
2016.09.28 22:12:35.245,0.95122,0.95157,1.00,1.00
2016.09.28 22:12:36.767,0.95123,0.95157,1.00,1.00
2016.09.28 22:12:36.868,0.95128,0.95156,1.00,1.00
2016.09.28 22:12:37.113,0.95127,0.95156,1.00,1.00
2016.09.28 22:12:38.560,0.95127,0.95157,1.00,1.00
2016.09.28 22:12:41.982,0.95132,0.95161,1.00,1.00
2016.09.28 22:12:43.473,0.9513,0.95163,1.00,1.00
2016.09.28 22:12:44.875,0.9513,0.95162,1.00,1.00
2016.09.28 22:12:45.914,0.95128,0.95163,1.00,1.00
2016.09.28 22:12:58.505,0.95129,0.95163,1.00,1.00
2016.09.28 22:12:59.507,0.95129,0.95164,1.00,1.00
2016.09.28 22:12:59.632,0.95133,0.95163,1.00,1.00
2016.09.28 22:13:05.324,0.95134,0.95162,1.00,1.00
2016.09.28 22:13:05.424,0.95132,0.95162,1.00,1.00
2016.09.28 22:13:08.249,0.9513,0.95163,1.00,1.00
2016.09.28 22:13:13.168,0.95129,0.95163,1.00,1.00
2016.09.28 22:13:13.269,0.9513,0.95161,1.00,1.00
2016.09.28 22:13:14.170,0.95126,0.95162,1.00,1.00
2016.09.28 22:13:14.271,0.9513,0.95157,1.00,1.00
2016.09.28 22:13:14.375,0.9513,0.95159,1.00,1.00
2016.09.28 22:13:14.487,0.9513,0.95162,1.00,1.00
2016.09.28 22:13:20.365,0.95131,0.95162,1.00,1.00
2016.09.28 22:13:21.197,0.95129,0.95162,1.00,1.00
2016.09.28 22:13:25.321,0.95132,0.95163,1.00,1.00
2016.09.28 22:13:38.435,0.95129,0.95163,1.00,1.00
2016.09.28 22:13:43.597,0.95129,0.95162,1.00,1.00
2016.09.28 22:13:44.599,0.95129,0.95163,1.00,1.00
2016.09.28 22:13:50.474,0.95127,0.95163,1.00,1.00
2016.09.28 22:13:53.937,0.95129,0.95162,1.00,1.00
2016.09.28 22:14:06.050,0.95129,0.95164,1.00,1.00
2016.09.28 22:14:13.706,0.9513,0.95162,1.00,1.00
2016.09.28 22:14:20.524,0.95131,0.95163,1.00,1.00
2016.09.28 22:14:21.528,0.95129,0.95163,1.00,1.00
2016.09.28 22:14:31.430,0.95131,0.95162,1.00,1.00
2016.09.28 22:14:32.108,0.95131,0.95163,1.00,1.00
2016.09.28 22:14:32.769,0.95132,0.95163,1.00,1.00
2016.09.28 22:14:37.202,0.95131,0.95163,1.00,1.00
2016.09.28 22:14:37.601,0.95122,0.95171,1.12,1.00
2016.09.28 22:14:38.502,0.95121,0.95172,1.37,1.00
2016.09.28 22:14:38.603,0.95122,0.95171,1.12,1.00
2016.09.28 22:14:39.439,0.95131,0.95162,1.00,1.00
2016.09.28 22:14:42.742,0.95133,0.95162,1.00,1.00
2016.09.28 22:14:53.115,0.9513,0.95163,1.00,1.00
2016.09.28 22:14:53.659,0.95129,0.95163,1.00,1.00
2016.09.28 22:14:54.210,0.95128,0.95163,1.00,1.00
2016.09.28 22:15:01.163,0.95127,0.95158,1.00,1.00
2016.09.28 22:15:06.171,0.95127,0.95156,1.00,1.00
2016.09.28 22:15:13.743,0.95126,0.95158,1.00,1.00
2016.09.28 22:15:18.652,0.95126,0.95156,1.00,1.00
2016.09.28 22:15:19.049,0.95125,0.95158,1.00,1.00
2016.09.28 22:15:19.851,0.95124,0.95158,1.00,1.00
2016.09.28 22:15:28.762,0.95125,0.95158,1.00,1.00
2016.09.28 22:15:38.021,0.95123,0.95148,1.00,1.00
2016.09.28 22:15:38.223,0.95112,0.9516,1.00,1.00
2016.09.28 22:15:38.481,0.95118,0.9516,1.00,1.00
2016.09.28 22:15:38.632,0.95117,0.95163,1.00,1.00
2016.09.28 22:15:38.683,0.95117,0.95163,1.00,1.00
2016.09.28 22:15:38.806,0.95114,0.95163,1.00,1.00
2016.09.28 22:15:43.380,0.95123,0.95155,1.00,1.00
2016.09.28 22:15:44.760,0.95124,0.95157,1.00,1.00
2016.09.28 22:15:46.615,0.95123,0.95154,1.00,1.00
2016.09.28 22:15:48.484,0.95125,0.95156,1.00,1.00
2016.09.28 22:15:50.687,0.95123,0.95154,1.00,1.00
2016.09.28 22:15:53.205,0.95122,0.95157,1.00,1.00
2016.09.28 22:15:54.491,0.95122,0.95158,1.00,1.00
2016.09.28 22:15:58.798,0.95123,0.95156,1.00,1.00
2016.09.28 22:16:02.344,0.95124,0.95155,1.00,1.00
2016.09.28 22:16:04.406,0.95124,0.95157,1.00,1.00
2016.09.28 22:16:05.006,0.95124,0.95156,1.00,1.00
2016.09.28 22:16:06.635,0.95123,0.95154,1.00,1.00
2016.09.28 22:16:10.412,0.95121,0.95152,1.00,1.00
2016.09.28 22:16:11.514,0.95121,0.95151,1.00,1.00
2016.09.28 22:16:12.515,0.9512,0.95151,1.00,1.00
2016.09.28 22:16:13.140,0.95117,0.95148,1.00,1.00
2016.09.28 22:16:13.541,0.95123,0.95153,1.00,1.00
2016.09.28 22:16:14.638,0.95123,0.95154,1.00,1.00
2016.09.28 22:16:15.555,0.95123,0.95155,1.00,1.00
2016.09.28 22:16:16.158,0.95122,0.95155,1.00,1.00
2016.09.28 22:16:16.557,0.95125,0.95154,1.00,1.00
2016.09.28 22:16:16.621,0.95123,0.95156,1.00,1.00
2016.09.28 22:16:16.923,0.95123,0.95154,1.00,1.00
2016.09.28 22:16:18.355,0.9512,0.95154,1.00,1.00
2016.09.28 22:16:18.560,0.95123,0.95154,1.00,1.00
2016.09.28 22:16:19.325,0.95122,0.95156,1.00,1.00
2016.09.28 22:16:20.261,0.95123,0.95154,1.00,1.00
2016.09.28 22:16:22.752,0.95121,0.95156,1.00,1.00
2016.09.28 22:16:24.536,0.95123,0.95154,1.00,1.00
2016.09.28 22:16:25.639,0.95121,0.95155,1.00,1.00
2016.09.28 22:16:26.707,0.9512,0.95155,1.00,1.00
2016.09.28 22:16:27.545,0.95122,0.95153,1.00,1.00
2016.09.28 22:16:28.483,0.95122,0.95154,1.00,1.00
2016.09.28 22:16:30.809,0.9512,0.95154,1.00,1.00
2016.09.28 22:16:31.851,0.95121,0.95151,1.00,1.00
2016.09.28 22:16:37.684,0.95123,0.9515,1.00,1.00
2016.09.28 22:16:37.989,0.9512,0.95152,1.00,1.00
2016.09.28 22:16:38.191,0.9512,0.95148,1.00,1.00
2016.09.28 22:16:38.864,0.95121,0.95148,1.00,1.00
2016.09.28 22:16:41.483,0.95122,0.95149,1.00,1.00
2016.09.28 22:16:44.800,0.95121,0.95149,1.00,1.00
2016.09.28 22:16:47.691,0.95123,0.95149,1.00,1.00
2016.09.28 22:16:50.431,0.95121,0.9515,1.00,1.00
2016.09.28 22:16:53.815,0.95123,0.95151,1.00,1.00
2016.09.28 22:16:54.812,0.95123,0.95151,1.00,1.00
2016.09.28 22:16:57.997,0.95121,0.95147,1.00,1.00
2016.09.28 22:16:58.048,0.95119,0.95152,1.00,1.50
2016.09.28 22:16:58.099,0.9512,0.95149,1.00,1.00
2016.09.28 22:16:58.625,0.95121,0.9515,1.00,1.00
2016.09.28 22:16:59.194,0.95122,0.9515,1.00,1.00
2016.09.28 22:17:01.641,0.95119,0.95149,1.00,1.00
2016.09.28 22:17:01.748,0.95121,0.9515,1.00,1.00
2016.09.28 22:17:06.818,0.95121,0.95148,1.00,1.00
2016.09.28 22:17:14.033,0.9512,0.9515,1.00,1.00
2016.09.28 22:17:15.035,0.95122,0.95149,1.00,1.00
2016.09.28 22:17:17.882,0.95119,0.95153,1.00,1.00
2016.09.28 22:17:18.065,0.95119,0.95149,1.00,1.00
2016.09.28 22:17:18.371,0.95121,0.9515,1.00,1.00
2016.09.28 22:17:27.065,0.95123,0.9515,1.00,1.00
2016.09.28 22:17:29.059,0.95123,0.95149,1.00,1.00
2016.09.28 22:17:29.676,0.95122,0.95148,1.00,1.00
2016.09.28 22:17:36.373,0.95122,0.95149,1.00,1.00
2016.09.28 22:17:37.976,0.95121,0.95145,1.00,1.00
2016.09.28 22:17:38.077,0.95119,0.95147,1.00,1.00
2016.09.28 22:17:38.179,0.9512,0.95145,1.00,1.00
2016.09.28 22:17:38.380,0.9512,0.9515,1.00,1.00
2016.09.28 22:17:38.604,0.95122,0.9515,1.00,1.00
2016.09.28 22:17:44.118,0.95121,0.9515,1.00,1.00
2016.09.28 22:17:45.420,0.95122,0.95151,1.00,1.00
2016.09.28 22:17:54.242,0.95122,0.95149,1.00,1.00
2016.09.28 22:17:55.248,0.95122,0.9515,1.00,1.00
2016.09.28 22:17:57.946,0.95121,0.95145,1.00,1.00
2016.09.28 22:17:58.259,0.95121,0.95148,1.00,1.00
2016.09.28 22:17:58.660,0.95122,0.9515,1.00,1.00
2016.09.28 22:18:00.128,0.95115,0.95147,1.00,1.00
2016.09.28 22:18:00.229,0.95113,0.95145,1.00,1.00
2016.09.28 22:18:00.547,0.95112,0.95147,1.00,1.00
2016.09.28 22:18:01.339,0.95112,0.95144,1.00,1.00
2016.09.28 22:18:01.718,0.95112,0.95147,1.00,1.00
2016.09.28 22:18:08.632,0.95112,0.95146,1.00,1.00
2016.09.28 22:18:11.456,0.95111,0.95145,1.00,1.00
2016.09.28 22:18:11.985,0.95112,0.95146,1.00,1.00
2016.09.28 22:18:29.711,0.95113,0.95146,1.00,1.00
2016.09.28 22:18:30.470,0.95112,0.95146,1.00,1.00
2016.09.28 22:18:31.297,0.95114,0.95145,1.00,1.00
2016.09.28 22:18:34.471,0.95112,0.95144,1.00,1.00
2016.09.28 22:18:35.590,0.95114,0.95145,1.00,1.00
2016.09.28 22:18:36.592,0.95112,0.95146,1.00,1.00
2016.09.28 22:18:38.891,0.95112,0.95142,1.00,1.00
2016.09.28 22:18:39.096,0.9511,0.95145,1.00,1.00
2016.09.28 22:18:41.780,0.95112,0.95146,1.00,1.00
2016.09.28 22:18:42.403,0.95116,0.95148,1.00,1.00
2016.09.28 22:18:42.810,0.95118,0.9515,1.00,1.00
2016.09.28 22:18:51.520,0.95119,0.95148,1.00,1.00
2016.09.28 22:19:06.032,0.95117,0.95149,1.00,1.00
2016.09.28 22:19:10.933,0.95129,0.95155,1.00,1.00
2016.09.28 22:19:11.134,0.95126,0.95155,1.00,1.00
2016.09.28 22:19:11.921,0.95127,0.95156,1.00,1.00
2016.09.28 22:19:14.224,0.95126,0.95156,1.00,1.00
2016.09.28 22:19:16.127,0.95125,0.95161,1.00,1.00
2016.09.28 22:19:17.130,0.95126,0.95161,1.00,1.00
2016.09.28 22:19:18.934,0.95127,0.95158,1.00,1.00
2016.09.28 22:19:20.536,0.95127,0.95161,1.00,1.00
2016.09.28 22:19:21.414,0.95128,0.95161,1.00,1.00
2016.09.28 22:19:21.987,0.95129,0.95161,1.00,1.00
2016.09.28 22:19:24.742,0.95131,0.95162,1.00,1.00
2016.09.28 22:19:29.249,0.9513,0.95162,1.00,1.00
2016.09.28 22:19:30.293,0.95131,0.95163,1.00,1.00
2016.09.28 22:19:32.955,0.95133,0.95162,1.00,1.00
2016.09.28 22:19:34.156,0.95132,0.95164,1.00,1.00
2016.09.28 22:19:35.976,0.95132,0.95163,1.00,1.00
2016.09.28 22:19:37.461,0.95125,0.95172,1.00,1.00
2016.09.28 22:19:38.559,0.95125,0.95172,1.00,1.00
2016.09.28 22:19:38.686,0.95127,0.95166,1.00,1.00
2016.09.28 22:19:39.060,0.95127,0.95166,1.00,1.00
2016.09.28 22:19:39.111,0.95133,0.95161,1.00,1.00
2016.09.28 22:19:39.161,0.95133,0.95161,1.00,1.00
2016.09.28 22:19:39.483,0.95131,0.95158,1.00,1.00
2016.09.28 22:19:40.062,0.95131,0.95158,1.00,1.00
2016.09.28 22:19:40.213,0.9513,0.95157,1.00,1.00
2016.09.28 22:19:41.185,0.95129,0.95156,1.00,1.00
2016.09.28 22:19:51.228,0.95128,0.95156,1.00,1.00
2016.09.28 22:19:52.183,0.95129,0.95156,1.00,1.00
2016.09.28 22:20:00.596,0.95128,0.95153,1.00,1.00
2016.09.28 22:20:00.897,0.95126,0.95153,1.00,1.00
2016.09.28 22:20:01.936,0.95126,0.95152,1.00,1.00
2016.09.28 22:20:02.473,0.95125,0.95153,1.00,1.00
2016.09.28 22:20:04.602,0.95123,0.95152,1.00,1.00
2016.09.28 22:20:06.218,0.95121,0.95152,1.00,1.00
2016.09.28 22:20:09.332,0.95121,0.95152,1.00,1.00
2016.09.28 22:20:09.383,0.95121,0.95152,1.00,1.50
2016.09.28 22:20:09.433,0.95122,0.9515,1.00,1.00
2016.09.28 22:20:11.213,0.95121,0.95147,1.00,1.00
2016.09.28 22:20:13.237,0.9512,0.95146,1.00,1.00
2016.09.28 22:20:13.338,0.95113,0.95143,1.00,1.00
2016.09.28 22:20:13.539,0.95111,0.9514,1.00,1.00
2016.09.28 22:20:14.318,0.9511,0.9514,1.00,1.00
2016.09.28 22:20:18.849,0.9511,0.95141,1.00,1.00
2016.09.28 22:20:19.870,0.9511,0.95142,1.00,1.00
2016.09.28 22:20:20.427,0.9511,0.95135,1.00,1.00
2016.09.28 22:20:20.831,0.9511,0.95138,1.00,1.00
2016.09.28 22:20:22.178,0.95106,0.95134,1.00,1.00
2016.09.28 22:20:29.345,0.95107,0.95132,1.00,1.00
2016.09.28 22:20:30.346,0.95108,0.95133,1.00,1.00
2016.09.28 22:20:31.349,0.95106,0.95133,1.00,1.00
2016.09.28 22:20:34.174,0.95105,0.95131,1.00,1.00
2016.09.28 22:20:34.277,0.95103,0.9513,1.00,1.00
2016.09.28 22:20:35.254,0.95102,0.9513,1.00,1.00
2016.09.28 22:20:35.456,0.95099,0.95128,1.00,1.00
2016.09.28 22:20:36.501,0.95097,0.95128,1.00,1.00
2016.09.28 22:20:37.078,0.95092,0.95119,1.00,1.00
2016.09.28 22:20:37.179,0.95088,0.95117,1.00,1.00
2016.09.28 22:20:37.469,0.95102,0.9513,1.00,1.00
2016.09.28 22:20:37.519,0.95102,0.9513,1.00,1.00
2016.09.28 22:20:38.089,0.95102,0.95131,1.00,1.00
2016.09.28 22:20:39.978,0.95103,0.95131,1.00,1.00
2016.09.28 22:20:42.077,0.95102,0.95137,1.00,1.00
2016.09.28 22:20:44.069,0.95103,0.95134,1.00,1.00
2016.09.28 22:20:44.972,0.95099,0.95132,1.00,1.00
2016.09.28 22:20:48.125,0.95099,0.95128,1.00,1.00
2016.09.28 22:20:48.226,0.95099,0.95132,1.00,1.00
2016.09.28 22:20:49.008,0.95099,0.95134,1.00,1.00
2016.09.28 22:20:51.208,0.951,0.95132,1.00,1.00
2016.09.28 22:20:51.388,0.95099,0.95136,1.00,1.00
2016.09.28 22:20:51.689,0.95101,0.95137,1.00,1.00
2016.09.28 22:20:52.230,0.95102,0.95136,1.00,1.00
2016.09.28 22:20:57.918,0.95101,0.95132,1.00,1.00
2016.09.28 22:20:59.948,0.951,0.95132,1.00,1.00
2016.09.28 22:21:01.215,0.95095,0.95122,1.00,1.00
2016.09.28 22:21:01.316,0.95097,0.9513,1.00,1.00
2016.09.28 22:21:01.366,0.95097,0.9513,1.00,1.00
2016.09.28 22:21:01.908,0.951,0.9513,1.00,1.00
2016.09.28 22:21:06.312,0.95099,0.95133,1.00,1.00
2016.09.28 22:21:06.831,0.951,0.95132,1.00,1.00
2016.09.28 22:21:09.316,0.95101,0.95132,1.00,1.00
2016.09.28 22:21:11.450,0.95099,0.95131,1.00,1.00
2016.09.28 22:21:12.444,0.95099,0.9513,1.00,1.00
2016.09.28 22:21:14.522,0.95099,0.95132,1.00,1.00
2016.09.28 22:21:18.868,0.95096,0.95131,1.00,1.00
2016.09.28 22:21:18.969,0.95095,0.95129,1.00,1.00
2016.09.28 22:21:19.071,0.95093,0.95131,1.00,1.00
2016.09.28 22:21:19.172,0.95102,0.95131,1.00,1.00
2016.09.28 22:21:19.860,0.95096,0.95131,1.00,1.00
2016.09.28 22:21:20.062,0.95097,0.95133,1.00,1.00
2016.09.28 22:21:21.355,0.95099,0.95132,1.00,1.00
2016.09.28 22:21:21.732,0.95104,0.95136,1.00,1.50
2016.09.28 22:21:21.833,0.95109,0.9514,1.00,1.50
2016.09.28 22:21:21.884,0.95109,0.9514,1.00,1.50
2016.09.28 22:21:21.934,0.9511,0.95142,1.00,1.00
2016.09.28 22:21:22.535,0.95111,0.95145,1.00,1.00
2016.09.28 22:21:24.065,0.95112,0.95149,1.00,1.00
2016.09.28 22:21:24.368,0.95114,0.9515,1.00,1.00
2016.09.28 22:21:26.859,0.95114,0.95151,1.00,1.50
2016.09.28 22:21:27.868,0.95113,0.95145,1.00,1.00
2016.09.28 22:21:28.844,0.95111,0.95146,1.00,1.00
2016.09.28 22:21:29.845,0.95111,0.95145,1.00,1.00
2016.09.28 22:21:30.846,0.9511,0.95145,1.00,1.00
2016.09.28 22:21:36.153,0.95114,0.95146,1.00,1.00
2016.09.28 22:21:36.621,0.95112,0.95144,1.00,1.00
2016.09.28 22:21:38.372,0.95111,0.95145,1.00,1.00
2016.09.28 22:21:38.456,0.95112,0.95147,1.00,1.00
2016.09.28 22:21:44.483,0.95113,0.95146,1.00,1.00
2016.09.28 22:21:44.673,0.95111,0.95147,1.00,1.00
2016.09.28 22:21:45.485,0.95112,0.9515,1.00,1.00
2016.09.28 22:21:51.106,0.95111,0.95148,1.00,1.00
2016.09.28 22:21:51.606,0.95111,0.9515,1.00,1.00
2016.09.28 22:21:51.784,0.95118,0.95151,1.00,1.50
2016.09.28 22:21:51.886,0.95118,0.95151,1.00,1.00
2016.09.28 22:21:52.091,0.95119,0.95157,1.00,1.00
2016.09.28 22:21:52.222,0.95118,0.95154,1.00,1.00
2016.09.28 22:21:52.593,0.95121,0.95157,1.00,1.00
2016.09.28 22:21:53.592,0.95124,0.95157,1.00,1.00
2016.09.28 22:21:53.709,0.95123,0.95159,1.00,1.00
2016.09.28 22:21:53.810,0.95124,0.95161,1.00,1.00
2016.09.28 22:21:54.188,0.95122,0.95162,1.00,1.00
2016.09.28 22:21:54.494,0.95125,0.95162,1.00,1.00
2016.09.28 22:21:59.582,0.95123,0.95163,1.00,1.00
2016.09.28 22:22:04.772,0.95123,0.95162,1.00,1.00
2016.09.28 22:22:04.823,0.95123,0.95162,1.00,1.00
2016.09.28 22:22:05.002,0.95121,0.95155,1.00,1.00
2016.09.28 22:22:05.305,0.95124,0.95155,1.00,1.00
2016.09.28 22:22:05.992,0.95125,0.95157,1.00,1.00
2016.09.28 22:22:06.793,0.95125,0.95158,1.00,1.00
2016.09.28 22:22:07.528,0.95125,0.95159,1.00,1.00
2016.09.28 22:22:09.613,0.95123,0.95159,1.00,1.00
2016.09.28 22:22:10.698,0.95122,0.95157,1.00,1.00
2016.09.28 22:22:14.714,0.9513,0.95163,1.00,1.00
2016.09.28 22:22:15.017,0.95132,0.95165,1.00,1.00
2016.09.28 22:22:15.230,0.95132,0.9517,1.00,1.00
2016.09.28 22:22:15.412,0.95134,0.95171,1.00,1.00
2016.09.28 22:22:15.760,0.95131,0.95165,1.00,1.00
2016.09.28 22:22:15.842,0.95132,0.95168,1.00,1.00
2016.09.28 22:22:16.439,0.95131,0.95169,1.00,1.00
2016.09.28 22:22:16.489,0.95131,0.9517,1.00,1.50
2016.09.28 22:22:16.588,0.95131,0.95169,1.00,1.00
2016.09.28 22:22:20.744,0.9513,0.95165,1.00,1.00
2016.09.28 22:22:21.711,0.9513,0.95166,1.00,1.00
2016.09.28 22:22:21.911,0.95128,0.95166,1.00,1.00
2016.09.28 22:22:24.950,0.95131,0.95164,1.00,1.00
2016.09.28 22:22:26.123,0.95132,0.95169,1.00,1.00
2016.09.28 22:22:26.173,0.95132,0.95169,1.00,1.00
2016.09.28 22:22:26.325,0.9513,0.95169,1.00,1.00
2016.09.28 22:22:26.439,0.9513,0.9517,1.00,1.00
2016.09.28 22:22:27.318,0.9513,0.9517,1.00,1.50
2016.09.28 22:22:27.419,0.95129,0.95169,1.00,1.00
2016.09.28 22:22:27.919,0.9513,0.9517,1.00,1.00
2016.09.28 22:22:28.119,0.95129,0.95169,1.00,1.00
2016.09.28 22:22:28.269,0.9514,0.9517,1.00,1.00
2016.09.28 22:22:28.319,0.9514,0.95174,1.00,1.50
2016.09.28 22:22:28.420,0.9514,0.95174,1.00,1.00
2016.09.28 22:22:29.257,0.9514,0.95175,1.00,1.00
2016.09.28 22:22:30.038,0.95141,0.95175,1.00,1.00
2016.09.28 22:22:30.123,0.95139,0.95174,1.00,1.00
2016.09.28 22:22:58.262,0.95144,0.95179,1.00,1.00
2016.09.28 22:22:58.363,0.95141,0.95179,1.00,1.00
2016.09.28 22:22:58.515,0.95141,0.95179,1.00,1.00
2016.09.28 22:22:58.698,0.9514,0.95175,1.00,1.00
2016.09.28 22:23:00.186,0.95139,0.95174,1.00,1.00
2016.09.28 22:23:00.774,0.95141,0.95174,1.00,1.00
2016.09.28 22:23:06.375,0.9514,0.95174,1.00,1.00
2016.09.28 22:23:06.476,0.95131,0.95167,1.00,1.00
2016.09.28 22:23:06.598,0.9513,0.95163,1.00,1.00
2016.09.28 22:23:07.391,0.95131,0.95157,1.00,1.00
2016.09.28 22:23:08.078,0.95129,0.95155,1.00,1.00
2016.09.28 22:23:08.179,0.9513,0.95158,1.00,1.00
2016.09.28 22:23:08.680,0.95129,0.95155,1.00,1.00
2016.09.28 22:23:08.995,0.9513,0.95158,1.00,1.00
2016.09.28 22:23:09.179,0.95128,0.95156,1.00,1.00
2016.09.28 22:23:09.494,0.9513,0.95158,1.00,1.00
2016.09.28 22:23:10.021,0.95129,0.95159,1.00,1.00
2016.09.28 22:23:10.555,0.9513,0.95158,1.00,1.00
2016.09.28 22:23:10.858,0.95129,0.95155,1.00,1.00
2016.09.28 22:23:11.110,0.95129,0.95159,1.00,1.00
2016.09.28 22:23:11.584,0.95129,0.95155,1.00,1.00
2016.09.28 22:23:11.784,0.9513,0.95158,1.00,1.00
2016.09.28 22:23:11.989,0.95128,0.95156,1.00,1.00
2016.09.28 22:23:12.739,0.95129,0.95159,1.00,1.00
2016.09.28 22:23:12.987,0.95128,0.95156,1.00,1.00
2016.09.28 22:23:13.314,0.9513,0.95158,1.00,1.00
2016.09.28 22:23:13.888,0.95129,0.95155,1.00,1.00
2016.09.28 22:23:14.090,0.9513,0.95158,1.00,1.00
2016.09.28 22:23:14.432,0.95129,0.95155,1.00,1.00
2016.09.28 22:23:14.724,0.95129,0.95159,1.00,1.00
2016.09.28 22:23:14.890,0.95129,0.95155,1.00,1.00
2016.09.28 22:23:15.090,0.95129,0.95158,1.00,1.00
2016.09.28 22:23:15.194,0.95129,0.95155,1.00,1.00
2016.09.28 22:23:15.624,0.9513,0.95157,1.00,1.00
2016.09.28 22:23:16.292,0.95129,0.95155,1.00,1.00
2016.09.28 22:23:16.523,0.9513,0.95157,1.00,1.00
2016.09.28 22:23:16.701,0.95128,0.95156,1.00,1.00
2016.09.28 22:23:16.992,0.9513,0.95158,1.00,1.00
2016.09.28 22:23:17.434,0.95129,0.95155,1.00,1.00
2016.09.28 22:23:17.530,0.9513,0.95157,1.00,1.00
2016.09.28 22:23:17.994,0.95129,0.9516,1.00,1.00
2016.09.28 22:23:18.437,0.95129,0.95156,1.00,1.00
2016.09.28 22:23:20.840,0.95128,0.95153,1.00,1.00
2016.09.28 22:23:20.941,0.95126,0.95153,1.00,1.00
2016.09.28 22:23:21.042,0.95124,0.95153,1.00,1.00
2016.09.28 22:23:21.942,0.95126,0.95154,1.00,1.00
2016.09.28 22:23:22.043,0.95126,0.95156,1.00,1.00
2016.09.28 22:23:29.319,0.95124,0.95158,1.00,1.50
2016.09.28 22:23:29.420,0.95124,0.95155,1.00,1.00
2016.09.28 22:23:30.523,0.95127,0.9516,1.00,1.00
2016.09.28 22:23:30.624,0.95128,0.95161,1.00,1.00
2016.09.28 22:23:30.842,0.95128,0.95161,1.00,1.00
2016.09.28 22:23:34.036,0.95128,0.95161,1.00,1.00
2016.09.28 22:23:34.843,0.95128,0.95161,1.00,1.00
2016.09.28 22:23:37.154,0.95128,0.9516,1.00,1.00
2016.09.28 22:23:41.163,0.95127,0.95162,1.00,1.00
2016.09.28 22:23:41.335,0.95127,0.95162,1.00,1.50
2016.09.28 22:23:42.154,0.95126,0.95162,1.00,1.50
2016.09.28 22:23:45.248,0.95127,0.95162,1.00,1.50
2016.09.28 22:23:46.948,0.95127,0.95162,1.00,1.00
2016.09.28 22:23:49.987,0.95127,0.95158,1.00,1.00
2016.09.28 22:23:50.754,0.95127,0.95157,1.00,1.00
2016.09.28 22:23:51.100,0.95127,0.95158,1.00,1.00
2016.09.28 22:23:51.660,0.95127,0.95157,1.00,1.00
2016.09.28 22:23:52.192,0.95126,0.95158,1.00,1.00
2016.09.28 22:23:53.354,0.95124,0.95156,1.00,1.00
2016.09.28 22:23:54.064,0.95126,0.95159,1.00,1.50
2016.09.28 22:23:54.185,0.95126,0.95159,1.00,1.00
2016.09.28 22:23:54.286,0.95126,0.95162,1.00,1.00
2016.09.28 22:23:54.395,0.95126,0.95163,1.00,1.50
2016.09.28 22:23:56.488,0.95126,0.95158,1.00,1.00
2016.09.28 22:23:56.864,0.95128,0.95162,1.00,1.00
2016.09.28 22:23:56.947,0.95128,0.95162,1.00,1.00
2016.09.28 22:23:56.998,0.95128,0.95159,1.00,1.00
2016.09.28 22:23:57.554,0.95128,0.95158,1.00,1.00
2016.09.28 22:23:59.357,0.95127,0.95161,1.00,1.00
2016.09.28 22:24:00.294,0.95126,0.9516,1.00,1.00
2016.09.28 22:24:00.805,0.95126,0.95163,1.00,1.00
2016.09.28 22:24:05.500,0.95126,0.95163,1.00,1.00
2016.09.28 22:24:05.601,0.95126,0.95165,1.00,1.00
2016.09.28 22:24:05.702,0.95125,0.95162,1.00,1.00
2016.09.28 22:24:06.911,0.95126,0.9516,1.00,1.00
2016.09.28 22:24:07.168,0.95126,0.95162,1.00,1.00
2016.09.28 22:24:07.670,0.95126,0.95159,1.00,1.00
2016.09.28 22:24:08.874,0.95127,0.95163,1.00,1.00
2016.09.28 22:24:13.210,0.95127,0.95161,1.00,1.00
2016.09.28 22:24:13.922,0.95126,0.95158,1.00,1.00
2016.09.28 22:24:14.022,0.95125,0.95161,1.00,1.50
2016.09.28 22:24:14.073,0.95125,0.95161,1.00,1.00
2016.09.28 22:24:14.229,0.95127,0.95164,1.00,1.50
2016.09.28 22:24:14.462,0.95127,0.95163,1.00,1.00
2016.09.28 22:24:14.894,0.95127,0.95163,1.00,1.50
2016.09.28 22:24:15.384,0.95126,0.95162,1.00,1.00
2016.09.28 22:24:15.733,0.95126,0.95159,1.00,1.00
2016.09.28 22:24:15.899,0.95127,0.95161,1.00,1.00
2016.09.28 22:24:16.000,0.95128,0.95163,1.00,1.50
2016.09.28 22:24:20.781,0.95128,0.95163,1.00,3.37
2016.09.28 22:24:20.849,0.95122,0.95158,1.00,1.00
2016.09.28 22:24:20.900,0.95121,0.95156,1.00,1.50
2016.09.28 22:24:21.001,0.95121,0.95156,1.00,1.00
2016.09.28 22:24:21.630,0.9512,0.95152,1.00,1.00
2016.09.28 22:24:22.242,0.9512,0.95151,1.00,1.00
2016.09.28 22:24:22.642,0.9512,0.95153,1.00,1.00
2016.09.28 22:24:28.004,0.9512,0.95152,1.00,1.00
2016.09.28 22:24:29.643,0.9512,0.9515,1.00,1.00
2016.09.28 22:24:29.845,0.95121,0.95154,1.00,1.00
2016.09.28 22:24:30.712,0.95121,0.95152,1.00,1.00
2016.09.28 22:24:30.843,0.9512,0.95156,1.00,1.00
2016.09.28 22:24:32.013,0.95121,0.95151,1.00,1.00
2016.09.28 22:24:32.915,0.9512,0.95156,1.00,1.00
2016.09.28 22:24:33.846,0.9512,0.95154,1.00,1.00
2016.09.28 22:24:36.950,0.95121,0.95154,1.00,1.00
2016.09.28 22:24:37.477,0.95121,0.95151,1.00,1.00
2016.09.28 22:24:38.024,0.9512,0.95151,1.00,1.00
2016.09.28 22:24:41.030,0.95121,0.95153,1.00,1.00
2016.09.28 22:24:42.862,0.9512,0.95151,1.00,1.00
2016.09.28 22:24:43.162,0.95122,0.95151,1.00,1.00
2016.09.28 22:24:44.036,0.95121,0.95151,1.00,1.00
2016.09.28 22:24:44.939,0.95123,0.95151,1.00,1.00
2016.09.28 22:24:45.440,0.95123,0.95149,1.00,1.00
2016.09.28 22:24:46.842,0.95122,0.95149,1.00,1.00
2016.09.28 22:24:47.411,0.95121,0.9515,1.00,1.00
2016.09.28 22:24:47.842,0.95123,0.95149,1.00,1.00
2016.09.28 22:24:48.881,0.95122,0.95149,1.00,1.00
2016.09.28 22:24:49.413,0.95121,0.95149,1.00,1.00
2016.09.28 22:24:49.464,0.95121,0.95153,1.00,1.00
2016.09.28 22:24:49.767,0.9512,0.95149,1.00,1.00
2016.09.28 22:24:51.353,0.9512,0.95152,1.00,1.00
2016.09.28 22:24:51.553,0.9512,0.95149,1.00,1.00
2016.09.28 22:24:52.354,0.95121,0.95149,1.00,1.00
2016.09.28 22:24:53.957,0.95121,0.95153,1.00,1.00
2016.09.28 22:24:56.475,0.95121,0.95149,1.00,1.00
2016.09.28 22:24:57.084,0.95121,0.95148,1.00,1.00
2016.09.28 22:24:58.672,0.95125,0.95154,1.00,1.00
2016.09.28 22:24:58.774,0.95131,0.95155,1.00,1.00
2016.09.28 22:24:58.824,0.95131,0.95155,1.00,1.00
2016.09.28 22:24:58.925,0.95131,0.95153,1.00,1.00
2016.09.28 22:24:59.084,0.95115,0.95144,1.00,1.00
2016.09.28 22:24:59.145,0.95113,0.95144,1.00,1.00
2016.09.28 22:25:00.309,0.95117,0.9515,1.00,1.00
2016.09.28 22:25:00.360,0.95117,0.95148,1.00,1.00
2016.09.28 22:25:00.410,0.95112,0.95148,1.00,1.50
2016.09.28 22:25:00.461,0.95112,0.95148,1.00,1.00
2016.09.28 22:25:00.512,0.95112,0.95146,1.00,1.00
2016.09.28 22:25:01.318,0.95112,0.95144,1.00,1.00
2016.09.28 22:25:01.520,0.9511,0.95145,1.00,1.00
2016.09.28 22:25:02.113,0.95111,0.95147,1.00,1.00
2016.09.28 22:25:02.277,0.95111,0.95145,1.00,1.00
2016.09.28 22:25:03.278,0.95111,0.95143,1.00,1.00
2016.09.28 22:25:06.788,0.95112,0.95144,1.00,1.00
2016.09.28 22:25:07.284,0.95111,0.95146,1.00,1.00
2016.09.28 22:25:12.689,0.95113,0.95147,1.00,1.00
2016.09.28 22:25:12.740,0.95113,0.95147,1.00,1.50
2016.09.28 22:25:13.402,0.95113,0.95147,1.00,1.00
2016.09.28 22:25:15.038,0.95114,0.95147,1.00,1.00
2016.09.28 22:25:16.018,0.95112,0.95144,1.00,1.00
2016.09.28 22:25:16.188,0.95112,0.95142,1.00,1.00
2016.09.28 22:25:16.239,0.9511,0.95142,1.00,1.00
2016.09.28 22:25:16.492,0.9511,0.95145,1.00,1.00
2016.09.28 22:25:17.299,0.95111,0.95144,1.00,1.00
2016.09.28 22:25:17.944,0.95111,0.95142,1.00,1.00
2016.09.28 22:25:27.542,0.9511,0.95142,1.00,1.00
2016.09.28 22:25:30.929,0.95109,0.95139,1.00,1.00
2016.09.28 22:25:31.030,0.95107,0.95138,1.00,1.00
2016.09.28 22:25:31.277,0.95107,0.95137,1.00,1.00
2016.09.28 22:25:31.327,0.95109,0.95137,1.00,1.00
2016.09.28 22:25:32.361,0.95109,0.95132,1.00,1.00
2016.09.28 22:25:32.418,0.95106,0.95132,1.00,1.00
2016.09.28 22:25:32.519,0.95106,0.95138,1.00,1.00
2016.09.28 22:25:32.570,0.95106,0.95132,1.00,1.00
2016.09.28 22:25:32.671,0.95105,0.95137,1.00,1.00
2016.09.28 22:25:32.721,0.95108,0.95137,1.00,1.00
2016.09.28 22:25:32.922,0.95105,0.95137,1.00,1.00
2016.09.28 22:25:33.251,0.95105,0.95132,1.00,1.00
2016.09.28 22:25:33.378,0.95105,0.95138,1.00,1.50
2016.09.28 22:25:33.429,0.95108,0.95138,1.00,1.00
2016.09.28 22:25:36.824,0.95108,0.95138,1.00,1.50
2016.09.28 22:25:37.764,0.95108,0.95137,1.00,1.00
2016.09.28 22:25:38.634,0.95108,0.95137,1.00,1.50
2016.09.28 22:25:38.684,0.95108,0.95137,1.00,1.00
2016.09.28 22:25:38.967,0.95108,0.95137,1.00,1.50
2016.09.28 22:25:39.307,0.95108,0.95137,1.00,1.00
2016.09.28 22:25:39.768,0.95108,0.95137,1.00,1.50
2016.09.28 22:25:42.556,0.95105,0.95135,1.00,1.00
2016.09.28 22:25:42.735,0.95108,0.95137,1.00,1.50
2016.09.28 22:25:42.786,0.95108,0.95137,1.00,1.00
2016.09.28 22:25:43.216,0.95108,0.95137,1.00,1.50
2016.09.28 22:25:45.034,0.95109,0.95137,1.00,1.00
2016.09.28 22:25:46.355,0.95108,0.95137,1.00,1.00
2016.09.28 22:25:47.437,0.95109,0.95137,1.00,1.00
2016.09.28 22:25:55.483,0.95109,0.95138,1.00,1.00
2016.09.28 22:25:56.042,0.95109,0.95137,1.00,1.00
2016.09.28 22:25:58.586,0.95109,0.95138,1.00,1.00
2016.09.28 22:26:00.487,0.95109,0.95137,1.00,1.00
2016.09.28 22:26:01.034,0.95109,0.95138,1.00,1.00
2016.09.28 22:26:01.635,0.95109,0.95137,1.00,1.00
2016.09.28 22:26:03.390,0.95109,0.95138,1.00,1.00
2016.09.28 22:26:03.926,0.95109,0.95137,1.00,1.00
2016.09.28 22:26:04.475,0.95107,0.95137,1.00,1.00
2016.09.28 22:26:06.137,0.95107,0.95138,1.00,1.00
2016.09.28 22:26:07.861,0.95108,0.95138,1.00,1.00
2016.09.28 22:26:10.765,0.95109,0.95138,1.00,1.00
2016.09.28 22:26:13.147,0.95109,0.95139,1.00,1.00
2016.09.28 22:26:13.197,0.95107,0.95137,1.00,1.00
2016.09.28 22:26:13.500,0.95107,0.95139,1.00,1.00
2016.09.28 22:26:14.010,0.95107,0.9514,1.00,1.00
2016.09.28 22:26:14.470,0.95109,0.9514,1.00,1.00
2016.09.28 22:26:37.029,0.95109,0.95141,1.00,1.00
2016.09.28 22:26:39.699,0.9511,0.95141,1.00,1.00
2016.09.28 22:26:45.103,0.95109,0.95143,1.00,1.12
2016.09.28 22:26:48.242,0.95109,0.95143,1.00,1.00
2016.09.28 22:26:50.732,0.95109,0.95142,1.00,1.00
2016.09.28 22:26:50.862,0.95111,0.95143,1.00,1.50
2016.09.28 22:26:51.913,0.95109,0.95141,1.00,1.00
2016.09.28 22:26:52.519,0.95111,0.95141,1.00,1.00
2016.09.28 22:26:52.914,0.95112,0.95142,1.00,1.00
2016.09.28 22:26:57.739,0.95112,0.95142,1.00,1.50
2016.09.28 22:26:57.840,0.95112,0.95141,1.00,1.00
2016.09.28 22:26:57.941,0.9511,0.9514,1.00,1.00
2016.09.28 22:26:58.924,0.95108,0.9514,1.00,1.00
2016.09.28 22:27:02.731,0.95107,0.95139,1.00,1.00
2016.09.28 22:27:07.037,0.95106,0.95141,1.00,1.00
2016.09.28 22:27:15.649,0.95109,0.95139,1.00,1.00
2016.09.28 22:27:22.058,0.95108,0.9514,1.00,1.00
2016.09.28 22:27:23.144,0.95109,0.9514,1.00,1.00
2016.09.28 22:27:37.423,0.9511,0.9514,1.00,1.00
2016.09.28 22:27:38.377,0.9511,0.95141,1.00,1.00
2016.09.28 22:27:44.712,0.9511,0.95141,1.00,1.00
2016.09.28 22:27:45.288,0.9511,0.95142,1.00,1.50
2016.09.28 22:27:45.787,0.9511,0.9514,1.00,1.00
2016.09.28 22:27:52.096,0.9511,0.95139,1.00,1.00
2016.09.28 22:28:15.827,0.9511,0.95141,1.00,1.00
2016.09.28 22:28:24.761,0.9511,0.95141,1.00,1.00
2016.09.28 22:28:25.790,0.95108,0.95139,1.00,1.00
2016.09.28 22:28:25.891,0.95106,0.95137,1.00,1.00
2016.09.28 22:28:26.284,0.95109,0.95138,1.00,1.00
2016.09.28 22:28:28.849,0.95111,0.9514,1.00,1.00
2016.09.28 22:28:30.350,0.9511,0.9514,1.00,1.00
2016.09.28 22:28:47.369,0.95108,0.95139,1.00,1.00
2016.09.28 22:28:47.694,0.9511,0.9514,1.00,1.00
2016.09.28 22:28:59.837,0.95113,0.95139,1.00,1.00
2016.09.28 22:29:00.385,0.95112,0.95139,1.00,1.00
2016.09.28 22:29:00.586,0.95109,0.9514,1.00,1.00
2016.09.28 22:29:00.913,0.95111,0.95138,1.00,1.00
2016.09.28 22:29:01.429,0.9511,0.95139,1.00,1.00
2016.09.28 22:29:15.445,0.9511,0.9514,1.00,1.00
2016.09.28 22:29:17.313,0.95109,0.95138,1.00,1.00
2016.09.28 22:29:17.415,0.95109,0.9514,1.00,1.00
2016.09.28 22:29:25.437,0.95114,0.95144,1.00,1.00
2016.09.28 22:29:25.538,0.9511,0.95146,1.00,1.00
2016.09.28 22:29:25.841,0.95111,0.95148,1.00,1.00
2016.09.28 22:29:37.443,0.9511,0.95153,1.00,1.00
2016.09.28 22:29:38.979,0.9511,0.95156,1.00,1.00
2016.09.28 22:29:39.120,0.95106,0.95153,1.00,1.00
2016.09.28 22:29:39.170,0.95111,0.95146,1.00,1.00
2016.09.28 22:29:39.271,0.95113,0.95146,1.00,1.00
2016.09.28 22:29:45.953,0.9511,0.95148,1.00,1.00
2016.09.28 22:29:46.442,0.9511,0.95148,1.00,1.00
2016.09.28 22:29:46.842,0.9511,0.95148,1.00,1.00
2016.09.28 22:29:46.892,0.9511,0.95148,1.50,1.00
2016.09.28 22:29:51.204,0.9511,0.95148,1.00,1.00
2016.09.28 22:29:51.411,0.9511,0.95148,1.50,1.00
2016.09.28 22:29:52.404,0.95112,0.95148,1.00,1.00
2016.09.28 22:29:52.861,0.95114,0.95147,1.00,1.00
2016.09.28 22:29:54.964,0.95114,0.95148,1.00,1.00
2016.09.28 22:29:55.670,0.95113,0.95147,1.00,1.00
2016.09.28 22:29:56.205,0.95114,0.95148,1.00,1.00
2016.09.28 22:29:56.566,0.95123,0.95151,1.00,1.00
2016.09.28 22:30:01.073,0.95123,0.9515,1.00,1.00
2016.09.28 22:30:05.705,0.95116,0.95149,1.00,1.00
2016.09.28 22:30:05.906,0.95114,0.95149,1.00,1.00
2016.09.28 22:30:06.181,0.95114,0.95147,1.00,1.00
2016.09.28 22:30:06.706,0.95115,0.95148,1.00,1.00
2016.09.28 22:30:07.883,0.95116,0.95148,1.00,1.00
2016.09.28 22:30:12.589,0.95122,0.95152,1.00,1.00
2016.09.28 22:30:12.690,0.95119,0.95151,1.00,1.00
2016.09.28 22:30:12.791,0.95117,0.95149,1.00,1.00
2016.09.28 22:30:13.904,0.9512,0.95149,1.00,1.00
2016.09.28 22:30:14.005,0.95117,0.95149,1.00,1.00
2016.09.28 22:30:14.533,0.95114,0.95148,1.00,1.00
2016.09.28 22:30:15.000,0.95117,0.95148,1.00,1.00
2016.09.28 22:30:15.214,0.95109,0.95155,1.00,1.12
2016.09.28 22:30:15.264,0.95108,0.95156,1.00,1.12
2016.09.28 22:30:15.794,0.95109,0.95155,1.00,1.12
2016.09.28 22:30:15.845,0.95109,0.95155,1.00,1.12
2016.09.28 22:30:15.895,0.95108,0.95156,1.00,1.37
2016.09.28 22:30:15.996,0.95108,0.95156,1.00,1.12
2016.09.28 22:30:16.047,0.95108,0.95156,1.00,1.12
2016.09.28 22:30:16.097,0.95112,0.95158,1.00,1.12
2016.09.28 22:30:16.148,0.95112,0.95158,1.00,1.12
2016.09.28 22:30:16.198,0.95116,0.95162,1.00,3.37
2016.09.28 22:30:16.249,0.95116,0.95162,1.00,3.37
2016.09.28 22:30:16.350,0.95116,0.95162,1.00,2.62
2016.09.28 22:30:16.493,0.95111,0.95159,1.00,1.12
2016.09.28 22:30:16.544,0.95111,0.95159,1.00,1.12
2016.09.28 22:30:16.595,0.95112,0.95158,1.00,1.00
2016.09.28 22:30:18.959,0.95112,0.95158,1.00,1.00
2016.09.28 22:30:22.733,0.95112,0.95158,1.00,1.00
2016.09.28 22:30:25.783,0.95114,0.95161,1.00,1.12
2016.09.28 22:30:26.078,0.95115,0.9516,1.00,1.00
2016.09.28 22:30:26.280,0.95115,0.9516,1.37,1.00
2016.09.28 22:30:26.381,0.9512,0.95166,1.00,1.00
2016.09.28 22:30:26.597,0.95119,0.95167,1.00,1.50
2016.09.28 22:30:26.648,0.95119,0.95167,1.00,1.50
2016.09.28 22:30:26.699,0.95119,0.95167,1.00,1.87
2016.09.28 22:30:26.922,0.95119,0.95167,1.00,3.37
2016.09.28 22:30:27.645,0.95119,0.95167,1.00,3.37
2016.09.28 22:30:27.696,0.9512,0.95166,1.00,1.37
2016.09.28 22:30:27.747,0.9512,0.95166,1.00,1.37
2016.09.28 22:30:27.797,0.95119,0.95167,1.00,2.62
2016.09.28 22:30:27.919,0.95119,0.95167,1.00,1.37
2016.09.28 22:30:27.970,0.95119,0.95167,1.00,1.37
2016.09.28 22:30:28.848,0.95119,0.95167,1.00,1.37
2016.09.28 22:30:28.899,0.95119,0.95167,1.00,2.62
2016.09.28 22:30:29.484,0.95119,0.95167,1.00,1.37
2016.09.28 22:30:29.950,0.95119,0.95167,1.00,1.37
2016.09.28 22:30:30.001,0.9512,0.95166,1.00,1.12
2016.09.28 22:30:30.051,0.9512,0.95166,1.00,1.12
2016.09.28 22:30:30.486,0.95119,0.95167,1.00,1.87
2016.09.28 22:30:30.620,0.95118,0.95163,1.00,1.00
2016.09.28 22:30:30.772,0.95117,0.95162,1.00,1.00
2016.09.28 22:30:30.822,0.95114,0.95161,1.00,1.00
2016.09.28 22:30:30.873,0.95114,0.95161,1.00,1.00
2016.09.28 22:30:30.923,0.95112,0.95158,1.00,1.00
2016.09.28 22:30:30.974,0.95112,0.95158,1.00,1.00
2016.09.28 22:30:31.792,0.95111,0.95159,1.00,1.00
2016.09.28 22:30:31.893,0.95111,0.95159,1.00,1.00
2016.09.28 22:30:31.994,0.95111,0.95159,1.00,1.00
2016.09.28 22:30:32.894,0.95115,0.9516,1.00,1.00
2016.09.28 22:30:33.068,0.95115,0.9516,1.00,1.12
2016.09.28 22:30:33.119,0.95115,0.9516,1.00,1.00
2016.09.28 22:30:34.662,0.95115,0.9516,1.00,1.00
2016.09.28 22:30:36.695,0.95114,0.95161,1.00,1.00
2016.09.28 22:30:37.714,0.95114,0.95161,1.00,1.00
2016.09.28 22:30:37.977,0.95114,0.95161,1.00,1.00
2016.09.28 22:30:39.804,0.95115,0.9516,1.00,1.00
2016.09.28 22:30:43.148,0.95114,0.95161,1.00,1.00
2016.09.28 22:30:43.808,0.95115,0.9516,1.00,1.00
2016.09.28 22:30:45.512,0.95114,0.95161,1.00,1.00
2016.09.28 22:30:45.613,0.95114,0.95161,1.00,1.12
2016.09.28 22:30:45.750,0.95114,0.95161,1.00,1.12
2016.09.28 22:30:45.909,0.95115,0.9516,1.00,1.00
2016.09.28 22:30:46.308,0.95115,0.9516,1.00,1.12
2016.09.28 22:30:48.228,0.95113,0.95158,1.00,1.00
2016.09.28 22:30:48.329,0.95113,0.95158,1.00,1.12
2016.09.28 22:30:48.457,0.95124,0.95151,1.00,1.00
2016.09.28 22:30:48.800,0.95126,0.95153,1.00,1.00
2016.09.28 22:30:49.147,0.95123,0.9515,1.00,1.00
2016.09.28 22:30:49.655,0.95124,0.95151,1.00,1.00
2016.09.28 22:30:49.845,0.95125,0.95154,1.00,1.00
2016.09.28 22:30:50.390,0.95132,0.95163,1.00,1.00
2016.09.28 22:30:50.491,0.95134,0.95164,1.00,1.00
2016.09.28 22:30:50.592,0.9513,0.95163,1.00,1.00
2016.09.28 22:30:50.793,0.95128,0.9516,1.00,1.00
2016.09.28 22:30:51.808,0.95129,0.95162,1.00,1.00
2016.09.28 22:30:55.073,0.95132,0.9516,1.00,1.00
2016.09.28 22:30:55.800,0.9513,0.95159,1.00,1.00
2016.09.28 22:30:56.377,0.95131,0.95161,1.00,1.00
2016.09.28 22:30:57.679,0.95129,0.9516,1.00,1.00
2016.09.28 22:30:59.582,0.95129,0.95162,1.00,1.00
2016.09.28 22:31:00.090,0.95128,0.95162,1.00,1.00
2016.09.28 22:31:00.191,0.9513,0.95162,1.00,1.00
2016.09.28 22:31:00.312,0.95128,0.95162,1.00,1.00
2016.09.28 22:31:01.187,0.95127,0.95163,1.00,1.00
2016.09.28 22:31:04.293,0.95127,0.9516,1.00,1.00
2016.09.28 22:31:04.994,0.95126,0.9516,1.00,1.00
2016.09.28 22:31:05.897,0.95125,0.95161,1.00,1.00
2016.09.28 22:31:07.200,0.95126,0.95162,1.00,1.00
2016.09.28 22:31:07.998,0.95126,0.95163,1.00,1.00
2016.09.28 22:31:08.804,0.95124,0.9516,1.00,1.00
2016.09.28 22:31:08.905,0.95125,0.95164,1.00,1.00
2016.09.28 22:31:13.479,0.95124,0.95162,1.00,1.00
2016.09.28 22:31:14.721,0.95126,0.95161,1.00,1.00
2016.09.28 22:31:14.813,0.95127,0.95163,1.00,1.00
2016.09.28 22:31:14.914,0.95126,0.9516,1.00,1.00
2016.09.28 22:31:15.132,0.95126,0.95164,1.00,1.00
2016.09.28 22:31:15.829,0.95127,0.9516,1.00,1.00
2016.09.28 22:31:17.361,0.95126,0.95164,1.00,1.00
2016.09.28 22:31:18.021,0.95126,0.95161,1.00,1.00
2016.09.28 22:31:18.238,0.95125,0.95164,1.00,1.00
2016.09.28 22:31:18.519,0.95127,0.95163,1.00,1.00
2016.09.28 22:31:20.362,0.95125,0.95158,1.00,1.00
2016.09.28 22:31:20.665,0.95122,0.95155,1.00,1.00
2016.09.28 22:31:21.524,0.95116,0.9515,1.00,1.00
2016.09.28 22:31:21.676,0.95112,0.95147,1.50,1.00
2016.09.28 22:31:21.726,0.95112,0.95145,1.00,1.00
2016.09.28 22:31:21.888,0.95108,0.95145,1.00,1.00
2016.09.28 22:31:21.938,0.95112,0.95149,1.00,1.00
2016.09.28 22:31:22.040,0.95108,0.95151,1.00,1.00
2016.09.28 22:31:22.363,0.95114,0.95148,1.00,1.00
2016.09.28 22:31:23.031,0.95114,0.95147,1.00,1.00
2016.09.28 22:31:24.032,0.95114,0.95148,1.00,1.00
2016.09.28 22:31:24.640,0.95116,0.95149,1.00,1.00
2016.09.28 22:31:27.039,0.95117,0.9515,1.00,1.00
2016.09.28 22:31:36.003,0.95114,0.95149,1.00,1.00
2016.09.28 22:31:36.053,0.9511,0.95144,1.00,1.00
2016.09.28 22:31:36.104,0.95106,0.95144,1.50,1.00
2016.09.28 22:31:36.154,0.95106,0.9514,1.50,1.00
2016.09.28 22:31:36.205,0.95106,0.9514,1.00,1.00
2016.09.28 22:31:36.396,0.95105,0.95142,1.00,1.00
2016.09.28 22:31:37.062,0.95106,0.95139,1.00,1.00
2016.09.28 22:31:37.271,0.95107,0.95141,1.00,1.00
2016.09.28 22:31:37.667,0.95106,0.95139,1.00,1.00
2016.09.28 22:31:37.973,0.95106,0.95141,1.00,1.00
2016.09.28 22:31:38.158,0.95106,0.95139,1.00,1.00
2016.09.28 22:31:38.661,0.95105,0.95142,1.00,1.00
2016.09.28 22:31:38.992,0.95105,0.9514,1.00,1.00
2016.09.28 22:31:45.785,0.95106,0.9514,1.00,1.00
2016.09.28 22:31:46.323,0.95107,0.9514,1.00,1.00
2016.09.28 22:31:47.795,0.95105,0.95139,1.00,1.00
2016.09.28 22:31:52.579,0.95104,0.95139,1.00,1.00
2016.09.28 22:31:53.080,0.95106,0.9514,1.00,1.00
2016.09.28 22:31:54.510,0.95107,0.9514,1.00,1.00
2016.09.28 22:31:54.921,0.95104,0.95139,1.00,1.00
2016.09.28 22:31:56.123,0.95105,0.95137,1.00,1.00
2016.09.28 22:31:57.826,0.95106,0.95139,1.00,1.00
2016.09.28 22:31:59.477,0.9511,0.95139,1.00,1.00
2016.09.28 22:31:59.527,0.95123,0.95151,1.00,1.00
2016.09.28 22:31:59.628,0.95118,0.95151,1.00,1.00
2016.09.28 22:31:59.931,0.95114,0.95149,1.00,1.00
2016.09.28 22:32:01.308,0.95115,0.95151,1.00,1.00
2016.09.28 22:32:01.358,0.95115,0.95151,1.00,1.50
2016.09.28 22:32:01.409,0.9512,0.9515,1.00,1.00
2016.09.28 22:32:01.510,0.95117,0.9515,1.00,1.00
2016.09.28 22:32:01.896,0.95113,0.95146,1.00,1.00
2016.09.28 22:32:01.997,0.95107,0.95141,1.50,1.00
2016.09.28 22:32:02.048,0.95107,0.95141,1.00,1.00
2016.09.28 22:32:02.098,0.95115,0.95149,1.00,2.62
2016.09.28 22:32:02.149,0.95115,0.95148,1.00,1.00
2016.09.28 22:32:02.242,0.95115,0.95151,1.00,1.00
2016.09.28 22:32:02.293,0.95118,0.95151,1.00,1.00
2016.09.28 22:32:02.545,0.95121,0.95157,1.00,1.00
2016.09.28 22:32:03.037,0.95127,0.95162,1.00,1.00
2016.09.28 22:32:03.239,0.95127,0.95161,1.00,1.00
2016.09.28 22:32:03.340,0.9513,0.95161,1.00,1.00
2016.09.28 22:32:07.606,0.9513,0.95162,1.00,1.00
2016.09.28 22:32:08.941,0.95129,0.95159,1.00,1.00
2016.09.28 22:32:09.042,0.95124,0.95159,1.00,1.00
2016.09.28 22:32:09.143,0.95124,0.95156,1.00,1.00
2016.09.28 22:32:09.658,0.95127,0.95159,1.00,1.00
2016.09.28 22:32:16.325,0.95128,0.95159,1.00,1.00
2016.09.28 22:32:17.227,0.95126,0.95158,1.00,1.00
2016.09.28 22:32:18.128,0.95128,0.95158,1.00,1.00
2016.09.28 22:32:18.229,0.95136,0.95162,1.00,1.00
2016.09.28 22:32:18.280,0.95136,0.95165,1.00,1.00
2016.09.28 22:32:18.381,0.95135,0.95167,1.00,1.00
2016.09.28 22:32:18.482,0.95135,0.95168,1.00,1.00
2016.09.28 22:32:19.254,0.95137,0.95167,1.00,1.00
2016.09.28 22:32:24.972,0.95136,0.95163,1.00,1.00
2016.09.28 22:32:25.173,0.95134,0.95162,1.00,1.00
2016.09.28 22:32:25.266,0.95122,0.9515,1.00,1.00
2016.09.28 22:32:25.317,0.95122,0.9515,1.50,1.00
2016.09.28 22:32:25.367,0.95122,0.9515,1.00,1.00
2016.09.28 22:32:25.603,0.95125,0.9516,1.00,1.00
2016.09.28 22:32:25.704,0.95125,0.95165,1.00,1.00
2016.09.28 22:32:25.960,0.95132,0.95166,1.00,1.00
2016.09.28 22:32:26.061,0.95132,0.95166,1.00,1.00
2016.09.28 22:32:26.743,0.9513,0.95163,1.00,1.00
2016.09.28 22:32:26.793,0.9513,0.95162,1.00,1.00
2016.09.28 22:32:26.844,0.95128,0.95162,1.00,1.00
2016.09.28 22:32:26.945,0.95123,0.95159,1.00,1.00
2016.09.28 22:32:26.995,0.95123,0.95157,1.00,1.00
2016.09.28 22:32:27.096,0.95123,0.95159,1.00,1.00
2016.09.28 22:32:27.147,0.95126,0.9516,1.00,1.00
2016.09.28 22:32:29.166,0.95127,0.9516,1.00,1.00
2016.09.28 22:32:29.564,0.95125,0.9516,1.00,1.00
2016.09.28 22:32:30.402,0.95128,0.95161,1.00,1.00
2016.09.28 22:32:30.680,0.95131,0.95162,1.00,1.50
2016.09.28 22:32:30.866,0.95132,0.95163,1.00,1.00
2016.09.28 22:32:30.967,0.9513,0.95165,1.00,1.00
2016.09.28 22:32:32.971,0.95125,0.95163,1.00,1.00
2016.09.28 22:32:33.021,0.95125,0.95163,1.00,1.12
2016.09.28 22:32:33.072,0.9513,0.9516,1.00,1.00
2016.09.28 22:32:33.274,0.9513,0.95158,1.00,1.00
2016.09.28 22:32:33.491,0.95127,0.95158,1.00,1.00
2016.09.28 22:32:33.997,0.95127,0.95157,1.00,1.00
2016.09.28 22:32:34.165,0.9512,0.95155,1.50,1.00
2016.09.28 22:32:34.215,0.9512,0.95155,1.00,1.00
2016.09.28 22:32:35.246,0.95121,0.95155,1.00,1.00
2016.09.28 22:32:35.567,0.95128,0.95157,1.00,1.87
2016.09.28 22:32:35.618,0.95128,0.95157,1.00,1.00
2016.09.28 22:32:35.719,0.95128,0.95157,1.00,1.50
2016.09.28 22:32:35.770,0.95126,0.95155,1.00,1.00
2016.09.28 22:32:35.972,0.95129,0.95156,1.00,1.00
2016.09.28 22:32:36.073,0.95129,0.95158,1.00,1.00
2016.09.28 22:32:36.174,0.95129,0.95159,1.00,1.00
2016.09.28 22:32:37.673,0.95131,0.95158,1.00,1.00
2016.09.28 22:32:38.174,0.95129,0.95158,1.00,1.00
2016.09.28 22:32:41.194,0.95129,0.95155,1.00,1.00
2016.09.28 22:32:41.380,0.95129,0.95158,1.00,1.00
2016.09.28 22:32:41.583,0.95126,0.95158,1.00,1.00
2016.09.28 22:32:41.684,0.95119,0.95145,1.00,1.00
2016.09.28 22:32:41.735,0.95117,0.95145,1.00,1.00
2016.09.28 22:32:41.786,0.95115,0.95149,1.50,1.00
2016.09.28 22:32:41.836,0.95115,0.95149,1.00,1.00
2016.09.28 22:32:41.887,0.95114,0.95147,1.00,1.00
2016.09.28 22:32:42.191,0.95115,0.95152,1.00,1.00
2016.09.28 22:32:42.784,0.95116,0.95152,1.00,1.00
2016.09.28 22:32:44.080,0.95116,0.95152,1.00,1.00
2016.09.28 22:32:44.867,0.95115,0.95153,1.00,1.00
2016.09.28 22:32:45.302,0.95116,0.9515,1.00,1.00
2016.09.28 22:32:46.412,0.95115,0.95149,1.00,1.00
2016.09.28 22:32:49.505,0.95116,0.9515,1.00,1.00
2016.09.28 22:32:52.705,0.95116,0.95149,1.00,1.00
2016.09.28 22:32:54.512,0.95115,0.9515,1.00,1.00
2016.09.28 22:32:55.105,0.95115,0.95149,1.00,1.00
2016.09.28 22:32:55.664,0.95116,0.95142,1.00,1.00
2016.09.28 22:32:55.715,0.95116,0.95146,1.00,1.00
2016.09.28 22:32:55.933,0.95118,0.95151,1.00,1.00
2016.09.28 22:32:56.236,0.9512,0.95155,1.00,1.00
2016.09.28 22:32:57.465,0.95119,0.95154,1.00,1.00
2016.09.28 22:32:57.565,0.95121,0.95152,1.00,1.00
2016.09.28 22:32:58.075,0.9512,0.95153,1.00,1.00
2016.09.28 22:32:59.523,0.95122,0.95155,1.00,1.00
2016.09.28 22:33:00.273,0.95119,0.95153,1.00,1.00
2016.09.28 22:33:00.975,0.95118,0.95153,1.00,1.00
2016.09.28 22:33:01.425,0.9512,0.95154,1.00,1.00
2016.09.28 22:33:01.526,0.95118,0.95154,1.00,1.00
2016.09.28 22:33:01.643,0.95112,0.95145,1.00,1.00
2016.09.28 22:33:01.945,0.95116,0.95144,1.00,1.00
2016.09.28 22:33:02.529,0.95114,0.95147,1.00,1.00
2016.09.28 22:33:07.554,0.95114,0.95143,1.00,1.00
2016.09.28 22:33:08.238,0.95115,0.95145,1.00,1.00
2016.09.28 22:33:08.788,0.95116,0.95145,1.00,1.00
2016.09.28 22:33:11.342,0.95116,0.95146,1.00,1.00
2016.09.28 22:33:11.494,0.95112,0.95148,1.00,1.00
2016.09.28 22:33:11.648,0.95114,0.95143,1.00,1.00
2016.09.28 22:33:11.950,0.95114,0.95152,1.00,1.00
2016.09.28 22:33:12.353,0.95114,0.95148,1.00,1.00
2016.09.28 22:33:12.663,0.95115,0.9515,1.00,1.00
2016.09.28 22:33:12.965,0.95115,0.95153,1.00,1.00
2016.09.28 22:33:13.990,0.95116,0.95152,1.00,1.00
2016.09.28 22:33:14.547,0.95115,0.95151,1.00,1.00
2016.09.28 22:33:14.699,0.95116,0.95154,1.00,1.00
2016.09.28 22:33:14.979,0.95118,0.95151,1.00,1.00
2016.09.28 22:33:15.194,0.95117,0.95153,1.00,1.00
2016.09.28 22:33:16.053,0.95117,0.95154,1.00,1.00
2016.09.28 22:33:16.560,0.95118,0.95153,1.00,1.00
2016.09.28 22:33:20.304,0.95116,0.95152,1.00,1.87
2016.09.28 22:33:20.355,0.95116,0.95152,1.00,1.87
2016.09.28 22:33:20.405,0.95111,0.95142,1.00,1.00
2016.09.28 22:33:21.377,0.95112,0.95143,1.00,1.00
2016.09.28 22:33:23.263,0.95111,0.95141,1.00,1.00
2016.09.28 22:33:27.673,0.95111,0.9514,1.00,1.00
2016.09.28 22:33:29.580,0.95112,0.95143,1.00,1.00
2016.09.28 22:33:38.141,0.95112,0.95139,1.00,1.00
2016.09.28 22:33:46.109,0.95102,0.95131,1.00,1.00
2016.09.28 22:33:46.219,0.95105,0.95134,1.00,1.00
2016.09.28 22:33:46.321,0.95101,0.95134,1.00,1.00
2016.09.28 22:33:46.423,0.95107,0.95138,1.00,1.50
2016.09.28 22:33:46.524,0.95111,0.9514,1.00,1.00
2016.09.28 22:33:47.413,0.95112,0.95143,1.00,1.00
2016.09.28 22:33:49.507,0.95111,0.95143,1.00,1.00
2016.09.28 22:33:51.409,0.95109,0.95142,1.00,1.00
2016.09.28 22:33:51.610,0.95109,0.95145,1.00,1.50
2016.09.28 22:33:52.124,0.9511,0.95141,1.00,1.00
2016.09.28 22:33:52.811,0.95109,0.95141,1.00,1.00
2016.09.28 22:33:53.412,0.9511,0.95142,1.00,1.00
2016.09.28 22:33:54.321,0.95111,0.9514,1.00,1.00
2016.09.28 22:33:54.737,0.95113,0.95142,1.00,1.00
2016.09.28 22:33:54.838,0.95113,0.95148,1.00,1.50
2016.09.28 22:33:54.997,0.95114,0.95146,1.00,1.00
2016.09.28 22:33:55.317,0.95113,0.95142,1.00,1.00
2016.09.28 22:33:57.051,0.95114,0.95145,1.00,1.00
2016.09.28 22:34:01.021,0.95112,0.95146,1.00,1.00
2016.09.28 22:34:01.522,0.95114,0.95142,1.00,1.00
2016.09.28 22:34:02.132,0.95114,0.95141,1.00,1.00
2016.09.28 22:34:07.833,0.95112,0.95145,1.00,1.00
2016.09.28 22:34:07.934,0.95113,0.95139,1.00,1.00
2016.09.28 22:34:08.935,0.95114,0.9514,1.00,1.00
2016.09.28 22:34:09.436,0.95115,0.9514,1.00,1.00
2016.09.28 22:34:11.238,0.95115,0.95143,1.00,1.00
2016.09.28 22:34:16.045,0.95115,0.95144,1.00,1.00
2016.09.28 22:34:17.098,0.95114,0.95144,1.00,1.00
2016.09.28 22:34:17.996,0.95121,0.95149,1.00,1.00
2016.09.28 22:34:18.528,0.95121,0.95148,1.00,1.00
2016.09.28 22:34:18.952,0.95122,0.95151,1.00,1.00
2016.09.28 22:34:19.483,0.95123,0.95151,1.00,1.00
2016.09.28 22:34:19.584,0.95122,0.95149,1.00,1.00
2016.09.28 22:34:20.885,0.95123,0.95151,1.00,1.00
2016.09.28 22:34:21.695,0.95123,0.95147,1.00,1.00
2016.09.28 22:34:21.856,0.95123,0.9515,1.00,1.00
2016.09.28 22:34:28.968,0.95122,0.95152,1.00,1.00
2016.09.28 22:34:31.071,0.95124,0.95152,1.00,1.00
2016.09.28 22:34:31.572,0.95124,0.9515,1.00,1.00
2016.09.28 22:34:37.891,0.95123,0.95152,1.00,1.00
2016.09.28 22:34:40.643,0.95108,0.95153,1.37,1.00
2016.09.28 22:34:40.867,0.95108,0.95153,1.12,1.00
2016.09.28 22:34:45.224,0.95108,0.95153,1.37,1.00
2016.09.28 22:34:45.347,0.95107,0.95154,1.12,1.00
2016.09.28 22:34:47.730,0.95107,0.95154,1.12,1.00
2016.09.28 22:34:47.781,0.95109,0.95157,1.12,1.87
2016.09.28 22:34:48.113,0.95109,0.95157,1.12,1.87
2016.09.28 22:34:48.164,0.9511,0.95156,1.00,1.37
2016.09.28 22:34:48.938,0.95106,0.95154,1.37,1.00
2016.09.28 22:34:50.852,0.95106,0.95154,1.37,1.00
2016.09.28 22:34:52.153,0.9511,0.95156,1.12,1.00
2016.09.28 22:34:52.571,0.9511,0.95156,1.00,1.37
2016.09.28 22:34:53.648,0.95109,0.95157,1.12,1.00
2016.09.28 22:34:54.490,0.9511,0.95156,1.37,1.00
2016.09.28 22:34:57.739,0.95111,0.95156,1.87,1.00
2016.09.28 22:34:57.790,0.9511,0.95156,2.62,1.00
2016.09.28 22:34:57.848,0.95111,0.95156,1.87,1.00
2016.09.28 22:34:58.660,0.9511,0.95156,2.62,1.00
2016.09.28 22:35:00.593,0.9511,0.95156,1.00,1.00
2016.09.28 22:35:07.066,0.95109,0.95157,2.62,1.50
2016.09.28 22:35:09.481,0.95111,0.95156,1.37,1.00
2016.09.28 22:35:10.151,0.95111,0.95156,1.37,1.00
2016.09.28 22:35:10.221,0.9511,0.95157,1.00,1.87
2016.09.28 22:35:10.871,0.95111,0.95156,1.00,1.37
2016.09.28 22:35:11.052,0.95111,0.95156,1.00,1.37
2016.09.28 22:35:11.103,0.95111,0.95156,1.00,1.12
2016.09.28 22:35:11.153,0.95111,0.95156,1.00,1.12
2016.09.28 22:35:11.375,0.9511,0.95157,1.00,3.37
2016.09.28 22:35:11.677,0.95111,0.95155,1.00,1.87
2016.09.28 22:35:11.786,0.95106,0.95153,1.12,1.00
2016.09.28 22:35:12.788,0.95108,0.95156,1.00,1.37
2016.09.28 22:35:14.410,0.95108,0.95156,1.00,1.12
2016.09.28 22:35:16.777,0.95108,0.95156,1.00,1.12
2016.09.28 22:35:16.828,0.95109,0.95155,1.12,1.00
2016.09.28 22:35:16.880,0.95108,0.95156,1.37,1.00
2016.09.28 22:35:17.278,0.95108,0.95156,1.37,1.00
2016.09.28 22:35:17.329,0.95109,0.95155,1.00,1.12
2016.09.28 22:35:17.766,0.95109,0.95155,1.00,1.12
2016.09.28 22:35:17.817,0.95108,0.95156,1.00,1.00
2016.09.28 22:35:17.882,0.95108,0.95156,1.37,1.00
2016.09.28 22:35:18.983,0.95109,0.95155,1.12,1.00
2016.09.28 22:35:19.069,0.95109,0.95155,1.12,1.00
2016.09.28 22:35:19.369,0.95109,0.95155,1.12,1.00
2016.09.28 22:35:19.670,0.95109,0.95155,1.12,1.00
2016.09.28 22:35:20.126,0.95109,0.95155,1.00,1.12
2016.09.28 22:35:20.832,0.95108,0.95156,1.00,1.00
2016.09.28 22:35:20.883,0.95108,0.95156,1.00,1.00
2016.09.28 22:35:21.073,0.95108,0.95156,1.00,1.00
2016.09.28 22:35:21.123,0.95109,0.95155,1.12,1.00
2016.09.28 22:35:21.188,0.95109,0.95155,1.00,1.00
2016.09.28 22:35:21.753,0.95108,0.95156,1.00,1.00
2016.09.28 22:35:23.011,0.95108,0.95156,1.12,1.00
2016.09.28 22:35:23.124,0.95108,0.95156,1.37,1.00
2016.09.28 22:35:24.208,0.95109,0.95155,1.12,1.00
2016.09.28 22:35:24.278,0.95109,0.95155,1.12,1.00
2016.09.28 22:35:24.595,0.95109,0.95155,1.00,1.00
2016.09.28 22:35:27.014,0.95109,0.95155,1.00,1.12
2016.09.28 22:35:27.122,0.95108,0.95153,1.00,1.87
2016.09.28 22:35:27.173,0.95108,0.95149,1.00,1.00
2016.09.28 22:35:27.305,0.95096,0.95142,2.62,1.50
2016.09.28 22:35:27.356,0.95096,0.95142,2.62,1.00
2016.09.28 22:35:27.406,0.95099,0.95145,2.62,1.00
2016.09.28 22:35:27.639,0.95099,0.95145,2.62,1.00
2016.09.28 22:35:27.841,0.95098,0.95146,1.37,1.00
2016.09.28 22:35:27.892,0.95098,0.95146,1.37,1.00
2016.09.28 22:35:28.010,0.95098,0.95142,1.87,1.00
2016.09.28 22:35:28.488,0.95098,0.95142,1.87,1.00
2016.09.28 22:35:28.589,0.95098,0.95142,1.87,1.00
2016.09.28 22:35:30.145,0.95096,0.95143,1.87,1.00
2016.09.28 22:35:30.921,0.95096,0.95139,1.00,1.87
2016.09.28 22:35:31.022,0.95089,0.95136,1.12,1.00
2016.09.28 22:35:31.123,0.95089,0.95136,2.62,1.00
2016.09.28 22:35:31.224,0.95089,0.95136,1.00,1.12
2016.09.28 22:35:31.325,0.95085,0.95131,1.12,1.12
2016.09.28 22:35:31.518,0.95084,0.95128,1.87,1.00
2016.09.28 22:35:31.594,0.95084,0.95128,1.87,1.00
2016.09.28 22:35:31.645,0.95087,0.95132,2.62,1.00
2016.09.28 22:35:31.695,0.95087,0.95132,2.62,1.00
2016.09.28 22:35:31.746,0.95089,0.95132,1.87,1.00
2016.09.28 22:35:31.933,0.95089,0.95137,1.12,2.25
2016.09.28 22:35:31.983,0.95089,0.95137,1.12,1.50
2016.09.28 22:35:32.244,0.95087,0.95134,1.87,1.00
2016.09.28 22:35:32.447,0.95088,0.95133,1.87,1.00
2016.09.28 22:35:32.547,0.95087,0.95133,2.62,1.00
2016.09.28 22:35:32.650,0.95087,0.95133,2.62,1.00
2016.09.28 22:35:32.700,0.95087,0.95133,2.62,1.00
2016.09.28 22:35:32.751,0.95085,0.95131,1.87,1.00
2016.09.28 22:35:33.015,0.95086,0.9513,1.87,1.00
2016.09.28 22:35:33.066,0.95086,0.9513,1.87,1.00
2016.09.28 22:35:33.253,0.95085,0.95131,1.87,1.00
2016.09.28 22:35:33.314,0.95086,0.9513,1.87,1.00
2016.09.28 22:35:33.415,0.95087,0.95134,1.12,1.00
2016.09.28 22:35:33.599,0.95087,0.95134,1.12,1.00
2016.09.28 22:35:33.750,0.95087,0.95134,1.00,1.00
2016.09.28 22:35:34.414,0.95085,0.95131,1.37,1.00
2016.09.28 22:35:36.558,0.95086,0.95131,1.87,1.00
2016.09.28 22:35:36.959,0.95085,0.95131,2.62,1.00
2016.09.28 22:35:39.045,0.95084,0.95132,1.37,1.00
2016.09.28 22:35:39.123,0.95085,0.95131,2.62,1.00
2016.09.28 22:35:39.224,0.95085,0.95132,1.87,1.00
2016.09.28 22:35:40.124,0.95086,0.95131,1.87,1.00
2016.09.28 22:35:40.466,0.95088,0.95134,1.12,1.00
2016.09.28 22:35:40.567,0.95086,0.95131,1.37,1.00
2016.09.28 22:35:40.670,0.95087,0.95135,1.12,1.00
2016.09.28 22:35:40.771,0.95088,0.95134,1.37,1.00
2016.09.28 22:35:44.168,0.95088,0.95134,1.12,1.00
2016.09.28 22:35:44.468,0.95088,0.95134,1.37,1.00
2016.09.28 22:35:44.658,0.95087,0.95135,2.62,1.00
2016.09.28 22:35:45.167,0.95088,0.95135,1.87,1.00
2016.09.28 22:35:45.259,0.9509,0.95134,1.87,1.00
2016.09.28 22:35:45.345,0.95091,0.95136,1.37,1.00
2016.09.28 22:35:45.446,0.95092,0.9514,1.12,1.12
2016.09.28 22:35:45.547,0.95097,0.95139,1.87,1.00
2016.09.28 22:35:45.648,0.95101,0.95146,1.00,1.37
2016.09.28 22:35:45.699,0.95101,0.95146,1.00,1.37
2016.09.28 22:35:46.229,0.95097,0.95145,1.12,1.00
2016.09.28 22:35:46.821,0.95098,0.95144,1.12,1.00
2016.09.28 22:35:47.273,0.95098,0.95144,1.12,1.00
2016.09.28 22:35:47.473,0.95098,0.95144,1.12,1.00
2016.09.28 22:35:47.574,0.95098,0.95144,1.12,1.00
2016.09.28 22:35:47.629,0.95098,0.95144,1.12,1.00
2016.09.28 22:35:47.679,0.95098,0.95144,1.12,1.12
2016.09.28 22:35:47.730,0.95098,0.95144,1.12,1.12
2016.09.28 22:35:47.875,0.95097,0.95145,1.12,1.12
2016.09.28 22:35:48.839,0.95108,0.95138,1.00,1.00
2016.09.28 22:35:49.432,0.95108,0.95139,1.00,1.00
2016.09.28 22:35:49.978,0.95107,0.95138,1.00,1.00
2016.09.28 22:35:50.079,0.95104,0.95136,1.00,1.00
2016.09.28 22:35:50.278,0.95102,0.95138,1.00,1.00
2016.09.28 22:35:50.381,0.95103,0.95136,1.00,1.00
2016.09.28 22:35:50.443,0.95104,0.95138,1.00,1.00
2016.09.28 22:35:53.051,0.95104,0.95136,1.00,1.00
2016.09.28 22:35:53.283,0.95104,0.95138,1.00,1.00
2016.09.28 22:35:53.593,0.95106,0.95138,1.00,1.00
2016.09.28 22:35:54.034,0.95106,0.95136,1.00,1.00
2016.09.28 22:35:54.255,0.95106,0.95138,1.00,1.00
2016.09.28 22:35:54.385,0.95111,0.95139,1.00,1.00
2016.09.28 22:35:54.685,0.95105,0.95139,1.00,1.00
2016.09.28 22:35:55.397,0.95105,0.95141,1.00,1.00
2016.09.28 22:35:55.698,0.95106,0.95138,1.00,1.00
2016.09.28 22:35:59.703,0.95108,0.95139,1.00,1.00
2016.09.28 22:36:00.580,0.95107,0.95136,1.00,1.00
2016.09.28 22:36:00.894,0.95108,0.95134,1.00,1.00
2016.09.28 22:36:01.008,0.95107,0.95139,1.00,1.00
2016.09.28 22:36:01.395,0.95109,0.95137,1.00,1.00
2016.09.28 22:36:01.710,0.95107,0.95136,1.00,1.00
2016.09.28 22:36:02.582,0.95107,0.95136,1.00,1.00
2016.09.28 22:36:02.713,0.95106,0.95135,1.00,1.00
2016.09.28 22:36:02.915,0.95106,0.95137,1.00,1.00
2016.09.28 22:36:03.389,0.9511,0.95137,1.00,1.00
2016.09.28 22:36:03.523,0.95106,0.95136,1.00,1.00
2016.09.28 22:36:04.430,0.95106,0.95136,1.00,1.00
2016.09.28 22:36:04.531,0.95105,0.95139,1.00,1.00
2016.09.28 22:36:04.710,0.95106,0.95136,1.00,1.00
2016.09.28 22:36:05.023,0.95108,0.95137,1.00,1.00
2016.09.28 22:36:05.222,0.95108,0.95137,1.00,1.50
2016.09.28 22:36:05.323,0.95105,0.95139,1.00,1.00
2016.09.28 22:36:05.653,0.95106,0.95137,1.00,1.00
2016.09.28 22:36:06.203,0.95106,0.95136,1.00,1.00
2016.09.28 22:36:06.365,0.95105,0.95138,1.00,1.00
2016.09.28 22:36:06.905,0.95105,0.95134,1.00,1.00
2016.09.28 22:36:07.334,0.95105,0.95136,1.00,1.00
2016.09.28 22:36:07.856,0.95105,0.95137,1.00,1.00
2016.09.28 22:36:08.036,0.95105,0.95135,1.00,1.00
2016.09.28 22:36:08.595,0.95104,0.95138,1.00,1.00
2016.09.28 22:36:13.437,0.95108,0.95136,1.00,1.00
2016.09.28 22:36:13.704,0.95106,0.95138,1.00,1.00
2016.09.28 22:36:14.205,0.95105,0.95139,1.00,1.00
2016.09.28 22:36:14.405,0.95107,0.95137,1.00,1.00
2016.09.28 22:36:14.606,0.95105,0.95139,1.00,1.00
2016.09.28 22:36:14.906,0.95107,0.95137,1.00,1.00
2016.09.28 22:36:15.439,0.95107,0.95139,1.00,1.00
2016.09.28 22:36:16.327,0.95107,0.95137,1.00,1.00
2016.09.28 22:36:16.508,0.95107,0.95139,1.00,1.00
2016.09.28 22:36:17.242,0.95107,0.95137,1.00,1.00
2016.09.28 22:36:17.819,0.95107,0.95138,1.00,1.00
2016.09.28 22:36:18.044,0.95108,0.9514,1.00,1.00
2016.09.28 22:36:19.850,0.95104,0.95133,1.00,1.00
2016.09.28 22:36:20.044,0.95098,0.95134,1.00,1.00
2016.09.28 22:36:20.248,0.951,0.9513,1.00,1.00
2016.09.28 22:36:20.723,0.95099,0.95128,1.00,1.00
2016.09.28 22:36:20.918,0.95097,0.95127,1.00,1.00
2016.09.28 22:36:21.520,0.95098,0.95128,1.00,1.00
2016.09.28 22:36:22.122,0.951,0.95128,1.00,1.00
2016.09.28 22:36:23.123,0.95099,0.95126,1.00,1.00
2016.09.28 22:36:23.524,0.95098,0.95128,1.00,1.00
2016.09.28 22:36:24.141,0.95098,0.95129,1.00,1.00
2016.09.28 22:36:24.726,0.95097,0.95128,1.00,1.00
2016.09.28 22:36:25.256,0.95098,0.95129,1.00,1.00
2016.09.28 22:36:26.356,0.951,0.95129,1.00,1.00
2016.09.28 22:36:31.685,0.951,0.95127,1.00,1.00
2016.09.28 22:36:32.075,0.95101,0.9513,1.00,1.00
2016.09.28 22:36:32.598,0.95102,0.95131,1.00,1.00
2016.09.28 22:36:32.863,0.95106,0.95131,1.00,1.00
2016.09.28 22:36:33.163,0.95104,0.95131,1.00,1.00
2016.09.28 22:36:35.266,0.95105,0.95133,1.00,1.00
2016.09.28 22:36:35.368,0.95107,0.95134,1.00,1.00
2016.09.28 22:36:36.255,0.95106,0.95133,1.00,1.00
2016.09.28 22:36:37.670,0.95108,0.95136,1.00,1.00
2016.09.28 22:36:38.023,0.95108,0.95133,1.00,1.00
2016.09.28 22:36:38.694,0.95107,0.95132,1.00,1.00
2016.09.28 22:36:39.659,0.95105,0.95133,1.00,1.00
2016.09.28 22:36:40.597,0.95105,0.95131,1.00,1.00
2016.09.28 22:36:46.905,0.95105,0.95132,1.00,1.00
2016.09.28 22:36:50.277,0.95106,0.95136,1.00,1.00
2016.09.28 22:36:50.926,0.95106,0.95133,1.00,1.00
2016.09.28 22:36:51.321,0.95104,0.95133,1.00,1.00
2016.09.28 22:36:53.310,0.95102,0.9513,1.00,1.00
2016.09.28 22:36:53.516,0.95099,0.95129,1.00,1.00
2016.09.28 22:36:53.617,0.95098,0.95127,1.00,1.00
2016.09.28 22:36:54.632,0.95101,0.95127,1.00,1.00
2016.09.28 22:37:04.047,0.95102,0.95129,1.00,1.00
2016.09.28 22:37:04.748,0.95104,0.9513,1.00,1.00
2016.09.28 22:37:05.006,0.95102,0.9513,1.00,1.00
2016.09.28 22:37:06.050,0.95101,0.95127,1.00,1.00
2016.09.28 22:37:06.449,0.95103,0.95129,1.00,1.00
2016.09.28 22:37:08.211,0.95102,0.95129,1.00,1.00
2016.09.28 22:37:08.743,0.95101,0.95129,1.00,1.00
2016.09.28 22:37:16.956,0.95101,0.95128,1.00,1.00
2016.09.28 22:37:23.757,0.95102,0.95129,1.00,1.00
2016.09.28 22:37:24.067,0.95099,0.95127,1.00,1.00
2016.09.28 22:37:24.168,0.95102,0.95128,1.00,1.00
2016.09.28 22:37:32.876,0.95099,0.95127,1.00,1.00
2016.09.28 22:37:32.980,0.95103,0.95128,1.00,1.00
2016.09.28 22:37:33.081,0.951,0.95128,1.00,1.00
2016.09.28 22:37:36.372,0.95102,0.95129,1.00,1.00
2016.09.28 22:37:38.758,0.95103,0.95127,1.00,1.00
2016.09.28 22:37:46.998,0.95102,0.95128,1.00,1.00
2016.09.28 22:37:52.406,0.95099,0.95126,1.00,1.00
2016.09.28 22:37:53.407,0.95097,0.95127,1.00,1.00
2016.09.28 22:37:54.072,0.95097,0.95128,1.00,1.00
2016.09.28 22:38:01.501,0.95099,0.95127,1.00,1.00
2016.09.28 22:38:02.222,0.95099,0.95128,1.00,1.00
2016.09.28 22:38:02.689,0.95098,0.95126,1.00,1.00
2016.09.28 22:38:03.090,0.95099,0.95128,1.00,1.00
2016.09.28 22:38:03.552,0.95097,0.95127,1.00,1.00
2016.09.28 22:38:05.927,0.95101,0.95129,1.00,1.00
2016.09.28 22:38:06.229,0.95103,0.95128,1.00,1.00
2016.09.28 22:38:07.032,0.95101,0.95127,1.00,1.00
2016.09.28 22:38:08.134,0.95099,0.95129,1.00,1.00
2016.09.28 22:38:09.126,0.95099,0.95128,1.00,1.00
2016.09.28 22:38:16.231,0.95097,0.95123,1.00,1.00
2016.09.28 22:38:16.433,0.95094,0.95124,1.00,1.00
2016.09.28 22:38:17.046,0.95094,0.95122,1.00,1.00
2016.09.28 22:38:17.550,0.95094,0.95126,1.00,1.00
2016.09.28 22:38:17.657,0.95096,0.95127,1.00,1.00
2016.09.28 22:38:18.751,0.95097,0.95126,1.00,1.00
2016.09.28 22:38:23.825,0.95098,0.95126,1.00,1.00
2016.09.28 22:38:25.264,0.95097,0.95126,1.00,1.00
2016.09.28 22:38:25.586,0.95098,0.95123,1.00,1.00
2016.09.28 22:38:25.738,0.95092,0.95124,1.00,1.00
2016.09.28 22:38:25.972,0.95093,0.9512,1.00,1.00
2016.09.28 22:38:26.174,0.95091,0.95122,1.00,1.00
2016.09.28 22:38:26.717,0.95092,0.95121,1.00,1.00
2016.09.28 22:38:27.171,0.95091,0.95119,1.00,1.00
2016.09.28 22:38:27.373,0.95092,0.95122,1.00,1.00
2016.09.28 22:38:27.569,0.95092,0.95119,1.00,1.00
2016.09.28 22:38:27.670,0.95091,0.95122,1.00,1.00
2016.09.28 22:38:27.916,0.95091,0.95118,1.00,1.00
2016.09.28 22:38:28.084,0.95092,0.95121,1.00,1.00
2016.09.28 22:38:28.363,0.95091,0.95119,1.00,1.00
2016.09.28 22:38:28.781,0.95092,0.95122,1.00,1.00
2016.09.28 22:38:28.976,0.9509,0.9512,1.00,1.00
2016.09.28 22:38:29.309,0.95091,0.95118,1.00,1.00
2016.09.28 22:38:29.359,0.95091,0.95122,1.00,1.00
2016.09.28 22:38:29.679,0.95091,0.95118,1.00,1.00
2016.09.28 22:38:30.081,0.95091,0.95122,1.00,1.00
2016.09.28 22:38:30.182,0.95091,0.95118,1.00,1.00
2016.09.28 22:38:30.451,0.95092,0.95121,1.00,1.00
2016.09.28 22:38:30.987,0.9509,0.95119,1.00,1.00
2016.09.28 22:38:31.525,0.95089,0.95118,1.00,1.00
2016.09.28 22:38:31.849,0.95091,0.95117,1.00,1.00
2016.09.28 22:38:32.069,0.9509,0.95119,1.00,1.00
2016.09.28 22:38:33.996,0.9509,0.95116,1.00,1.00
2016.09.28 22:38:35.049,0.9509,0.95115,1.00,1.00
2016.09.28 22:38:37.753,0.9509,0.95117,1.00,1.00
2016.09.28 22:38:41.079,0.95087,0.95117,1.00,1.00
2016.09.28 22:38:41.885,0.95089,0.95117,1.00,1.00
2016.09.28 22:38:42.108,0.95087,0.95116,1.00,1.00
2016.09.28 22:38:42.476,0.95089,0.95115,1.00,1.00
2016.09.28 22:38:43.299,0.9509,0.95117,1.00,1.00
2016.09.28 22:38:44.163,0.95091,0.95117,1.00,1.00
2016.09.28 22:38:44.713,0.95091,0.95116,1.00,1.00
2016.09.28 22:38:45.207,0.9509,0.95118,1.00,1.00
2016.09.28 22:38:45.275,0.95091,0.95115,1.00,1.00
2016.09.28 22:38:45.476,0.95091,0.95117,1.00,1.00
2016.09.28 22:38:45.577,0.95091,0.9512,1.00,1.00
2016.09.28 22:38:45.678,0.95091,0.95118,1.00,1.00
2016.09.28 22:38:46.365,0.95089,0.95114,1.00,1.00
2016.09.28 22:38:46.698,0.95091,0.95116,1.00,1.00
2016.09.28 22:38:47.298,0.9509,0.95115,1.00,1.00
2016.09.28 22:38:49.392,0.95092,0.95117,1.00,1.00
2016.09.28 22:38:49.799,0.95091,0.95121,1.00,1.00
2016.09.28 22:38:49.900,0.9509,0.95119,1.00,1.00
2016.09.28 22:38:50.204,0.95091,0.95116,1.00,1.00
2016.09.28 22:38:51.017,0.95095,0.9512,1.00,1.00
2016.09.28 22:38:51.118,0.95097,0.95126,1.00,1.00
2016.09.28 22:38:51.219,0.95098,0.95131,1.00,1.00
2016.09.28 22:38:51.320,0.95099,0.95127,1.00,1.00
2016.09.28 22:38:52.080,0.95099,0.95129,1.00,1.00
2016.09.28 22:38:53.401,0.95099,0.95128,1.00,1.00
2016.09.28 22:38:53.948,0.95098,0.95128,1.00,1.00
2016.09.28 22:38:55.099,0.951,0.95132,1.00,1.00
2016.09.28 22:38:55.700,0.95099,0.95129,1.00,1.00
2016.09.28 22:38:55.787,0.95099,0.95133,1.00,1.00
2016.09.28 22:38:56.088,0.95099,0.95129,1.00,1.00
2016.09.28 22:38:56.322,0.951,0.95131,1.00,1.00
2016.09.28 22:38:56.390,0.95099,0.95129,1.00,1.00
2016.09.28 22:38:56.501,0.95098,0.95133,1.00,1.00
2016.09.28 22:38:56.701,0.951,0.95128,1.00,1.00
2016.09.28 22:38:56.802,0.95096,0.95128,1.00,1.00
2016.09.28 22:38:56.932,0.95096,0.95131,1.00,1.00
2016.09.28 22:38:57.116,0.95097,0.95127,1.00,1.00
2016.09.28 22:38:57.217,0.95098,0.95131,1.00,1.00
2016.09.28 22:38:58.095,0.95098,0.9513,1.00,1.00
2016.09.28 22:39:02.099,0.95098,0.95129,1.00,1.00
2016.09.28 22:39:07.826,0.95099,0.9513,1.00,1.00
2016.09.28 22:39:08.437,0.95098,0.95129,1.00,1.00
2016.09.28 22:39:16.633,0.95098,0.95128,1.00,1.00
2016.09.28 22:39:17.153,0.95097,0.95128,1.00,1.00
2016.09.28 22:39:20.038,0.95097,0.95129,1.00,1.00
2016.09.28 22:39:23.166,0.95104,0.95134,1.00,1.00
2016.09.28 22:39:23.642,0.95102,0.95136,1.00,1.00
2016.09.28 22:39:24.647,0.95102,0.95135,1.00,1.00
2016.09.28 22:39:25.163,0.95099,0.95135,1.00,1.00
2016.09.28 22:39:26.952,0.951,0.95133,1.00,1.00
2016.09.28 22:39:27.053,0.951,0.95135,1.00,1.00
2016.09.28 22:39:29.178,0.95102,0.95136,1.00,1.00
2016.09.28 22:39:29.466,0.951,0.95136,1.00,1.00
2016.09.28 22:39:30.363,0.95101,0.95136,1.00,1.00
2016.09.28 22:39:31.161,0.95101,0.95135,1.00,1.00
2016.09.28 22:39:31.875,0.95101,0.95137,1.00,1.00
2016.09.28 22:39:32.204,0.95099,0.95136,1.00,1.00
2016.09.28 22:39:32.365,0.95101,0.95132,1.00,1.00
2016.09.28 22:39:32.867,0.95104,0.95135,1.00,1.00
2016.09.28 22:39:35.499,0.95103,0.95134,1.00,1.00
2016.09.28 22:39:38.979,0.95104,0.95135,1.00,1.00
2016.09.28 22:39:40.584,0.95097,0.95138,1.00,1.00
2016.09.28 22:39:44.357,0.95096,0.95138,1.00,1.00
2016.09.28 22:39:44.407,0.95096,0.95138,1.00,1.00
2016.09.28 22:39:44.508,0.95096,0.95138,1.00,1.00
2016.09.28 22:39:44.959,0.95099,0.95138,1.00,1.00
2016.09.28 22:39:50.400,0.95099,0.95137,1.00,1.00
2016.09.28 22:39:53.102,0.95099,0.95142,1.00,1.00
2016.09.28 22:39:54.109,0.95098,0.95142,1.00,1.00
2016.09.28 22:39:54.210,0.95099,0.95142,1.00,1.37
2016.09.28 22:39:56.834,0.95099,0.95142,1.00,1.37
2016.09.28 22:39:56.885,0.95098,0.95142,1.00,1.00
2016.09.28 22:39:57.335,0.95098,0.95142,1.00,1.00
2016.09.28 22:39:57.591,0.95098,0.95142,1.00,1.00
2016.09.28 22:39:57.689,0.95099,0.95142,1.00,1.00
2016.09.28 22:39:59.183,0.95096,0.95141,1.12,1.00
2016.09.28 22:39:59.284,0.95096,0.95141,1.00,1.37
2016.09.28 22:40:00.510,0.95096,0.95137,1.00,1.00
2016.09.28 22:40:00.810,0.95096,0.95141,1.00,1.37
2016.09.28 22:40:00.936,0.95095,0.95142,1.00,1.87
2016.09.28 22:40:01.206,0.95096,0.95141,1.00,1.37
2016.09.28 22:40:01.311,0.95096,0.95137,1.00,1.00
2016.09.28 22:40:01.362,0.95096,0.95137,1.00,1.00
2016.09.28 22:40:01.640,0.95096,0.95141,1.00,1.37
2016.09.28 22:40:02.753,0.95096,0.95141,1.00,1.37
2016.09.28 22:40:02.854,0.95093,0.95139,1.00,1.00
2016.09.28 22:40:04.456,0.95093,0.95139,1.00,1.00
2016.09.28 22:40:04.557,0.95096,0.95141,1.00,1.12
2016.09.28 22:40:04.658,0.95096,0.95141,1.00,1.37
2016.09.28 22:40:05.223,0.95096,0.95137,1.00,1.00
2016.09.28 22:40:05.357,0.95096,0.95137,1.00,1.00
2016.09.28 22:40:05.458,0.95095,0.95137,1.00,1.00
2016.09.28 22:40:05.559,0.95096,0.95141,1.00,1.37
2016.09.28 22:40:05.812,0.95096,0.95141,1.00,1.00
2016.09.28 22:40:05.862,0.95096,0.95141,1.00,1.00
2016.09.28 22:40:07.063,0.95097,0.95142,1.00,1.00
2016.09.28 22:40:08.221,0.95097,0.95138,1.00,1.00
2016.09.28 22:40:09.864,0.95097,0.95138,1.00,1.00
2016.09.28 22:40:09.965,0.95093,0.95138,1.12,1.00
2016.09.28 22:40:10.168,0.95094,0.9514,1.00,1.12
2016.09.28 22:40:10.267,0.95093,0.95141,1.12,1.12
2016.09.28 22:40:10.368,0.95094,0.95138,1.00,1.00
2016.09.28 22:40:11.267,0.95094,0.9514,1.00,2.62
2016.09.28 22:40:11.367,0.95097,0.95142,1.00,1.37
2016.09.28 22:40:11.418,0.95097,0.95142,1.00,1.37
2016.09.28 22:40:11.469,0.95094,0.95139,1.00,1.12
2016.09.28 22:40:11.736,0.95091,0.95137,1.37,1.00
2016.09.28 22:40:11.837,0.95093,0.9514,1.00,1.12
2016.09.28 22:40:11.938,0.95094,0.95136,1.00,1.00
2016.09.28 22:40:11.988,0.95094,0.95136,1.00,1.00
2016.09.28 22:40:12.089,0.95094,0.95136,1.00,1.00
2016.09.28 22:40:12.241,0.95097,0.95139,1.00,1.12
2016.09.28 22:40:12.561,0.95097,0.95139,1.00,1.37
2016.09.28 22:40:12.792,0.95097,0.95139,1.00,1.37
2016.09.28 22:40:12.843,0.95097,0.95139,1.00,1.12
2016.09.28 22:40:14.930,0.95097,0.95137,1.00,1.00
2016.09.28 22:40:14.980,0.95097,0.95137,1.00,1.00
2016.09.28 22:40:15.147,0.95097,0.95138,1.00,1.12
2016.09.28 22:40:15.197,0.95097,0.95138,1.00,1.12
2016.09.28 22:40:15.266,0.95093,0.95136,1.00,1.00
2016.09.28 22:40:15.373,0.95093,0.95136,1.00,1.00
2016.09.28 22:40:15.474,0.95092,0.95137,1.00,1.00
2016.09.28 22:40:15.525,0.95092,0.95136,1.00,1.00
2016.09.28 22:40:15.676,0.95085,0.95129,1.12,1.00
2016.09.28 22:40:15.727,0.95085,0.95129,1.12,1.00
2016.09.28 22:40:16.066,0.95085,0.95129,1.00,1.00
2016.09.28 22:40:17.254,0.95086,0.95128,1.00,1.00
2016.09.28 22:40:17.985,0.95086,0.95128,1.00,1.00
2016.09.28 22:40:20.889,0.95086,0.95128,1.00,1.00
2016.09.28 22:40:25.243,0.95085,0.95129,1.00,1.00
2016.09.28 22:40:25.613,0.95085,0.95129,1.00,1.12
2016.09.28 22:40:25.664,0.95082,0.95125,1.00,1.00
2016.09.28 22:40:27.389,0.95081,0.95126,1.00,1.00
2016.09.28 22:40:27.647,0.95082,0.95125,1.00,1.00
2016.09.28 22:40:30.188,0.95085,0.95127,1.00,1.50
2016.09.28 22:40:34.370,0.95084,0.95127,1.00,1.00
2016.09.28 22:40:35.660,0.95085,0.95127,1.00,1.50
2016.09.28 22:40:36.453,0.95085,0.95127,1.00,1.00
2016.09.28 22:40:36.807,0.95084,0.95128,1.00,1.50
2016.09.28 22:40:36.863,0.95085,0.95127,1.00,1.00
2016.09.28 22:40:37.053,0.95085,0.95127,1.00,1.50
2016.09.28 22:40:43.521,0.95085,0.95127,1.00,1.87
2016.09.28 22:40:44.210,0.95085,0.95127,1.00,1.50
2016.09.28 22:40:48.990,0.95085,0.95127,1.00,1.87
2016.09.28 22:40:49.525,0.95082,0.95126,1.00,1.00
2016.09.28 22:40:49.732,0.95083,0.95125,1.00,1.00
2016.09.28 22:40:50.114,0.95082,0.95126,1.00,1.00
2016.09.28 22:40:50.215,0.95082,0.95126,1.00,1.00
2016.09.28 22:40:51.175,0.95082,0.95126,1.00,1.00
2016.09.28 22:40:51.225,0.95083,0.95125,1.00,1.00
2016.09.28 22:40:53.046,0.95089,0.95119,1.00,1.00
2016.09.28 22:40:54.037,0.9509,0.95119,1.00,1.00
2016.09.28 22:41:02.253,0.95087,0.95119,1.00,1.00
2016.09.28 22:41:04.277,0.95087,0.95119,1.00,1.00
2016.09.28 22:41:04.378,0.95083,0.95116,1.00,1.00
2016.09.28 22:41:04.479,0.95083,0.95115,1.00,1.00
2016.09.28 22:41:04.976,0.95083,0.95115,1.00,1.00
2016.09.28 22:41:05.259,0.95084,0.95117,1.00,1.00
2016.09.28 22:41:08.666,0.95084,0.95116,1.00,1.00
2016.09.28 22:41:09.166,0.95083,0.95115,1.00,1.00
2016.09.28 22:41:10.969,0.95083,0.95114,1.00,1.00
2016.09.28 22:41:11.503,0.95085,0.95118,1.00,1.50
2016.09.28 22:41:11.617,0.95084,0.95117,1.00,1.00
2016.09.28 22:41:12.179,0.95084,0.95117,1.00,1.00
2016.09.28 22:41:14.429,0.95084,0.95117,1.00,1.00
2016.09.28 22:41:14.875,0.95085,0.95115,1.00,1.00
2016.09.28 22:41:16.877,0.95084,0.95115,1.00,1.00
2016.09.28 22:41:17.402,0.95085,0.95115,1.00,1.00
2016.09.28 22:41:20.091,0.95085,0.95115,1.00,1.00
2016.09.28 22:41:20.205,0.95083,0.95113,1.00,1.00
2016.09.28 22:41:20.326,0.95083,0.95113,1.00,1.00
2016.09.28 22:41:21.293,0.95083,0.95113,1.00,1.00
2016.09.28 22:41:21.696,0.95083,0.95113,1.00,1.00
2016.09.28 22:41:22.408,0.95083,0.95113,1.00,1.00
2016.09.28 22:41:24.191,0.95083,0.95115,1.00,1.50
2016.09.28 22:41:31.109,0.95083,0.95115,1.00,1.50
2016.09.28 22:41:31.286,0.95083,0.95115,1.00,1.00
2016.09.28 22:41:31.337,0.95083,0.95115,1.00,1.00
2016.09.28 22:41:32.406,0.95083,0.95113,1.00,1.00
2016.09.28 22:41:35.361,0.95081,0.95113,1.00,1.00
2016.09.28 22:41:35.411,0.95083,0.95111,1.00,1.00
2016.09.28 22:41:35.563,0.95083,0.95111,1.00,1.00
2016.09.28 22:41:35.779,0.95083,0.95111,1.00,1.50
2016.09.28 22:41:35.918,0.95083,0.95111,1.00,1.50
2016.09.28 22:41:35.979,0.95083,0.95111,1.00,1.00
2016.09.28 22:41:36.595,0.95083,0.95112,1.00,1.00
2016.09.28 22:41:36.664,0.95081,0.95114,1.00,1.00
2016.09.28 22:41:36.715,0.95081,0.95114,1.00,1.50
2016.09.28 22:41:37.027,0.95081,0.95114,1.00,1.50
2016.09.28 22:41:37.821,0.95081,0.95114,1.00,1.50
2016.09.28 22:41:39.218,0.95082,0.95112,1.00,1.00
2016.09.28 22:41:42.529,0.95082,0.95112,1.00,1.50
2016.09.28 22:41:44.132,0.95082,0.95112,1.00,1.50
2016.09.28 22:41:44.193,0.95082,0.95112,1.00,1.00
2016.09.28 22:41:46.636,0.95082,0.95112,1.00,1.00
2016.09.28 22:41:46.928,0.95082,0.95111,1.00,1.00
2016.09.28 22:41:47.429,0.95082,0.95112,1.00,1.00
2016.09.28 22:41:51.115,0.95082,0.95111,1.00,1.00
2016.09.28 22:41:51.676,0.95082,0.9511,1.00,1.00
2016.09.28 22:41:53.743,0.95082,0.95109,1.00,1.00
2016.09.28 22:41:54.244,0.95082,0.9511,1.00,1.00
2016.09.28 22:41:55.080,0.95082,0.95113,1.00,1.00
2016.09.28 22:41:55.188,0.95082,0.95111,1.00,1.00
2016.09.28 22:41:55.272,0.95082,0.95111,1.00,1.50
2016.09.28 22:41:57.186,0.95082,0.95111,1.00,1.50
2016.09.28 22:42:01.962,0.95083,0.95109,1.00,1.00
2016.09.28 22:42:02.748,0.95082,0.95109,1.00,1.00
2016.09.28 22:42:03.264,0.95082,0.95108,1.00,1.00
2016.09.28 22:42:05.519,0.95083,0.9511,1.00,1.00
2016.09.28 22:42:05.920,0.95084,0.95112,1.00,1.00
2016.09.28 22:42:08.900,0.95084,0.95114,1.00,1.00
2016.09.28 22:42:08.951,0.95084,0.95115,1.00,1.50
2016.09.28 22:42:09.487,0.95083,0.95115,1.00,1.50
2016.09.28 22:42:10.061,0.95083,0.95115,1.00,1.00
2016.09.28 22:42:10.112,0.95083,0.95115,1.00,1.00
2016.09.28 22:42:10.672,0.95084,0.95114,1.00,1.00
2016.09.28 22:42:11.332,0.95085,0.95114,1.00,1.00
2016.09.28 22:42:11.712,0.95082,0.95114,1.00,1.00
2016.09.28 22:42:13.612,0.95083,0.95114,1.00,1.50
2016.09.28 22:42:13.814,0.95085,0.95114,1.00,1.00
2016.09.28 22:42:13.865,0.95085,0.95117,1.00,1.50
2016.09.28 22:42:13.915,0.95085,0.95117,1.00,1.50
2016.09.28 22:42:14.222,0.95086,0.95117,1.00,1.00
2016.09.28 22:42:14.501,0.95083,0.95117,1.00,1.00
2016.09.28 22:42:14.706,0.95085,0.95115,1.00,1.00
2016.09.28 22:42:15.224,0.95083,0.95116,1.00,1.00
2016.09.28 22:42:15.325,0.95085,0.95117,1.00,1.50
2016.09.28 22:42:15.476,0.95085,0.95117,1.00,1.00
2016.09.28 22:42:15.783,0.95085,0.95117,1.00,1.00
2016.09.28 22:42:15.884,0.95085,0.95117,1.00,1.00
2016.09.28 22:42:16.085,0.95085,0.95117,1.00,1.00
2016.09.28 22:42:16.485,0.95085,0.95117,1.00,1.00
2016.09.28 22:42:16.714,0.95085,0.95117,1.00,1.00
2016.09.28 22:42:16.902,0.95082,0.95116,1.00,1.00
2016.09.28 22:42:16.953,0.95082,0.95116,1.00,1.50
2016.09.28 22:42:17.004,0.95082,0.95115,1.00,1.00
2016.09.28 22:42:17.888,0.95081,0.95114,1.00,1.00
2016.09.28 22:42:21.391,0.95083,0.95115,1.00,1.00
2016.09.28 22:42:22.336,0.95083,0.95116,1.00,1.00
2016.09.28 22:42:23.398,0.95084,0.95116,1.00,1.00
2016.09.28 22:42:24.328,0.95084,0.95117,1.00,1.50
2016.09.28 22:42:26.506,0.95084,0.95117,1.00,1.50
2016.09.28 22:42:27.164,0.95084,0.95117,1.00,1.00
2016.09.28 22:42:27.215,0.95084,0.95117,1.00,1.00
2016.09.28 22:42:27.316,0.95084,0.95114,1.00,1.00
2016.09.28 22:42:28.808,0.95083,0.95112,1.00,1.00
2016.09.28 22:42:31.049,0.95078,0.95107,1.00,1.00
2016.09.28 22:42:32.011,0.95079,0.95109,1.00,1.00
2016.09.28 22:42:32.512,0.95078,0.95111,1.00,1.00
2016.09.28 22:42:33.419,0.95078,0.95111,1.00,1.00
2016.09.28 22:42:33.807,0.95078,0.9511,1.00,1.00
2016.09.28 22:42:34.347,0.95078,0.95109,1.00,1.00
2016.09.28 22:42:36.155,0.95076,0.95109,1.00,1.00
2016.09.28 22:42:36.256,0.95076,0.95105,1.00,1.00
2016.09.28 22:42:36.357,0.9507,0.95106,1.00,1.50
2016.09.28 22:42:36.462,0.95066,0.95097,1.12,1.00
2016.09.28 22:42:36.543,0.95057,0.95085,1.50,1.00
2016.09.28 22:42:36.593,0.95057,0.95085,1.00,1.00
2016.09.28 22:42:36.644,0.95057,0.95078,1.00,1.00
2016.09.28 22:42:36.967,0.95057,0.95085,1.00,1.00
2016.09.28 22:42:37.018,0.95057,0.9509,1.00,1.50
2016.09.28 22:42:37.105,0.95047,0.95089,1.12,1.00
2016.09.28 22:42:37.221,0.95046,0.9509,1.87,1.50
2016.09.28 22:42:37.323,0.95046,0.9509,1.50,1.50
2016.09.28 22:42:37.419,0.95048,0.95085,1.00,1.00
2016.09.28 22:42:37.570,0.95048,0.95085,1.00,1.00
2016.09.28 22:42:38.245,0.95048,0.95085,1.00,1.00
2016.09.28 22:42:38.691,0.95048,0.95086,1.00,1.00
2016.09.28 22:42:39.075,0.95048,0.95086,1.00,1.00
2016.09.28 22:42:39.351,0.9505,0.95086,1.00,1.50
2016.09.28 22:42:39.618,0.95047,0.95086,1.00,1.50
2016.09.28 22:42:39.693,0.95047,0.95085,1.00,1.00
2016.09.28 22:42:39.743,0.95047,0.95085,1.00,1.00
2016.09.28 22:42:43.127,0.95047,0.95084,1.00,1.00
2016.09.28 22:42:44.429,0.95046,0.95085,1.00,1.00
2016.09.28 22:42:44.829,0.95049,0.95085,1.00,1.00
2016.09.28 22:42:44.930,0.95046,0.95085,1.00,1.00
2016.09.28 22:42:45.142,0.95046,0.95085,1.00,1.00
2016.09.28 22:42:45.257,0.95046,0.95085,1.12,1.50
2016.09.28 22:42:46.290,0.95046,0.95085,1.12,1.50
2016.09.28 22:42:46.341,0.95049,0.95085,1.00,1.00
2016.09.28 22:42:46.714,0.95049,0.95085,1.00,1.50
2016.09.28 22:42:47.333,0.95049,0.95083,1.00,1.00
2016.09.28 22:42:50.076,0.9505,0.95084,1.00,1.00
2016.09.28 22:42:50.278,0.95055,0.95088,1.00,1.50
2016.09.28 22:42:50.329,0.95055,0.95088,1.00,1.00
2016.09.28 22:42:51.556,0.95057,0.95088,1.00,1.00
2016.09.28 22:42:54.150,0.95054,0.95088,1.00,1.00
2016.09.28 22:42:54.551,0.95054,0.95086,1.00,1.00
2016.09.28 22:43:00.165,0.95053,0.95085,1.00,1.00
2016.09.28 22:43:01.452,0.95052,0.95084,1.00,1.00
2016.09.28 22:43:01.575,0.95049,0.95083,1.00,1.00
2016.09.28 22:43:02.571,0.95049,0.95084,1.00,1.00
2016.09.28 22:43:03.374,0.9505,0.95084,1.00,1.00
2016.09.28 22:43:03.577,0.95048,0.95084,1.00,1.50
2016.09.28 22:43:03.883,0.9505,0.95084,1.00,1.50
2016.09.28 22:43:03.984,0.95049,0.95082,1.00,1.00
2016.09.28 22:43:04.377,0.9505,0.95084,1.00,1.50
2016.09.28 22:43:05.125,0.9505,0.95084,1.00,1.00
2016.09.28 22:43:05.566,0.95052,0.95085,1.00,1.00
2016.09.28 22:43:05.751,0.95054,0.95089,1.00,1.00
2016.09.28 22:43:06.298,0.95055,0.95088,1.00,1.00
2016.09.28 22:43:06.684,0.95053,0.95088,1.00,1.00
2016.09.28 22:43:08.999,0.95054,0.95087,1.00,1.00
2016.09.28 22:43:09.302,0.95055,0.95082,1.00,1.00
2016.09.28 22:43:11.187,0.95055,0.95084,1.00,1.00
2016.09.28 22:43:11.505,0.95054,0.95082,1.00,1.00
2016.09.28 22:43:12.267,0.95054,0.95085,1.00,1.00
2016.09.28 22:43:12.467,0.95055,0.95081,1.00,1.00
2016.09.28 22:43:12.705,0.95054,0.95083,1.00,1.00
2016.09.28 22:43:13.313,0.95055,0.95084,1.00,1.00
2016.09.28 22:43:13.368,0.95055,0.95082,1.00,1.00
2016.09.28 22:43:14.269,0.95055,0.95084,1.00,1.00
2016.09.28 22:43:17.686,0.95054,0.95083,1.00,1.00
2016.09.28 22:43:20.904,0.95054,0.95083,1.00,1.00
2016.09.28 22:43:21.305,0.95054,0.95083,1.00,1.00
2016.09.28 22:43:21.646,0.95055,0.95084,1.00,1.00
2016.09.28 22:43:22.098,0.95055,0.95081,1.00,1.00
2016.09.28 22:43:24.283,0.95054,0.95085,1.00,1.50
2016.09.28 22:43:24.812,0.95054,0.95085,1.00,1.00
2016.09.28 22:43:24.883,0.95055,0.95081,1.00,1.00
2016.09.28 22:43:25.085,0.95051,0.95082,1.00,1.00
2016.09.28 22:43:25.283,0.95054,0.95081,1.00,1.00
2016.09.28 22:43:27.303,0.95053,0.95081,1.00,1.00
2016.09.28 22:43:27.918,0.95053,0.95082,1.00,1.00
2016.09.28 22:43:28.634,0.95054,0.9508,1.00,1.00
2016.09.28 22:43:28.735,0.95051,0.95081,1.00,1.00
2016.09.28 22:43:29.289,0.95054,0.9508,1.00,1.00
2016.09.28 22:43:29.489,0.95053,0.95085,1.00,1.00
2016.09.28 22:43:29.540,0.95053,0.95085,1.00,1.50
2016.09.28 22:43:30.391,0.95051,0.95085,1.00,1.50
2016.09.28 22:43:30.492,0.95053,0.95085,1.00,1.50
2016.09.28 22:43:30.593,0.95052,0.95084,1.00,1.00
2016.09.28 22:43:31.093,0.95052,0.95077,1.00,1.00
2016.09.28 22:43:31.308,0.9505,0.95083,1.00,1.50
2016.09.28 22:43:31.460,0.9505,0.95083,1.00,1.00
2016.09.28 22:43:31.562,0.95051,0.95086,1.00,1.50
2016.09.28 22:43:31.625,0.95051,0.95085,1.00,1.00
2016.09.28 22:43:32.501,0.95062,0.95085,1.00,1.00
2016.09.28 22:43:32.602,0.95053,0.95085,1.00,1.00
2016.09.28 22:43:32.653,0.95053,0.95085,1.00,1.00
2016.09.28 22:43:33.029,0.95053,0.95092,1.00,1.50
2016.09.28 22:43:33.282,0.95053,0.95092,1.00,1.00
2016.09.28 22:43:33.538,0.95054,0.95087,1.00,1.00
2016.09.28 22:43:34.145,0.95054,0.95086,1.00,1.00
2016.09.28 22:43:34.596,0.95053,0.9509,1.00,1.50
2016.09.28 22:43:34.897,0.95054,0.95086,1.00,1.00
2016.09.28 22:43:36.099,0.95054,0.95089,1.00,1.00
2016.09.28 22:43:36.900,0.95053,0.95088,1.00,1.00
2016.09.28 22:43:37.401,0.95054,0.9509,1.00,1.50
2016.09.28 22:43:37.533,0.95054,0.95087,1.00,1.00
2016.09.28 22:43:37.634,0.95053,0.9509,1.00,1.50
2016.09.28 22:43:37.801,0.95053,0.95087,1.00,1.00
2016.09.28 22:43:38.101,0.95053,0.9509,1.00,1.50
2016.09.28 22:43:38.635,0.95052,0.95087,1.00,1.00
2016.09.28 22:43:39.103,0.95051,0.95089,1.00,1.00
2016.09.28 22:43:39.438,0.95051,0.95089,1.00,1.50
2016.09.28 22:43:39.488,0.95051,0.95089,1.00,1.50
2016.09.28 22:43:39.539,0.95051,0.95089,1.00,1.00
2016.09.28 22:43:39.738,0.95051,0.95089,1.00,1.50
2016.09.28 22:43:39.839,0.95051,0.95089,1.00,1.00
2016.09.28 22:43:40.213,0.95052,0.95087,1.00,1.00
2016.09.28 22:43:40.960,0.95053,0.95087,1.00,1.00
2016.09.28 22:43:41.010,0.95053,0.95089,1.00,1.00
2016.09.28 22:43:41.607,0.95053,0.95088,1.00,1.00
2016.09.28 22:43:41.657,0.95053,0.95088,1.00,1.00
2016.09.28 22:43:41.708,0.95053,0.95089,1.00,1.00
2016.09.28 22:43:43.810,0.95053,0.95087,1.00,1.00
2016.09.28 22:43:44.313,0.95053,0.95089,1.00,1.50
2016.09.28 22:43:46.447,0.95053,0.95089,1.00,1.00
2016.09.28 22:43:46.498,0.95053,0.95089,1.00,1.00
2016.09.28 22:43:46.565,0.95053,0.95089,1.00,1.00
2016.09.28 22:43:46.712,0.95053,0.95087,1.00,1.00
2016.09.28 22:43:47.309,0.95052,0.95087,1.00,1.00
2016.09.28 22:43:50.163,0.95056,0.95086,1.00,1.00
2016.09.28 22:43:51.117,0.95055,0.95086,1.00,1.00
2016.09.28 22:43:51.718,0.95055,0.9509,1.00,1.00
2016.09.28 22:43:51.769,0.95055,0.9509,1.00,1.50
2016.09.28 22:43:51.893,0.95054,0.95087,1.00,1.00
2016.09.28 22:43:52.095,0.95056,0.95089,1.00,1.00
2016.09.28 22:43:52.145,0.95055,0.95085,1.00,1.00
2016.09.28 22:43:52.246,0.95066,0.9509,1.00,1.00
2016.09.28 22:43:52.347,0.95063,0.95091,1.00,1.50
2016.09.28 22:43:52.437,0.95059,0.95085,1.00,1.00
2016.09.28 22:43:52.538,0.95055,0.95082,1.00,1.00
2016.09.28 22:43:52.740,0.95054,0.95089,1.00,1.00
2016.09.28 22:43:52.866,0.95054,0.95088,1.00,1.00
2016.09.28 22:43:53.165,0.95054,0.9509,1.00,1.00
2016.09.28 22:43:53.422,0.95056,0.95091,1.00,1.50
2016.09.28 22:43:54.024,0.95057,0.95089,1.00,1.00
2016.09.28 22:44:02.244,0.95057,0.95088,1.00,1.00
2016.09.28 22:44:03.873,0.95059,0.95091,1.00,1.00
2016.09.28 22:44:03.974,0.95058,0.95095,1.00,1.50
2016.09.28 22:44:04.024,0.95058,0.95095,1.00,1.50
2016.09.28 22:44:06.866,0.95058,0.95094,1.00,1.00
2016.09.28 22:44:07.371,0.95058,0.95091,1.00,1.00
2016.09.28 22:44:09.044,0.95059,0.95092,1.00,1.00
2016.09.28 22:44:09.340,0.95059,0.95095,1.00,1.50
2016.09.28 22:44:17.384,0.9506,0.95095,1.00,1.00
2016.09.28 22:44:17.434,0.9506,0.95096,1.00,1.50
2016.09.28 22:44:17.801,0.95059,0.95094,1.00,1.00
2016.09.28 22:44:20.457,0.9506,0.95095,1.00,1.00
2016.09.28 22:44:22.426,0.9506,0.95095,1.00,1.00
2016.09.28 22:44:22.549,0.9506,0.95095,1.00,1.00
2016.09.28 22:44:22.860,0.95058,0.95094,1.00,1.00
2016.09.28 22:44:23.560,0.95059,0.95096,1.00,1.00
2016.09.28 22:44:24.462,0.95059,0.95096,1.00,1.50
2016.09.28 22:44:30.807,0.95059,0.95093,1.00,1.00
2016.09.28 22:44:30.908,0.9506,0.95095,1.00,1.00
2016.09.28 22:44:31.412,0.95059,0.95092,1.00,1.00
2016.09.28 22:44:31.812,0.95059,0.95096,1.00,1.50
2016.09.28 22:44:32.817,0.95058,0.95094,1.00,1.00
2016.09.28 22:44:35.263,0.95058,0.95094,1.00,1.00
2016.09.28 22:44:36.028,0.95058,0.95093,1.00,1.00
2016.09.28 22:44:36.079,0.95058,0.95093,1.00,1.00
2016.09.28 22:44:36.379,0.95058,0.95094,1.00,1.00
2016.09.28 22:44:36.480,0.95058,0.95093,1.00,1.00
2016.09.28 22:44:39.587,0.95059,0.95093,1.00,1.00
2016.09.28 22:44:41.447,0.95059,0.95093,1.00,1.00
2016.09.28 22:44:41.557,0.95059,0.95095,1.00,1.00
2016.09.28 22:44:41.833,0.95059,0.95093,1.00,1.00
2016.09.28 22:44:41.883,0.95059,0.95093,1.00,1.00
2016.09.28 22:44:42.048,0.95059,0.95093,1.00,1.00
2016.09.28 22:44:42.155,0.95059,0.95095,1.00,1.00
2016.09.28 22:44:42.206,0.95053,0.95097,1.00,1.00
2016.09.28 22:44:42.257,0.95056,0.951,1.00,1.00
2016.09.28 22:44:42.307,0.95056,0.95097,1.00,1.00
2016.09.28 22:44:42.547,0.95054,0.95096,1.12,1.00
2016.09.28 22:44:42.735,0.95053,0.95097,1.12,1.50
2016.09.28 22:44:43.607,0.95053,0.95097,1.12,1.00
2016.09.28 22:44:45.363,0.95054,0.95096,1.00,1.00
2016.09.28 22:44:48.247,0.95053,0.95097,1.00,1.00
2016.09.28 22:44:50.462,0.95054,0.95096,1.00,1.00
2016.09.28 22:44:50.599,0.95053,0.95097,1.12,1.00
2016.09.28 22:44:50.650,0.95053,0.95097,1.00,1.00
2016.09.28 22:44:53.464,0.95054,0.95096,1.37,1.00
2016.09.28 22:44:53.581,0.95054,0.95096,1.12,1.00
2016.09.28 22:44:54.295,0.95053,0.95097,1.12,1.00
2016.09.28 22:44:54.396,0.95056,0.951,1.00,1.00
2016.09.28 22:44:57.577,0.95054,0.95096,1.00,1.00
2016.09.28 22:44:57.760,0.95054,0.95096,1.12,1.00
2016.09.28 22:44:57.811,0.95054,0.95096,1.12,1.00
2016.09.28 22:44:58.662,0.95053,0.95097,1.00,1.00
2016.09.28 22:44:59.062,0.95054,0.95096,1.00,1.00
2016.09.28 22:45:02.424,0.95056,0.951,1.00,1.00
2016.09.28 22:45:03.667,0.95056,0.95097,1.00,1.00
2016.09.28 22:45:03.927,0.95056,0.951,1.00,1.00
2016.09.28 22:45:04.319,0.95057,0.95099,1.00,1.00
2016.09.28 22:45:04.558,0.95056,0.951,1.00,1.00
2016.09.28 22:45:04.871,0.95056,0.95097,1.00,1.00
2016.09.28 22:45:04.947,0.95056,0.951,1.00,1.00
2016.09.28 22:45:05.639,0.95057,0.95099,1.00,1.00
2016.09.28 22:45:05.721,0.95057,0.95099,1.00,1.00
2016.09.28 22:45:08.327,0.95057,0.95099,1.00,1.00
2016.09.28 22:45:12.857,0.95056,0.951,1.12,1.00
2016.09.28 22:45:12.934,0.95056,0.951,1.12,1.00
2016.09.28 22:45:13.435,0.95056,0.951,1.12,1.00
2016.09.28 22:45:14.436,0.95057,0.95099,1.00,1.00
2016.09.28 22:45:16.659,0.95056,0.95098,1.00,1.00
2016.09.28 22:45:16.740,0.95053,0.95097,1.00,1.00
2016.09.28 22:45:16.841,0.95053,0.95097,1.00,1.00
2016.09.28 22:45:18.592,0.95053,0.95097,1.00,1.00
2016.09.28 22:45:18.743,0.95054,0.95096,1.00,1.00
2016.09.28 22:45:21.147,0.95053,0.95097,1.00,1.00
2016.09.28 22:45:21.344,0.95053,0.95097,1.00,1.50
2016.09.28 22:45:21.394,0.95053,0.95097,1.00,1.50
2016.09.28 22:45:22.048,0.95054,0.95096,1.00,1.00
2016.09.28 22:45:23.450,0.95053,0.95097,1.00,1.50
2016.09.28 22:45:23.851,0.95054,0.95096,1.00,1.00
2016.09.28 22:45:23.951,0.95053,0.95097,1.00,1.50
2016.09.28 22:45:25.854,0.95054,0.95096,1.00,1.00
2016.09.28 22:45:26.154,0.95053,0.95097,1.00,1.50
2016.09.28 22:45:26.254,0.95054,0.95096,1.00,1.00
2016.09.28 22:45:26.850,0.95054,0.95096,1.12,1.00
2016.09.28 22:45:26.901,0.95054,0.95096,1.00,1.00
2016.09.28 22:45:27.058,0.95053,0.95097,1.00,1.50
2016.09.28 22:45:27.950,0.95053,0.95097,1.00,1.00
2016.09.28 22:45:28.751,0.95053,0.95097,1.00,1.50
2016.09.28 22:45:28.852,0.95053,0.95097,1.00,1.00
2016.09.28 22:45:28.903,0.95054,0.95096,2.62,1.00
2016.09.28 22:45:29.004,0.95058,0.951,1.00,1.00
2016.09.28 22:45:29.058,0.95057,0.95101,1.37,1.00
2016.09.28 22:45:29.368,0.95057,0.95101,1.37,1.00
2016.09.28 22:45:29.419,0.95057,0.95101,1.37,1.00
2016.09.28 22:45:29.469,0.95065,0.95107,1.00,1.50
2016.09.28 22:45:29.570,0.95065,0.95107,1.00,1.00
2016.09.28 22:45:29.760,0.95067,0.9511,1.00,1.00
2016.09.28 22:45:29.810,0.95067,0.9511,1.00,1.00
2016.09.28 22:45:30.402,0.95067,0.95107,1.00,1.00
2016.09.28 22:45:31.154,0.95067,0.9511,1.00,1.00
2016.09.28 22:45:31.662,0.95066,0.95111,1.00,1.00
2016.09.28 22:45:32.264,0.95067,0.9511,1.00,1.00
2016.09.28 22:45:33.022,0.95067,0.9511,1.00,1.00
2016.09.28 22:45:33.072,0.95064,0.95108,1.12,1.00
2016.09.28 22:45:33.174,0.95064,0.95108,1.37,1.00
2016.09.28 22:45:33.402,0.95064,0.95108,1.37,1.00
2016.09.28 22:45:33.476,0.95064,0.95108,1.37,1.00
2016.09.28 22:45:33.577,0.95064,0.95108,1.37,1.00
2016.09.28 22:45:33.967,0.95064,0.95108,1.37,1.00
2016.09.28 22:45:34.068,0.95065,0.95107,1.37,1.00
2016.09.28 22:45:34.984,0.95064,0.95108,1.37,1.00
2016.09.28 22:45:35.212,0.95068,0.9511,1.00,1.00
2016.09.28 22:45:35.327,0.95068,0.9511,1.00,1.00
2016.09.28 22:45:35.429,0.95068,0.9511,1.00,1.00
2016.09.28 22:45:35.480,0.95068,0.9511,1.00,1.00
2016.09.28 22:45:35.629,0.95068,0.9511,1.00,1.00
2016.09.28 22:45:35.829,0.95068,0.9511,1.00,1.00
2016.09.28 22:45:36.197,0.95064,0.95108,1.37,1.00
2016.09.28 22:45:38.085,0.95064,0.95108,1.37,1.00
2016.09.28 22:45:38.273,0.95067,0.95111,1.00,1.00
2016.09.28 22:45:38.474,0.95065,0.95107,1.37,1.00
2016.09.28 22:45:38.525,0.95065,0.95107,1.37,1.00
2016.09.28 22:45:41.236,0.95065,0.95107,1.37,1.00
2016.09.28 22:45:41.387,0.95068,0.9511,1.00,1.00
2016.09.28 22:45:41.438,0.95068,0.9511,1.00,1.00
2016.09.28 22:45:44.867,0.95068,0.95108,1.00,1.00
2016.09.28 22:45:44.968,0.95068,0.9511,1.00,1.00
2016.09.28 22:45:45.191,0.95067,0.95111,1.00,1.00
2016.09.28 22:45:49.494,0.95068,0.9511,1.12,1.00
2016.09.28 22:45:49.694,0.95068,0.9511,1.00,1.00
2016.09.28 22:45:49.795,0.95067,0.95111,1.12,1.00
2016.09.28 22:45:50.008,0.95068,0.9511,1.00,1.00
2016.09.28 22:45:50.322,0.95068,0.9511,1.00,1.00
2016.09.28 22:45:50.428,0.95065,0.95107,1.00,1.00
2016.09.28 22:45:50.505,0.95065,0.95107,1.00,1.00
2016.09.28 22:45:50.572,0.95065,0.95107,1.00,1.50
2016.09.28 22:45:51.508,0.95065,0.95107,1.00,1.00
2016.09.28 22:45:51.698,0.95064,0.95108,1.00,1.00
2016.09.28 22:45:51.984,0.95064,0.95108,1.00,1.50
2016.09.28 22:45:52.301,0.95065,0.95107,1.00,1.00
2016.09.28 22:45:53.100,0.95064,0.95108,1.00,1.50
2016.09.28 22:45:53.311,0.95065,0.95107,1.00,1.00
2016.09.28 22:45:53.875,0.95066,0.95111,1.00,1.12
2016.09.28 22:45:54.001,0.95066,0.95111,1.00,1.00
2016.09.28 22:45:54.631,0.95067,0.9511,1.00,1.12
2016.09.28 22:45:55.011,0.95064,0.95108,1.00,1.00
2016.09.28 22:45:55.062,0.95064,0.95108,1.00,1.00
2016.09.28 22:45:55.504,0.95065,0.95107,1.00,1.00
2016.09.28 22:45:55.756,0.95065,0.95107,1.00,1.00
2016.09.28 22:45:55.953,0.95064,0.95108,1.00,1.00
2016.09.28 22:45:56.056,0.95072,0.95106,1.00,1.00
2016.09.28 22:45:58.360,0.95074,0.95108,1.00,1.00
2016.09.28 22:45:58.420,0.95074,0.95108,1.00,1.00
2016.09.28 22:45:59.562,0.95073,0.95107,1.00,1.00
2016.09.28 22:45:59.658,0.95073,0.95107,1.00,1.00
2016.09.28 22:46:00.061,0.95073,0.95107,1.00,1.00
2016.09.28 22:46:01.164,0.95074,0.95108,1.00,1.00
2016.09.28 22:46:01.565,0.95071,0.95108,1.00,1.00
2016.09.28 22:46:01.626,0.95071,0.95108,1.00,1.00
2016.09.28 22:46:01.713,0.95071,0.95108,1.00,1.50
2016.09.28 22:46:01.764,0.95071,0.95108,1.00,1.50
2016.09.28 22:46:01.815,0.95071,0.95107,1.00,1.00
2016.09.28 22:46:01.916,0.95071,0.95108,1.00,1.50
2016.09.28 22:46:02.014,0.95071,0.95107,1.00,1.00
2016.09.28 22:46:02.165,0.95071,0.95107,1.00,1.00
2016.09.28 22:46:02.417,0.95073,0.95107,1.00,1.50
2016.09.28 22:46:02.917,0.95072,0.95107,1.00,1.00
2016.09.28 22:46:05.119,0.95072,0.95108,1.00,1.00
2016.09.28 22:46:05.257,0.95072,0.95108,1.00,1.00
2016.09.28 22:46:05.357,0.95072,0.95107,1.00,1.50
2016.09.28 22:46:05.619,0.95072,0.95107,1.00,1.00
2016.09.28 22:46:06.020,0.95072,0.95107,1.00,1.50
2016.09.28 22:46:06.334,0.95072,0.95107,1.00,1.00
2016.09.28 22:46:08.540,0.95072,0.95107,1.00,1.50
2016.09.28 22:46:09.337,0.95072,0.95107,1.00,1.00
2016.09.28 22:46:09.926,0.95071,0.95107,1.00,1.50
2016.09.28 22:46:11.814,0.95071,0.95107,1.00,1.00
2016.09.28 22:46:12.993,0.95071,0.95107,1.00,1.50
2016.09.28 22:46:13.231,0.95071,0.95107,1.00,1.00
2016.09.28 22:46:13.444,0.95072,0.95104,1.00,1.00
2016.09.28 22:46:13.494,0.95072,0.95104,1.00,1.00
2016.09.28 22:46:13.545,0.95071,0.95102,1.00,1.00
2016.09.28 22:46:13.646,0.95068,0.951,1.00,1.00
2016.09.28 22:46:14.062,0.95067,0.95098,1.00,1.00
2016.09.28 22:46:14.113,0.95067,0.95097,1.00,1.00
2016.09.28 22:46:14.163,0.95064,0.95097,1.00,1.50
2016.09.28 22:46:14.264,0.95062,0.95095,1.00,1.00
2016.09.28 22:46:16.853,0.9506,0.95096,1.00,1.00
2016.09.28 22:46:17.137,0.9506,0.95097,1.00,1.50
2016.09.28 22:46:17.954,0.95062,0.95095,1.00,1.00
2016.09.28 22:46:18.837,0.95063,0.95097,1.00,1.50
2016.09.28 22:46:18.938,0.95063,0.95097,1.00,1.00
2016.09.28 22:46:19.035,0.95061,0.95098,1.00,1.00
2016.09.28 22:46:19.776,0.95064,0.95097,1.00,1.00
2016.09.28 22:46:19.937,0.95061,0.95098,1.00,1.00
2016.09.28 22:46:20.158,0.95059,0.95096,1.00,1.00
2016.09.28 22:46:20.517,0.95062,0.95096,1.00,1.00
2016.09.28 22:46:21.047,0.95061,0.95097,1.00,1.00
2016.09.28 22:46:21.539,0.95064,0.95096,1.00,1.00
2016.09.28 22:46:21.639,0.95062,0.95096,1.00,1.00
2016.09.28 22:46:24.350,0.95063,0.95096,1.00,1.00
2016.09.28 22:46:24.855,0.95063,0.95097,1.00,1.00
2016.09.28 22:46:25.348,0.95061,0.95095,1.00,1.00
2016.09.28 22:46:26.356,0.95064,0.95096,1.00,1.00
2016.09.28 22:46:26.883,0.9506,0.95096,1.00,1.00
2016.09.28 22:46:27.551,0.95064,0.95096,1.00,1.00
2016.09.28 22:46:27.752,0.95062,0.95097,1.00,1.00
2016.09.28 22:46:28.553,0.95063,0.95097,1.00,1.00
2016.09.28 22:46:29.365,0.9506,0.95096,1.00,1.00
2016.09.28 22:46:29.756,0.95063,0.95097,1.00,1.00
2016.09.28 22:46:30.058,0.95061,0.95095,1.00,1.00
2016.09.28 22:46:30.469,0.95064,0.95096,1.00,1.00
2016.09.28 22:46:30.661,0.95062,0.95097,1.00,1.00
2016.09.28 22:46:31.262,0.95064,0.95096,1.00,1.00
2016.09.28 22:46:31.662,0.95061,0.95095,1.00,1.00
2016.09.28 22:46:31.865,0.9506,0.95093,1.00,1.00
2016.09.28 22:46:32.016,0.95059,0.95092,1.00,1.00
2016.09.28 22:46:32.118,0.95059,0.95092,1.00,1.00
2016.09.28 22:46:32.276,0.95059,0.95094,1.00,1.00
2016.09.28 22:46:35.614,0.95059,0.95092,1.00,1.00
2016.09.28 22:46:37.320,0.9506,0.95095,1.00,1.00
2016.09.28 22:46:37.621,0.9506,0.95093,1.00,1.00
2016.09.28 22:46:37.863,0.9506,0.95095,1.00,1.00
2016.09.28 22:46:39.881,0.95059,0.95094,1.00,1.00
2016.09.28 22:46:40.482,0.95061,0.95095,1.00,1.00
2016.09.28 22:46:41.119,0.95059,0.95097,1.00,2.25
2016.09.28 22:46:41.851,0.95061,0.95096,1.00,1.00
2016.09.28 22:46:42.790,0.9506,0.95094,1.00,1.00
2016.09.28 22:46:44.397,0.9506,0.95097,1.00,2.25
2016.09.28 22:46:44.588,0.9506,0.95097,1.00,1.50
2016.09.28 22:46:44.638,0.95058,0.95095,1.00,1.00
2016.09.28 22:46:45.296,0.95059,0.95094,1.00,1.00
2016.09.28 22:46:45.997,0.95063,0.95095,1.00,1.00
2016.09.28 22:46:47.201,0.95059,0.95094,1.00,1.00
2016.09.28 22:46:47.902,0.95061,0.95096,1.00,1.50
2016.09.28 22:46:48.003,0.95061,0.95096,1.00,1.00
2016.09.28 22:46:48.311,0.95059,0.95094,1.00,1.00
2016.09.28 22:46:48.837,0.95061,0.95096,1.00,1.00
2016.09.28 22:46:49.241,0.95061,0.95096,1.00,1.50
2016.09.28 22:46:49.505,0.95061,0.95096,1.00,1.50
2016.09.28 22:46:49.613,0.95059,0.95094,1.00,1.00
2016.09.28 22:46:50.006,0.95062,0.95094,1.00,1.00
2016.09.28 22:46:50.305,0.95059,0.95096,1.00,1.50
2016.09.28 22:46:51.441,0.95059,0.95096,1.00,1.50
2016.09.28 22:46:51.641,0.95063,0.95096,1.00,1.00
2016.09.28 22:46:51.957,0.95061,0.95096,1.00,1.00
2016.09.28 22:46:52.343,0.95061,0.95096,1.00,1.00
2016.09.28 22:46:52.444,0.95058,0.95092,1.00,1.00
2016.09.28 22:46:52.545,0.95056,0.9509,1.00,1.00
2016.09.28 22:46:52.646,0.95059,0.95092,1.00,1.00
2016.09.28 22:46:52.744,0.95059,0.95092,1.00,1.00
2016.09.28 22:46:52.794,0.95059,0.95093,1.00,1.50
2016.09.28 22:46:52.946,0.95059,0.95093,1.00,1.00
2016.09.28 22:46:53.444,0.95059,0.95096,1.00,1.00
2016.09.28 22:46:53.945,0.95062,0.95096,1.00,1.00
2016.09.28 22:46:54.934,0.95059,0.95096,1.00,1.00
2016.09.28 22:46:55.935,0.95059,0.95093,1.00,1.00
2016.09.28 22:46:56.379,0.95062,0.95096,1.00,1.00
2016.09.28 22:46:59.754,0.95062,0.95093,1.00,1.00
2016.09.28 22:47:02.367,0.95059,0.95093,1.00,1.00
2016.09.28 22:47:02.555,0.95062,0.95093,1.00,1.00
2016.09.28 22:47:02.643,0.95062,0.95097,1.00,1.00
2016.09.28 22:47:02.748,0.95062,0.95093,1.00,1.00
2016.09.28 22:47:03.165,0.9506,0.95093,1.00,1.00
2016.09.28 22:47:03.548,0.95062,0.95093,1.00,1.00
2016.09.28 22:47:04.066,0.9506,0.95093,1.00,1.00
2016.09.28 22:47:04.947,0.95061,0.95093,1.00,1.00
2016.09.28 22:47:07.787,0.95062,0.95093,1.00,1.00
2016.09.28 22:47:07.848,0.95062,0.95096,1.00,1.00
2016.09.28 22:47:08.899,0.95063,0.95093,1.00,1.00
2016.09.28 22:47:09.025,0.95063,0.95097,1.00,1.00
2016.09.28 22:47:09.547,0.95064,0.95098,1.00,1.00
2016.09.28 22:47:09.598,0.95062,0.95098,1.00,1.50
2016.09.28 22:47:11.310,0.95063,0.95098,1.00,1.00
2016.09.28 22:47:11.571,0.95063,0.95097,1.00,1.50
2016.09.28 22:47:12.206,0.95062,0.95097,1.00,1.00
2016.09.28 22:47:13.806,0.95063,0.95097,1.00,1.50
2016.09.28 22:47:13.907,0.95062,0.95097,1.00,1.00
2016.09.28 22:47:14.095,0.95065,0.95097,1.00,1.00
2016.09.28 22:47:14.884,0.95064,0.95097,1.00,1.00
2016.09.28 22:47:15.616,0.95063,0.95097,1.00,1.00
2016.09.28 22:47:16.088,0.95063,0.95097,1.00,1.50
2016.09.28 22:47:16.589,0.95064,0.95097,1.00,1.00
2016.09.28 22:47:17.018,0.95064,0.95092,1.00,1.00
2016.09.28 22:47:18.059,0.95064,0.95098,1.00,1.50
2016.09.28 22:47:18.109,0.95065,0.95098,1.00,1.00
2016.09.28 22:47:18.793,0.95065,0.95097,1.00,1.00
2016.09.28 22:47:21.962,0.95065,0.95098,1.00,1.00
2016.09.28 22:47:23.432,0.95066,0.95098,1.00,1.00
2016.09.28 22:47:25.002,0.95065,0.95098,1.00,1.00
2016.09.28 22:47:28.206,0.95064,0.95098,1.00,1.50
2016.09.28 22:47:28.814,0.95066,0.95098,1.00,1.00
2016.09.28 22:47:29.358,0.95065,0.95097,1.00,1.00
2016.09.28 22:47:30.210,0.95064,0.95097,1.00,1.00
2016.09.28 22:47:33.114,0.95063,0.95097,1.00,1.00
2016.09.28 22:47:36.121,0.95067,0.95097,1.00,1.00
2016.09.28 22:47:36.718,0.95067,0.95098,1.00,1.00
2016.09.28 22:47:37.233,0.95067,0.95097,1.00,1.00
2016.09.28 22:47:38.978,0.95067,0.95098,1.00,1.00
2016.09.28 22:47:39.927,0.95065,0.95098,1.00,1.00
2016.09.28 22:47:41.783,0.95065,0.95097,1.00,1.00
2016.09.28 22:47:44.285,0.95065,0.95098,1.00,1.00
2016.09.28 22:47:44.786,0.95065,0.95097,1.00,1.00
2016.09.28 22:47:48.180,0.95068,0.95097,1.00,1.00
2016.09.28 22:47:54.972,0.95067,0.95097,1.00,1.00
2016.09.28 22:48:00.395,0.95066,0.95097,1.00,1.00
2016.09.28 22:48:01.914,0.95066,0.95098,1.00,1.00
2016.09.28 22:48:02.015,0.9507,0.95101,1.00,1.00
2016.09.28 22:48:02.326,0.95069,0.95098,1.00,1.00
2016.09.28 22:48:02.468,0.95067,0.95098,1.00,1.00
2016.09.28 22:48:02.985,0.95067,0.95097,1.00,1.00
2016.09.28 22:48:03.103,0.95067,0.95101,1.00,1.00
2016.09.28 22:48:03.326,0.95068,0.95103,1.00,1.50
2016.09.28 22:48:03.403,0.95068,0.95102,1.00,1.00
2016.09.28 22:48:03.604,0.95068,0.95103,1.00,1.50
2016.09.28 22:48:04.204,0.95068,0.95102,1.00,1.00
2016.09.28 22:48:05.775,0.95067,0.95102,1.00,1.50
2016.09.28 22:48:09.479,0.95069,0.95101,1.00,1.00
2016.09.28 22:48:12.210,0.95069,0.95102,1.00,1.00
2016.09.28 22:48:12.396,0.95076,0.95107,1.00,1.00
2016.09.28 22:48:12.447,0.95076,0.9511,1.00,1.00
2016.09.28 22:48:12.548,0.95076,0.95108,1.00,1.00
2016.09.28 22:48:12.985,0.95079,0.95108,1.00,1.00
2016.09.28 22:48:14.099,0.95077,0.95108,1.00,1.00
2016.09.28 22:48:14.788,0.95074,0.95108,1.00,1.00
2016.09.28 22:48:14.988,0.95078,0.95108,1.00,1.00
2016.09.28 22:48:15.095,0.95074,0.95108,1.00,1.00
2016.09.28 22:48:15.389,0.95077,0.95108,1.00,1.00
2016.09.28 22:48:15.799,0.95075,0.95107,1.00,1.00
2016.09.28 22:48:15.905,0.95077,0.95107,1.00,1.00
2016.09.28 22:48:15.990,0.95075,0.95107,1.00,1.00
2016.09.28 22:48:16.500,0.95074,0.95107,1.00,1.00
2016.09.28 22:48:16.591,0.95078,0.95107,1.00,1.00
2016.09.28 22:48:16.691,0.95075,0.95107,1.00,1.00
2016.09.28 22:48:16.891,0.95077,0.95107,1.00,1.00
2016.09.28 22:48:16.991,0.95075,0.95107,1.00,1.00
2016.09.28 22:48:17.693,0.95078,0.95107,1.00,1.00
2016.09.28 22:48:17.794,0.95075,0.95107,1.00,1.00
2016.09.28 22:48:18.003,0.95074,0.95107,1.50,1.00
2016.09.28 22:48:18.113,0.95076,0.95107,1.00,1.00
2016.09.28 22:48:21.599,0.95074,0.95107,1.00,1.00
2016.09.28 22:48:21.999,0.95076,0.95107,1.00,1.00
2016.09.28 22:48:22.756,0.95076,0.95108,1.00,1.00
2016.09.28 22:48:22.949,0.95073,0.95108,1.50,1.00
2016.09.28 22:48:25.145,0.95074,0.95108,1.00,1.00
2016.09.28 22:48:31.622,0.95077,0.95108,1.00,1.00
2016.09.28 22:48:31.723,0.95074,0.95108,1.00,1.00
2016.09.28 22:48:31.812,0.95076,0.95108,1.00,1.00
2016.09.28 22:48:32.273,0.95078,0.95108,1.00,1.00
2016.09.28 22:48:32.324,0.95073,0.95108,1.00,1.00
2016.09.28 22:48:32.454,0.95073,0.95108,1.00,1.00
2016.09.28 22:48:32.813,0.95072,0.95108,1.50,1.00
2016.09.28 22:48:33.314,0.95073,0.95108,1.00,1.00
2016.09.28 22:48:34.627,0.95072,0.95108,1.00,1.00
2016.09.28 22:48:35.518,0.95074,0.95108,1.00,1.00
2016.09.28 22:48:36.920,0.95072,0.95108,1.00,1.00
2016.09.28 22:48:39.062,0.95072,0.95107,1.00,1.00
2016.09.28 22:48:39.163,0.95074,0.95108,1.00,1.50
2016.09.28 22:48:39.224,0.95072,0.95108,1.00,1.00
2016.09.28 22:48:43.891,0.95072,0.95107,1.00,1.00
2016.09.28 22:48:44.622,0.95073,0.95108,1.00,1.00
2016.09.28 22:48:44.731,0.95075,0.95108,1.00,1.00
2016.09.28 22:48:45.269,0.95075,0.95107,1.00,1.00
2016.09.28 22:48:45.793,0.95074,0.95107,1.00,1.00
2016.09.28 22:48:46.734,0.95071,0.95107,1.00,1.00
2016.09.28 22:48:46.784,0.95071,0.95107,1.50,1.00
2016.09.28 22:48:46.976,0.95075,0.95108,1.00,1.00
2016.09.28 22:48:48.236,0.95076,0.95108,1.00,1.00
2016.09.28 22:48:48.850,0.95076,0.95107,1.00,1.00
2016.09.28 22:48:49.077,0.95077,0.95111,1.00,1.00
2016.09.28 22:48:49.178,0.95075,0.95111,1.00,1.00
2016.09.28 22:48:49.380,0.95075,0.95111,1.00,1.50
2016.09.28 22:48:49.535,0.95075,0.95111,1.00,1.00
2016.09.28 22:48:49.586,0.95075,0.95108,1.00,1.00
2016.09.28 22:48:49.852,0.95076,0.95112,1.00,1.00
2016.09.28 22:48:50.367,0.95076,0.95107,1.00,1.00
2016.09.28 22:48:50.465,0.95074,0.95107,1.00,1.00
2016.09.28 22:48:51.134,0.95073,0.95107,1.00,1.00
2016.09.28 22:48:51.442,0.95076,0.95107,1.00,1.00
2016.09.28 22:48:52.243,0.95074,0.95107,1.00,1.00
2016.09.28 22:48:54.646,0.95075,0.95107,1.00,1.00
2016.09.28 22:48:55.860,0.95077,0.95107,1.00,1.00
2016.09.28 22:48:57.275,0.95074,0.95107,1.00,1.00
2016.09.28 22:48:59.153,0.95072,0.95107,1.00,1.00
2016.09.28 22:48:59.452,0.95074,0.95107,1.00,1.00
2016.09.28 22:49:00.142,0.95073,0.95107,1.00,1.00
2016.09.28 22:49:00.654,0.95074,0.95107,1.00,1.00
2016.09.28 22:49:03.170,0.95073,0.95107,1.00,1.00
2016.09.28 22:49:05.127,0.95073,0.9511,1.00,1.00
2016.09.28 22:49:05.467,0.95075,0.95111,1.00,1.00
2016.09.28 22:49:05.568,0.95077,0.95112,1.00,1.50
2016.09.28 22:49:06.173,0.95075,0.95111,1.00,1.00
2016.09.28 22:49:07.166,0.95077,0.95112,1.00,1.50
2016.09.28 22:49:07.366,0.95075,0.95112,1.00,1.50
2016.09.28 22:49:08.268,0.95077,0.95112,1.00,1.50
2016.09.28 22:49:08.777,0.95075,0.95111,1.00,1.00
2016.09.28 22:49:09.045,0.95082,0.95113,1.00,1.00
2016.09.28 22:49:09.578,0.95082,0.95112,1.00,1.00
2016.09.28 22:49:09.771,0.95082,0.95114,1.00,1.00
2016.09.28 22:49:10.321,0.95082,0.95113,1.00,1.00
2016.09.28 22:49:14.882,0.9508,0.95113,1.00,1.00
2016.09.28 22:49:15.442,0.95079,0.95114,1.00,1.00
2016.09.28 22:49:16.077,0.9508,0.95114,1.00,1.00
2016.09.28 22:49:16.377,0.9508,0.95112,1.00,1.00
2016.09.28 22:49:21.682,0.9508,0.95114,1.00,1.00
2016.09.28 22:49:21.782,0.9508,0.95113,1.00,1.00
2016.09.28 22:49:22.817,0.95085,0.95113,1.00,1.00
2016.09.28 22:49:22.918,0.95085,0.95115,1.00,1.00
2016.09.28 22:49:24.089,0.95086,0.95113,1.00,1.00
2016.09.28 22:49:25.140,0.95085,0.95112,1.00,1.00
2016.09.28 22:49:32.901,0.95086,0.95113,1.00,1.00
2016.09.28 22:49:33.903,0.95087,0.95113,1.00,1.00
2016.09.28 22:49:38.337,0.95086,0.95112,1.00,1.00
2016.09.28 22:49:38.438,0.95086,0.95115,1.00,1.00
2016.09.28 22:49:39.746,0.95087,0.95115,1.00,1.00
2016.09.28 22:49:40.659,0.95088,0.95117,1.00,1.00
2016.09.28 22:49:41.243,0.9509,0.95117,1.00,1.00
2016.09.28 22:49:41.606,0.9509,0.95117,1.00,1.00
2016.09.28 22:49:41.806,0.9509,0.95117,1.00,1.50
2016.09.28 22:49:42.895,0.9508,0.95117,1.00,1.00
2016.09.28 22:49:45.711,0.9508,0.95122,1.00,1.50
2016.09.28 22:49:45.811,0.9508,0.95117,1.00,1.00
2016.09.28 22:49:46.612,0.9508,0.95122,1.00,1.00
2016.09.28 22:49:46.713,0.9508,0.95122,1.00,1.50
2016.09.28 22:49:48.348,0.95079,0.95122,1.00,1.00
2016.09.28 22:49:48.915,0.95079,0.95117,1.00,1.00
2016.09.28 22:49:49.618,0.9508,0.95117,1.00,1.00
2016.09.28 22:49:54.463,0.95079,0.95117,1.00,1.00
2016.09.28 22:49:55.459,0.95079,0.95118,1.00,1.00
2016.09.28 22:49:55.571,0.95079,0.95123,1.00,2.25
2016.09.28 22:49:55.621,0.95079,0.95122,1.00,1.00
2016.09.28 22:49:55.672,0.9508,0.95122,1.00,1.50
2016.09.28 22:49:55.829,0.9508,0.95117,1.00,1.00
2016.09.28 22:49:56.089,0.95076,0.95117,1.00,1.00
2016.09.28 22:49:56.275,0.95077,0.95117,1.00,1.12
2016.09.28 22:49:56.523,0.95077,0.95119,1.00,2.62
2016.09.28 22:49:56.624,0.95077,0.95117,1.00,1.12
2016.09.28 22:49:57.824,0.95077,0.95112,1.00,1.00
2016.09.28 22:49:59.025,0.95077,0.95117,1.00,1.12
2016.09.28 22:49:59.349,0.95077,0.95112,1.00,1.00
2016.09.28 22:49:59.459,0.95076,0.95112,1.00,1.00
2016.09.28 22:50:00.247,0.95076,0.95117,1.00,1.12
2016.09.28 22:50:00.570,0.95076,0.95113,1.00,1.12
2016.09.28 22:50:00.672,0.95069,0.95113,1.00,1.87
2016.09.28 22:50:00.773,0.95069,0.95113,1.12,1.50
2016.09.28 22:50:00.874,0.95072,0.95113,1.00,1.00
2016.09.28 22:50:01.154,0.95072,0.95116,1.00,1.00
2016.09.28 22:50:01.205,0.95072,0.95116,1.37,1.00
2016.09.28 22:50:01.256,0.95073,0.95116,1.12,1.00
2016.09.28 22:50:01.307,0.95077,0.95119,1.00,1.00
2016.09.28 22:50:01.656,0.95077,0.95117,1.00,1.00
2016.09.28 22:50:02.185,0.95077,0.95118,1.00,1.00
2016.09.28 22:50:02.238,0.95077,0.95119,1.00,1.00
2016.09.28 22:50:02.301,0.95081,0.95119,1.00,1.00
2016.09.28 22:50:02.408,0.95077,0.95119,1.37,1.00
2016.09.28 22:50:02.459,0.95076,0.9512,1.12,1.00
2016.09.28 22:50:03.067,0.95076,0.95118,1.12,1.00
2016.09.28 22:50:03.713,0.95076,0.95117,1.12,1.00
2016.09.28 22:50:04.460,0.95076,0.9512,1.12,1.00
2016.09.28 22:50:04.511,0.95081,0.95122,1.00,1.00
2016.09.28 22:50:04.612,0.9508,0.95124,1.12,1.00
2016.09.28 22:50:04.719,0.95081,0.95123,1.37,1.00
2016.09.28 22:50:04.883,0.95081,0.95123,2.62,1.00
2016.09.28 22:50:04.935,0.95087,0.95128,1.87,1.00
2016.09.28 22:50:05.057,0.9509,0.95132,1.00,1.00
2016.09.28 22:50:05.139,0.9509,0.95132,1.00,1.50
2016.09.28 22:50:05.813,0.95089,0.95132,1.00,1.00
2016.09.28 22:50:06.666,0.95089,0.95133,1.00,1.50
2016.09.28 22:50:06.716,0.95089,0.95133,1.00,1.50
2016.09.28 22:50:07.215,0.95089,0.95133,1.00,1.50
2016.09.28 22:50:08.244,0.95089,0.95132,1.00,1.00
2016.09.28 22:50:09.249,0.95089,0.95133,1.00,1.50
2016.09.28 22:50:09.469,0.95086,0.9513,1.12,1.00
2016.09.28 22:50:11.147,0.95086,0.9513,1.12,1.00
2016.09.28 22:50:11.331,0.95087,0.95129,1.00,1.00
2016.09.28 22:50:14.335,0.95086,0.9513,1.12,1.00
2016.09.28 22:50:15.731,0.95086,0.9513,1.00,1.00
2016.09.28 22:50:15.832,0.95087,0.95129,1.12,1.00
2016.09.28 22:50:16.855,0.95089,0.95133,1.00,1.50
2016.09.28 22:50:16.933,0.9509,0.95132,1.00,1.00
2016.09.28 22:50:17.034,0.95089,0.95133,1.00,1.50
2016.09.28 22:50:17.135,0.95085,0.95129,1.00,1.00
2016.09.28 22:50:17.290,0.95085,0.95129,1.00,1.00
2016.09.28 22:50:17.442,0.95083,0.95125,1.00,1.00
2016.09.28 22:50:18.335,0.95082,0.95126,1.00,1.00
2016.09.28 22:50:18.555,0.95083,0.95125,1.37,1.00
2016.09.28 22:50:22.147,0.95082,0.95126,1.12,1.00
2016.09.28 22:50:22.318,0.95083,0.95125,1.37,1.00
2016.09.28 22:50:22.369,0.95082,0.95126,1.12,1.00
2016.09.28 22:50:27.351,0.95082,0.95126,1.37,1.00
2016.09.28 22:50:28.151,0.95083,0.95125,1.12,1.00
2016.09.28 22:50:28.355,0.95083,0.95125,1.00,1.00
2016.09.28 22:50:28.455,0.95083,0.95125,1.37,1.00
2016.09.28 22:50:30.270,0.95086,0.95128,1.00,1.50
2016.09.28 22:50:30.371,0.95086,0.95128,1.00,2.62
2016.09.28 22:50:30.472,0.95079,0.95121,1.00,1.00
2016.09.28 22:50:30.635,0.95076,0.95118,1.00,1.00
2016.09.28 22:50:30.685,0.95076,0.95118,1.00,1.00
2016.09.28 22:50:33.272,0.95072,0.95114,2.62,1.00
2016.09.28 22:50:33.367,0.95072,0.95114,2.62,1.00
2016.09.28 22:50:33.462,0.95073,0.95114,1.87,1.00
2016.09.28 22:50:34.263,0.95072,0.95114,2.62,1.00
2016.09.28 22:50:34.314,0.95072,0.95114,2.62,1.00
2016.09.28 22:50:34.591,0.95072,0.95114,1.37,1.00
2016.09.28 22:50:34.765,0.95071,0.95115,2.62,1.00
2016.09.28 22:50:38.672,0.95072,0.95114,1.37,1.00
2016.09.28 22:50:41.910,0.95072,0.95114,1.37,1.00
2016.09.28 22:50:41.977,0.95071,0.95115,1.00,1.00
2016.09.28 22:50:42.029,0.95071,0.95115,1.00,1.00
2016.09.28 22:50:42.079,0.95072,0.95114,1.12,1.00
2016.09.28 22:50:42.180,0.95069,0.95111,1.87,1.00
2016.09.28 22:50:42.231,0.95069,0.95111,1.87,1.00
2016.09.28 22:50:42.281,0.95067,0.95111,2.62,1.00
2016.09.28 22:50:42.391,0.95068,0.95111,1.37,1.00
2016.09.28 22:50:42.478,0.95071,0.95113,1.00,1.00
2016.09.28 22:50:43.081,0.9507,0.95114,1.12,1.00
2016.09.28 22:50:46.621,0.95068,0.9511,2.62,1.00
2016.09.28 22:50:46.685,0.95068,0.9511,1.37,1.00
2016.09.28 22:50:46.786,0.95068,0.9511,2.62,1.00
2016.09.28 22:50:46.998,0.95067,0.95111,2.62,1.00
2016.09.28 22:50:47.386,0.95071,0.95113,1.12,1.00
2016.09.28 22:50:47.437,0.95071,0.95113,1.12,1.00
2016.09.28 22:50:47.538,0.95071,0.95113,1.12,1.00
2016.09.28 22:50:47.589,0.95071,0.95113,1.00,1.00
2016.09.28 22:50:47.639,0.95071,0.95113,1.00,1.00
2016.09.28 22:50:47.690,0.95068,0.9511,2.62,1.00
2016.09.28 22:50:47.740,0.95068,0.9511,2.62,1.00
2016.09.28 22:50:47.791,0.95067,0.95111,1.37,1.00
2016.09.28 22:50:48.198,0.95067,0.95111,1.12,1.00
2016.09.28 22:50:48.398,0.95067,0.95111,1.12,1.00
2016.09.28 22:50:48.597,0.95067,0.95111,2.62,1.00
2016.09.28 22:50:48.647,0.95067,0.95111,2.62,1.00
2016.09.28 22:50:48.698,0.95068,0.9511,1.12,1.00
2016.09.28 22:50:48.748,0.95068,0.9511,1.12,1.00
2016.09.28 22:50:48.799,0.95068,0.9511,1.12,1.00
2016.09.28 22:50:49.022,0.95068,0.9511,1.12,1.00
2016.09.28 22:50:49.592,0.95068,0.9511,1.12,1.00
2016.09.28 22:50:49.643,0.95068,0.9511,1.12,1.00
2016.09.28 22:50:50.100,0.95068,0.9511,1.12,1.00
2016.09.28 22:50:50.201,0.95067,0.95111,1.00,1.00
2016.09.28 22:50:50.339,0.95068,0.9511,1.00,1.00
2016.09.28 22:50:50.678,0.95064,0.95108,2.62,1.00
2016.09.28 22:50:50.736,0.95064,0.95108,2.62,1.00
2016.09.28 22:50:51.302,0.95064,0.95108,2.62,1.00
2016.09.28 22:50:52.405,0.95064,0.95108,2.62,1.00
2016.09.28 22:50:52.506,0.95064,0.95108,2.62,1.00
2016.09.28 22:50:52.645,0.95064,0.95108,2.62,1.00
2016.09.28 22:50:52.705,0.95064,0.95108,2.62,1.00
2016.09.28 22:50:53.406,0.95064,0.95108,2.62,1.00
2016.09.28 22:50:53.596,0.95066,0.95107,1.87,1.00
2016.09.28 22:50:53.807,0.95069,0.95111,1.00,1.00
2016.09.28 22:50:53.997,0.95066,0.95108,1.12,1.00
2016.09.28 22:50:54.356,0.95066,0.95108,1.12,1.00
2016.09.28 22:50:54.406,0.95066,0.95108,2.62,1.00
2016.09.28 22:50:54.518,0.95069,0.95113,1.12,1.00
2016.09.28 22:50:55.009,0.95069,0.95113,1.12,1.00
2016.09.28 22:50:55.119,0.95073,0.95115,1.00,1.00
2016.09.28 22:50:55.198,0.9507,0.95112,2.62,1.00
2016.09.28 22:50:55.330,0.9507,0.95113,1.87,1.00
2016.09.28 22:50:55.431,0.95074,0.95116,1.00,1.00
2016.09.28 22:50:55.623,0.95071,0.95112,1.87,1.00
2016.09.28 22:50:55.703,0.9507,0.95112,1.37,1.00
2016.09.28 22:50:55.754,0.9507,0.95112,1.37,1.00
2016.09.28 22:50:56.148,0.9507,0.95113,1.87,1.00
2016.09.28 22:50:56.201,0.95069,0.95113,1.37,1.00
2016.09.28 22:50:56.251,0.95069,0.95113,1.37,1.00
2016.09.28 22:50:56.302,0.95069,0.95113,1.12,1.00
2016.09.28 22:50:56.402,0.9507,0.95112,1.37,1.00
2016.09.28 22:50:56.513,0.9507,0.95112,1.37,1.00
2016.09.28 22:50:56.615,0.95069,0.95113,1.12,1.00
2016.09.28 22:50:56.702,0.9507,0.95112,1.00,1.00
2016.09.28 22:50:56.912,0.9507,0.95112,1.00,1.00
2016.09.28 22:50:57.014,0.95079,0.95107,1.00,1.00
2016.09.28 22:50:57.517,0.95082,0.9511,1.00,1.00
2016.09.28 22:50:57.719,0.9508,0.9511,1.00,1.00
2016.09.28 22:50:57.971,0.95082,0.95111,1.00,1.00
2016.09.28 22:50:58.713,0.95082,0.9511,1.00,1.00
2016.09.28 22:50:58.814,0.95078,0.9511,1.00,1.00
2016.09.28 22:50:58.915,0.95082,0.9511,1.00,1.00
2016.09.28 22:50:59.016,0.95078,0.9511,1.00,1.00
2016.09.28 22:50:59.117,0.95082,0.9511,1.00,1.00
2016.09.28 22:50:59.173,0.95079,0.9511,1.00,1.00
2016.09.28 22:50:59.774,0.95081,0.95111,1.00,1.00
2016.09.28 22:51:00.103,0.95079,0.95109,1.00,1.00
2016.09.28 22:51:01.880,0.9508,0.95111,1.00,1.00
2016.09.28 22:51:01.981,0.95078,0.95109,1.00,1.00
2016.09.28 22:51:02.326,0.95079,0.95112,1.00,1.00
2016.09.28 22:51:02.427,0.95081,0.95114,1.00,1.50
2016.09.28 22:51:02.528,0.95081,0.95114,1.00,1.00
2016.09.28 22:51:02.629,0.95078,0.95113,1.00,1.50
2016.09.28 22:51:02.730,0.95081,0.95113,1.00,1.00
2016.09.28 22:51:03.113,0.95084,0.95114,1.00,1.00
2016.09.28 22:51:03.221,0.95081,0.95112,1.00,1.00
2016.09.28 22:51:03.271,0.95081,0.95112,1.00,1.00
2016.09.28 22:51:03.372,0.95081,0.95112,1.00,1.00
2016.09.28 22:51:03.962,0.95081,0.95111,1.00,1.00
2016.09.28 22:51:04.083,0.95083,0.95113,1.00,1.00
2016.09.28 22:51:04.134,0.95083,0.95113,1.00,1.00
2016.09.28 22:51:04.324,0.9508,0.95112,1.00,1.00
2016.09.28 22:51:04.374,0.9508,0.95112,1.00,1.00
2016.09.28 22:51:05.218,0.95083,0.95113,1.00,1.00
2016.09.28 22:51:05.280,0.95083,0.95113,1.00,1.00
2016.09.28 22:51:05.623,0.95083,0.95115,1.00,1.00
2016.09.28 22:51:05.728,0.95082,0.95113,1.00,1.50
2016.09.28 22:51:05.779,0.95082,0.95113,1.00,1.00
2016.09.28 22:51:05.981,0.95082,0.95113,1.00,1.00
2016.09.28 22:51:06.032,0.95079,0.95112,1.00,1.00
2016.09.28 22:51:06.083,0.95079,0.95112,1.00,1.00
2016.09.28 22:51:06.274,0.95079,0.95112,1.00,1.00
2016.09.28 22:51:06.324,0.95076,0.95109,1.00,1.00
2016.09.28 22:51:06.426,0.95074,0.95107,1.00,1.00
2016.09.28 22:51:06.935,0.95074,0.95107,1.00,1.00
2016.09.28 22:51:07.692,0.95076,0.9511,1.00,1.50
2016.09.28 22:51:07.993,0.95074,0.95107,1.00,1.00
2016.09.28 22:51:08.143,0.95074,0.95107,1.00,1.50
2016.09.28 22:51:08.244,0.95073,0.95107,1.00,1.00
2016.09.28 22:51:08.771,0.95073,0.95106,1.00,1.00
2016.09.28 22:51:08.840,0.95073,0.95106,1.00,1.00
2016.09.28 22:51:09.021,0.95073,0.95104,1.00,1.00
2016.09.28 22:51:10.042,0.95075,0.95106,1.00,1.50
2016.09.28 22:51:10.221,0.95073,0.95103,1.00,1.00
2016.09.28 22:51:11.199,0.95074,0.95105,1.00,1.00
2016.09.28 22:51:11.426,0.95072,0.95104,1.00,1.00
2016.09.28 22:51:11.700,0.95075,0.95103,1.00,1.00
2016.09.28 22:51:11.901,0.95073,0.95102,1.00,1.00
2016.09.28 22:51:12.201,0.95075,0.95103,1.00,1.00
2016.09.28 22:51:12.428,0.95073,0.95103,1.00,1.00
2016.09.28 22:51:12.529,0.95075,0.95103,1.00,1.00
2016.09.28 22:51:13.202,0.95073,0.95102,1.00,1.00
2016.09.28 22:51:13.303,0.95075,0.95103,1.00,1.00
2016.09.28 22:51:13.813,0.95072,0.95103,1.00,1.00
2016.09.28 22:51:14.731,0.95074,0.95102,1.00,1.00
2016.09.28 22:51:15.005,0.95072,0.95101,1.00,1.00
2016.09.28 22:51:15.433,0.95069,0.95101,1.00,1.00
2016.09.28 22:51:15.957,0.9507,0.95101,1.00,1.00
2016.09.28 22:51:16.007,0.95072,0.95102,1.00,1.00
2016.09.28 22:51:16.109,0.95069,0.95102,1.00,1.00
2016.09.28 22:51:17.156,0.95068,0.95101,1.00,1.00
2016.09.28 22:51:17.408,0.95071,0.951,1.00,1.00
2016.09.28 22:51:18.610,0.95073,0.95101,1.00,1.00
2016.09.28 22:51:19.137,0.95071,0.951,1.00,1.00
2016.09.28 22:51:19.812,0.95072,0.95102,1.00,1.00
2016.09.28 22:51:19.912,0.95071,0.951,1.00,1.00
2016.09.28 22:51:20.314,0.95072,0.95102,1.00,1.00
2016.09.28 22:51:20.513,0.95071,0.951,1.00,1.00
2016.09.28 22:51:20.914,0.95073,0.95103,1.00,1.00
2016.09.28 22:51:21.041,0.95071,0.951,1.00,1.00
2016.09.28 22:51:21.142,0.9507,0.95103,1.00,1.00
2016.09.28 22:51:21.243,0.95071,0.95105,1.00,1.00
2016.09.28 22:51:21.294,0.95071,0.95105,1.00,1.00
2016.09.28 22:51:21.513,0.95072,0.95107,1.00,1.00
2016.09.28 22:51:21.564,0.95073,0.95109,1.00,1.00
2016.09.28 22:51:22.317,0.95071,0.95109,1.00,1.00
2016.09.28 22:51:24.322,0.9507,0.95107,1.00,1.00
2016.09.28 22:51:24.971,0.95074,0.95108,1.00,1.00
2016.09.28 22:51:25.124,0.95071,0.95107,1.00,1.00
2016.09.28 22:51:25.642,0.95073,0.95108,1.00,1.00
2016.09.28 22:51:26.226,0.95072,0.95106,1.00,1.00
2016.09.28 22:51:26.950,0.95074,0.95107,1.00,1.00
2016.09.28 22:51:27.757,0.95073,0.95108,1.00,1.00
2016.09.28 22:51:28.140,0.95073,0.95106,1.00,1.00
2016.09.28 22:51:28.672,0.95074,0.95108,1.00,1.50
2016.09.28 22:51:28.898,0.95075,0.95108,1.00,1.00
2016.09.28 22:51:29.835,0.95074,0.95107,1.00,1.00
2016.09.28 22:51:30.838,0.95076,0.95109,1.00,1.00
2016.09.28 22:51:31.941,0.95075,0.95106,1.00,1.00
2016.09.28 22:51:32.332,0.95073,0.95105,1.00,1.00
2016.09.28 22:51:32.542,0.95076,0.95106,1.00,1.00
2016.09.28 22:51:33.343,0.95077,0.95108,1.00,1.00
2016.09.28 22:51:34.345,0.95078,0.95111,1.00,1.50
2016.09.28 22:51:34.395,0.95078,0.95111,1.00,1.00
2016.09.28 22:51:35.105,0.95078,0.95111,1.00,1.50
2016.09.28 22:51:35.221,0.95078,0.95111,1.00,1.00
2016.09.28 22:51:35.547,0.95078,0.95108,1.00,1.00
2016.09.28 22:51:35.779,0.95075,0.95106,1.00,1.00
2016.09.28 22:51:36.093,0.95076,0.95108,1.00,1.00
2016.09.28 22:51:37.155,0.95078,0.95111,1.00,1.00
2016.09.28 22:51:37.205,0.95078,0.95111,1.00,1.50
2016.09.28 22:51:38.767,0.95077,0.95111,1.00,1.50
2016.09.28 22:51:39.261,0.95076,0.95107,1.00,1.00
2016.09.28 22:51:39.970,0.95079,0.95105,1.00,1.00
2016.09.28 22:51:40.971,0.95078,0.95108,1.00,1.00
2016.09.28 22:51:41.022,0.95078,0.95108,1.00,1.00
2016.09.28 22:51:41.072,0.95081,0.95109,1.00,1.50
2016.09.28 22:51:41.123,0.95081,0.95108,1.00,1.00
2016.09.28 22:51:41.224,0.95081,0.95109,1.00,1.00
2016.09.28 22:51:42.675,0.95081,0.95108,1.00,1.00
2016.09.28 22:51:42.876,0.95079,0.95108,1.00,1.00
2016.09.28 22:51:48.690,0.95077,0.9511,1.00,1.50
2016.09.28 22:51:50.118,0.95077,0.9511,1.00,1.50
2016.09.28 22:51:50.172,0.95078,0.95108,1.00,1.00
2016.09.28 22:51:51.792,0.95077,0.95108,1.00,1.00
2016.09.28 22:51:54.983,0.95077,0.95109,1.00,1.00
2016.09.28 22:52:01.089,0.95078,0.95106,1.00,1.00
2016.09.28 22:52:01.190,0.95078,0.95109,1.00,1.00
2016.09.28 22:52:02.390,0.95077,0.95111,1.00,1.00
2016.09.28 22:52:02.492,0.95079,0.9511,1.00,1.00
2016.09.28 22:52:02.909,0.95084,0.9511,1.00,1.00
2016.09.28 22:52:04.141,0.95084,0.95115,1.00,1.50
2016.09.28 22:52:08.037,0.95085,0.95115,1.00,1.50
2016.09.28 22:52:10.373,0.95085,0.95115,1.00,1.00
2016.09.28 22:52:10.974,0.95087,0.95116,1.00,1.00
2016.09.28 22:52:12.124,0.95087,0.95115,1.00,1.00
2016.09.28 22:52:12.626,0.95087,0.95116,1.00,1.00
2016.09.28 22:52:18.720,0.95087,0.95113,1.00,1.00
2016.09.28 22:52:22.236,0.95086,0.95115,1.00,1.00
2016.09.28 22:52:22.941,0.95085,0.95115,1.00,1.00
2016.09.28 22:52:23.458,0.95085,0.95114,1.00,1.00
2016.09.28 22:52:29.370,0.9508,0.95111,1.00,1.00
2016.09.28 22:52:30.333,0.9508,0.9511,1.00,1.00
2016.09.28 22:52:33.267,0.95083,0.95112,1.00,1.00
2016.09.28 22:52:34.272,0.95084,0.95113,1.00,1.00
2016.09.28 22:52:34.786,0.95081,0.95112,1.00,1.00
2016.09.28 22:52:34.975,0.95076,0.95105,1.00,1.00
2016.09.28 22:52:36.043,0.95076,0.95108,1.00,1.00
2016.09.28 22:52:38.247,0.95075,0.95108,1.00,1.00
2016.09.28 22:52:40.050,0.95077,0.95107,1.00,1.00
2016.09.28 22:52:41.052,0.95075,0.95108,1.00,1.00
2016.09.28 22:52:47.561,0.95076,0.95106,1.00,1.00
2016.09.28 22:52:48.128,0.95075,0.95106,1.00,1.00
2016.09.28 22:52:48.780,0.95074,0.95106,1.00,1.00
2016.09.28 22:52:50.507,0.95074,0.95106,1.00,1.50
2016.09.28 22:52:50.557,0.95074,0.95106,1.00,1.50
2016.09.28 22:52:50.608,0.95072,0.95104,1.00,1.00
2016.09.28 22:52:51.413,0.95072,0.95102,1.00,1.00
2016.09.28 22:52:51.464,0.95072,0.95102,1.00,1.00
2016.09.28 22:52:51.645,0.95068,0.95102,1.00,1.50
2016.09.28 22:52:52.973,0.95068,0.95102,1.00,1.00
2016.09.28 22:52:53.397,0.95068,0.95102,1.00,1.50
2016.09.28 22:52:53.499,0.95058,0.95093,1.00,1.00
2016.09.28 22:52:53.549,0.95058,0.95093,1.00,1.00
2016.09.28 22:52:53.600,0.95057,0.95091,1.00,1.50
2016.09.28 22:52:53.650,0.95057,0.95091,1.00,1.50
2016.09.28 22:52:54.519,0.95058,0.9509,1.00,1.00
2016.09.28 22:52:54.570,0.95058,0.9509,1.00,1.00
2016.09.28 22:52:55.580,0.9506,0.9509,1.00,1.00
2016.09.28 22:53:03.798,0.95061,0.9509,1.00,1.00
2016.09.28 22:53:10.104,0.9506,0.9509,1.00,1.00
2016.09.28 22:53:13.438,0.9506,0.95092,1.00,1.00
2016.09.28 22:53:18.317,0.9506,0.95093,1.00,1.50
2016.09.28 22:53:19.524,0.95059,0.95092,1.00,1.00
2016.09.28 22:53:19.574,0.95059,0.95092,1.00,1.50
2016.09.28 22:53:19.646,0.95059,0.95092,1.00,1.00
2016.09.28 22:53:20.538,0.95062,0.95093,1.00,1.00
2016.09.28 22:53:20.588,0.95062,0.95098,1.00,1.00
2016.09.28 22:53:20.698,0.95062,0.95097,1.00,1.00
2016.09.28 22:53:21.453,0.95062,0.95098,1.00,1.00
2016.09.28 22:53:22.950,0.95062,0.95097,1.00,1.00
2016.09.28 22:53:23.183,0.95062,0.95097,1.00,1.00
2016.09.28 22:53:24.870,0.95064,0.95097,1.00,1.00
2016.09.28 22:53:25.625,0.95063,0.95097,1.00,1.50
2016.09.28 22:53:28.222,0.95063,0.95097,1.00,1.50
2016.09.28 22:53:28.272,0.95063,0.95098,1.00,1.00
2016.09.28 22:53:28.735,0.95065,0.95097,1.00,1.00
2016.09.28 22:53:33.016,0.95065,0.95097,1.00,1.00
2016.09.28 22:53:33.348,0.95067,0.95097,1.00,1.00
2016.09.28 22:53:34.168,0.95064,0.95098,1.00,1.50
2016.09.28 22:53:34.237,0.9506,0.95093,1.00,1.00
2016.09.28 22:53:34.568,0.95061,0.95089,1.00,1.00
2016.09.28 22:53:36.385,0.9506,0.95088,1.00,1.00
2016.09.28 22:53:36.487,0.95058,0.95087,1.00,1.00
2016.09.28 22:53:37.172,0.95066,0.95091,1.00,1.00
2016.09.28 22:53:37.273,0.95067,0.95097,1.00,1.00
2016.09.28 22:53:37.324,0.95067,0.95097,1.00,1.00
2016.09.28 22:53:37.499,0.95072,0.95103,1.00,1.00
2016.09.28 22:53:37.550,0.95072,0.95103,1.00,1.00
2016.09.28 22:53:37.767,0.95069,0.95101,1.00,1.00
2016.09.28 22:53:37.817,0.95069,0.95101,1.00,1.50
2016.09.28 22:53:38.019,0.95069,0.95101,1.00,1.00
2016.09.28 22:53:38.185,0.95069,0.95098,1.00,1.00
2016.09.28 22:53:38.642,0.95067,0.95097,1.00,1.00
2016.09.28 22:53:38.743,0.95065,0.95097,1.00,1.00
2016.09.28 22:53:41.446,0.95068,0.95097,1.00,1.00
2016.09.28 22:53:41.746,0.9507,0.95099,1.00,1.50
2016.09.28 22:53:41.847,0.9507,0.95099,1.00,1.50
2016.09.28 22:53:41.898,0.9507,0.95099,1.00,1.00
2016.09.28 22:53:42.171,0.95069,0.95101,1.00,1.50
2016.09.28 22:53:42.322,0.95069,0.95101,1.00,1.00
2016.09.28 22:53:42.748,0.9507,0.95104,1.00,1.00
2016.09.28 22:53:43.432,0.9507,0.95104,1.00,1.00
2016.09.28 22:53:43.483,0.95069,0.95103,1.00,1.00
2016.09.28 22:53:48.855,0.9507,0.95101,1.00,1.00
2016.09.28 22:53:50.474,0.95069,0.951,1.00,1.00
2016.09.28 22:53:55.771,0.9507,0.95101,1.00,1.00
2016.09.28 22:53:59.106,0.95072,0.95101,1.00,1.00
2016.09.28 22:54:00.293,0.95069,0.95097,1.00,1.00
2016.09.28 22:54:00.608,0.95069,0.95095,1.00,1.00
2016.09.28 22:54:02.297,0.95069,0.95096,1.00,1.00
2016.09.28 22:54:02.398,0.95069,0.95102,1.00,1.50
2016.09.28 22:54:02.449,0.95069,0.95102,1.00,1.00
2016.09.28 22:54:02.549,0.95071,0.95102,1.00,1.00
2016.09.28 22:54:02.885,0.95073,0.95103,1.00,1.00
2016.09.28 22:54:02.936,0.95074,0.95107,1.00,1.50
2016.09.28 22:54:03.757,0.95072,0.95107,1.00,1.50
2016.09.28 22:54:04.716,0.95064,0.95098,1.00,1.00
2016.09.28 22:54:04.969,0.95063,0.95099,1.00,1.00
2016.09.28 22:54:05.356,0.95063,0.95099,1.00,1.00
2016.09.28 22:54:05.938,0.95064,0.951,1.00,1.00
2016.09.28 22:54:10.222,0.95065,0.951,1.00,1.00
2016.09.28 22:54:10.702,0.95064,0.95102,1.00,1.50
2016.09.28 22:54:14.323,0.95063,0.95098,1.00,1.00
2016.09.28 22:54:14.424,0.95061,0.95098,1.00,1.00
2016.09.28 22:54:14.626,0.95062,0.95096,1.00,1.00
2016.09.28 22:54:14.942,0.95064,0.951,1.00,1.00
2016.09.28 22:54:14.993,0.95064,0.951,1.00,1.00
2016.09.28 22:54:15.349,0.95062,0.95097,1.00,1.00
2016.09.28 22:54:15.727,0.95063,0.95093,1.00,1.00
2016.09.28 22:54:16.317,0.95061,0.95092,1.00,1.00
2016.09.28 22:54:18.420,0.9506,0.95092,1.00,1.00
2016.09.28 22:54:18.922,0.9506,0.95091,1.00,1.00
2016.09.28 22:54:21.354,0.95061,0.95091,1.00,1.00
2016.09.28 22:54:21.625,0.95059,0.9509,1.00,1.00
2016.09.28 22:54:22.294,0.95059,0.95091,1.00,1.00
2016.09.28 22:54:23.143,0.95061,0.95091,1.00,1.00
2016.09.28 22:54:23.944,0.9506,0.95092,1.00,1.00
2016.09.28 22:54:24.464,0.95061,0.9509,1.00,1.00
2016.09.28 22:54:25.534,0.95059,0.9509,1.00,1.00
2016.09.28 22:54:26.136,0.95061,0.95091,1.00,1.00
2016.09.28 22:54:26.336,0.95059,0.95091,1.00,1.00
2016.09.28 22:54:26.764,0.95061,0.9509,1.00,1.00
2016.09.28 22:54:27.052,0.95058,0.95091,1.00,1.00
2016.09.28 22:54:27.165,0.9506,0.95092,1.00,1.00
2016.09.28 22:54:28.266,0.95059,0.9509,1.00,1.00
2016.09.28 22:54:28.550,0.95061,0.95097,1.00,1.00
2016.09.28 22:54:28.896,0.95063,0.95099,1.00,1.00
2016.09.28 22:54:29.863,0.95061,0.95096,1.00,1.00
2016.09.28 22:54:30.433,0.95062,0.95097,1.00,1.00
2016.09.28 22:54:30.795,0.95062,0.95094,1.00,1.00
2016.09.28 22:54:31.387,0.95062,0.95097,1.00,1.00
2016.09.28 22:54:31.930,0.95063,0.95096,1.00,1.00
2016.09.28 22:54:32.454,0.95063,0.95095,1.00,1.00
2016.09.28 22:54:33.455,0.95062,0.95095,1.00,1.00
2016.09.28 22:54:34.461,0.95063,0.95095,1.00,1.00
2016.09.28 22:54:35.866,0.95062,0.95098,1.00,1.00
2016.09.28 22:54:37.269,0.95063,0.95097,1.00,1.00
2016.09.28 22:54:38.306,0.95064,0.95094,1.00,1.00
2016.09.28 22:54:40.776,0.95063,0.95096,1.00,1.00
2016.09.28 22:54:41.289,0.95063,0.95098,1.00,1.00
2016.09.28 22:54:41.506,0.95064,0.95099,1.00,1.00
2016.09.28 22:54:43.318,0.95062,0.95099,1.00,1.00
2016.09.28 22:54:43.580,0.95059,0.95103,1.00,1.00
2016.09.28 22:54:46.907,0.95058,0.951,1.37,1.00
2016.09.28 22:54:49.658,0.95058,0.951,1.37,1.00
2016.09.28 22:54:49.864,0.95058,0.951,2.62,1.00
2016.09.28 22:54:52.114,0.95057,0.95101,1.37,1.00
2016.09.28 22:54:52.164,0.95057,0.95101,1.37,1.00
2016.09.28 22:54:52.215,0.9506,0.951,1.87,1.00
2016.09.28 22:54:52.265,0.9506,0.951,1.87,1.00
2016.09.28 22:54:52.399,0.95057,0.95101,1.37,1.00
2016.09.28 22:54:52.471,0.95057,0.95101,1.87,1.00
2016.09.28 22:54:52.572,0.95057,0.95101,1.87,1.00
2016.09.28 22:54:52.622,0.95057,0.95101,3.37,1.00
2016.09.28 22:54:52.895,0.95061,0.95103,1.00,1.00
2016.09.28 22:55:00.730,0.95061,0.95103,1.12,1.00
2016.09.28 22:55:01.032,0.9506,0.95104,1.37,1.00
2016.09.28 22:55:01.138,0.95064,0.95106,1.00,1.00
2016.09.28 22:55:01.268,0.95064,0.95106,1.00,1.00
2016.09.28 22:55:08.982,0.95063,0.95107,1.00,1.50
2016.09.28 22:55:09.083,0.9506,0.95102,1.37,1.00
2016.09.28 22:55:09.583,0.95062,0.95106,1.00,1.00
2016.09.28 22:55:09.634,0.95062,0.95106,1.00,1.00
2016.09.28 22:55:11.148,0.95062,0.95106,1.00,1.00
2016.09.28 22:55:11.199,0.95059,0.95103,1.12,1.00
2016.09.28 22:55:11.406,0.95062,0.95106,1.00,1.00
2016.09.28 22:55:12.638,0.95062,0.95106,1.00,1.00
2016.09.28 22:55:12.688,0.9506,0.95102,1.12,1.00
2016.09.28 22:55:15.202,0.9506,0.95102,1.12,1.50
2016.09.28 22:55:16.596,0.9506,0.95102,1.12,1.00
2016.09.28 22:55:16.697,0.95059,0.95103,1.37,1.00
2016.09.28 22:55:16.798,0.9506,0.95102,1.12,1.00
2016.09.28 22:55:16.899,0.95059,0.95103,1.37,1.50
2016.09.28 22:55:17.000,0.9506,0.95102,1.12,1.00
2016.09.28 22:55:20.301,0.9506,0.95102,1.00,1.00
2016.09.28 22:55:20.602,0.9506,0.95102,1.12,1.00
2016.09.28 22:55:21.318,0.9506,0.95102,1.00,1.00
2016.09.28 22:55:22.406,0.9506,0.95102,1.12,1.00
2016.09.28 22:55:22.584,0.95059,0.95103,1.00,1.50
2016.09.28 22:55:27.687,0.95059,0.95103,1.00,1.00
2016.09.28 22:55:27.970,0.9506,0.95102,1.00,1.00
2016.09.28 22:55:28.071,0.9506,0.95102,1.00,1.50
2016.09.28 22:55:29.768,0.9506,0.95102,1.37,1.00
2016.09.28 22:55:30.274,0.9506,0.95103,1.37,1.00
2016.09.28 22:55:31.241,0.9506,0.95104,1.37,1.00
2016.09.28 22:55:31.342,0.95061,0.95104,1.87,1.00
2016.09.28 22:55:31.570,0.95064,0.95106,1.37,1.00
2016.09.28 22:55:32.535,0.95064,0.95106,1.12,1.00
2016.09.28 22:55:32.636,0.95063,0.95107,1.00,1.50
2016.09.28 22:55:32.737,0.95064,0.95106,1.00,1.00
2016.09.28 22:55:34.357,0.95064,0.95106,1.00,1.00
2016.09.28 22:55:36.346,0.95064,0.95102,1.00,1.00
2016.09.28 22:55:38.540,0.95064,0.95102,1.00,1.00
2016.09.28 22:55:38.590,0.95064,0.95102,1.12,1.00
2016.09.28 22:55:42.347,0.95064,0.95102,1.00,1.00
2016.09.28 22:55:43.024,0.95063,0.95103,1.00,1.00
2016.09.28 22:55:46.567,0.95063,0.95102,1.00,1.00
2016.09.28 22:55:46.653,0.95062,0.95102,1.00,1.00
2016.09.28 22:55:47.317,0.95062,0.95103,1.00,1.00
2016.09.28 22:55:48.856,0.95063,0.95103,1.00,1.00
2016.09.28 22:55:49.405,0.95062,0.95106,1.00,1.00
2016.09.28 22:55:50.372,0.95063,0.95105,1.12,1.00
2016.09.28 22:55:50.423,0.95063,0.95105,1.87,1.00
2016.09.28 22:55:50.474,0.95066,0.95107,1.00,1.00
2016.09.28 22:55:51.005,0.95065,0.95108,1.00,1.00
2016.09.28 22:55:52.143,0.95066,0.95108,1.00,1.87
2016.09.28 22:55:53.463,0.95065,0.95108,1.00,1.00
2016.09.28 22:55:56.363,0.95065,0.95107,1.00,1.00
2016.09.28 22:55:56.955,0.95066,0.95107,1.00,1.00
2016.09.28 22:56:02.617,0.95069,0.95103,1.00,1.00
2016.09.28 22:56:03.609,0.95067,0.95104,1.00,1.00
2016.09.28 22:56:04.927,0.95067,0.95104,1.00,1.00
2016.09.28 22:56:08.218,0.9507,0.95103,1.00,1.00
2016.09.28 22:56:08.320,0.95071,0.95106,1.00,1.00
2016.09.28 22:56:08.421,0.9507,0.95107,1.00,2.25
2016.09.28 22:56:08.521,0.9507,0.95107,1.00,1.50
2016.09.28 22:56:08.892,0.9507,0.95107,1.00,1.00
2016.09.28 22:56:11.222,0.95075,0.95107,1.00,1.00
2016.09.28 22:56:11.324,0.95074,0.95108,1.00,1.00
2016.09.28 22:56:11.925,0.95075,0.95109,1.00,1.00
2016.09.28 22:56:13.527,0.95075,0.95109,1.00,1.00
2016.09.28 22:56:15.882,0.95075,0.95108,1.00,1.00
2016.09.28 22:56:15.933,0.95076,0.95105,1.00,1.00
2016.09.28 22:56:16.135,0.95075,0.95107,1.00,1.00
2016.09.28 22:56:16.250,0.95077,0.95106,1.00,1.00
2016.09.28 22:56:18.633,0.95076,0.95106,1.00,1.00
2016.09.28 22:56:19.191,0.95076,0.95107,1.00,1.00
2016.09.28 22:56:28.894,0.95075,0.95106,1.00,1.00
2016.09.28 22:56:29.475,0.95076,0.95107,1.00,1.00
2016.09.28 22:56:31.106,0.95076,0.95107,1.00,1.00
2016.09.28 22:56:31.297,0.95076,0.95107,1.00,1.00
2016.09.28 22:56:32.199,0.95071,0.95107,1.00,1.00
2016.09.28 22:56:32.271,0.95071,0.95103,1.00,1.00
2016.09.28 22:56:32.577,0.9507,0.951,1.00,1.00
2016.09.28 22:56:33.358,0.95069,0.95099,1.00,1.00
2016.09.28 22:56:36.180,0.95069,0.95102,1.00,1.00
2016.09.28 22:56:40.565,0.95069,0.95103,1.00,1.00
2016.09.28 22:56:46.293,0.9507,0.95101,1.00,1.00
2016.09.28 22:56:46.394,0.95069,0.95104,1.00,1.00
2016.09.28 22:56:48.297,0.95077,0.95105,1.00,1.50
2016.09.28 22:56:48.397,0.95074,0.95107,1.00,2.25
2016.09.28 22:56:48.448,0.95074,0.95107,1.00,1.50
2016.09.28 22:56:48.499,0.95074,0.95107,1.00,1.00
2016.09.28 22:56:49.311,0.95072,0.95107,1.00,1.00
2016.09.28 22:56:51.011,0.95072,0.95106,1.00,1.00
2016.09.28 22:56:56.088,0.95075,0.95105,1.00,1.00
2016.09.28 22:56:56.511,0.95078,0.95107,1.00,1.00
2016.09.28 22:56:56.624,0.95078,0.95107,1.00,1.00
2016.09.28 22:57:03.214,0.95079,0.95108,1.00,1.00
2016.09.28 22:57:03.912,0.95075,0.95108,1.00,1.00
2016.09.28 22:57:04.170,0.95075,0.95108,1.00,1.50
2016.09.28 22:57:05.228,0.95075,0.95108,1.00,1.00
2016.09.28 22:57:07.751,0.95075,0.9511,1.00,1.50
2016.09.28 22:57:07.802,0.95075,0.9511,1.00,1.00
2016.09.28 22:57:07.852,0.95073,0.9511,1.00,1.00
2016.09.28 22:57:07.954,0.95075,0.95108,1.00,1.00
2016.09.28 22:57:08.346,0.95075,0.95107,1.00,1.00
2016.09.28 22:57:08.453,0.95075,0.95108,1.00,1.00
2016.09.28 22:57:08.554,0.95072,0.95107,1.00,1.00
2016.09.28 22:57:11.121,0.95071,0.95108,1.00,1.00
2016.09.28 22:57:18.833,0.95071,0.95107,1.00,1.00
2016.09.28 22:57:19.834,0.95072,0.95107,1.00,1.00
2016.09.28 22:57:20.720,0.95072,0.95107,1.00,1.50
2016.09.28 22:57:25.645,0.95071,0.95107,1.00,1.50
2016.09.28 22:57:30.244,0.95071,0.95107,1.00,2.25
2016.09.28 22:57:30.295,0.95071,0.95105,1.00,1.00
2016.09.28 22:57:41.192,0.95072,0.95105,1.00,1.00
2016.09.28 22:57:47.204,0.95077,0.95107,1.00,1.50
2016.09.28 22:57:47.254,0.95077,0.95107,1.00,1.50
2016.09.28 22:57:47.305,0.95079,0.95109,1.00,1.00
2016.09.28 22:57:47.409,0.95082,0.95112,1.00,1.00
2016.09.28 22:57:47.460,0.95082,0.95112,1.00,1.00
2016.09.28 22:57:47.670,0.95082,0.95112,1.00,1.50
2016.09.28 22:57:47.897,0.9508,0.9511,1.00,1.00
2016.09.28 22:57:49.035,0.95082,0.95112,1.00,1.00
2016.09.28 22:57:51.049,0.95082,0.95112,1.00,1.50
2016.09.28 22:57:56.198,0.9508,0.95112,1.00,1.50
2016.09.28 22:58:03.707,0.9508,0.95111,1.00,1.00
2016.09.28 22:58:03.869,0.9508,0.95107,1.00,1.00
2016.09.28 22:58:03.919,0.95071,0.95104,1.00,1.00
2016.09.28 22:58:25.884,0.95072,0.95106,1.00,1.00
2016.09.28 22:58:26.086,0.95071,0.95104,1.00,1.00
2016.09.28 22:58:26.392,0.95076,0.95103,1.00,1.00
2016.09.28 22:58:30.177,0.95073,0.95103,1.00,1.00
2016.09.28 22:58:33.961,0.95072,0.95103,1.00,1.00
2016.09.28 22:58:34.622,0.95072,0.95104,1.00,1.00
2016.09.28 22:58:35.363,0.95071,0.95103,1.00,1.00
2016.09.28 22:58:36.183,0.95073,0.95103,1.00,1.00
2016.09.28 22:58:40.772,0.95071,0.95104,1.00,1.00
2016.09.28 22:58:48.984,0.95073,0.95103,1.00,1.00
2016.09.28 22:58:49.985,0.95071,0.95104,1.00,1.00
2016.09.28 22:58:55.794,0.95072,0.95104,1.00,1.00
2016.09.28 22:59:01.619,0.9507,0.95103,1.00,1.00
2016.09.28 22:59:02.117,0.95073,0.95103,1.00,1.00
2016.09.28 22:59:02.333,0.95071,0.95101,1.00,1.00
2016.09.28 22:59:02.588,0.95066,0.95098,1.00,1.00
2016.09.28 22:59:02.639,0.95061,0.95095,1.00,1.00
2016.09.28 22:59:02.690,0.95061,0.95095,1.00,1.00
2016.09.28 22:59:02.740,0.95058,0.95095,1.00,1.00
2016.09.28 22:59:04.040,0.95058,0.95094,1.00,1.00
2016.09.28 22:59:11.319,0.95059,0.95094,1.00,1.00
2016.09.28 22:59:12.962,0.95061,0.95096,1.00,1.00
2016.09.28 22:59:13.113,0.95062,0.95096,1.00,1.50
2016.09.28 22:59:13.495,0.95063,0.95096,1.00,1.00
2016.09.28 22:59:14.323,0.95063,0.95096,1.00,1.00
2016.09.28 22:59:14.424,0.95063,0.95096,1.00,1.00
2016.09.28 22:59:14.723,0.95063,0.95096,1.00,1.00
2016.09.28 22:59:17.151,0.95062,0.95096,1.00,1.00
2016.09.28 22:59:17.651,0.95062,0.95096,1.00,1.00
2016.09.28 22:59:18.034,0.95062,0.95094,1.00,1.00
2016.09.28 22:59:22.168,0.95059,0.95095,1.00,1.00
2016.09.28 22:59:26.350,0.95061,0.95094,1.00,1.00
2016.09.28 22:59:34.182,0.9506,0.95094,1.00,1.00
2016.09.28 22:59:34.738,0.95059,0.95093,1.00,1.00
2016.09.28 22:59:40.294,0.95061,0.95094,1.00,1.00
2016.09.28 22:59:41.290,0.95058,0.95096,1.00,1.00
2016.09.28 22:59:42.093,0.95059,0.95095,1.00,1.00
2016.09.28 22:59:44.815,0.95056,0.95098,1.00,1.00
2016.09.28 22:59:46.951,0.95057,0.95098,1.00,2.62
2016.09.28 22:59:47.002,0.95057,0.95097,1.00,1.37
2016.09.28 22:59:47.656,0.95056,0.95097,1.00,1.37
2016.09.28 22:59:49.090,0.95057,0.95097,1.00,1.37
2016.09.28 22:59:49.158,0.95057,0.95098,1.00,2.62
2016.09.28 22:59:49.229,0.95057,0.95098,1.00,2.62
2016.09.28 22:59:51.158,0.95057,0.95097,1.00,1.37
2016.09.28 22:59:51.310,0.95057,0.95097,1.00,1.12
2016.09.28 22:59:51.764,0.95057,0.95097,1.00,1.37
2016.09.28 22:59:52.386,0.95056,0.95097,1.00,1.37
2016.09.28 22:59:52.937,0.95057,0.95097,1.00,1.37
2016.09.28 22:59:52.988,0.95057,0.95097,1.00,2.62
2016.09.28 22:59:53.167,0.95057,0.95097,1.00,1.37
2016.09.28 22:59:53.268,0.95057,0.95097,1.00,1.37
2016.09.28 22:59:53.369,0.95049,0.95091,1.00,1.00
2016.09.28 22:59:53.470,0.95048,0.95092,1.00,1.37
2016.09.28 22:59:53.571,0.95053,0.95094,1.00,1.87
2016.09.28 22:59:53.672,0.95053,0.95092,1.00,1.00
2016.09.28 22:59:53.979,0.95053,0.95095,1.00,1.37
2016.09.28 22:59:54.162,0.95052,0.95096,1.00,1.37
2016.09.28 22:59:54.670,0.95053,0.95095,1.00,1.12
2016.09.28 22:59:54.874,0.95056,0.95097,1.00,1.37
2016.09.28 22:59:54.971,0.95053,0.95097,1.00,1.87
2016.09.28 22:59:59.452,0.95053,0.95097,1.00,1.87
2016.09.28 22:59:59.502,0.95054,0.95096,1.00,2.62
2016.09.28 22:59:59.911,0.95053,0.95097,1.00,1.50
