2015.06.04 02:00:00.530,0.88908,0.88952,1.37,1.37
2015.06.04 02:00:00.931,0.88902,0.88948,2.25,1.00
2015.06.04 02:00:00.981,0.88902,0.88948,2.25,1.00
2015.06.04 02:00:01.651,0.88902,0.88948,3.00,1.00
2015.06.04 02:00:02.030,0.88905,0.88948,1.75,1.00
2015.06.04 02:00:02.523,0.88907,0.88948,1.75,1.00
2015.06.04 02:00:06.344,0.8891,0.88948,1.12,1.00
2015.06.04 02:00:06.835,0.88913,0.88957,1.75,1.00
2015.06.04 02:00:07.087,0.88914,0.88953,1.75,1.00
2015.06.04 02:00:07.547,0.88912,0.88952,2.25,1.00
2015.06.04 02:00:07.781,0.88909,0.88952,2.62,1.00
2015.06.04 02:00:08.675,0.88909,0.88953,1.87,1.00
2015.06.04 02:00:08.833,0.88919,0.88953,1.00,1.00
2015.06.04 02:00:15.673,0.88919,0.88952,1.00,1.00
2015.06.04 02:00:17.866,0.88919,0.88952,1.37,1.00
2015.06.04 02:00:23.357,0.88919,0.88957,1.37,1.00
2015.06.04 02:00:23.559,0.88919,0.88953,1.00,1.00
2015.06.04 02:00:23.807,0.88919,0.88958,1.00,1.00
2015.06.04 02:00:24.413,0.88919,0.88957,1.00,1.00
2015.06.04 02:00:26.634,0.88919,0.88952,1.00,1.00
2015.06.04 02:00:27.123,0.88919,0.88952,1.37,1.00
2015.06.04 02:00:27.516,0.88919,0.88952,1.50,1.00
2015.06.04 02:00:27.567,0.88919,0.88957,1.75,1.00
2015.06.04 02:00:28.194,0.88919,0.88958,1.75,1.00
2015.06.04 02:00:29.999,0.88921,0.88958,1.75,1.00
2015.06.04 02:00:30.515,0.88925,0.88957,1.12,1.00
2015.06.04 02:00:30.593,0.88925,0.88962,1.12,1.00
2015.06.04 02:00:30.801,0.88925,0.88962,1.12,1.00
2015.06.04 02:00:31.402,0.88926,0.88962,1.75,1.00
2015.06.04 02:00:32.353,0.88925,0.88967,1.12,1.00
2015.06.04 02:00:33.259,0.88928,0.88972,1.75,1.00
2015.06.04 02:00:33.342,0.88928,0.88968,1.75,1.00
2015.06.04 02:00:38.230,0.88931,0.88968,1.75,1.00
2015.06.04 02:00:40.918,0.88931,0.88967,1.75,1.00
2015.06.04 02:00:42.802,0.88931,0.88973,1.75,1.00
2015.06.04 02:00:43.132,0.88932,0.88967,1.75,1.00
2015.06.04 02:00:46.352,0.88933,0.88972,1.12,1.00
2015.06.04 02:00:46.651,0.88933,0.88963,1.12,1.00
2015.06.04 02:00:48.083,0.88933,0.88968,1.12,1.00
2015.06.04 02:00:48.362,0.88933,0.88962,1.12,1.00
2015.06.04 02:00:49.014,0.88927,0.88963,1.75,1.00
2015.06.04 02:00:49.882,0.88927,0.88962,1.75,1.00
2015.06.04 02:00:51.874,0.88927,0.88962,1.75,1.00
2015.06.04 02:00:52.593,0.88927,0.88968,2.25,1.00
2015.06.04 02:00:52.693,0.88928,0.88968,1.75,1.00
2015.06.04 02:00:53.362,0.88929,0.88968,2.25,1.00
2015.06.04 02:00:53.582,0.88929,0.88972,2.25,1.00
2015.06.04 02:00:53.683,0.88929,0.88972,2.25,1.00
2015.06.04 02:00:54.884,0.88931,0.88972,1.75,1.00
2015.06.04 02:00:55.710,0.88934,0.88972,1.12,1.00
2015.06.04 02:00:55.975,0.88935,0.88972,1.75,1.00
2015.06.04 02:00:56.131,0.88936,0.88982,1.75,1.00
2015.06.04 02:00:56.371,0.88939,0.88988,1.75,1.00
2015.06.04 02:00:56.916,0.88939,0.88978,1.75,1.00
2015.06.04 02:00:57.103,0.88948,0.88982,1.00,1.00
2015.06.04 02:00:58.171,0.88948,0.88982,1.37,1.00
2015.06.04 02:00:58.602,0.88948,0.88982,1.12,1.00
2015.06.04 02:00:58.653,0.88948,0.88977,1.12,1.00
2015.06.04 02:01:00.012,0.88942,0.88977,1.12,1.00
2015.06.04 02:01:00.712,0.88942,0.88978,1.37,1.00
2015.06.04 02:01:01.381,0.88942,0.88978,1.12,1.00
2015.06.04 02:01:03.312,0.88952,0.88978,1.00,1.00
2015.06.04 02:01:06.282,0.88955,0.88978,3.75,1.00
2015.06.04 02:01:06.393,0.88955,0.88983,3.75,1.00
2015.06.04 02:01:09.297,0.88958,0.88983,2.25,1.00
2015.06.04 02:01:10.333,0.88958,0.88992,2.62,1.00
2015.06.04 02:01:10.902,0.88958,0.88992,2.25,1.00
2015.06.04 02:01:11.817,0.88968,0.88992,1.00,1.00
2015.06.04 02:01:12.142,0.88968,0.88987,1.00,1.00
2015.06.04 02:01:12.302,0.88968,0.88992,1.00,1.00
2015.06.04 02:01:20.114,0.88968,0.88987,1.00,1.00
2015.06.04 02:01:20.333,0.88968,0.88993,1.00,1.00
2015.06.04 02:01:21.541,0.88968,0.88987,1.00,1.00
2015.06.04 02:01:28.627,0.88968,0.88993,1.00,1.00
2015.06.04 02:01:29.077,0.88976,0.88993,2.25,1.00
2015.06.04 02:01:29.178,0.88976,0.88997,2.25,1.00
2015.06.04 02:01:31.881,0.88976,0.89002,2.25,1.00
2015.06.04 02:01:32.131,0.88974,0.89002,1.00,1.00
2015.06.04 02:01:34.680,0.88974,0.89003,1.00,1.00
2015.06.04 02:01:34.852,0.88974,0.88998,1.00,1.00
2015.06.04 02:01:34.903,0.88965,0.88998,1.00,1.00
2015.06.04 02:01:35.091,0.88965,0.88988,1.00,1.00
2015.06.04 02:01:36.611,0.88965,0.88993,1.00,1.00
2015.06.04 02:01:38.372,0.88965,0.88992,1.00,1.00
2015.06.04 02:01:48.051,0.88965,0.88993,1.00,1.00
2015.06.04 02:01:48.821,0.88965,0.88992,1.00,1.00
2015.06.04 02:01:51.790,0.88965,0.88998,1.00,1.00
2015.06.04 02:01:52.141,0.88965,0.88997,1.50,1.00
2015.06.04 02:01:52.272,0.88965,0.88997,1.12,1.00
2015.06.04 02:01:52.810,0.88971,0.88997,2.25,1.00
2015.06.04 02:01:55.885,0.88971,0.89002,2.25,1.00
2015.06.04 02:01:55.935,0.88975,0.89002,1.00,1.00
2015.06.04 02:01:56.881,0.88973,0.89002,1.00,1.00
2015.06.04 02:01:57.400,0.88973,0.88998,1.00,1.00
2015.06.04 02:01:57.939,0.88973,0.88997,1.00,1.00
2015.06.04 02:01:58.680,0.88973,0.88998,1.00,1.00
2015.06.04 02:01:59.850,0.88966,0.88998,1.00,1.00
2015.06.04 02:02:02.370,0.88966,0.88993,1.00,1.00
2015.06.04 02:02:17.025,0.88966,0.88992,1.00,1.00
2015.06.04 02:02:18.001,0.88964,0.88992,1.00,1.00
2015.06.04 02:02:28.347,0.88964,0.88993,1.00,1.00
2015.06.04 02:02:28.546,0.88964,0.88997,1.00,1.00
2015.06.04 02:02:28.860,0.88964,0.88993,1.00,1.00
2015.06.04 02:02:29.899,0.88964,0.88992,1.00,1.00
2015.06.04 02:02:30.259,0.88964,0.88992,1.37,1.00
2015.06.04 02:02:30.840,0.88964,0.88993,1.37,1.00
2015.06.04 02:02:31.459,0.88964,0.88992,1.37,1.00
2015.06.04 02:02:32.287,0.88964,0.88993,1.37,1.00
2015.06.04 02:02:35.790,0.88964,0.88992,1.37,1.00
2015.06.04 02:02:39.554,0.88964,0.88993,1.37,1.00
2015.06.04 02:02:39.861,0.88964,0.88998,1.37,1.00
2015.06.04 02:02:40.080,0.88964,0.88992,1.37,1.00
2015.06.04 02:02:42.940,0.88964,0.88993,1.37,1.00
2015.06.04 02:02:44.589,0.88964,0.88998,1.37,1.00
2015.06.04 02:02:45.800,0.88964,0.88997,1.37,1.00
2015.06.04 02:02:46.523,0.88964,0.88997,1.37,1.00
2015.06.04 02:02:47.137,0.88964,0.88998,1.37,1.00
2015.06.04 02:02:47.238,0.8896,0.88998,1.50,1.12
2015.06.04 02:02:47.505,0.8896,0.88997,1.37,1.12
2015.06.04 02:02:47.609,0.8896,0.88993,1.37,1.00
2015.06.04 02:02:47.660,0.8896,0.88993,1.00,1.00
2015.06.04 02:02:48.110,0.8896,0.88983,1.00,1.00
2015.06.04 02:02:50.229,0.88957,0.88983,1.00,1.00
2015.06.04 02:02:50.332,0.88957,0.88983,1.37,1.00
2015.06.04 02:02:51.080,0.88957,0.88988,1.37,1.00
2015.06.04 02:02:52.309,0.88957,0.88993,1.37,1.00
2015.06.04 02:02:52.619,0.88957,0.88997,1.37,1.00
2015.06.04 02:02:52.839,0.88957,0.88992,1.37,1.00
2015.06.04 02:02:53.253,0.88964,0.88992,1.00,1.00
2015.06.04 02:02:56.199,0.8896,0.88992,1.00,1.00
2015.06.04 02:02:56.379,0.8896,0.88997,1.00,1.12
2015.06.04 02:02:56.489,0.8896,0.88997,1.00,1.37
2015.06.04 02:02:57.070,0.8896,0.88988,1.00,1.00
2015.06.04 02:02:59.139,0.88957,0.88988,1.00,1.00
2015.06.04 02:03:01.640,0.88957,0.88992,1.12,1.00
2015.06.04 02:03:01.858,0.88957,0.88997,1.37,1.00
2015.06.04 02:03:02.388,0.88959,0.88997,1.00,1.00
2015.06.04 02:03:03.842,0.88959,0.88997,1.37,1.00
2015.06.04 02:03:04.389,0.88959,0.88997,1.75,1.00
2015.06.04 02:03:05.624,0.88962,0.88997,1.37,1.00
2015.06.04 02:03:05.777,0.88962,0.88997,1.12,1.00
2015.06.04 02:03:05.925,0.88962,0.88997,1.37,1.00
2015.06.04 02:03:06.879,0.88962,0.88997,1.37,1.00
2015.06.04 02:03:07.579,0.88962,0.88993,1.37,1.00
2015.06.04 02:03:08.129,0.88962,0.88998,1.37,1.00
2015.06.04 02:03:08.619,0.88963,0.88997,1.12,1.00
2015.06.04 02:03:09.559,0.88963,0.88998,1.37,1.00
2015.06.04 02:03:10.179,0.88963,0.88998,1.12,1.00
2015.06.04 02:03:18.599,0.88963,0.89002,1.00,1.00
2015.06.04 02:03:18.909,0.88963,0.88992,1.00,1.00
2015.06.04 02:03:19.428,0.88963,0.88993,1.00,1.00
2015.06.04 02:03:19.832,0.88963,0.88993,1.37,1.00
2015.06.04 02:03:20.305,0.88963,0.88992,1.75,1.00
2015.06.04 02:03:20.548,0.88963,0.88992,1.37,1.00
2015.06.04 02:03:21.208,0.88963,0.88992,1.37,1.00
2015.06.04 02:03:21.878,0.88966,0.88992,1.00,1.00
2015.06.04 02:03:22.111,0.88966,0.88997,1.00,1.00
2015.06.04 02:03:24.628,0.88962,0.88997,1.12,1.00
2015.06.04 02:03:27.628,0.88959,0.88997,1.37,1.00
2015.06.04 02:03:28.833,0.88959,0.88997,1.37,1.00
2015.06.04 02:03:30.435,0.88959,0.88997,1.37,1.00
2015.06.04 02:03:30.938,0.88961,0.88997,1.37,1.00
2015.06.04 02:03:30.989,0.88961,0.88997,1.37,1.00
2015.06.04 02:03:31.089,0.88961,0.88997,1.37,1.00
2015.06.04 02:03:31.388,0.88961,0.89003,1.37,1.00
2015.06.04 02:03:31.489,0.88961,0.89003,1.75,1.00
2015.06.04 02:03:33.348,0.88967,0.88998,2.62,1.00
2015.06.04 02:03:38.666,0.88968,0.88998,1.12,1.00
2015.06.04 02:03:40.474,0.88967,0.88998,2.62,1.00
2015.06.04 02:03:42.287,0.88968,0.88998,1.12,1.00
2015.06.04 02:03:43.284,0.88969,0.89002,1.37,1.00
2015.06.04 02:03:52.724,0.88973,0.89002,1.12,1.00
2015.06.04 02:03:52.825,0.88973,0.89008,1.12,1.00
2015.06.04 02:03:53.358,0.88973,0.89007,1.00,1.00
2015.06.04 02:03:54.158,0.88973,0.89008,1.00,1.00
2015.06.04 02:03:54.569,0.88973,0.89003,1.00,1.00
2015.06.04 02:03:55.640,0.88973,0.89008,1.00,1.00
2015.06.04 02:03:56.328,0.88974,0.89007,1.00,1.00
2015.06.04 02:04:01.388,0.88974,0.89012,1.00,1.12
2015.06.04 02:04:01.727,0.88979,0.89012,1.00,1.00
2015.06.04 02:04:02.049,0.88979,0.89008,1.00,1.00
2015.06.04 02:04:02.379,0.88979,0.89012,1.00,1.37
2015.06.04 02:04:02.624,0.88979,0.89002,1.00,1.00
2015.06.04 02:04:03.390,0.88979,0.88998,1.00,1.00
2015.06.04 02:04:03.589,0.88979,0.89002,1.00,1.00
2015.06.04 02:04:04.138,0.88979,0.89007,1.00,1.00
2015.06.04 02:04:04.697,0.88972,0.89007,1.00,1.00
2015.06.04 02:04:04.798,0.88972,0.89003,1.00,1.00
2015.06.04 02:04:05.104,0.88972,0.89003,1.00,1.37
2015.06.04 02:04:05.154,0.88972,0.89003,1.00,1.00
2015.06.04 02:04:07.668,0.88973,0.89003,1.00,1.00
2015.06.04 02:04:10.077,0.88973,0.89007,1.00,1.00
2015.06.04 02:04:14.068,0.88969,0.89007,1.12,1.00
2015.06.04 02:04:17.018,0.88964,0.89007,1.50,1.00
2015.06.04 02:04:23.158,0.88963,0.89007,1.37,1.00
2015.06.04 02:04:23.487,0.88963,0.89008,1.75,1.00
2015.06.04 02:04:23.988,0.88964,0.89007,1.75,1.00
2015.06.04 02:04:24.890,0.88963,0.89007,3.00,1.00
2015.06.04 02:04:26.077,0.88974,0.89007,1.00,1.00
2015.06.04 02:04:33.741,0.88971,0.89013,2.62,1.12
2015.06.04 02:04:38.314,0.88971,0.89013,2.25,1.37
2015.06.04 02:04:43.923,0.88971,0.89013,2.62,1.12
2015.06.04 02:04:49.027,0.88974,0.89013,2.25,1.12
2015.06.04 02:04:50.127,0.88971,0.89013,1.00,1.12
2015.06.04 02:04:50.718,0.88973,0.89013,2.25,1.12
2015.06.04 02:04:51.877,0.88974,0.89012,1.37,1.00
2015.06.04 02:04:59.942,0.88974,0.89012,2.62,1.00
2015.06.04 02:05:05.848,0.88974,0.89008,2.25,1.00
2015.06.04 02:05:07.388,0.88974,0.89012,2.25,1.37
2015.06.04 02:05:10.148,0.88975,0.89012,2.25,1.37
2015.06.04 02:05:14.538,0.88975,0.89007,2.25,1.00
2015.06.04 02:05:15.084,0.88975,0.89008,2.25,1.00
2015.06.04 02:05:15.638,0.88975,0.89007,2.25,1.00
2015.06.04 02:05:16.528,0.88972,0.89007,1.12,1.00
2015.06.04 02:05:16.668,0.88972,0.89012,1.00,1.37
2015.06.04 02:05:16.849,0.88972,0.89002,1.00,1.00
2015.06.04 02:05:17.728,0.88972,0.89003,1.00,1.00
2015.06.04 02:05:23.348,0.88971,0.89003,1.00,1.00
2015.06.04 02:05:24.330,0.88971,0.89002,1.00,1.00
2015.06.04 02:05:24.561,0.88971,0.89007,1.37,1.00
2015.06.04 02:05:24.770,0.88973,0.89017,1.37,1.37
2015.06.04 02:05:25.020,0.88973,0.89017,1.37,1.00
2015.06.04 02:05:25.121,0.88978,0.89022,1.00,1.37
2015.06.04 02:05:25.447,0.88978,0.89022,1.75,1.00
2015.06.04 02:05:25.768,0.88985,0.89032,2.62,1.75
2015.06.04 02:05:28.651,0.88986,0.89028,2.62,1.37
2015.06.04 02:05:33.547,0.88987,0.89031,1.50,1.75
2015.06.04 02:05:38.143,0.88987,0.89031,1.00,1.75
2015.06.04 02:05:39.288,0.88986,0.89031,1.00,1.75
2015.06.04 02:05:39.598,0.88986,0.89024,1.00,1.75
2015.06.04 02:05:39.701,0.88986,0.89027,1.00,1.75
2015.06.04 02:05:39.837,0.88988,0.89027,1.00,1.75
2015.06.04 02:05:41.065,0.88988,0.8903,1.00,1.75
2015.06.04 02:05:41.567,0.88988,0.8903,1.00,1.75
2015.06.04 02:05:41.998,0.88987,0.8903,1.00,1.50
2015.06.04 02:05:42.813,0.88988,0.89032,1.00,3.00
2015.06.04 02:05:45.399,0.88987,0.89031,1.00,1.75
2015.06.04 02:05:46.878,0.88988,0.89032,1.00,2.25
2015.06.04 02:05:47.389,0.88987,0.89032,1.50,1.75
2015.06.04 02:05:48.088,0.88988,0.89031,1.00,2.25
2015.06.04 02:06:02.008,0.88988,0.89029,1.00,1.75
2015.06.04 02:06:02.460,0.88988,0.89032,1.00,2.25
2015.06.04 02:06:08.628,0.88988,0.89032,1.00,2.25
2015.06.04 02:06:09.961,0.88988,0.89032,1.00,2.25
2015.06.04 02:06:11.538,0.88988,0.89032,1.00,1.87
2015.06.04 02:06:11.638,0.88999,0.89032,1.00,1.37
2015.06.04 02:06:11.977,0.88999,0.89033,1.00,1.75
2015.06.04 02:06:13.396,0.88993,0.89033,1.00,2.25
2015.06.04 02:06:23.165,0.88993,0.89033,1.00,2.25
2015.06.04 02:06:23.396,0.88998,0.89034,1.00,1.75
2015.06.04 02:06:23.617,0.88993,0.89032,1.50,1.75
2015.06.04 02:06:38.408,0.88993,0.89033,1.00,1.75
2015.06.04 02:06:38.578,0.88988,0.89033,1.00,2.25
2015.06.04 02:06:38.990,0.88988,0.89033,1.00,2.25
2015.06.04 02:06:47.816,0.88987,0.89033,1.50,2.25
2015.06.04 02:06:49.036,0.88988,0.89033,1.00,2.25
2015.06.04 02:06:51.183,0.88988,0.89027,1.00,1.75
2015.06.04 02:06:51.487,0.88988,0.89025,1.00,1.75
2015.06.04 02:06:51.543,0.88988,0.89025,1.00,1.75
2015.06.04 02:06:51.643,0.88988,0.89023,1.00,1.75
2015.06.04 02:06:54.096,0.88982,0.89023,1.00,2.25
2015.06.04 02:06:54.213,0.88982,0.89023,1.00,2.25
2015.06.04 02:06:54.514,0.88983,0.89021,1.00,1.75
2015.06.04 02:06:58.421,0.88983,0.8902,1.00,1.75
2015.06.04 02:06:59.036,0.88978,0.89017,1.75,1.75
2015.06.04 02:07:00.696,0.88978,0.89018,1.00,1.75
2015.06.04 02:07:00.816,0.88975,0.89018,1.12,2.25
2015.06.04 02:07:01.025,0.88975,0.89018,1.37,2.25
2015.06.04 02:07:03.075,0.88978,0.89016,1.00,1.75
2015.06.04 02:07:03.665,0.88983,0.89018,1.00,1.75
2015.06.04 02:07:04.430,0.88983,0.89018,1.00,1.75
2015.06.04 02:07:10.740,0.88983,0.8902,1.00,1.75
2015.06.04 02:07:10.841,0.88975,0.8902,1.00,1.75
2015.06.04 02:07:10.942,0.88975,0.8902,1.00,2.25
2015.06.04 02:07:11.489,0.88975,0.8901,1.00,1.50
2015.06.04 02:07:11.796,0.88975,0.89009,1.00,1.75
2015.06.04 02:07:12.146,0.88968,0.89007,1.00,1.75
2015.06.04 02:07:12.586,0.88968,0.89002,1.00,1.75
2015.06.04 02:07:18.562,0.88968,0.89002,1.00,1.37
2015.06.04 02:07:18.663,0.88968,0.89007,1.00,1.37
2015.06.04 02:07:18.763,0.88968,0.89007,1.00,1.75
2015.06.04 02:07:24.372,0.88968,0.89005,1.00,1.75
2015.06.04 02:07:24.873,0.88967,0.89004,1.00,1.75
2015.06.04 02:07:25.925,0.88963,0.89005,1.00,1.75
2015.06.04 02:07:26.087,0.88963,0.89003,1.37,1.37
2015.06.04 02:07:26.138,0.88968,0.89007,1.00,1.75
2015.06.04 02:07:26.489,0.88973,0.89007,1.00,1.75
2015.06.04 02:07:26.596,0.88973,0.89006,1.00,1.37
2015.06.04 02:07:26.984,0.88973,0.89005,1.00,1.50
2015.06.04 02:07:27.128,0.88967,0.89005,1.00,1.75
2015.06.04 02:07:27.378,0.88968,0.89004,1.00,1.75
2015.06.04 02:07:27.545,0.88962,0.89003,1.00,1.75
2015.06.04 02:07:27.906,0.88952,0.88998,1.37,1.37
2015.06.04 02:07:28.095,0.88963,0.88998,1.00,1.37
2015.06.04 02:07:32.866,0.88958,0.88998,1.00,1.37
2015.06.04 02:07:33.155,0.88963,0.88999,1.00,1.50
2015.06.04 02:07:33.417,0.88957,0.88997,1.00,1.75
2015.06.04 02:07:33.487,0.88957,0.88997,1.00,1.75
2015.06.04 02:07:36.119,0.88957,0.88993,1.00,1.75
2015.06.04 02:07:37.895,0.88957,0.88993,1.00,1.37
2015.06.04 02:07:39.198,0.88957,0.88993,1.00,1.75
2015.06.04 02:07:39.900,0.88958,0.88991,1.00,1.37
2015.06.04 02:07:47.020,0.88958,0.8899,1.00,1.37
2015.06.04 02:07:47.395,0.88952,0.88989,1.00,1.37
2015.06.04 02:07:47.446,0.88952,0.88989,1.00,1.75
2015.06.04 02:07:49.367,0.88947,0.88986,1.00,1.37
2015.06.04 02:07:49.654,0.88953,0.88987,1.00,1.50
2015.06.04 02:07:50.646,0.88947,0.88987,1.00,1.50
2015.06.04 02:07:50.866,0.88953,0.88987,1.00,1.50
2015.06.04 02:07:55.410,0.88952,0.88985,1.00,1.37
2015.06.04 02:07:56.047,0.88953,0.88989,1.00,1.75
2015.06.04 02:07:57.355,0.88952,0.88986,1.00,1.37
2015.06.04 02:07:57.918,0.88952,0.88985,1.00,1.37
2015.06.04 02:07:58.395,0.88952,0.88984,1.00,1.75
2015.06.04 02:07:58.950,0.88953,0.88984,1.00,1.75
2015.06.04 02:07:59.903,0.88952,0.88984,1.00,1.75
2015.06.04 02:08:00.287,0.88952,0.88984,1.00,1.37
2015.06.04 02:08:00.877,0.88953,0.88987,1.00,1.75
2015.06.04 02:08:01.540,0.88952,0.88987,1.00,1.75
2015.06.04 02:08:02.085,0.88953,0.88985,1.00,1.37
2015.06.04 02:08:02.835,0.88952,0.88985,1.00,1.37
2015.06.04 02:08:03.626,0.88953,0.88985,1.00,1.37
2015.06.04 02:08:04.204,0.88952,0.88985,1.00,1.37
2015.06.04 02:08:05.297,0.88952,0.88985,1.00,1.50
2015.06.04 02:08:06.266,0.88948,0.88985,1.00,1.50
2015.06.04 02:08:07.146,0.88947,0.88985,1.00,1.50
2015.06.04 02:08:07.365,0.88952,0.88989,1.00,1.75
2015.06.04 02:08:07.902,0.88952,0.88989,1.00,1.75
2015.06.04 02:08:08.202,0.88952,0.88989,1.00,1.37
2015.06.04 02:08:09.705,0.88952,0.88989,1.00,1.12
2015.06.04 02:08:09.806,0.88952,0.88989,1.00,1.50
2015.06.04 02:08:11.608,0.88952,0.88988,1.00,1.50
2015.06.04 02:08:17.919,0.88952,0.88988,1.00,1.37
2015.06.04 02:08:18.704,0.88952,0.88988,1.00,1.37
2015.06.04 02:08:18.921,0.88952,0.88988,1.00,1.00
2015.06.04 02:08:19.123,0.88952,0.88988,1.00,1.37
2015.06.04 02:08:24.698,0.88952,0.88988,1.00,1.75
2015.06.04 02:08:25.011,0.88948,0.88985,1.00,1.50
2015.06.04 02:08:25.114,0.88952,0.88985,1.00,1.50
2015.06.04 02:08:25.938,0.88952,0.88986,1.00,1.37
2015.06.04 02:08:28.443,0.88952,0.88988,1.00,1.50
2015.06.04 02:08:36.115,0.88952,0.88987,1.00,1.75
2015.06.04 02:08:38.824,0.88953,0.88988,1.00,1.75
2015.06.04 02:08:41.088,0.88953,0.88986,1.00,1.75
2015.06.04 02:08:41.594,0.88952,0.88988,1.00,1.75
2015.06.04 02:08:44.594,0.88948,0.88986,1.00,1.75
2015.06.04 02:08:44.899,0.88948,0.88985,1.00,1.75
2015.06.04 02:08:45.111,0.88943,0.88981,1.00,1.37
2015.06.04 02:08:45.162,0.88943,0.88983,1.00,1.37
2015.06.04 02:08:45.362,0.88947,0.88985,1.00,1.75
2015.06.04 02:08:45.463,0.88947,0.88985,1.00,1.37
2015.06.04 02:08:45.564,0.88947,0.88986,1.00,1.00
2015.06.04 02:08:45.665,0.88942,0.88988,1.00,1.37
2015.06.04 02:08:45.766,0.88942,0.88988,1.37,1.37
2015.06.04 02:08:46.106,0.88947,0.88988,1.37,1.00
2015.06.04 02:08:46.157,0.88947,0.88988,1.00,1.00
2015.06.04 02:08:46.265,0.88947,0.88988,1.00,1.37
2015.06.04 02:08:46.316,0.88942,0.88988,1.37,1.37
2015.06.04 02:08:46.366,0.88943,0.88988,1.12,1.37
2015.06.04 02:08:46.668,0.88953,0.88987,1.00,1.00
2015.06.04 02:08:46.973,0.88958,0.88992,1.00,1.00
2015.06.04 02:08:47.894,0.88958,0.88992,1.00,1.50
2015.06.04 02:08:48.074,0.88948,0.88987,1.37,1.12
2015.06.04 02:08:48.175,0.88948,0.88987,1.12,1.37
2015.06.04 02:08:50.181,0.88948,0.88987,1.00,1.37
2015.06.04 02:08:51.155,0.88947,0.88988,1.00,1.37
2015.06.04 02:08:54.096,0.88947,0.88988,1.37,1.37
2015.06.04 02:08:55.301,0.88947,0.88988,1.12,1.37
2015.06.04 02:08:59.064,0.88948,0.88991,1.00,1.50
2015.06.04 02:08:59.394,0.88952,0.8899,1.00,1.37
2015.06.04 02:09:05.334,0.88947,0.88988,1.12,1.37
2015.06.04 02:09:05.775,0.88952,0.88991,1.00,1.50
2015.06.04 02:09:06.543,0.88948,0.88987,1.00,1.37
2015.06.04 02:09:08.654,0.88948,0.88987,1.37,1.37
2015.06.04 02:09:09.304,0.88953,0.88992,1.00,2.25
2015.06.04 02:09:10.262,0.88953,0.88991,1.00,1.37
2015.06.04 02:09:11.053,0.88958,0.88991,1.00,1.37
2015.06.04 02:09:13.916,0.88957,0.88992,1.00,1.50
2015.06.04 02:09:14.793,0.88958,0.88992,1.00,1.50
2015.06.04 02:09:18.903,0.88953,0.88992,1.00,1.50
2015.06.04 02:09:18.982,0.88953,0.88992,1.00,1.75
2015.06.04 02:09:21.403,0.88953,0.88992,1.00,1.75
2015.06.04 02:09:24.584,0.88958,0.88993,1.00,1.75
2015.06.04 02:09:29.103,0.88953,0.88993,1.00,1.75
2015.06.04 02:09:29.313,0.88947,0.88989,1.37,1.37
2015.06.04 02:09:29.642,0.88952,0.88992,1.00,1.75
2015.06.04 02:09:30.914,0.88952,0.88992,1.00,1.50
2015.06.04 02:09:33.607,0.88952,0.88992,1.00,1.75
2015.06.04 02:09:34.593,0.88953,0.88992,1.00,2.25
2015.06.04 02:09:44.383,0.88952,0.88993,1.00,1.75
2015.06.04 02:09:44.783,0.88958,0.88994,1.00,1.75
2015.06.04 02:09:45.043,0.88952,0.88996,1.00,2.25
2015.06.04 02:09:45.152,0.88957,0.88996,1.00,2.25
2015.06.04 02:09:47.107,0.88952,0.88995,1.00,1.75
2015.06.04 02:09:53.618,0.88952,0.88993,1.00,2.25
2015.06.04 02:09:54.475,0.88952,0.88993,1.00,2.25
2015.06.04 02:09:56.283,0.88952,0.88993,1.00,2.25
2015.06.04 02:10:00.333,0.88953,0.88992,1.00,1.75
2015.06.04 02:10:00.884,0.88958,0.88995,1.00,1.75
2015.06.04 02:10:01.332,0.88952,0.88995,1.00,1.75
2015.06.04 02:10:01.434,0.88952,0.88996,1.37,1.75
2015.06.04 02:10:01.487,0.88952,0.88996,1.12,1.75
2015.06.04 02:10:01.882,0.88957,0.88997,1.00,1.75
2015.06.04 02:10:04.452,0.88957,0.88998,1.00,1.75
2015.06.04 02:10:07.646,0.88957,0.88999,1.37,1.37
2015.06.04 02:10:08.008,0.88958,0.89004,1.37,1.50
2015.06.04 02:10:08.145,0.88963,0.89004,1.00,1.50
2015.06.04 02:10:10.245,0.88963,0.89002,1.00,1.50
2015.06.04 02:10:10.557,0.88963,0.88997,1.00,1.75
2015.06.04 02:10:10.608,0.88958,0.88997,1.00,1.75
2015.06.04 02:10:11.254,0.88958,0.88996,1.00,1.75
2015.06.04 02:10:17.866,0.88958,0.88995,1.00,1.75
2015.06.04 02:10:18.285,0.88953,0.88995,1.00,1.75
2015.06.04 02:10:18.426,0.88953,0.88995,1.00,1.75
2015.06.04 02:10:18.768,0.88953,0.88993,1.00,1.75
2015.06.04 02:10:19.165,0.88953,0.88989,1.00,1.37
2015.06.04 02:10:19.266,0.88953,0.88988,1.00,1.50
2015.06.04 02:10:19.316,0.88947,0.88988,1.00,1.50
2015.06.04 02:10:19.384,0.88953,0.88988,1.00,1.50
2015.06.04 02:10:19.542,0.88953,0.88987,1.00,1.37
2015.06.04 02:10:20.170,0.88953,0.88987,1.00,1.37
2015.06.04 02:10:23.176,0.88953,0.8899,1.00,1.50
2015.06.04 02:10:23.277,0.88953,0.88992,1.00,2.25
2015.06.04 02:10:24.465,0.88953,0.88992,1.00,1.87
2015.06.04 02:10:26.681,0.88953,0.88992,1.00,1.37
2015.06.04 02:10:37.459,0.88953,0.88993,1.00,1.50
2015.06.04 02:10:39.010,0.88953,0.88991,1.00,1.37
2015.06.04 02:10:39.344,0.88953,0.8899,1.00,1.50
2015.06.04 02:10:41.568,0.88953,0.88988,1.00,1.50
2015.06.04 02:10:41.668,0.88953,0.8899,1.00,1.37
2015.06.04 02:10:41.915,0.88953,0.8899,1.00,1.37
2015.06.04 02:10:42.157,0.88953,0.88994,1.00,1.37
2015.06.04 02:10:45.476,0.88953,0.88992,1.00,1.37
2015.06.04 02:10:46.385,0.88952,0.88992,1.12,1.37
2015.06.04 02:10:46.894,0.88954,0.88992,2.25,1.37
2015.06.04 02:10:48.185,0.88954,0.88995,2.62,1.37
2015.06.04 02:10:48.534,0.88958,0.88996,1.00,1.50
2015.06.04 02:10:49.073,0.88958,0.88994,1.00,1.37
2015.06.04 02:10:50.625,0.88954,0.88992,2.25,1.37
2015.06.04 02:10:51.444,0.88953,0.88992,3.37,1.37
2015.06.04 02:10:51.689,0.88953,0.88992,3.00,1.37
2015.06.04 02:11:04.915,0.88954,0.88993,2.25,1.37
2015.06.04 02:11:07.017,0.88954,0.88993,2.62,1.37
2015.06.04 02:11:07.418,0.88954,0.88993,2.62,1.12
2015.06.04 02:11:09.053,0.88954,0.88993,1.37,1.12
2015.06.04 02:11:18.386,0.88954,0.88992,1.37,1.00
2015.06.04 02:11:21.644,0.88958,0.88997,1.00,1.37
2015.06.04 02:11:22.321,0.8896,0.89004,1.00,1.75
2015.06.04 02:11:22.371,0.8896,0.89005,1.00,1.75
2015.06.04 02:11:22.439,0.8896,0.89005,1.37,1.50
2015.06.04 02:11:22.673,0.88963,0.89003,1.00,1.75
2015.06.04 02:11:22.740,0.88963,0.89003,1.00,1.75
2015.06.04 02:11:22.893,0.88972,0.89005,1.00,1.75
2015.06.04 02:11:22.944,0.88972,0.89005,1.00,1.50
2015.06.04 02:11:23.141,0.88973,0.89009,1.00,1.00
2015.06.04 02:11:23.246,0.88973,0.89014,1.00,1.00
2015.06.04 02:11:23.751,0.88973,0.89017,1.00,1.00
2015.06.04 02:11:24.103,0.88979,0.89017,2.25,1.00
2015.06.04 02:11:24.545,0.88979,0.89017,2.25,1.37
2015.06.04 02:11:30.356,0.88978,0.89017,3.00,1.37
2015.06.04 02:11:31.476,0.88978,0.89017,3.00,1.50
2015.06.04 02:11:33.861,0.88978,0.89017,3.00,1.37
2015.06.04 02:11:34.162,0.88978,0.89017,3.00,1.75
2015.06.04 02:11:34.694,0.8898,0.89012,1.00,1.37
2015.06.04 02:11:35.224,0.8898,0.89012,1.00,1.37
2015.06.04 02:11:35.654,0.8898,0.89012,1.00,1.75
2015.06.04 02:11:36.768,0.8898,0.89012,1.00,1.50
2015.06.04 02:11:37.268,0.8898,0.89012,1.00,1.37
2015.06.04 02:11:37.643,0.88975,0.89012,1.00,1.37
2015.06.04 02:11:38.183,0.88975,0.89012,1.00,1.37
2015.06.04 02:11:39.071,0.88975,0.89012,1.00,1.37
2015.06.04 02:11:40.073,0.88975,0.89012,1.00,1.37
2015.06.04 02:11:40.610,0.88973,0.89015,2.25,1.75
2015.06.04 02:11:40.674,0.88973,0.89015,2.25,1.75
2015.06.04 02:11:40.875,0.88973,0.89017,2.25,1.75
2015.06.04 02:11:41.376,0.88973,0.89012,2.25,1.37
2015.06.04 02:11:41.776,0.88973,0.89013,2.25,1.75
2015.06.04 02:11:44.234,0.88972,0.89013,2.25,1.75
2015.06.04 02:11:44.913,0.88972,0.89013,2.25,1.75
2015.06.04 02:11:45.089,0.88972,0.89013,2.25,1.50
2015.06.04 02:11:47.172,0.88973,0.89012,2.25,1.37
2015.06.04 02:12:05.102,0.88972,0.89012,1.00,1.37
2015.06.04 02:12:07.292,0.88973,0.89016,1.00,1.75
2015.06.04 02:12:07.465,0.88973,0.89017,1.12,1.37
2015.06.04 02:12:07.774,0.88981,0.89021,2.25,1.75
2015.06.04 02:12:07.875,0.88981,0.89022,2.25,1.75
2015.06.04 02:12:10.142,0.88981,0.89017,2.25,1.50
2015.06.04 02:12:10.602,0.8898,0.89017,1.00,1.50
2015.06.04 02:12:17.971,0.88981,0.89017,1.00,1.50
2015.06.04 02:12:19.153,0.88981,0.89018,1.00,1.37
2015.06.04 02:12:19.355,0.88981,0.89018,1.00,1.75
2015.06.04 02:12:24.663,0.88981,0.89018,1.00,1.75
2015.06.04 02:12:25.168,0.88981,0.89018,1.00,1.37
2015.06.04 02:12:25.269,0.88981,0.89018,1.00,1.75
2015.06.04 02:12:25.971,0.88981,0.89018,1.00,1.37
2015.06.04 02:12:26.172,0.88981,0.89018,1.00,1.75
2015.06.04 02:12:27.211,0.88977,0.89018,1.00,1.75
2015.06.04 02:12:27.312,0.88977,0.89018,1.00,1.37
2015.06.04 02:12:28.721,0.88977,0.89018,1.00,1.50
2015.06.04 02:12:28.877,0.88977,0.89018,1.00,1.75
2015.06.04 02:12:29.401,0.88977,0.89017,1.00,1.75
2015.06.04 02:12:30.181,0.88973,0.89017,1.00,1.75
2015.06.04 02:12:31.371,0.88968,0.89017,3.37,1.75
2015.06.04 02:12:31.572,0.88973,0.89012,1.00,1.37
2015.06.04 02:12:34.589,0.88973,0.89012,1.00,1.37
2015.06.04 02:12:36.231,0.88973,0.89012,1.00,1.37
2015.06.04 02:12:43.694,0.88973,0.89012,1.00,1.37
2015.06.04 02:12:44.536,0.88973,0.89012,1.00,2.25
2015.06.04 02:12:44.881,0.88968,0.89012,1.00,2.25
2015.06.04 02:12:45.244,0.88968,0.89007,1.00,1.75
2015.06.04 02:12:49.019,0.88968,0.89004,1.00,1.67
2015.06.04 02:12:53.626,0.88968,0.89006,1.00,1.35
2015.06.04 02:12:54.916,0.88968,0.89005,1.00,1.35
2015.06.04 02:12:55.731,0.88968,0.89004,1.00,1.67
2015.06.04 02:13:11.061,0.88963,0.89002,1.00,1.37
2015.06.04 02:13:11.633,0.88967,0.89008,1.00,1.75
2015.06.04 02:13:21.592,0.88967,0.89008,1.00,1.75
2015.06.04 02:13:24.797,0.88967,0.89008,1.00,1.75
2015.06.04 02:13:26.599,0.88967,0.89008,1.00,1.75
2015.06.04 02:13:27.132,0.88967,0.89008,1.00,1.75
2015.06.04 02:13:28.207,0.88968,0.89011,1.00,1.37
2015.06.04 02:13:28.330,0.88973,0.89012,1.00,1.37
2015.06.04 02:13:28.503,0.88973,0.89012,1.00,1.37
2015.06.04 02:13:28.603,0.88968,0.89017,1.37,1.75
2015.06.04 02:13:28.704,0.88968,0.89017,1.37,1.37
2015.06.04 02:13:28.881,0.88973,0.89017,1.00,1.37
2015.06.04 02:13:40.030,0.88973,0.89017,3.00,1.37
2015.06.04 02:13:40.131,0.88975,0.89023,1.12,1.00
2015.06.04 02:13:40.232,0.88977,0.89023,1.37,1.37
2015.06.04 02:13:40.537,0.88983,0.89027,1.00,1.75
2015.06.04 02:13:40.588,0.88978,0.8903,1.12,1.75
2015.06.04 02:13:40.639,0.88978,0.8903,1.50,1.37
2015.06.04 02:13:40.934,0.88983,0.89032,1.00,1.50
2015.06.04 02:13:43.109,0.88983,0.89032,1.50,1.50
2015.06.04 02:13:46.079,0.88983,0.89032,1.00,1.50
2015.06.04 02:13:48.346,0.88983,0.89032,1.12,1.37
2015.06.04 02:13:48.650,0.88991,0.89032,1.00,1.37
2015.06.04 02:13:50.880,0.88993,0.89037,1.00,2.25
2015.06.04 02:13:51.352,0.88993,0.89037,1.00,2.25
2015.06.04 02:13:51.453,0.88993,0.89033,1.00,1.75
2015.06.04 02:13:51.763,0.88993,0.89037,1.00,2.25
2015.06.04 02:13:52.244,0.88993,0.89033,1.00,1.75
2015.06.04 02:13:52.345,0.88991,0.89033,1.00,1.75
2015.06.04 02:13:52.793,0.88991,0.89028,1.00,1.00
2015.06.04 02:13:52.903,0.88991,0.89038,1.00,1.50
2015.06.04 02:13:53.080,0.88993,0.89037,1.00,1.37
2015.06.04 02:13:53.462,0.88993,0.89037,1.00,1.75
2015.06.04 02:13:54.517,0.88993,0.89037,1.00,1.75
2015.06.04 02:13:54.568,0.88987,0.89038,1.50,1.75
2015.06.04 02:13:54.618,0.88987,0.89038,1.50,1.75
2015.06.04 02:13:55.609,0.88998,0.89042,1.00,1.75
2015.06.04 02:13:55.830,0.88993,0.89037,1.00,1.37
2015.06.04 02:13:56.050,0.88998,0.89042,1.00,1.50
2015.06.04 02:13:57.590,0.88997,0.89043,1.00,1.75
2015.06.04 02:14:00.229,0.88993,0.89037,1.00,1.12
2015.06.04 02:14:01.188,0.88992,0.89038,1.12,1.37
2015.06.04 02:14:01.390,0.88993,0.89037,1.37,1.12
2015.06.04 02:14:01.527,0.88993,0.89037,1.00,1.12
2015.06.04 02:14:01.578,0.88998,0.89042,1.00,1.50
2015.06.04 02:14:01.911,0.88993,0.89037,1.37,1.00
2015.06.04 02:14:03.631,0.88993,0.89037,1.37,1.00
2015.06.04 02:14:05.085,0.8899,0.89042,1.37,1.37
2015.06.04 02:14:05.136,0.8899,0.89042,1.75,1.37
2015.06.04 02:14:05.237,0.88994,0.89042,1.37,1.37
2015.06.04 02:14:05.338,0.88994,0.89042,1.75,1.37
2015.06.04 02:14:06.098,0.89002,0.89043,1.12,1.37
2015.06.04 02:14:08.922,0.89002,0.89043,1.12,1.50
2015.06.04 02:14:11.343,0.88999,0.89043,1.12,1.75
2015.06.04 02:14:11.394,0.88997,0.89043,1.37,1.75
2015.06.04 02:14:11.572,0.89003,0.89037,1.00,1.37
2015.06.04 02:14:14.050,0.89003,0.89037,1.00,1.12
2015.06.04 02:14:15.109,0.88995,0.89037,1.37,1.12
2015.06.04 02:14:15.159,0.88993,0.89037,1.37,1.50
2015.06.04 02:14:15.340,0.88987,0.89033,1.35,1.37
2015.06.04 02:14:15.440,0.88987,0.89033,1.00,1.00
2015.06.04 02:14:15.657,0.88997,0.89033,1.00,1.00
2015.06.04 02:14:16.314,0.89003,0.89037,1.00,1.37
2015.06.04 02:14:18.629,0.89003,0.89042,1.00,1.37
2015.06.04 02:14:19.219,0.89002,0.89046,1.00,1.75
2015.06.04 02:14:19.619,0.89003,0.89042,1.00,1.37
2015.06.04 02:14:20.169,0.89002,0.89046,1.00,1.75
2015.06.04 02:14:20.358,0.89003,0.89037,1.00,1.00
2015.06.04 02:14:20.608,0.89003,0.89042,1.00,1.37
2015.06.04 02:14:21.348,0.89003,0.89037,1.00,1.00
2015.06.04 02:14:21.570,0.89003,0.89042,1.00,1.37
2015.06.04 02:14:21.827,0.88998,0.89037,1.37,1.00
2015.06.04 02:14:21.898,0.89003,0.89042,1.00,1.37
2015.06.04 02:14:23.875,0.89003,0.89042,1.12,1.75
2015.06.04 02:14:24.970,0.89003,0.89042,1.12,1.75
2015.06.04 02:14:25.232,0.88999,0.89043,1.12,1.75
2015.06.04 02:14:27.648,0.88998,0.89042,1.75,1.37
2015.06.04 02:14:27.759,0.88998,0.89042,1.75,1.75
2015.06.04 02:14:28.483,0.88998,0.89042,1.75,1.37
2015.06.04 02:14:29.184,0.88998,0.89042,1.75,1.50
2015.06.04 02:14:29.285,0.88998,0.89042,1.00,1.50
2015.06.04 02:14:29.919,0.88997,0.89043,1.00,1.75
2015.06.04 02:14:32.788,0.88998,0.89042,1.00,1.50
2015.06.04 02:14:33.692,0.88998,0.89042,1.00,1.75
2015.06.04 02:14:34.360,0.88993,0.89037,1.50,1.37
2015.06.04 02:14:34.579,0.88998,0.89042,1.00,1.75
2015.06.04 02:14:36.890,0.88997,0.89038,1.00,1.37
2015.06.04 02:14:37.408,0.88997,0.89032,1.00,1.00
2015.06.04 02:14:38.001,0.88997,0.89032,1.00,1.37
2015.06.04 02:14:38.218,0.88992,0.89033,1.00,1.37
2015.06.04 02:14:38.839,0.88989,0.89032,1.12,1.37
2015.06.04 02:14:39.198,0.88988,0.89032,1.87,1.12
2015.06.04 02:14:39.631,0.8899,0.89032,1.12,1.00
2015.06.04 02:14:39.858,0.8899,0.89037,1.12,1.37
2015.06.04 02:14:39.909,0.8899,0.89037,1.75,1.37
2015.06.04 02:14:40.268,0.88997,0.89038,1.00,1.37
2015.06.04 02:14:40.705,0.88998,0.89037,1.37,1.37
2015.06.04 02:14:40.786,0.88998,0.89037,1.00,1.00
2015.06.04 02:14:40.887,0.88997,0.89043,1.12,1.87
2015.06.04 02:14:41.463,0.88998,0.89042,1.00,1.37
2015.06.04 02:14:41.991,0.88998,0.89042,1.00,1.37
2015.06.04 02:14:45.027,0.88997,0.89043,1.50,1.50
2015.06.04 02:14:45.595,0.88998,0.89042,1.12,1.50
2015.06.04 02:14:49.300,0.88998,0.89042,1.00,1.37
2015.06.04 02:14:51.919,0.88998,0.89042,1.00,1.50
2015.06.04 02:14:52.458,0.88998,0.89042,1.00,1.75
2015.06.04 02:14:52.975,0.88997,0.89038,1.00,1.37
2015.06.04 02:14:53.268,0.88997,0.89038,1.12,1.00
2015.06.04 02:14:53.799,0.88998,0.89042,1.00,1.37
2015.06.04 02:14:54.529,0.88998,0.89042,1.00,1.37
2015.06.04 02:14:59.948,0.88998,0.89045,1.00,2.25
2015.06.04 02:15:01.847,0.88998,0.89037,1.00,1.37
2015.06.04 02:15:02.730,0.88998,0.89037,1.00,1.37
2015.06.04 02:15:03.732,0.88998,0.89037,1.00,1.50
2015.06.04 02:15:03.842,0.88998,0.89037,1.00,1.37
2015.06.04 02:15:04.927,0.88998,0.89037,1.00,1.37
2015.06.04 02:15:05.356,0.88993,0.89032,1.00,1.00
2015.06.04 02:15:06.578,0.88998,0.89037,1.00,1.37
2015.06.04 02:15:10.882,0.88998,0.89037,1.00,1.75
2015.06.04 02:15:11.401,0.88997,0.89037,1.00,1.75
2015.06.04 02:15:11.838,0.88997,0.89037,1.00,1.75
2015.06.04 02:15:13.862,0.88993,0.89037,1.50,1.75
2015.06.04 02:15:16.173,0.88993,0.89037,1.50,1.75
2015.06.04 02:15:18.162,0.88996,0.89037,1.00,1.75
2015.06.04 02:15:21.232,0.88992,0.89038,1.50,1.75
2015.06.04 02:15:23.972,0.88992,0.89038,1.50,1.75
2015.06.04 02:15:24.422,0.88996,0.89038,1.00,3.00
2015.06.04 02:15:24.685,0.88996,0.89037,1.00,1.50
2015.06.04 02:15:26.568,0.88996,0.89032,1.00,1.37
2015.06.04 02:15:27.092,0.88996,0.89032,1.00,1.37
2015.06.04 02:15:27.402,0.88992,0.89033,1.00,1.37
2015.06.04 02:15:28.916,0.88988,0.89032,1.75,1.37
2015.06.04 02:15:29.117,0.88987,0.89032,1.75,1.50
2015.06.04 02:15:30.300,0.88987,0.89033,1.75,1.50
2015.06.04 02:15:30.472,0.88987,0.89033,1.00,1.50
2015.06.04 02:15:35.351,0.88988,0.89032,1.00,1.37
2015.06.04 02:15:35.402,0.88988,0.89032,1.00,1.37
2015.06.04 02:15:53.841,0.88987,0.89033,1.00,1.37
2015.06.04 02:15:54.041,0.88987,0.89033,1.00,1.50
2015.06.04 02:15:54.562,0.88988,0.89028,1.00,1.00
2015.06.04 02:15:55.228,0.88988,0.89027,1.50,1.37
2015.06.04 02:15:55.737,0.88988,0.89027,1.50,1.00
2015.06.04 02:15:56.581,0.88992,0.89033,1.00,1.37
2015.06.04 02:15:57.150,0.88992,0.89033,1.00,1.37
2015.06.04 02:15:57.350,0.88992,0.89033,1.00,1.12
2015.06.04 02:16:02.063,0.88993,0.89032,1.00,1.00
2015.06.04 02:16:02.591,0.88992,0.89033,1.00,1.37
2015.06.04 02:16:03.852,0.88992,0.89033,1.00,1.37
2015.06.04 02:16:04.263,0.88992,0.89033,1.00,1.50
2015.06.04 02:16:05.121,0.88989,0.89028,1.00,1.12
2015.06.04 02:16:06.220,0.88987,0.89028,1.00,1.12
2015.06.04 02:16:08.191,0.88987,0.89028,1.00,1.37
2015.06.04 02:16:11.151,0.88987,0.89028,1.37,1.37
2015.06.04 02:16:11.380,0.88987,0.89028,1.37,1.12
2015.06.04 02:16:11.482,0.88988,0.89032,1.12,1.37
2015.06.04 02:16:11.640,0.88992,0.89038,1.00,3.00
2015.06.04 02:16:11.991,0.88987,0.89033,1.37,1.75
2015.06.04 02:16:13.739,0.88993,0.89032,1.00,1.75
2015.06.04 02:16:15.282,0.88993,0.89032,1.00,1.75
2015.06.04 02:16:15.683,0.88993,0.89032,1.00,1.37
2015.06.04 02:16:16.694,0.88993,0.89032,1.00,1.75
2015.06.04 02:16:16.795,0.88988,0.89027,1.00,1.37
2015.06.04 02:16:16.867,0.88988,0.89027,1.00,1.37
2015.06.04 02:16:17.211,0.88988,0.89027,1.00,1.75
2015.06.04 02:16:19.916,0.88988,0.89027,1.00,1.75
2015.06.04 02:16:20.301,0.88988,0.89027,1.00,3.00
2015.06.04 02:16:20.352,0.88983,0.89027,1.00,2.25
2015.06.04 02:16:20.543,0.88983,0.89023,1.00,1.50
2015.06.04 02:16:20.696,0.88983,0.89023,1.00,2.25
2015.06.04 02:16:20.885,0.88977,0.89021,1.00,1.50
2015.06.04 02:16:21.533,0.88978,0.89017,1.00,1.37
2015.06.04 02:16:21.639,0.88977,0.89018,1.00,1.00
2015.06.04 02:16:21.690,0.88977,0.89018,1.00,1.37
2015.06.04 02:16:22.211,0.88977,0.89018,1.12,1.00
2015.06.04 02:16:22.378,0.88977,0.89018,1.37,1.00
2015.06.04 02:16:22.429,0.88972,0.89023,1.87,1.37
2015.06.04 02:16:22.610,0.88982,0.89023,1.00,1.37
2015.06.04 02:16:23.051,0.88988,0.89027,1.00,1.75
2015.06.04 02:16:24.591,0.88983,0.89027,1.00,1.75
2015.06.04 02:16:25.169,0.88978,0.89022,1.00,1.37
2015.06.04 02:16:25.220,0.88978,0.89022,1.00,1.75
2015.06.04 02:16:25.802,0.88977,0.89023,1.00,2.25
2015.06.04 02:16:26.035,0.88977,0.89023,1.00,1.50
2015.06.04 02:16:27.560,0.88978,0.89022,1.00,1.37
2015.06.04 02:16:32.122,0.88983,0.89025,1.00,2.25
2015.06.04 02:16:32.294,0.88977,0.89023,1.00,1.50
2015.06.04 02:16:32.841,0.88978,0.89022,1.00,1.87
2015.06.04 02:16:34.381,0.88977,0.89023,1.00,1.50
2015.06.04 02:16:36.585,0.88978,0.89022,1.00,1.37
2015.06.04 02:16:37.570,0.88983,0.89026,1.00,1.75
2015.06.04 02:16:41.184,0.88983,0.89027,1.00,3.00
2015.06.04 02:16:41.235,0.88977,0.89028,1.37,2.25
2015.06.04 02:16:41.285,0.88977,0.89028,1.75,1.87
2015.06.04 02:16:41.651,0.88978,0.89027,1.37,1.37
2015.06.04 02:16:41.861,0.88988,0.89031,1.00,1.12
2015.06.04 02:16:41.962,0.88988,0.89032,1.00,1.75
2015.06.04 02:16:42.481,0.88988,0.89032,1.00,1.75
2015.06.04 02:16:42.641,0.88992,0.8903,1.00,1.00
2015.06.04 02:16:42.891,0.88988,0.89032,1.00,1.75
2015.06.04 02:16:42.942,0.88988,0.8903,1.00,1.37
2015.06.04 02:16:43.043,0.88988,0.89032,1.00,1.87
2015.06.04 02:16:43.144,0.88988,0.89032,1.00,1.37
2015.06.04 02:16:43.244,0.88988,0.89032,1.00,1.00
2015.06.04 02:16:43.295,0.88988,0.89034,1.00,1.00
2015.06.04 02:16:43.400,0.88987,0.89038,1.35,1.00
2015.06.04 02:16:43.633,0.88998,0.89042,1.00,2.25
2015.06.04 02:16:44.280,0.88993,0.89042,1.00,1.50
2015.06.04 02:16:44.381,0.88993,0.8904,1.37,1.37
2015.06.04 02:16:44.830,0.88993,0.89032,1.37,1.00
2015.06.04 02:16:49.105,0.88995,0.89032,1.75,1.00
2015.06.04 02:16:49.155,0.88997,0.89043,1.67,1.12
2015.06.04 02:16:49.357,0.89008,0.89047,1.00,1.37
2015.06.04 02:16:49.407,0.89008,0.89047,1.00,1.12
2015.06.04 02:16:49.564,0.89008,0.89047,1.37,1.12
2015.06.04 02:16:50.576,0.89003,0.89042,1.75,1.00
2015.06.04 02:16:50.780,0.89003,0.89042,1.37,1.00
2015.06.04 02:16:50.881,0.89003,0.89042,1.37,1.00
2015.06.04 02:16:51.586,0.89002,0.89043,1.37,1.00
2015.06.04 02:16:51.821,0.89002,0.89043,1.12,1.00
2015.06.04 02:16:53.494,0.89002,0.89043,1.00,1.37
2015.06.04 02:16:53.904,0.88998,0.89042,1.00,1.37
2015.06.04 02:16:54.074,0.88998,0.89042,1.00,1.50
2015.06.04 02:16:54.620,0.88997,0.89043,1.12,1.75
2015.06.04 02:16:56.720,0.88997,0.89043,1.00,1.37
2015.06.04 02:16:58.080,0.88997,0.89043,1.12,1.75
2015.06.04 02:17:01.084,0.88993,0.89037,1.75,1.12
2015.06.04 02:17:06.693,0.88998,0.89042,1.00,1.37
2015.06.04 02:17:07.195,0.88998,0.89042,1.37,1.37
2015.06.04 02:17:07.541,0.88998,0.8904,1.00,1.75
2015.06.04 02:17:08.150,0.88992,0.89038,1.37,1.75
2015.06.04 02:17:08.899,0.88992,0.89038,1.37,1.75
2015.06.04 02:17:09.200,0.88997,0.8904,1.00,1.75
2015.06.04 02:17:09.803,0.88998,0.89037,1.00,1.75
2015.06.04 02:17:10.303,0.88998,0.89037,1.00,1.50
2015.06.04 02:17:10.404,0.88998,0.89037,1.00,1.75
2015.06.04 02:17:13.311,0.88998,0.89037,1.00,1.75
2015.06.04 02:17:13.618,0.88998,0.89037,1.00,1.75
2015.06.04 02:17:13.720,0.88998,0.89037,1.00,1.75
2015.06.04 02:17:13.821,0.88998,0.89037,1.00,1.75
2015.06.04 02:17:13.922,0.88998,0.89042,1.00,1.87
2015.06.04 02:17:14.023,0.88998,0.89042,1.37,1.37
2015.06.04 02:17:14.124,0.89002,0.89043,1.00,1.37
2015.06.04 02:17:14.174,0.89002,0.89038,1.00,1.00
2015.06.04 02:17:14.275,0.89002,0.89043,1.00,1.97
2015.06.04 02:17:14.326,0.88987,0.89038,1.12,1.00
2015.06.04 02:17:14.678,0.88988,0.89032,1.00,1.00
2015.06.04 02:17:15.094,0.88988,0.89027,1.00,1.00
2015.06.04 02:17:15.898,0.88987,0.89028,1.50,1.00
2015.06.04 02:17:16.520,0.88987,0.89028,1.37,1.37
2015.06.04 02:17:17.160,0.88988,0.89027,1.00,1.75
2015.06.04 02:17:18.902,0.88988,0.89027,1.12,1.50
2015.06.04 02:17:21.731,0.88988,0.89027,1.12,1.37
2015.06.04 02:17:24.436,0.88988,0.89027,1.12,1.37
2015.06.04 02:17:24.537,0.88988,0.89027,1.00,1.37
2015.06.04 02:17:25.089,0.88987,0.89028,1.37,1.37
2015.06.04 02:17:26.538,0.88987,0.89028,1.37,1.37
2015.06.04 02:17:26.840,0.88987,0.89028,1.37,1.37
2015.06.04 02:17:26.941,0.88987,0.89028,1.37,1.37
2015.06.04 02:17:27.542,0.88987,0.89028,1.12,1.37
2015.06.04 02:17:34.451,0.88987,0.89028,1.37,1.50
2015.06.04 02:17:34.659,0.88987,0.89028,1.37,1.37
2015.06.04 02:17:34.881,0.88982,0.89023,1.75,1.00
2015.06.04 02:17:36.055,0.88982,0.89023,1.50,1.00
2015.06.04 02:17:40.819,0.88983,0.89022,1.37,1.00
2015.06.04 02:17:50.688,0.88983,0.89022,1.75,1.00
2015.06.04 02:17:53.393,0.88983,0.89022,1.75,1.00
2015.06.04 02:17:59.803,0.88983,0.89022,1.75,1.00
2015.06.04 02:18:01.540,0.88982,0.89023,1.75,1.00
2015.06.04 02:18:10.188,0.88983,0.89022,1.75,1.00
2015.06.04 02:18:11.323,0.88983,0.89022,1.37,1.00
2015.06.04 02:18:11.571,0.88983,0.89022,1.75,1.00
2015.06.04 02:18:12.269,0.88982,0.89023,1.75,1.00
2015.06.04 02:18:15.188,0.8898,0.89018,1.35,1.00
2015.06.04 02:18:16.934,0.88983,0.89022,1.75,1.00
2015.06.04 02:18:18.375,0.88983,0.89022,1.75,1.37
2015.06.04 02:18:18.539,0.88983,0.89022,1.37,1.12
2015.06.04 02:18:20.645,0.88983,0.89022,1.50,1.00
2015.06.04 02:18:21.047,0.88983,0.89022,1.75,1.00
2015.06.04 02:18:22.338,0.88987,0.89028,1.37,1.12
2015.06.04 02:18:22.668,0.88982,0.89028,1.75,1.37
2015.06.04 02:18:23.132,0.88983,0.89022,1.50,1.00
2015.06.04 02:18:24.857,0.88983,0.89022,1.75,1.00
2015.06.04 02:18:26.928,0.88988,0.89027,1.37,1.12
2015.06.04 02:18:28.797,0.88988,0.89027,1.37,1.72
2015.06.04 02:18:28.994,0.88988,0.89027,1.37,1.72
2015.06.04 02:18:32.097,0.88983,0.89022,1.75,1.00
2015.06.04 02:18:34.338,0.88988,0.89027,1.37,1.72
2015.06.04 02:18:35.072,0.88988,0.89027,1.37,1.00
2015.06.04 02:18:35.606,0.88988,0.89027,1.75,1.00
2015.06.04 02:18:40.411,0.88988,0.89027,1.75,1.00
2015.06.04 02:18:45.077,0.88987,0.89028,1.75,1.12
2015.06.04 02:18:45.889,0.88987,0.89028,1.75,1.00
2015.06.04 02:18:46.339,0.88988,0.89027,1.50,1.00
2015.06.04 02:18:46.752,0.88988,0.89027,1.75,1.00
2015.06.04 02:18:47.125,0.88988,0.89027,1.75,1.00
2015.06.04 02:18:54.005,0.88988,0.89027,1.75,1.00
2015.06.04 02:18:57.208,0.88988,0.89027,1.75,1.00
2015.06.04 02:18:59.859,0.88988,0.89027,1.75,1.00
2015.06.04 02:19:00.217,0.88987,0.8903,1.75,1.12
2015.06.04 02:19:00.587,0.88982,0.89023,1.75,1.00
2015.06.04 02:19:00.807,0.88988,0.89027,1.50,1.37
2015.06.04 02:19:00.916,0.88983,0.89022,1.75,1.00
2015.06.04 02:19:01.595,0.88983,0.89027,1.75,1.37
2015.06.04 02:19:01.847,0.88987,0.89028,1.75,1.37
2015.06.04 02:19:02.416,0.88987,0.89028,1.75,1.00
2015.06.04 02:19:05.147,0.88987,0.89028,1.75,1.00
2015.06.04 02:19:06.423,0.88987,0.89028,1.75,1.00
2015.06.04 02:19:08.126,0.88987,0.89028,1.75,1.00
2015.06.04 02:19:10.764,0.88993,0.89032,1.75,1.00
2015.06.04 02:19:10.865,0.89008,0.89038,1.00,2.10
2015.06.04 02:19:11.167,0.89012,0.89054,1.00,1.75
2015.06.04 02:19:11.268,0.89012,0.89058,1.00,2.62
2015.06.04 02:19:11.827,0.89013,0.89057,1.00,1.37
2015.06.04 02:19:11.936,0.89013,0.89057,1.37,1.00
2015.06.04 02:19:12.358,0.89018,0.8906,1.00,1.00
2015.06.04 02:19:16.856,0.89018,0.89062,1.00,1.75
2015.06.04 02:19:17.246,0.89013,0.89052,1.37,1.00
2015.06.04 02:19:23.556,0.89013,0.89052,1.00,1.00
2015.06.04 02:19:23.607,0.89007,0.89053,1.37,1.00
2015.06.04 02:19:23.658,0.89007,0.89053,1.37,1.75
2015.06.04 02:19:24.008,0.89008,0.89052,1.37,1.37
2015.06.04 02:19:24.349,0.89012,0.89053,1.37,1.37
2015.06.04 02:19:24.935,0.89012,0.89053,1.50,1.12
2015.06.04 02:19:27.570,0.89012,0.89053,1.75,1.00
2015.06.04 02:19:29.372,0.89012,0.89053,1.50,1.00
2015.06.04 02:19:29.873,0.89012,0.89053,1.75,1.00
2015.06.04 02:19:34.082,0.89012,0.89053,1.75,1.12
2015.06.04 02:19:39.392,0.89018,0.89057,1.00,1.75
2015.06.04 02:19:39.656,0.89013,0.89052,1.00,1.12
2015.06.04 02:19:39.707,0.89013,0.89052,1.00,1.37
2015.06.04 02:19:40.075,0.89013,0.89052,1.00,1.50
2015.06.04 02:19:40.932,0.89013,0.89047,1.00,1.75
2015.06.04 02:19:41.083,0.89003,0.89044,1.00,1.75
2015.06.04 02:19:41.385,0.89003,0.89041,1.00,1.75
2015.06.04 02:19:43.720,0.89003,0.89042,1.00,2.25
2015.06.04 02:19:49.131,0.89003,0.89042,1.00,1.50
2015.06.04 02:19:49.534,0.89003,0.89042,1.12,1.37
2015.06.04 02:19:49.584,0.89007,0.89045,1.00,1.67
2015.06.04 02:19:50.085,0.89003,0.89042,1.37,1.37
2015.06.04 02:19:51.055,0.89008,0.89047,1.00,1.87
2015.06.04 02:19:54.142,0.89008,0.89047,1.12,1.75
2015.06.04 02:19:54.987,0.89008,0.89047,1.37,1.50
2015.06.04 02:19:55.845,0.89008,0.89047,1.37,1.37
2015.06.04 02:19:56.446,0.89008,0.89047,1.12,1.37
2015.06.04 02:19:56.548,0.89008,0.89047,1.00,1.75
2015.06.04 02:20:01.765,0.89008,0.89047,1.00,1.75
2015.06.04 02:20:02.084,0.89002,0.89043,1.37,1.37
2015.06.04 02:20:02.766,0.89002,0.89043,1.37,1.50
2015.06.04 02:20:04.870,0.89002,0.89043,1.37,1.37
2015.06.04 02:20:04.971,0.89002,0.89043,1.37,1.37
2015.06.04 02:20:06.561,0.89007,0.89048,1.00,1.75
2015.06.04 02:20:07.365,0.89003,0.89042,1.37,1.37
2015.06.04 02:20:10.624,0.89003,0.89042,1.50,1.37
2015.06.04 02:20:11.609,0.89003,0.89042,1.37,1.37
2015.06.04 02:20:12.517,0.89008,0.89047,1.00,1.75
2015.06.04 02:20:25.606,0.89008,0.89047,1.00,1.75
2015.06.04 02:20:30.579,0.89002,0.89048,1.50,1.87
2015.06.04 02:20:30.630,0.89002,0.89048,1.37,1.87
2015.06.04 02:20:30.754,0.89002,0.89044,1.00,1.75
2015.06.04 02:20:30.915,0.88997,0.89042,1.37,1.37
2015.06.04 02:20:31.016,0.88997,0.89042,1.75,1.37
2015.06.04 02:20:31.816,0.89003,0.89042,1.37,1.37
2015.06.04 02:20:37.064,0.89007,0.89048,1.00,1.87
2015.06.04 02:20:37.323,0.89007,0.89048,1.37,1.87
2015.06.04 02:20:37.669,0.89007,0.89048,1.37,1.50
2015.06.04 02:20:37.926,0.89007,0.89048,1.37,1.37
2015.06.04 02:20:38.328,0.89007,0.89048,1.12,1.37
2015.06.04 02:20:38.628,0.89007,0.89048,1.37,1.50
2015.06.04 02:20:38.929,0.89007,0.89048,1.12,1.50
2015.06.04 02:20:39.181,0.89007,0.89048,1.37,1.37
2015.06.04 02:20:47.104,0.89002,0.89048,1.75,1.75
2015.06.04 02:20:47.158,0.89002,0.89048,1.75,1.50
2015.06.04 02:20:56.821,0.89007,0.89048,1.37,1.75
2015.06.04 02:20:58.176,0.89007,0.89048,1.00,1.75
2015.06.04 02:20:58.293,0.89003,0.89042,1.12,1.12
2015.06.04 02:20:58.477,0.89003,0.89042,1.00,1.37
2015.06.04 02:21:00.053,0.89008,0.89047,1.00,2.25
2015.06.04 02:21:02.144,0.89002,0.89043,1.00,1.37
2015.06.04 02:21:05.790,0.89002,0.89043,1.00,1.37
2015.06.04 02:21:06.331,0.89002,0.89043,1.37,1.75
2015.06.04 02:21:06.993,0.89002,0.89043,1.00,1.75
2015.06.04 02:21:08.697,0.89002,0.89043,1.37,1.75
2015.06.04 02:21:10.199,0.89002,0.89043,1.00,1.50
2015.06.04 02:21:10.700,0.89002,0.89043,1.00,1.75
2015.06.04 02:21:34.940,0.89002,0.89043,1.12,1.50
2015.06.04 02:21:35.842,0.89002,0.89043,1.00,1.75
2015.06.04 02:21:36.643,0.89002,0.89043,1.00,1.50
2015.06.04 02:21:37.292,0.89002,0.89043,1.37,1.37
2015.06.04 02:21:37.803,0.89002,0.89043,1.00,1.50
2015.06.04 02:21:38.553,0.89003,0.89042,1.00,1.37
2015.06.04 02:21:39.750,0.89003,0.89042,1.12,1.37
2015.06.04 02:21:40.222,0.89003,0.89042,1.00,1.50
2015.06.04 02:21:41.669,0.89003,0.89047,1.37,1.37
2015.06.04 02:21:41.770,0.89003,0.89052,1.37,1.87
2015.06.04 02:21:41.871,0.89007,0.89053,1.37,2.62
2015.06.04 02:21:41.972,0.89007,0.89053,1.37,1.87
2015.06.04 02:21:42.173,0.89001,0.89052,1.50,1.00
2015.06.04 02:21:42.274,0.89,0.89053,1.75,1.12
2015.06.04 02:21:42.694,0.89012,0.89058,1.00,2.25
2015.06.04 02:21:44.652,0.89012,0.89063,1.37,1.37
2015.06.04 02:21:44.702,0.89012,0.89063,1.50,1.50
2015.06.04 02:21:45.028,0.89023,0.89062,1.00,1.37
2015.06.04 02:21:46.164,0.89023,0.89062,1.00,1.37
2015.06.04 02:21:46.733,0.89023,0.89062,1.00,1.37
2015.06.04 02:21:49.992,0.89023,0.89062,1.00,1.50
2015.06.04 02:21:50.519,0.89023,0.89062,1.00,1.37
2015.06.04 02:21:50.578,0.89023,0.89062,1.00,1.75
2015.06.04 02:21:51.013,0.89023,0.89062,1.00,1.37
2015.06.04 02:21:51.281,0.89023,0.89062,1.00,1.50
2015.06.04 02:21:51.732,0.89023,0.89062,1.00,1.37
2015.06.04 02:21:51.782,0.89023,0.89062,1.00,1.50
2015.06.04 02:21:52.713,0.89023,0.89062,1.00,1.75
2015.06.04 02:21:54.175,0.89023,0.89062,1.00,1.50
2015.06.04 02:21:54.226,0.89023,0.89062,1.00,1.37
2015.06.04 02:21:54.738,0.89023,0.89062,1.00,1.50
2015.06.04 02:21:55.791,0.89023,0.89062,1.00,1.75
2015.06.04 02:21:56.331,0.89023,0.89062,1.00,1.75
2015.06.04 02:21:56.493,0.89023,0.89062,1.00,1.75
2015.06.04 02:21:56.618,0.89023,0.89062,1.00,1.75
2015.06.04 02:21:57.823,0.89017,0.89058,1.00,1.37
2015.06.04 02:22:06.511,0.89017,0.89058,1.00,1.37
2015.06.04 02:22:06.712,0.89017,0.89058,1.12,1.75
2015.06.04 02:22:07.250,0.89013,0.8906,1.00,1.75
2015.06.04 02:22:07.756,0.89012,0.89058,1.37,1.37
2015.06.04 02:22:10.143,0.89018,0.89062,1.00,2.25
2015.06.04 02:22:24.538,0.89018,0.89062,1.00,2.25
2015.06.04 02:22:24.588,0.89013,0.89061,1.00,1.75
2015.06.04 02:22:24.639,0.89013,0.89055,1.00,1.12
2015.06.04 02:22:24.892,0.89003,0.89051,1.37,1.75
2015.06.04 02:22:24.993,0.89003,0.89055,1.37,1.12
2015.06.04 02:22:25.094,0.89003,0.89055,1.37,1.37
2015.06.04 02:22:25.145,0.89013,0.89055,1.00,1.37
2015.06.04 02:22:25.482,0.89013,0.89056,1.00,2.05
2015.06.04 02:22:25.922,0.89018,0.8906,1.00,1.75
2015.06.04 02:22:26.742,0.89018,0.8906,1.00,1.75
2015.06.04 02:22:30.162,0.89012,0.89058,1.37,1.37
2015.06.04 02:22:30.949,0.89012,0.89058,1.37,1.37
2015.06.04 02:22:31.185,0.89018,0.89062,1.00,1.37
2015.06.04 02:22:32.571,0.89018,0.89062,1.12,1.37
2015.06.04 02:22:33.862,0.89013,0.89057,1.50,1.00
2015.06.04 02:22:38.067,0.89013,0.89057,1.37,1.00
2015.06.04 02:22:38.368,0.89013,0.89057,1.12,1.37
2015.06.04 02:22:38.673,0.89013,0.89057,1.00,1.37
2015.06.04 02:22:39.979,0.89013,0.89057,1.00,1.75
2015.06.04 02:22:40.872,0.89013,0.89057,1.00,1.75
2015.06.04 02:22:47.483,0.89013,0.89057,1.75,1.37
2015.06.04 02:22:47.584,0.89013,0.89057,1.50,1.00
2015.06.04 02:22:47.685,0.89018,0.89062,1.12,1.00
2015.06.04 02:22:48.101,0.89013,0.89068,2.25,1.60
2015.06.04 02:22:48.185,0.89013,0.89066,1.50,1.35
2015.06.04 02:22:48.336,0.89017,0.89058,1.00,1.00
2015.06.04 02:22:48.861,0.89013,0.89052,1.00,1.00
2015.06.04 02:22:49.187,0.89013,0.89052,1.00,1.37
2015.06.04 02:22:49.487,0.89013,0.89052,1.00,1.37
2015.06.04 02:22:49.689,0.89013,0.89059,1.00,1.75
2015.06.04 02:22:51.352,0.89012,0.89058,1.00,1.50
2015.06.04 02:22:51.791,0.89012,0.89058,1.00,1.75
2015.06.04 02:22:52.593,0.89012,0.89058,1.12,1.12
2015.06.04 02:22:52.852,0.89013,0.89057,1.37,1.00
2015.06.04 02:22:53.201,0.89012,0.89058,2.25,1.00
2015.06.04 02:22:53.371,0.89017,0.89063,1.37,1.12
2015.06.04 02:22:53.797,0.89017,0.89063,1.50,1.37
2015.06.04 02:22:54.165,0.89017,0.89063,1.75,1.12
2015.06.04 02:22:54.471,0.89018,0.89057,1.00,1.50
2015.06.04 02:22:54.622,0.89012,0.89062,1.37,1.75
2015.06.04 02:22:54.723,0.89012,0.89063,1.37,1.75
2015.06.04 02:22:54.823,0.89013,0.89062,1.37,1.37
2015.06.04 02:22:55.201,0.89018,0.89062,1.37,1.37
2015.06.04 02:22:55.640,0.89018,0.89062,1.50,1.00
2015.06.04 02:22:56.341,0.89022,0.89063,1.37,1.12
2015.06.04 02:22:56.661,0.89022,0.89064,1.00,1.75
2015.06.04 02:22:56.929,0.89018,0.89062,1.00,2.25
2015.06.04 02:22:57.163,0.89023,0.89062,1.00,2.25
2015.06.04 02:22:58.507,0.89023,0.89062,1.00,1.75
2015.06.04 02:22:58.558,0.89018,0.89057,1.12,1.37
2015.06.04 02:22:58.609,0.89018,0.89057,1.00,1.37
2015.06.04 02:22:58.875,0.89008,0.8906,1.50,1.75
2015.06.04 02:22:58.926,0.89007,0.89058,1.00,1.75
2015.06.04 02:22:59.141,0.89012,0.89053,1.00,1.50
2015.06.04 02:23:00.131,0.89012,0.89053,1.00,1.75
2015.06.04 02:23:00.513,0.89012,0.89053,1.00,1.75
2015.06.04 02:23:00.667,0.89008,0.89047,1.00,1.12
2015.06.04 02:23:00.815,0.89008,0.89047,1.00,1.37
2015.06.04 02:23:01.401,0.89012,0.89053,1.00,1.75
2015.06.04 02:23:01.841,0.89008,0.89053,1.00,1.75
2015.06.04 02:23:02.066,0.89013,0.89053,1.00,1.75
2015.06.04 02:23:02.167,0.89013,0.89056,1.00,1.75
2015.06.04 02:23:02.318,0.89012,0.89056,1.00,1.75
2015.06.04 02:23:02.831,0.89013,0.89056,1.00,1.75
2015.06.04 02:23:03.121,0.89013,0.89056,1.00,1.50
2015.06.04 02:23:03.771,0.89012,0.89058,1.00,1.75
2015.06.04 02:23:03.924,0.89012,0.89058,1.00,1.75
2015.06.04 02:23:04.269,0.89008,0.89052,1.00,1.50
2015.06.04 02:23:04.381,0.89002,0.89053,1.37,1.75
2015.06.04 02:23:04.432,0.89002,0.89053,1.12,1.75
2015.06.04 02:23:04.532,0.89002,0.89051,1.12,1.75
2015.06.04 02:23:05.035,0.89003,0.89042,1.00,1.37
2015.06.04 02:23:05.360,0.88997,0.89038,1.37,1.00
2015.06.04 02:23:07.338,0.88997,0.89038,1.75,1.00
2015.06.04 02:23:07.741,0.88997,0.89038,1.75,1.00
2015.06.04 02:23:08.670,0.88998,0.89042,1.75,1.00
2015.06.04 02:23:10.797,0.89007,0.89048,1.37,1.12
2015.06.04 02:23:11.301,0.89007,0.89048,1.37,1.00
2015.06.04 02:23:11.671,0.89013,0.89052,1.37,1.37
2015.06.04 02:23:11.901,0.89007,0.89058,1.75,2.25
2015.06.04 02:23:12.002,0.89007,0.89058,1.37,1.37
2015.06.04 02:23:12.241,0.89013,0.89057,1.00,1.37
2015.06.04 02:23:12.568,0.89013,0.89057,1.00,1.75
2015.06.04 02:23:12.669,0.89007,0.89053,1.37,1.37
2015.06.04 02:23:12.843,0.89013,0.89057,1.00,1.75
2015.06.04 02:23:13.358,0.89013,0.89057,1.00,1.75
2015.06.04 02:23:13.408,0.89007,0.89056,1.00,1.75
2015.06.04 02:23:13.620,0.89008,0.89047,1.00,1.00
2015.06.04 02:23:14.380,0.89012,0.89055,1.00,1.75
2015.06.04 02:23:14.650,0.89007,0.89055,1.00,1.75
2015.06.04 02:23:14.863,0.89013,0.89052,1.00,1.50
2015.06.04 02:23:15.153,0.89008,0.89047,1.00,1.12
2015.06.04 02:23:15.392,0.89008,0.89047,1.00,1.37
2015.06.04 02:23:15.697,0.89008,0.89047,1.00,1.75
2015.06.04 02:23:15.748,0.89002,0.89043,1.37,1.37
2015.06.04 02:23:16.182,0.88998,0.89037,1.50,1.00
2015.06.04 02:23:16.512,0.89003,0.89042,1.12,1.37
2015.06.04 02:23:20.751,0.89003,0.89047,1.37,1.75
2015.06.04 02:23:20.871,0.89008,0.89047,1.00,1.75
2015.06.04 02:23:21.030,0.89008,0.89047,1.00,1.37
2015.06.04 02:23:23.114,0.89008,0.89047,1.00,1.37
2015.06.04 02:23:23.454,0.89008,0.89047,1.00,1.75
2015.06.04 02:23:23.555,0.89002,0.89043,1.37,1.37
2015.06.04 02:23:24.280,0.89002,0.89043,1.37,1.37
2015.06.04 02:23:24.830,0.89007,0.89048,1.00,2.85
2015.06.04 02:23:26.022,0.89007,0.89048,1.00,2.10
2015.06.04 02:23:28.759,0.89007,0.89048,1.00,2.10
2015.06.04 02:23:28.938,0.89003,0.89047,1.37,1.50
2015.06.04 02:23:29.120,0.89007,0.89048,1.00,2.10
2015.06.04 02:23:29.861,0.89007,0.89048,1.12,1.72
2015.06.04 02:23:29.962,0.89008,0.89048,1.00,2.10
2015.06.04 02:23:30.163,0.89003,0.89045,1.00,1.50
2015.06.04 02:23:30.634,0.89002,0.89044,1.00,1.12
2015.06.04 02:23:30.685,0.88997,0.89044,1.00,1.12
2015.06.04 02:23:30.736,0.88997,0.89041,1.00,1.12
2015.06.04 02:23:31.081,0.88998,0.89039,1.00,1.37
2015.06.04 02:23:31.132,0.88993,0.89039,1.12,1.37
2015.06.04 02:23:31.232,0.88993,0.89039,1.00,1.37
2015.06.04 02:23:31.283,0.88993,0.89039,1.37,1.37
2015.06.04 02:23:31.788,0.88998,0.89039,1.00,1.50
2015.06.04 02:23:33.399,0.88998,0.89039,1.00,1.75
2015.06.04 02:23:35.610,0.88992,0.89038,1.12,2.25
2015.06.04 02:23:35.761,0.88992,0.89032,1.00,1.75
2015.06.04 02:23:36.124,0.88993,0.89027,1.00,1.75
2015.06.04 02:23:36.174,0.88988,0.89026,1.00,1.75
2015.06.04 02:23:36.489,0.88988,0.89025,1.00,1.75
2015.06.04 02:23:36.991,0.88987,0.89027,1.00,2.25
2015.06.04 02:23:37.921,0.88992,0.89027,1.00,2.25
2015.06.04 02:23:39.066,0.88992,0.89027,1.00,2.25
2015.06.04 02:23:40.922,0.88988,0.89025,1.00,1.50
2015.06.04 02:23:41.331,0.88993,0.89027,1.00,1.75
2015.06.04 02:23:41.549,0.88988,0.89025,1.00,1.50
2015.06.04 02:23:41.717,0.88988,0.89022,1.00,1.37
2015.06.04 02:23:41.910,0.88982,0.89022,1.00,1.37
2015.06.04 02:23:43.311,0.88987,0.89023,1.00,1.50
2015.06.04 02:23:43.610,0.88987,0.89023,1.00,1.75
2015.06.04 02:23:43.661,0.88978,0.89023,1.00,1.75
2015.06.04 02:23:43.711,0.88978,0.89016,1.00,1.00
2015.06.04 02:23:44.024,0.88978,0.89018,1.00,2.10
2015.06.04 02:23:44.330,0.88983,0.89018,1.00,1.67
2015.06.04 02:23:45.895,0.88983,0.89019,1.00,1.37
2015.06.04 02:23:45.996,0.88983,0.89019,1.00,1.12
2015.06.04 02:23:46.097,0.88988,0.89023,1.00,1.37
2015.06.04 02:23:46.407,0.88982,0.89025,1.00,1.50
2015.06.04 02:23:46.627,0.88987,0.89026,1.00,1.75
2015.06.04 02:23:47.141,0.88988,0.89023,1.00,1.50
2015.06.04 02:23:47.939,0.88987,0.89026,1.00,1.75
2015.06.04 02:23:48.773,0.88987,0.89027,1.00,2.10
2015.06.04 02:23:49.370,0.88988,0.89027,1.00,2.10
2015.06.04 02:23:49.421,0.88988,0.89027,1.00,2.10
2015.06.04 02:23:49.522,0.88988,0.89024,1.00,2.25
2015.06.04 02:23:49.930,0.88987,0.89022,1.00,1.75
2015.06.04 02:23:50.431,0.88987,0.89024,1.00,2.25
2015.06.04 02:23:50.532,0.88987,0.89021,1.00,1.75
2015.06.04 02:23:50.582,0.88983,0.89021,1.00,1.75
2015.06.04 02:23:51.099,0.88982,0.89022,1.00,1.75
2015.06.04 02:23:51.890,0.88983,0.89024,1.00,1.75
2015.06.04 02:23:52.240,0.88982,0.89019,1.00,1.75
2015.06.04 02:23:52.341,0.88977,0.89018,1.00,1.75
2015.06.04 02:23:52.557,0.88977,0.89011,1.00,1.50
2015.06.04 02:23:52.897,0.88972,0.89011,1.00,1.50
2015.06.04 02:23:53.631,0.88972,0.8901,1.00,1.37
2015.06.04 02:23:53.732,0.88972,0.8901,1.00,1.50
2015.06.04 02:23:55.631,0.88967,0.89008,1.00,1.37
2015.06.04 02:23:56.047,0.88967,0.89008,1.00,1.75
2015.06.04 02:23:58.823,0.88968,0.89007,1.00,1.75
2015.06.04 02:23:59.880,0.88972,0.8901,1.00,1.75
2015.06.04 02:24:00.610,0.88968,0.89007,1.00,1.75
2015.06.04 02:24:01.130,0.88968,0.89007,1.00,1.37
2015.06.04 02:24:01.431,0.88967,0.89008,1.00,1.75
2015.06.04 02:24:02.494,0.88967,0.89008,1.00,2.25
2015.06.04 02:24:03.161,0.88967,0.89008,1.00,2.25
2015.06.04 02:24:04.101,0.88963,0.88997,1.37,1.00
2015.06.04 02:24:05.562,0.88963,0.88997,1.00,1.00
2015.06.04 02:24:05.662,0.88958,0.89002,1.87,1.37
2015.06.04 02:24:05.860,0.88957,0.88993,1.37,1.00
2015.06.04 02:24:06.110,0.88958,0.88997,1.37,1.37
2015.06.04 02:24:06.163,0.88958,0.88997,1.50,1.00
2015.06.04 02:24:06.843,0.88957,0.88998,1.75,1.00
2015.06.04 02:24:08.858,0.88963,0.89002,1.12,1.37
2015.06.04 02:24:10.007,0.88963,0.89002,1.00,1.37
2015.06.04 02:24:10.877,0.88963,0.89002,1.37,1.12
2015.06.04 02:24:11.367,0.88967,0.89005,1.00,1.37
2015.06.04 02:24:11.485,0.88967,0.89007,1.37,1.12
2015.06.04 02:24:11.585,0.88973,0.8901,1.00,1.37
2015.06.04 02:24:11.927,0.88967,0.89008,1.12,1.00
2015.06.04 02:24:11.988,0.88967,0.89008,1.37,1.37
2015.06.04 02:24:12.690,0.88972,0.89012,1.00,1.37
2015.06.04 02:24:12.891,0.88968,0.89012,1.37,1.12
2015.06.04 02:24:12.992,0.88968,0.89016,1.75,1.37
2015.06.04 02:24:13.693,0.88972,0.89017,1.37,1.50
2015.06.04 02:24:14.199,0.88973,0.89012,1.00,1.37
2015.06.04 02:24:15.295,0.88973,0.89012,1.12,1.37
2015.06.04 02:24:16.397,0.88972,0.89012,1.00,1.75
2015.06.04 02:24:16.767,0.88967,0.89013,1.37,1.87
2015.06.04 02:24:17.000,0.88968,0.89012,1.12,1.75
2015.06.04 02:24:17.369,0.88963,0.89006,1.37,1.50
2015.06.04 02:24:18.051,0.88962,0.89003,1.75,1.12
2015.06.04 02:24:18.414,0.88973,0.89012,1.00,1.87
2015.06.04 02:24:18.811,0.88973,0.89012,1.00,1.37
2015.06.04 02:24:19.589,0.88972,0.89013,1.00,1.37
2015.06.04 02:24:19.729,0.88972,0.89013,1.37,1.00
2015.06.04 02:24:20.014,0.88972,0.89013,1.37,1.00
2015.06.04 02:24:20.417,0.88973,0.89017,1.37,1.00
2015.06.04 02:24:20.629,0.88978,0.89022,1.00,1.37
2015.06.04 02:24:22.559,0.88977,0.89026,1.12,1.75
2015.06.04 02:24:22.889,0.88978,0.89017,1.00,1.37
2015.06.04 02:24:23.529,0.88977,0.89018,1.00,1.37
2015.06.04 02:24:33.118,0.88978,0.89017,1.00,1.37
2015.06.04 02:24:42.969,0.88978,0.89017,1.00,1.75
2015.06.04 02:24:50.858,0.88973,0.89012,1.12,1.37
2015.06.04 02:24:51.485,0.88973,0.89012,1.00,1.37
2015.06.04 02:24:51.536,0.88973,0.89012,1.00,1.37
2015.06.04 02:24:51.848,0.88972,0.89011,1.00,1.35
2015.06.04 02:24:52.320,0.88972,0.89011,1.00,2.10
2015.06.04 02:24:52.619,0.88968,0.89011,1.00,2.10
2015.06.04 02:24:52.678,0.88968,0.89011,1.00,2.10
2015.06.04 02:24:59.298,0.88967,0.89011,1.00,2.10
2015.06.04 02:25:00.619,0.88968,0.89011,1.00,2.10
2015.06.04 02:25:00.936,0.88968,0.89012,1.00,1.50
2015.06.04 02:25:01.455,0.88968,0.89012,1.00,1.37
2015.06.04 02:25:07.743,0.88968,0.89012,1.00,1.37
2015.06.04 02:25:08.696,0.88968,0.89012,1.00,1.37
2015.06.04 02:25:09.281,0.88968,0.8901,1.00,1.50
2015.06.04 02:25:09.332,0.88963,0.8901,1.37,1.75
2015.06.04 02:25:09.509,0.88963,0.89012,1.37,1.75
2015.06.04 02:25:09.954,0.88973,0.89012,1.00,1.75
2015.06.04 02:25:11.199,0.88973,0.89012,1.00,1.75
2015.06.04 02:25:11.901,0.88973,0.89012,1.00,1.75
2015.06.04 02:25:26.240,0.88973,0.89012,1.00,1.75
2015.06.04 02:25:33.356,0.88973,0.89009,1.00,1.35
2015.06.04 02:25:33.407,0.88967,0.89009,1.00,1.35
2015.06.04 02:25:33.878,0.88963,0.89011,1.00,2.85
2015.06.04 02:25:35.260,0.88963,0.89002,1.00,1.37
2015.06.04 02:25:36.191,0.88963,0.89002,1.12,1.37
2015.06.04 02:25:36.801,0.88968,0.89007,1.00,1.87
2015.06.04 02:25:47.080,0.88963,0.89007,1.00,1.87
2015.06.04 02:25:47.131,0.88963,0.89002,1.00,1.60
2015.06.04 02:25:47.470,0.88963,0.89,1.00,1.67
2015.06.04 02:25:47.800,0.88963,0.89002,1.00,2.10
2015.06.04 02:25:49.184,0.88963,0.89002,1.00,2.47
2015.06.04 02:25:50.005,0.88963,0.89002,1.00,1.97
2015.06.04 02:25:50.160,0.88967,0.89004,1.00,2.85
2015.06.04 02:25:50.488,0.88967,0.89008,1.00,2.62
2015.06.04 02:25:55.600,0.88967,0.89008,1.00,1.37
2015.06.04 02:25:55.701,0.88967,0.89008,1.00,1.75
2015.06.04 02:25:57.297,0.88967,0.89008,1.00,1.50
2015.06.04 02:25:57.898,0.88967,0.89008,1.00,1.75
2015.06.04 02:25:58.773,0.88967,0.89008,1.00,1.75
2015.06.04 02:26:00.403,0.88967,0.89008,1.00,1.37
2015.06.04 02:26:02.150,0.88967,0.89008,1.00,1.75
2015.06.04 02:26:03.186,0.88967,0.89008,1.00,1.50
2015.06.04 02:26:04.130,0.88967,0.89008,1.00,1.75
2015.06.04 02:26:05.013,0.88967,0.89008,1.00,1.75
2015.06.04 02:26:05.560,0.88967,0.89008,1.00,1.37
2015.06.04 02:26:05.715,0.88967,0.89008,1.00,1.75
2015.06.04 02:26:05.915,0.88967,0.89008,1.00,1.50
2015.06.04 02:26:06.580,0.88967,0.89008,1.00,1.37
2015.06.04 02:26:08.118,0.88967,0.89008,1.00,1.87
2015.06.04 02:26:08.219,0.88967,0.89008,1.00,1.50
2015.06.04 02:26:08.419,0.88967,0.89008,1.00,1.87
2015.06.04 02:26:10.368,0.88968,0.8901,1.00,1.35
2015.06.04 02:26:10.423,0.88968,0.89011,1.00,1.97
2015.06.04 02:26:11.327,0.88968,0.89012,1.00,1.75
2015.06.04 02:26:19.787,0.88968,0.8901,1.00,1.75
2015.06.04 02:26:24.047,0.88968,0.8901,1.00,1.75
2015.06.04 02:26:24.956,0.88968,0.89011,1.00,1.35
2015.06.04 02:26:30.258,0.88968,0.89009,1.00,1.75
2015.06.04 02:26:33.963,0.88968,0.89009,1.00,2.25
2015.06.04 02:26:34.404,0.88962,0.89006,1.00,1.75
2015.06.04 02:26:34.957,0.88963,0.89002,1.00,1.37
2015.06.04 02:26:35.168,0.88963,0.89002,1.00,1.37
2015.06.04 02:26:35.268,0.88963,0.89002,1.00,1.37
2015.06.04 02:26:35.369,0.88963,0.89002,1.00,1.37
2015.06.04 02:26:39.878,0.88963,0.89002,1.00,1.37
2015.06.04 02:26:40.283,0.88963,0.89002,1.00,2.25
2015.06.04 02:26:40.600,0.88963,0.89001,1.00,1.75
2015.06.04 02:26:40.651,0.88958,0.89001,1.00,1.75
2015.06.04 02:26:41.349,0.88957,0.88999,1.00,1.75
2015.06.04 02:26:41.859,0.88957,0.89001,1.00,1.75
2015.06.04 02:26:42.389,0.88957,0.89001,1.00,1.75
2015.06.04 02:26:42.937,0.88958,0.89001,1.00,1.75
2015.06.04 02:26:42.988,0.88958,0.89001,1.00,1.75
2015.06.04 02:26:47.119,0.88958,0.88998,1.00,1.12
2015.06.04 02:26:47.566,0.88958,0.88992,1.00,2.10
2015.06.04 02:26:47.639,0.88953,0.88992,1.00,2.85
2015.06.04 02:26:49.504,0.88953,0.88992,1.00,2.85
2015.06.04 02:26:49.867,0.88947,0.88989,1.00,1.75
2015.06.04 02:26:59.824,0.88947,0.88987,1.00,1.75
2015.06.04 02:27:01.108,0.88943,0.88985,1.00,1.75
2015.06.04 02:27:01.389,0.88948,0.88987,1.00,1.75
2015.06.04 02:27:14.049,0.88948,0.88987,1.00,1.75
2015.06.04 02:27:14.809,0.88943,0.88986,1.00,2.25
2015.06.04 02:27:14.951,0.88943,0.88983,1.00,1.75
2015.06.04 02:27:15.299,0.88942,0.88978,1.00,1.75
2015.06.04 02:27:17.154,0.88942,0.8898,1.00,1.75
2015.06.04 02:27:17.255,0.88942,0.88981,1.00,2.10
2015.06.04 02:27:17.356,0.88942,0.88981,1.00,1.35
2015.06.04 02:27:17.643,0.88948,0.88981,1.00,1.35
2015.06.04 02:27:22.399,0.88943,0.88981,1.00,1.35
2015.06.04 02:27:22.618,0.88948,0.88981,1.00,1.35
2015.06.04 02:27:23.407,0.88943,0.88986,1.00,1.75
2015.06.04 02:27:24.959,0.88943,0.88986,1.00,3.00
2015.06.04 02:27:26.477,0.88943,0.88984,1.00,1.75
2015.06.04 02:27:27.486,0.88943,0.88983,1.00,1.75
2015.06.04 02:27:33.993,0.88943,0.88984,1.00,1.75
2015.06.04 02:27:38.328,0.88943,0.88984,1.00,1.75
2015.06.04 02:27:41.413,0.88943,0.88984,1.00,1.75
2015.06.04 02:27:41.921,0.88942,0.88981,1.00,1.75
2015.06.04 02:27:42.122,0.88938,0.8898,1.00,1.75
2015.06.04 02:27:42.476,0.88938,0.88977,1.00,1.75
2015.06.04 02:27:43.267,0.88938,0.88975,1.00,1.75
2015.06.04 02:27:43.830,0.88938,0.88975,1.00,1.50
2015.06.04 02:27:44.028,0.88932,0.88978,1.50,1.37
2015.06.04 02:27:44.243,0.88937,0.8898,1.00,1.35
2015.06.04 02:27:44.877,0.88937,0.88976,1.00,1.75
2015.06.04 02:27:51.547,0.88938,0.88976,1.00,1.75
2015.06.04 02:27:56.068,0.88938,0.88974,1.00,1.75
2015.06.04 02:28:01.368,0.88932,0.88974,1.00,1.75
2015.06.04 02:28:01.978,0.88933,0.88972,1.00,1.75
2015.06.04 02:28:02.079,0.88933,0.88972,1.00,1.37
2015.06.04 02:28:04.784,0.88933,0.88972,1.37,1.37
2015.06.04 02:28:04.885,0.88933,0.88972,1.12,1.50
2015.06.04 02:28:04.986,0.88933,0.88972,1.37,1.37
2015.06.04 02:28:05.234,0.88937,0.88976,1.00,1.75
2015.06.04 02:28:05.298,0.88933,0.88976,1.00,1.75
2015.06.04 02:28:05.406,0.88933,0.88977,1.00,1.75
2015.06.04 02:28:05.487,0.88933,0.88977,1.00,1.75
2015.06.04 02:28:05.997,0.88932,0.88978,1.12,1.75
2015.06.04 02:28:06.514,0.88932,0.88978,1.00,2.25
2015.06.04 02:28:09.093,0.88932,0.88978,1.00,3.00
2015.06.04 02:28:09.407,0.88932,0.88973,1.00,1.75
2015.06.04 02:28:09.945,0.88932,0.88972,1.00,1.75
2015.06.04 02:28:11.590,0.88933,0.88971,1.00,1.75
2015.06.04 02:28:19.229,0.88933,0.88968,1.00,1.75
2015.06.04 02:28:19.365,0.88933,0.88973,1.00,1.75
2015.06.04 02:28:19.415,0.88937,0.88973,1.00,1.75
2015.06.04 02:28:19.626,0.88933,0.88974,1.00,1.35
2015.06.04 02:28:19.677,0.88933,0.88974,1.00,1.35
2015.06.04 02:28:19.729,0.88933,0.88974,1.00,1.35
2015.06.04 02:28:20.050,0.88938,0.88974,1.00,1.35
2015.06.04 02:28:20.577,0.88938,0.88974,1.00,1.35
2015.06.04 02:28:25.447,0.88933,0.88972,1.00,1.75
2015.06.04 02:28:27.480,0.88933,0.88972,1.00,1.75
2015.06.04 02:28:27.680,0.88933,0.88972,1.00,1.50
2015.06.04 02:28:28.266,0.88932,0.88973,1.00,1.75
2015.06.04 02:28:28.317,0.88938,0.88976,1.00,1.75
2015.06.04 02:28:28.610,0.88932,0.88973,1.37,1.37
2015.06.04 02:28:28.660,0.88938,0.88977,1.00,1.37
2015.06.04 02:28:29.187,0.88937,0.88985,1.37,1.75
2015.06.04 02:28:30.068,0.88943,0.88986,1.00,1.75
2015.06.04 02:28:31.277,0.88938,0.88982,1.12,1.37
2015.06.04 02:28:31.458,0.88938,0.88982,1.12,1.75
2015.06.04 02:28:33.366,0.88938,0.88982,1.00,1.75
2015.06.04 02:28:33.696,0.88938,0.88982,1.12,1.50
2015.06.04 02:28:34.578,0.88937,0.88983,1.12,1.75
2015.06.04 02:28:36.686,0.88937,0.88983,1.00,2.25
2015.06.04 02:28:37.218,0.88938,0.88982,1.00,1.75
2015.06.04 02:28:37.591,0.88933,0.88977,1.37,1.37
2015.06.04 02:28:38.207,0.88933,0.88977,1.37,1.50
2015.06.04 02:28:39.276,0.88933,0.88977,1.12,1.75
2015.06.04 02:28:39.377,0.88932,0.88978,1.00,1.75
2015.06.04 02:28:39.777,0.88932,0.88978,1.00,1.75
2015.06.04 02:28:45.715,0.88933,0.88972,1.00,1.50
2015.06.04 02:28:47.336,0.88932,0.88973,1.00,1.75
2015.06.04 02:28:52.829,0.88932,0.88967,1.00,1.12
2015.06.04 02:28:52.879,0.88922,0.88967,1.37,1.12
2015.06.04 02:28:53.122,0.88914,0.88966,1.75,1.12
2015.06.04 02:28:53.448,0.88933,0.88971,1.00,1.12
2015.06.04 02:28:53.588,0.88933,0.88972,1.00,1.37
2015.06.04 02:28:53.739,0.88932,0.88973,1.37,1.12
2015.06.04 02:28:53.847,0.88938,0.88977,1.00,1.37
2015.06.04 02:28:54.067,0.88932,0.88981,1.37,1.75
2015.06.04 02:28:54.117,0.88932,0.88983,1.50,2.62
2015.06.04 02:28:54.198,0.88932,0.88983,1.37,2.62
2015.06.04 02:28:54.785,0.88937,0.88983,1.00,2.62
2015.06.04 02:28:56.357,0.88938,0.88982,1.00,1.75
2015.06.04 02:28:56.906,0.88937,0.88983,1.00,2.25
2015.06.04 02:28:57.785,0.88938,0.88982,1.00,1.75
2015.06.04 02:28:58.635,0.88938,0.88982,1.00,1.75
2015.06.04 02:28:59.876,0.88942,0.88983,1.00,1.75
2015.06.04 02:29:01.436,0.88942,0.88983,1.00,1.75
2015.06.04 02:29:01.816,0.88948,0.88983,1.00,1.75
2015.06.04 02:29:02.296,0.88943,0.88983,1.00,1.75
2015.06.04 02:29:02.469,0.88943,0.88983,1.00,1.75
2015.06.04 02:29:02.846,0.88948,0.88984,1.00,2.85
2015.06.04 02:29:06.036,0.88942,0.88983,1.00,2.25
2015.06.04 02:29:08.758,0.88942,0.88983,1.00,2.25
2015.06.04 02:29:09.060,0.88943,0.88983,1.00,1.75
2015.06.04 02:29:09.434,0.88943,0.8898,1.00,1.75
2015.06.04 02:29:09.635,0.88943,0.8898,1.00,1.75
2015.06.04 02:29:11.594,0.88942,0.8898,1.00,1.75
2015.06.04 02:29:12.166,0.88942,0.8898,1.00,1.75
2015.06.04 02:29:12.875,0.88942,0.88983,1.00,3.75
2015.06.04 02:29:13.077,0.88948,0.88982,1.00,1.75
2015.06.04 02:29:13.178,0.88948,0.88984,1.00,2.10
2015.06.04 02:29:13.524,0.88947,0.88987,1.00,1.35
2015.06.04 02:29:14.245,0.88948,0.8899,1.00,1.75
2015.06.04 02:29:26.688,0.88948,0.8899,1.00,2.25
2015.06.04 02:29:35.404,0.88948,0.88991,1.00,1.75
2015.06.04 02:29:35.905,0.88947,0.88989,1.00,1.75
2015.06.04 02:29:36.596,0.88947,0.88986,1.00,1.75
2015.06.04 02:29:36.652,0.88942,0.88986,1.00,1.75
2015.06.04 02:29:39.121,0.88942,0.88985,1.00,1.75
2015.06.04 02:29:39.458,0.88942,0.88985,1.00,2.25
2015.06.04 02:29:39.558,0.88942,0.8898,1.00,1.35
2015.06.04 02:29:39.825,0.88938,0.88977,1.00,1.50
2015.06.04 02:29:39.926,0.88938,0.88977,1.00,2.25
2015.06.04 02:29:41.596,0.88938,0.88977,1.00,2.25
2015.06.04 02:29:48.222,0.88938,0.88977,1.00,2.25
2015.06.04 02:29:56.104,0.88937,0.88977,1.00,1.75
2015.06.04 02:29:57.222,0.88937,0.88978,1.00,3.60
2015.06.04 02:29:57.272,0.88937,0.88978,1.00,3.60
2015.06.04 02:29:57.823,0.88937,0.88978,1.00,2.10
2015.06.04 02:30:01.856,0.88937,0.88978,1.00,2.85
2015.06.04 02:30:03.677,0.88938,0.88972,1.00,1.37
2015.06.04 02:30:05.204,0.88943,0.88977,1.00,1.75
2015.06.04 02:30:08.638,0.88938,0.88977,1.00,1.75
2015.06.04 02:30:11.852,0.88938,0.88972,1.00,1.50
2015.06.04 02:30:17.536,0.88937,0.88973,1.00,1.75
2015.06.04 02:30:18.086,0.88938,0.88977,1.00,2.10
2015.06.04 02:30:18.604,0.88938,0.88977,1.00,2.85
2015.06.04 02:30:30.626,0.88933,0.88972,1.00,1.75
2015.06.04 02:30:34.133,0.88938,0.88977,1.00,2.85
2015.06.04 02:30:34.806,0.88932,0.88973,1.00,1.75
2015.06.04 02:30:35.059,0.88938,0.88975,1.00,1.75
2015.06.04 02:30:35.135,0.88932,0.88973,1.00,1.75
2015.06.04 02:30:36.602,0.88932,0.88973,1.00,1.75
2015.06.04 02:30:44.132,0.88932,0.88973,1.00,1.75
2015.06.04 02:30:44.377,0.88938,0.88975,1.00,2.25
2015.06.04 02:30:45.586,0.88932,0.88973,1.00,1.75
2015.06.04 02:30:59.117,0.88933,0.88972,1.00,1.75
2015.06.04 02:31:00.546,0.88937,0.88975,1.00,2.25
2015.06.04 02:31:03.337,0.88937,0.88975,1.00,1.75
2015.06.04 02:31:04.144,0.88937,0.88975,1.00,1.75
2015.06.04 02:31:05.449,0.88937,0.88975,1.00,1.75
2015.06.04 02:31:06.819,0.88933,0.88977,1.00,1.75
2015.06.04 02:31:06.869,0.88933,0.88977,1.00,1.75
2015.06.04 02:31:07.776,0.88938,0.88975,1.00,1.75
2015.06.04 02:31:07.827,0.88933,0.88972,1.00,1.50
2015.06.04 02:31:07.877,0.88933,0.88972,1.00,1.75
2015.06.04 02:31:08.635,0.88932,0.88969,1.00,1.35
2015.06.04 02:31:08.686,0.88932,0.88971,1.00,2.85
2015.06.04 02:31:08.843,0.88938,0.88971,1.00,2.85
2015.06.04 02:31:09.069,0.88938,0.88974,1.00,1.50
2015.06.04 02:31:15.477,0.88938,0.88975,1.00,1.35
2015.06.04 02:31:24.123,0.88938,0.88975,1.00,1.35
2015.06.04 02:31:24.705,0.88938,0.88977,1.00,1.97
2015.06.04 02:31:25.425,0.88938,0.88977,1.00,1.75
2015.06.04 02:31:27.032,0.88938,0.88977,1.00,1.75
2015.06.04 02:31:36.959,0.88938,0.88977,1.00,1.50
2015.06.04 02:31:37.060,0.88938,0.88977,1.00,1.75
2015.06.04 02:31:37.362,0.88938,0.88967,1.00,1.30
2015.06.04 02:31:37.413,0.88933,0.88967,1.00,1.30
2015.06.04 02:31:37.621,0.88938,0.88967,1.00,1.30
2015.06.04 02:31:46.949,0.88938,0.88977,1.00,2.10
2015.06.04 02:31:47.251,0.88937,0.88983,1.00,3.00
2015.06.04 02:31:47.302,0.88942,0.88983,1.00,2.25
2015.06.04 02:31:48.796,0.88943,0.88982,1.00,1.75
2015.06.04 02:32:04.355,0.88943,0.88985,1.00,1.75
2015.06.04 02:32:04.456,0.88943,0.88986,1.00,1.75
2015.06.04 02:32:04.556,0.88943,0.88987,1.00,1.50
2015.06.04 02:32:04.657,0.88938,0.88987,1.37,1.75
2015.06.04 02:32:04.973,0.88947,0.88988,1.00,1.75
2015.06.04 02:32:22.606,0.88948,0.88987,1.00,1.75
2015.06.04 02:32:23.094,0.88948,0.88987,1.00,1.75
2015.06.04 02:32:26.788,0.88948,0.88987,1.00,1.75
2015.06.04 02:32:26.889,0.88948,0.88987,1.00,1.37
2015.06.04 02:32:28.090,0.88948,0.88987,1.00,1.37
2015.06.04 02:32:29.014,0.88948,0.88987,1.00,1.37
2015.06.04 02:32:30.593,0.88948,0.88987,1.00,1.50
2015.06.04 02:32:41.664,0.88948,0.88987,1.00,1.75
2015.06.04 02:32:42.871,0.88948,0.88987,1.00,1.75
2015.06.04 02:32:57.135,0.88948,0.88987,1.00,1.75
2015.06.04 02:33:02.654,0.88948,0.88987,1.00,1.75
2015.06.04 02:33:02.755,0.88948,0.88987,1.00,1.37
2015.06.04 02:33:02.842,0.88948,0.88987,1.00,1.75
2015.06.04 02:33:03.799,0.88952,0.88989,1.00,1.35
2015.06.04 02:33:05.649,0.88952,0.88989,1.00,2.10
2015.06.04 02:33:05.874,0.88947,0.88988,1.00,1.75
2015.06.04 02:33:06.174,0.88948,0.88987,1.00,1.75
2015.06.04 02:33:06.493,0.88948,0.88979,1.00,1.67
2015.06.04 02:33:16.103,0.88943,0.88981,1.00,1.35
2015.06.04 02:33:16.305,0.88943,0.88976,1.00,1.75
2015.06.04 02:33:17.369,0.88943,0.88976,1.00,1.75
2015.06.04 02:33:21.142,0.88937,0.88976,1.00,1.75
2015.06.04 02:33:25.323,0.88942,0.88976,1.00,1.75
2015.06.04 02:33:26.382,0.88942,0.88976,1.00,1.75
2015.06.04 02:33:26.534,0.88942,0.88978,1.00,1.75
2015.06.04 02:33:26.693,0.88942,0.8898,1.00,1.75
2015.06.04 02:33:28.922,0.88942,0.88982,1.00,1.75
2015.06.04 02:33:29.917,0.88942,0.88984,1.00,1.75
2015.06.04 02:33:34.113,0.88942,0.88984,1.00,1.75
2015.06.04 02:33:34.342,0.88938,0.88977,1.00,1.50
2015.06.04 02:33:37.603,0.88938,0.88977,1.00,1.75
2015.06.04 02:33:39.623,0.88943,0.88978,1.00,1.75
2015.06.04 02:33:41.059,0.88943,0.88977,1.00,1.37
2015.06.04 02:33:41.822,0.88932,0.88978,1.12,1.50
2015.06.04 02:33:41.923,0.88932,0.88977,1.00,1.75
2015.06.04 02:33:42.023,0.88932,0.88977,1.37,1.37
2015.06.04 02:33:42.124,0.88932,0.88975,1.12,1.50
2015.06.04 02:33:42.812,0.88933,0.88975,1.00,1.50
2015.06.04 02:33:45.452,0.88938,0.88975,1.00,1.50
2015.06.04 02:33:47.528,0.88938,0.88975,1.00,1.37
2015.06.04 02:33:50.832,0.88938,0.88975,1.00,1.75
2015.06.04 02:33:51.090,0.88932,0.88975,1.37,1.75
2015.06.04 02:33:51.191,0.88932,0.88975,1.37,1.37
2015.06.04 02:33:51.334,0.88932,0.88975,1.00,1.50
2015.06.04 02:33:51.667,0.88932,0.88974,1.37,1.37
2015.06.04 02:33:52.035,0.88932,0.88975,1.37,1.37
2015.06.04 02:33:57.247,0.88932,0.88974,1.12,1.37
2015.06.04 02:34:20.872,0.88933,0.88975,1.00,1.37
2015.06.04 02:34:25.027,0.88933,0.88975,1.12,1.37
2015.06.04 02:34:26.404,0.88933,0.88975,1.00,1.37
2015.06.04 02:34:28.307,0.88933,0.88975,1.12,1.37
2015.06.04 02:34:33.018,0.88933,0.88975,1.12,1.37
2015.06.04 02:34:36.823,0.88933,0.88975,1.37,1.37
2015.06.04 02:34:43.141,0.88927,0.88975,1.12,1.00
2015.06.04 02:34:43.242,0.88931,0.88977,1.75,1.37
2015.06.04 02:34:44.231,0.88943,0.88977,1.00,1.37
2015.06.04 02:34:45.458,0.88937,0.88975,1.00,1.50
2015.06.04 02:34:45.641,0.88933,0.88974,1.00,1.37
2015.06.04 02:34:45.691,0.88933,0.88973,1.37,1.37
2015.06.04 02:34:45.843,0.88937,0.88977,1.37,1.12
2015.06.04 02:34:46.620,0.88937,0.88978,1.00,2.25
2015.06.04 02:34:47.645,0.88937,0.88977,1.00,1.12
2015.06.04 02:34:52.330,0.88932,0.88978,1.37,2.25
2015.06.04 02:34:52.452,0.88932,0.88978,1.75,1.87
2015.06.04 02:34:53.322,0.88942,0.88985,1.00,2.10
2015.06.04 02:34:54.097,0.88943,0.88981,1.00,1.50
2015.06.04 02:34:55.558,0.88943,0.88981,1.00,1.75
2015.06.04 02:34:58.363,0.88943,0.88981,1.00,1.50
2015.06.04 02:34:59.366,0.88943,0.88981,1.00,1.75
2015.06.04 02:35:01.873,0.88943,0.88981,1.00,1.50
2015.06.04 02:35:02.774,0.88943,0.88981,1.00,1.75
2015.06.04 02:35:03.811,0.88943,0.88982,1.00,1.75
2015.06.04 02:35:05.238,0.88942,0.88983,1.00,1.75
2015.06.04 02:35:07.308,0.88938,0.88987,1.37,1.75
2015.06.04 02:35:07.644,0.88942,0.88988,1.00,1.75
2015.06.04 02:35:07.924,0.88942,0.88988,1.37,1.37
2015.06.04 02:35:07.981,0.88942,0.88988,1.37,1.37
2015.06.04 02:35:08.282,0.88942,0.88988,1.37,1.37
2015.06.04 02:35:08.382,0.88942,0.88988,1.75,1.37
2015.06.04 02:35:09.104,0.88942,0.88991,1.37,1.50
2015.06.04 02:35:09.183,0.88942,0.88991,1.37,1.75
2015.06.04 02:35:09.785,0.88942,0.88983,1.12,1.50
2015.06.04 02:35:18.294,0.88938,0.88987,1.37,2.25
2015.06.04 02:35:18.395,0.88938,0.88987,1.37,2.25
2015.06.04 02:35:18.747,0.88942,0.88988,1.37,1.75
2015.06.04 02:35:21.233,0.88942,0.88988,1.12,1.50
2015.06.04 02:35:21.711,0.88948,0.88992,1.00,2.25
2015.06.04 02:35:21.857,0.88942,0.88988,1.12,1.50
2015.06.04 02:35:22.618,0.88943,0.88987,1.00,1.37
2015.06.04 02:35:27.413,0.88943,0.88987,1.37,1.50
2015.06.04 02:35:33.321,0.88943,0.88987,1.37,1.37
2015.06.04 02:35:56.352,0.88943,0.88987,1.37,1.37
2015.06.04 02:35:56.452,0.88943,0.88987,1.37,1.37
2015.06.04 02:36:13.000,0.88942,0.88988,1.37,1.12
2015.06.04 02:36:13.135,0.88942,0.88988,1.75,1.37
2015.06.04 02:36:17.223,0.88948,0.88992,1.00,1.37
2015.06.04 02:36:17.493,0.88948,0.88992,1.37,1.00
2015.06.04 02:36:17.594,0.88946,0.88998,1.50,1.37
2015.06.04 02:36:17.995,0.88948,0.88997,1.50,1.12
2015.06.04 02:36:18.354,0.88952,0.89003,1.37,2.25
2015.06.04 02:36:19.519,0.88953,0.88997,1.37,1.37
2015.06.04 02:36:20.038,0.88953,0.88997,1.37,1.37
2015.06.04 02:36:22.204,0.88953,0.88997,1.37,1.00
2015.06.04 02:36:23.106,0.88953,0.88997,1.75,1.00
2015.06.04 02:36:23.727,0.88953,0.88998,1.75,1.00
2015.06.04 02:36:24.669,0.88954,0.89002,1.75,1.12
2015.06.04 02:36:24.859,0.88963,0.89001,1.00,1.00
2015.06.04 02:36:26.635,0.88963,0.89002,1.12,1.37
2015.06.04 02:36:34.221,0.88963,0.89002,1.37,1.37
2015.06.04 02:36:40.444,0.88963,0.89007,1.37,1.37
2015.06.04 02:36:40.545,0.88963,0.89007,1.50,1.37
2015.06.04 02:36:40.729,0.88963,0.89007,1.37,1.37
2015.06.04 02:36:41.330,0.88963,0.89007,1.37,1.37
2015.06.04 02:36:42.531,0.88963,0.89007,1.37,1.37
2015.06.04 02:36:52.649,0.88963,0.89007,1.00,1.50
2015.06.04 02:36:53.132,0.88953,0.89005,1.75,1.12
2015.06.04 02:36:53.182,0.88953,0.89004,1.37,1.12
2015.06.04 02:36:53.551,0.88958,0.89002,1.00,1.50
2015.06.04 02:36:54.321,0.88952,0.88998,1.12,1.37
2015.06.04 02:36:54.901,0.88952,0.88998,1.00,1.37
2015.06.04 02:36:55.097,0.88953,0.88997,1.00,1.75
2015.06.04 02:36:55.405,0.88953,0.88994,1.00,1.75
2015.06.04 02:36:55.531,0.88948,0.88994,1.00,1.75
2015.06.04 02:36:55.655,0.88948,0.88994,1.00,1.75
2015.06.04 02:36:55.906,0.88943,0.88991,1.00,1.75
2015.06.04 02:36:55.956,0.88943,0.88991,1.00,2.25
2015.06.04 02:36:56.635,0.88942,0.88988,1.00,1.75
2015.06.04 02:36:58.076,0.88948,0.8899,1.00,1.75
2015.06.04 02:36:58.162,0.88948,0.8899,1.00,1.37
2015.06.04 02:36:58.263,0.88943,0.88987,1.12,1.37
2015.06.04 02:36:58.414,0.88947,0.88993,1.00,1.75
2015.06.04 02:36:58.515,0.88947,0.88993,1.00,1.37
2015.06.04 02:36:58.704,0.88942,0.88996,2.25,1.12
2015.06.04 02:36:59.051,0.88953,0.88997,1.37,1.37
2015.06.04 02:37:05.181,0.88953,0.88997,1.00,1.37
2015.06.04 02:37:12.690,0.88953,0.88997,1.37,1.37
2015.06.04 02:37:19.599,0.88953,0.88997,1.00,1.37
2015.06.04 02:37:21.602,0.88953,0.88997,1.12,1.37
2015.06.04 02:37:23.305,0.88953,0.88997,1.00,1.37
2015.06.04 02:37:42.754,0.88953,0.88997,1.00,1.37
2015.06.04 02:37:51.805,0.88953,0.88997,1.50,1.12
2015.06.04 02:37:52.173,0.88953,0.89002,1.37,1.75
2015.06.04 02:37:52.224,0.88958,0.89002,1.00,1.75
2015.06.04 02:37:52.425,0.88952,0.88998,1.37,1.37
2015.06.04 02:37:52.545,0.88952,0.88998,1.37,1.37
2015.06.04 02:37:52.646,0.88957,0.89003,1.00,2.25
2015.06.04 02:37:52.840,0.88953,0.89002,1.37,1.50
2015.06.04 02:37:53.007,0.88953,0.89002,1.12,2.25
2015.06.04 02:37:53.449,0.88952,0.88998,1.00,1.75
2015.06.04 02:37:53.790,0.88952,0.88996,1.00,1.75
2015.06.04 02:37:53.841,0.88947,0.88996,1.37,2.25
2015.06.04 02:37:55.285,0.88948,0.88992,1.00,1.75
2015.06.04 02:37:59.959,0.88948,0.88992,1.00,1.75
2015.06.04 02:38:09.310,0.88948,0.88991,1.00,1.75
2015.06.04 02:38:09.560,0.88942,0.88988,1.37,1.37
2015.06.04 02:38:09.875,0.88942,0.88988,1.37,1.75
2015.06.04 02:38:11.330,0.88948,0.8899,1.00,1.75
2015.06.04 02:38:23.495,0.88948,0.8899,1.00,1.75
2015.06.04 02:38:39.354,0.88948,0.88992,1.00,1.75
2015.06.04 02:38:39.991,0.88948,0.88992,1.00,1.75
2015.06.04 02:38:40.497,0.88948,0.88992,1.00,1.75
2015.06.04 02:38:40.818,0.88948,0.8899,1.00,2.25
2015.06.04 02:38:40.869,0.88938,0.8899,1.37,2.25
2015.06.04 02:38:40.920,0.88938,0.88988,1.12,1.75
2015.06.04 02:38:41.610,0.88938,0.88982,1.00,1.37
2015.06.04 02:38:41.719,0.88938,0.88982,1.00,1.50
2015.06.04 02:38:42.621,0.88938,0.88982,1.00,1.37
2015.06.04 02:38:43.122,0.88938,0.88982,1.37,1.37
2015.06.04 02:38:43.823,0.88938,0.88982,1.37,1.00
2015.06.04 02:38:45.169,0.88938,0.88982,1.00,1.37
2015.06.04 02:38:45.661,0.88942,0.88986,1.00,1.37
2015.06.04 02:38:51.838,0.88942,0.88988,1.12,2.25
2015.06.04 02:38:54.187,0.88942,0.88988,1.37,1.37
2015.06.04 02:38:54.242,0.88942,0.88988,1.37,1.37
2015.06.04 02:38:54.729,0.88943,0.88987,1.37,1.12
2015.06.04 02:39:08.759,0.88948,0.88989,1.00,1.37
2015.06.04 02:39:12.373,0.88948,0.88989,1.37,1.37
2015.06.04 02:39:13.975,0.88942,0.88988,1.75,1.37
2015.06.04 02:39:24.398,0.88942,0.88993,1.75,1.50
2015.06.04 02:39:24.893,0.88943,0.88992,1.50,1.37
2015.06.04 02:39:25.147,0.88953,0.88997,1.00,1.75
2015.06.04 02:39:25.992,0.88953,0.88997,1.00,2.25
2015.06.04 02:39:27.895,0.88953,0.88997,1.00,3.00
2015.06.04 02:39:30.798,0.88953,0.88997,1.00,3.00
2015.06.04 02:39:31.652,0.88952,0.88993,1.00,1.75
2015.06.04 02:39:37.361,0.88947,0.88988,1.00,1.37
2015.06.04 02:39:38.348,0.88948,0.88987,1.00,1.12
2015.06.04 02:39:40.043,0.88948,0.88987,1.37,1.00
2015.06.04 02:39:40.108,0.88942,0.88983,1.75,1.00
2015.06.04 02:39:40.159,0.88942,0.88983,1.50,1.00
2015.06.04 02:39:40.422,0.88943,0.88982,1.75,1.00
2015.06.04 02:39:40.602,0.88948,0.88987,1.37,1.00
2015.06.04 02:39:40.653,0.88948,0.88987,1.00,1.37
2015.06.04 02:39:41.118,0.88943,0.88987,1.37,1.50
2015.06.04 02:39:41.338,0.88948,0.88987,1.00,1.50
2015.06.04 02:39:41.897,0.88948,0.88987,1.00,1.37
2015.06.04 02:39:43.224,0.88948,0.88987,1.00,1.87
2015.06.04 02:39:43.870,0.88948,0.88987,1.00,1.50
2015.06.04 02:39:45.610,0.88947,0.88988,1.00,1.87
2015.06.04 02:39:46.340,0.88947,0.88988,1.12,1.37
2015.06.04 02:39:47.142,0.88947,0.88988,1.12,1.37
2015.06.04 02:39:48.122,0.88948,0.88987,1.12,1.50
2015.06.04 02:39:50.578,0.88948,0.88987,1.37,1.37
2015.06.04 02:39:51.449,0.88948,0.88987,1.12,1.50
2015.06.04 02:39:52.050,0.88948,0.88987,1.00,1.37
2015.06.04 02:39:52.317,0.88943,0.88992,1.37,2.47
2015.06.04 02:39:52.368,0.88943,0.88992,1.37,1.75
2015.06.04 02:39:52.603,0.88943,0.88997,1.75,1.50
2015.06.04 02:39:52.791,0.88948,0.88997,1.37,1.37
2015.06.04 02:39:52.892,0.88948,0.88997,1.37,1.37
2015.06.04 02:39:53.453,0.88948,0.88997,1.37,1.37
2015.06.04 02:39:56.057,0.88948,0.88997,1.37,1.37
2015.06.04 02:40:00.402,0.88947,0.88998,1.37,1.37
2015.06.04 02:40:00.963,0.88947,0.88998,1.37,1.50
2015.06.04 02:40:01.164,0.88947,0.88998,1.37,1.37
2015.06.04 02:40:01.403,0.88947,0.88998,1.37,1.50
2015.06.04 02:40:02.567,0.88947,0.88998,1.37,1.37
2015.06.04 02:40:04.169,0.88947,0.88998,1.37,1.37
2015.06.04 02:40:10.385,0.88947,0.88998,1.37,1.37
2015.06.04 02:40:14.940,0.88947,0.88998,1.37,1.50
2015.06.04 02:40:16.818,0.88947,0.88998,1.37,1.75
2015.06.04 02:40:19.100,0.88947,0.88998,1.37,1.75
2015.06.04 02:40:19.401,0.88947,0.88998,1.12,1.75
2015.06.04 02:40:27.413,0.88947,0.88998,1.37,1.75
2015.06.04 02:40:27.513,0.88947,0.88998,1.37,1.75
2015.06.04 02:40:27.817,0.88947,0.88998,1.37,1.75
2015.06.04 02:40:28.415,0.88947,0.88998,1.12,1.75
2015.06.04 02:40:29.516,0.88947,0.88998,1.37,1.50
2015.06.04 02:40:29.817,0.88947,0.88998,1.50,1.37
2015.06.04 02:40:33.221,0.88947,0.88998,1.37,1.37
2015.06.04 02:40:35.724,0.88948,0.88997,1.37,1.50
2015.06.04 02:40:43.034,0.88948,0.88997,1.37,1.37
2015.06.04 02:40:44.581,0.88948,0.88997,1.37,1.75
2015.06.04 02:40:44.888,0.88948,0.88994,1.12,1.75
2015.06.04 02:40:45.337,0.88948,0.88992,1.00,1.75
2015.06.04 02:40:47.097,0.88942,0.88988,1.50,1.37
2015.06.04 02:40:47.450,0.88942,0.88988,1.37,1.75
2015.06.04 02:40:47.887,0.88942,0.88988,1.12,1.75
2015.06.04 02:40:48.442,0.88942,0.88988,1.37,1.75
2015.06.04 02:40:49.518,0.88947,0.88989,1.00,1.75
2015.06.04 02:40:54.349,0.88947,0.88989,1.00,1.75
2015.06.04 02:40:54.550,0.88947,0.8899,1.00,1.75
2015.06.04 02:40:56.552,0.88947,0.88988,1.00,1.75
2015.06.04 02:40:57.156,0.88947,0.88988,1.00,1.75
2015.06.04 02:40:59.055,0.88947,0.88988,1.00,1.75
2015.06.04 02:41:02.560,0.88947,0.8899,1.00,1.75
2015.06.04 02:41:02.961,0.88948,0.88985,1.00,1.75
2015.06.04 02:41:03.104,0.88942,0.88985,1.00,1.50
2015.06.04 02:41:03.205,0.88942,0.88981,1.00,1.37
2015.06.04 02:41:03.413,0.88938,0.88977,1.00,1.37
2015.06.04 02:41:03.464,0.88938,0.88977,1.00,1.75
2015.06.04 02:41:03.880,0.88938,0.88977,1.00,1.37
2015.06.04 02:41:03.981,0.88938,0.88977,1.00,1.00
2015.06.04 02:41:04.227,0.88938,0.88982,1.00,1.37
2015.06.04 02:41:04.378,0.88942,0.88982,1.00,1.37
2015.06.04 02:41:05.769,0.88942,0.88982,1.00,1.75
2015.06.04 02:41:06.370,0.88942,0.88981,1.00,1.75
2015.06.04 02:41:06.897,0.88937,0.8898,1.00,1.75
2015.06.04 02:41:07.208,0.88938,0.88976,1.00,1.12
2015.06.04 02:41:07.273,0.88938,0.88976,1.00,1.50
2015.06.04 02:41:07.674,0.88938,0.88977,1.00,1.75
2015.06.04 02:41:07.887,0.88933,0.88972,1.00,1.37
2015.06.04 02:41:15.988,0.88933,0.88973,1.00,1.37
2015.06.04 02:41:16.228,0.88933,0.88964,1.00,1.37
2015.06.04 02:41:16.386,0.88918,0.88964,1.37,1.00
2015.06.04 02:41:16.437,0.8892,0.8897,1.37,1.35
2015.06.04 02:41:16.489,0.8892,0.8897,1.75,1.35
2015.06.04 02:41:16.791,0.88933,0.88972,1.00,1.75
2015.06.04 02:41:17.191,0.88932,0.88968,1.00,1.75
2015.06.04 02:41:17.393,0.88923,0.88963,1.00,1.37
2015.06.04 02:41:17.493,0.88923,0.8897,1.00,1.87
2015.06.04 02:41:17.594,0.88933,0.8897,1.00,1.00
2015.06.04 02:41:17.807,0.88923,0.88964,1.00,1.00
2015.06.04 02:41:17.857,0.88923,0.88962,1.00,1.00
2015.06.04 02:41:18.088,0.88923,0.88968,1.00,1.00
2015.06.04 02:41:18.140,0.88932,0.88966,1.00,1.00
2015.06.04 02:41:18.336,0.88928,0.88963,1.00,1.00
2015.06.04 02:41:19.125,0.88928,0.88962,1.00,1.00
2015.06.04 02:41:20.395,0.88928,0.88962,1.00,1.37
2015.06.04 02:41:21.297,0.88928,0.88962,1.00,1.75
2015.06.04 02:41:22.634,0.88917,0.88962,1.75,1.00
2015.06.04 02:41:22.734,0.88922,0.88962,1.37,1.00
2015.06.04 02:41:22.785,0.88922,0.88973,1.37,1.50
2015.06.04 02:41:22.836,0.88922,0.88973,1.75,1.37
2015.06.04 02:41:22.887,0.88937,0.88973,1.00,1.37
2015.06.04 02:41:23.620,0.88938,0.88975,1.00,1.37
2015.06.04 02:41:23.931,0.88938,0.88974,1.00,1.75
2015.06.04 02:41:25.126,0.88938,0.88976,1.00,2.10
2015.06.04 02:41:26.066,0.88937,0.88976,1.00,2.10
2015.06.04 02:41:27.930,0.88937,0.88976,1.00,2.10
2015.06.04 02:41:28.547,0.88937,0.88976,1.00,2.10
2015.06.04 02:41:30.735,0.88937,0.88976,1.00,2.10
2015.06.04 02:41:32.166,0.88937,0.88974,1.00,1.75
2015.06.04 02:42:00.905,0.88938,0.88976,1.00,2.10
2015.06.04 02:42:02.160,0.88932,0.88976,1.12,2.10
2015.06.04 02:42:02.335,0.88942,0.88976,1.00,1.35
2015.06.04 02:42:03.674,0.88942,0.88976,1.00,1.35
2015.06.04 02:42:11.795,0.88938,0.88976,1.00,2.10
2015.06.04 02:42:12.590,0.88938,0.88975,1.00,1.50
2015.06.04 02:42:13.091,0.88938,0.88975,1.00,1.37
2015.06.04 02:42:13.191,0.88938,0.88975,1.00,1.50
2015.06.04 02:42:22.808,0.88938,0.88975,1.00,1.75
2015.06.04 02:42:28.845,0.88932,0.88976,1.37,1.75
2015.06.04 02:42:29.364,0.88933,0.88973,1.00,1.37
2015.06.04 02:42:29.418,0.88933,0.88973,1.00,1.50
2015.06.04 02:42:38.579,0.88933,0.88974,1.00,1.50
2015.06.04 02:42:40.664,0.88933,0.88974,1.00,1.37
2015.06.04 02:42:48.552,0.88933,0.88975,1.37,1.37
2015.06.04 02:42:48.653,0.88933,0.88977,1.37,1.37
2015.06.04 02:42:48.986,0.88932,0.8898,1.75,1.37
2015.06.04 02:42:49.303,0.88942,0.88986,1.37,1.50
2015.06.04 02:42:49.664,0.88943,0.88986,1.00,1.75
2015.06.04 02:42:49.945,0.88943,0.88987,1.12,1.75
2015.06.04 02:42:58.886,0.88943,0.88987,1.00,2.25
2015.06.04 02:42:59.457,0.88943,0.88987,1.00,2.25
2015.06.04 02:43:00.407,0.88943,0.88987,1.00,2.25
2015.06.04 02:43:03.165,0.88943,0.88986,1.00,1.50
2015.06.04 02:43:03.836,0.88942,0.88984,1.00,1.37
2015.06.04 02:43:04.581,0.88942,0.88984,1.00,1.75
2015.06.04 02:43:04.632,0.88937,0.88984,1.37,1.75
2015.06.04 02:43:05.156,0.88938,0.88979,1.00,1.37
2015.06.04 02:43:05.206,0.88938,0.88979,1.00,1.75
2015.06.04 02:43:05.408,0.88938,0.88982,1.37,1.00
2015.06.04 02:43:05.508,0.88938,0.88983,1.37,1.00
2015.06.04 02:43:05.718,0.88933,0.88983,2.25,1.00
2015.06.04 02:43:06.076,0.88947,0.88983,1.00,1.00
2015.06.04 02:43:09.692,0.88947,0.88987,1.00,1.50
2015.06.04 02:43:10.194,0.88948,0.88986,1.00,1.37
2015.06.04 02:43:10.315,0.88943,0.88988,1.00,1.50
2015.06.04 02:43:10.834,0.88938,0.88987,1.37,1.75
2015.06.04 02:43:10.884,0.88942,0.88987,1.00,1.75
2015.06.04 02:43:11.671,0.88943,0.88985,1.00,1.37
2015.06.04 02:43:20.699,0.88943,0.88986,1.00,1.75
2015.06.04 02:43:21.004,0.88943,0.88982,1.00,1.75
2015.06.04 02:43:21.303,0.88938,0.88982,1.12,2.25
2015.06.04 02:43:23.519,0.88938,0.88979,1.00,1.75
2015.06.04 02:43:25.814,0.88938,0.88978,1.00,1.37
2015.06.04 02:43:26.491,0.88938,0.88981,1.37,1.37
2015.06.04 02:43:26.775,0.88943,0.88981,1.00,1.37
2015.06.04 02:43:27.143,0.88943,0.88983,1.00,1.37
2015.06.04 02:43:28.458,0.88943,0.88983,1.00,1.37
2015.06.04 02:43:31.935,0.88943,0.88982,1.00,1.37
2015.06.04 02:43:32.064,0.88938,0.88982,1.12,1.87
2015.06.04 02:43:32.309,0.88943,0.88984,1.00,1.75
2015.06.04 02:43:43.679,0.88943,0.88982,1.00,1.37
2015.06.04 02:43:44.243,0.88943,0.88984,1.00,1.75
2015.06.04 02:43:52.623,0.88938,0.88982,1.00,1.87
2015.06.04 02:43:57.981,0.88938,0.88982,1.12,1.87
2015.06.04 02:43:58.124,0.88943,0.88982,1.00,1.37
2015.06.04 02:44:00.680,0.88938,0.88982,1.12,1.37
2015.06.04 02:44:01.093,0.88942,0.88983,1.00,1.37
2015.06.04 02:44:06.403,0.88942,0.88984,1.00,1.75
2015.06.04 02:44:06.996,0.88938,0.88979,1.00,1.50
2015.06.04 02:44:07.692,0.88938,0.88979,1.00,1.75
2015.06.04 02:44:09.333,0.88938,0.88982,1.00,1.75
2015.06.04 02:44:09.434,0.88938,0.88982,1.50,1.37
2015.06.04 02:44:09.892,0.88948,0.88987,1.00,1.75
2015.06.04 02:44:10.544,0.88948,0.88987,1.00,2.25
2015.06.04 02:44:10.903,0.88948,0.88987,1.00,1.75
2015.06.04 02:44:11.004,0.88948,0.88987,1.00,2.25
2015.06.04 02:44:11.304,0.88948,0.88987,1.00,2.25
2015.06.04 02:44:11.405,0.88948,0.88987,1.00,1.50
2015.06.04 02:44:11.955,0.88948,0.88987,1.00,1.37
2015.06.04 02:44:12.007,0.88948,0.88987,1.00,1.75
2015.06.04 02:44:12.732,0.88948,0.88987,1.00,1.50
2015.06.04 02:44:13.512,0.88948,0.88987,1.00,1.75
2015.06.04 02:44:13.714,0.88948,0.88987,1.00,1.50
2015.06.04 02:44:14.216,0.88948,0.88987,1.00,1.75
2015.06.04 02:44:15.008,0.88948,0.88987,1.00,1.50
2015.06.04 02:44:16.726,0.88948,0.88987,1.00,1.75
2015.06.04 02:44:17.654,0.88948,0.88987,1.00,1.37
2015.06.04 02:44:17.928,0.88948,0.88987,1.00,1.75
2015.06.04 02:44:19.933,0.88948,0.88987,1.00,1.50
2015.06.04 02:44:20.736,0.88948,0.88987,1.00,1.75
2015.06.04 02:44:21.742,0.88948,0.88987,1.00,1.37
2015.06.04 02:44:23.444,0.88948,0.88987,1.00,1.37
2015.06.04 02:44:24.446,0.88948,0.88987,1.00,1.75
2015.06.04 02:44:29.856,0.88948,0.88987,1.00,1.50
2015.06.04 02:44:31.860,0.88948,0.88987,1.00,1.75
2015.06.04 02:44:34.664,0.88948,0.88987,1.00,1.50
2015.06.04 02:44:34.863,0.88942,0.88983,1.37,1.37
2015.06.04 02:44:34.996,0.88942,0.88983,1.12,1.37
2015.06.04 02:44:35.065,0.88942,0.88983,1.37,1.37
2015.06.04 02:44:35.397,0.88947,0.88988,1.00,1.75
2015.06.04 02:44:39.688,0.88947,0.88987,1.00,1.37
2015.06.04 02:44:44.119,0.88947,0.88987,1.00,1.12
2015.06.04 02:44:45.613,0.88947,0.88987,1.00,1.12
2015.06.04 02:44:45.715,0.88947,0.88987,1.00,1.37
2015.06.04 02:44:45.816,0.88947,0.88987,1.00,1.12
2015.06.04 02:44:46.022,0.88947,0.88987,1.00,1.37
2015.06.04 02:44:46.829,0.88947,0.88987,1.00,1.12
2015.06.04 02:44:47.791,0.88947,0.88987,1.00,1.37
2015.06.04 02:44:48.336,0.88947,0.88987,1.00,1.12
2015.06.04 02:44:48.786,0.88947,0.88988,1.00,1.87
2015.06.04 02:44:49.432,0.88947,0.88987,1.00,1.12
2015.06.04 02:44:49.532,0.88947,0.88987,1.00,1.37
2015.06.04 02:44:50.288,0.88947,0.88987,1.00,1.12
2015.06.04 02:44:50.871,0.88947,0.88987,1.00,1.37
2015.06.04 02:44:51.790,0.88947,0.88987,1.00,1.12
2015.06.04 02:44:51.891,0.88947,0.88988,1.00,1.87
2015.06.04 02:44:54.198,0.88947,0.88987,1.00,1.12
2015.06.04 02:44:55.001,0.88947,0.88987,1.00,1.37
2015.06.04 02:44:56.731,0.88947,0.88988,1.00,1.87
2015.06.04 02:44:57.105,0.88947,0.88987,1.00,1.12
2015.06.04 02:45:06.921,0.88947,0.88987,1.00,1.37
2015.06.04 02:45:08.244,0.88947,0.88988,1.00,1.87
2015.06.04 02:45:08.577,0.88947,0.88987,1.00,1.12
2015.06.04 02:45:08.628,0.88947,0.88988,1.00,1.87
2015.06.04 02:45:11.934,0.88947,0.88988,1.00,1.75
2015.06.04 02:45:13.637,0.88947,0.88988,1.37,1.75
2015.06.04 02:45:14.936,0.88947,0.88988,1.12,1.75
2015.06.04 02:45:15.436,0.88947,0.88987,1.12,1.37
2015.06.04 02:45:15.680,0.88947,0.88988,1.12,1.75
2015.06.04 02:45:16.192,0.88947,0.88988,1.37,1.75
2015.06.04 02:45:16.242,0.88947,0.88987,1.12,1.37
2015.06.04 02:45:16.683,0.88947,0.88988,1.37,1.87
2015.06.04 02:45:16.787,0.88947,0.88988,1.00,1.87
2015.06.04 02:45:16.841,0.88947,0.88988,1.12,1.75
2015.06.04 02:45:16.943,0.88947,0.88987,1.12,1.37
2015.06.04 02:45:17.242,0.88947,0.88988,1.00,1.75
2015.06.04 02:45:17.444,0.88947,0.88988,1.00,1.87
2015.06.04 02:45:17.988,0.88947,0.88987,1.12,1.37
2015.06.04 02:45:18.089,0.88947,0.88988,1.12,1.75
2015.06.04 02:45:18.189,0.88947,0.88987,1.12,1.37
2015.06.04 02:45:19.150,0.88947,0.88988,1.37,1.75
2015.06.04 02:45:19.251,0.88947,0.88987,1.12,1.37
2015.06.04 02:45:19.651,0.88947,0.88988,1.12,1.75
2015.06.04 02:45:19.753,0.88947,0.88988,1.00,1.75
2015.06.04 02:45:20.283,0.88947,0.88988,1.00,1.87
2015.06.04 02:45:20.597,0.88947,0.88988,1.00,1.75
2015.06.04 02:45:22.055,0.88947,0.88988,1.00,1.75
2015.06.04 02:45:23.659,0.88947,0.88988,1.00,1.87
2015.06.04 02:45:27.061,0.88947,0.88988,1.37,1.75
2015.06.04 02:45:27.662,0.88947,0.88987,1.12,1.37
2015.06.04 02:45:27.762,0.88947,0.88988,1.00,1.75
2015.06.04 02:45:28.263,0.88947,0.88988,1.37,1.75
2015.06.04 02:45:28.464,0.88947,0.88988,1.12,1.87
2015.06.04 02:45:29.265,0.88947,0.88988,1.00,1.75
2015.06.04 02:45:32.877,0.88947,0.88988,1.12,1.75
2015.06.04 02:45:33.215,0.88947,0.88988,1.00,1.87
2015.06.04 02:45:33.729,0.88947,0.88988,1.37,1.87
2015.06.04 02:45:34.071,0.88947,0.88987,1.12,1.37
2015.06.04 02:45:35.013,0.88947,0.88988,1.00,1.87
2015.06.04 02:45:35.884,0.88947,0.88987,1.12,1.37
2015.06.04 02:45:36.576,0.88947,0.88988,1.12,1.75
2015.06.04 02:45:36.876,0.88947,0.88988,1.37,1.75
2015.06.04 02:45:40.484,0.88947,0.88988,1.00,1.50
2015.06.04 02:45:40.903,0.88947,0.88988,1.37,1.37
2015.06.04 02:45:40.988,0.88947,0.88988,1.00,1.50
2015.06.04 02:45:41.294,0.88947,0.88988,1.12,1.37
2015.06.04 02:45:41.993,0.88947,0.88988,1.00,1.37
2015.06.04 02:45:42.595,0.88947,0.88988,1.00,1.37
2015.06.04 02:45:44.398,0.88947,0.88988,1.37,1.37
2015.06.04 02:45:44.900,0.88947,0.88988,1.12,1.75
2015.06.04 02:45:45.402,0.88947,0.88988,1.37,1.50
2015.06.04 02:45:46.711,0.88947,0.88988,1.37,1.37
2015.06.04 02:45:47.305,0.88947,0.88988,1.37,1.37
2015.06.04 02:45:47.909,0.88947,0.88988,1.00,1.37
2015.06.04 02:45:48.836,0.88947,0.88988,1.37,1.75
2015.06.04 02:45:49.117,0.88947,0.88988,1.37,1.37
2015.06.04 02:45:49.620,0.88947,0.88988,1.12,1.37
2015.06.04 02:45:49.921,0.88947,0.88988,1.12,1.75
2015.06.04 02:45:50.022,0.88947,0.88988,1.00,1.37
2015.06.04 02:45:51.023,0.88947,0.88988,1.00,1.37
2015.06.04 02:45:51.825,0.88947,0.88988,1.37,1.37
2015.06.04 02:45:53.131,0.88947,0.88988,1.37,1.37
2015.06.04 02:45:56.633,0.88947,0.88988,1.00,1.50
2015.06.04 02:45:56.734,0.88947,0.88988,1.37,1.37
2015.06.04 02:45:59.037,0.88947,0.88988,1.00,1.75
2015.06.04 02:45:59.538,0.88947,0.88988,1.37,1.50
2015.06.04 02:46:03.242,0.88947,0.88988,1.12,1.37
2015.06.04 02:46:03.750,0.88947,0.88988,1.37,1.37
2015.06.04 02:46:06.949,0.88947,0.88987,1.00,1.12
2015.06.04 02:46:08.051,0.88947,0.88987,1.00,1.75
2015.06.04 02:46:16.282,0.88947,0.88987,1.00,1.12
2015.06.04 02:46:18.366,0.88947,0.88986,1.00,1.37
2015.06.04 02:46:18.572,0.88947,0.88987,1.37,1.12
2015.06.04 02:46:19.668,0.88947,0.88987,1.00,1.12
2015.06.04 02:46:19.970,0.88947,0.88987,1.00,1.75
2015.06.04 02:46:20.615,0.88947,0.88987,1.00,1.12
2015.06.04 02:46:21.078,0.88947,0.88986,1.00,1.37
2015.06.04 02:46:21.179,0.88947,0.88987,1.00,1.12
2015.06.04 02:46:26.183,0.88947,0.88987,1.00,1.75
2015.06.04 02:46:27.451,0.88947,0.88987,1.00,1.12
2015.06.04 02:46:29.488,0.88947,0.88986,1.12,1.37
2015.06.04 02:46:29.989,0.88947,0.88987,1.12,1.75
2015.06.04 02:46:31.197,0.88947,0.88987,1.00,1.12
2015.06.04 02:46:31.509,0.88947,0.88986,1.00,1.12
2015.06.04 02:46:33.501,0.88947,0.88986,1.12,1.37
2015.06.04 02:46:33.695,0.88947,0.88987,1.00,1.12
2015.06.04 02:46:34.704,0.88947,0.88987,1.00,1.12
2015.06.04 02:46:35.300,0.88947,0.88987,1.00,1.75
2015.06.04 02:46:35.835,0.88947,0.88987,1.00,1.12
2015.06.04 02:46:36.740,0.88947,0.88986,1.00,1.12
2015.06.04 02:46:37.442,0.88947,0.88984,1.00,1.12
2015.06.04 02:46:37.842,0.88942,0.88984,1.00,1.12
2015.06.04 02:46:38.311,0.88942,0.88983,1.37,1.50
2015.06.04 02:46:38.412,0.88937,0.88989,2.25,1.12
2015.06.04 02:46:38.513,0.88943,0.88993,1.75,1.37
2015.06.04 02:46:38.614,0.88946,0.88993,1.75,1.00
2015.06.04 02:46:38.715,0.88948,0.88998,1.75,1.37
2015.06.04 02:46:38.816,0.88949,0.88998,1.75,1.37
2015.06.04 02:46:39.049,0.88957,0.89003,1.37,1.87
2015.06.04 02:46:39.484,0.88957,0.89003,1.00,1.50
2015.06.04 02:46:40.017,0.88958,0.89002,1.00,1.37
2015.06.04 02:46:40.529,0.88958,0.89002,1.00,1.00
2015.06.04 02:46:41.514,0.88958,0.89002,1.00,1.75
2015.06.04 02:46:43.820,0.88958,0.89002,1.00,1.75
2015.06.04 02:46:46.642,0.88958,0.89002,1.00,1.75
2015.06.04 02:47:00.862,0.88953,0.89002,1.37,1.75
2015.06.04 02:47:00.963,0.88953,0.89001,1.37,1.75
2015.06.04 02:47:01.692,0.88953,0.88992,1.00,1.37
2015.06.04 02:47:02.759,0.88953,0.88992,1.00,1.12
2015.06.04 02:47:02.960,0.88953,0.88992,1.00,1.37
2015.06.04 02:47:03.161,0.88953,0.88992,1.00,1.37
2015.06.04 02:47:05.160,0.88953,0.88992,1.37,1.37
2015.06.04 02:47:05.780,0.88957,0.88998,1.00,2.10
2015.06.04 02:47:11.280,0.88953,0.88992,1.37,1.37
2015.06.04 02:47:13.811,0.88957,0.88998,1.00,2.10
2015.06.04 02:47:14.816,0.88953,0.88992,1.37,1.37
2015.06.04 02:47:15.396,0.88953,0.88992,1.00,1.37
2015.06.04 02:47:15.591,0.88953,0.88992,1.00,1.50
2015.06.04 02:47:15.913,0.88953,0.88992,1.00,1.37
2015.06.04 02:47:16.014,0.88953,0.88992,1.00,1.50
2015.06.04 02:47:16.354,0.88953,0.88992,1.00,1.75
2015.06.04 02:47:16.405,0.88953,0.88992,1.00,1.75
2015.06.04 02:47:28.730,0.88953,0.88992,1.00,1.37
2015.06.04 02:47:29.038,0.88953,0.88992,1.00,1.37
2015.06.04 02:47:29.587,0.88958,0.88997,1.00,1.75
2015.06.04 02:47:30.896,0.88958,0.88997,1.00,1.50
2015.06.04 02:47:32.544,0.88958,0.88997,1.00,1.37
2015.06.04 02:47:34.405,0.88958,0.88997,1.00,1.50
2015.06.04 02:47:35.019,0.88958,0.88997,1.00,1.75
2015.06.04 02:47:35.506,0.88958,0.88997,1.00,1.37
2015.06.04 02:47:36.447,0.88958,0.88997,1.00,1.37
2015.06.04 02:47:36.648,0.88958,0.88997,1.00,1.50
2015.06.04 02:47:38.780,0.88953,0.88992,1.37,1.12
2015.06.04 02:47:39.440,0.88953,0.88992,1.00,1.37
2015.06.04 02:47:39.742,0.88952,0.88992,1.00,1.35
2015.06.04 02:47:40.160,0.88948,0.88987,1.00,1.37
2015.06.04 02:47:43.921,0.88948,0.88987,1.00,1.75
2015.06.04 02:47:47.800,0.88953,0.88989,1.00,1.35
2015.06.04 02:47:48.855,0.88953,0.88989,1.00,1.35
2015.06.04 02:47:51.045,0.88953,0.88989,1.00,1.35
2015.06.04 02:47:51.696,0.88953,0.88989,1.00,1.35
2015.06.04 02:47:52.377,0.88953,0.88989,1.00,1.35
2015.06.04 02:47:52.692,0.88953,0.88989,1.00,1.35
2015.06.04 02:47:52.878,0.88953,0.88989,1.00,1.35
2015.06.04 02:47:52.979,0.88953,0.88989,1.00,1.35
2015.06.04 02:47:54.280,0.88953,0.88989,1.00,1.35
2015.06.04 02:47:54.881,0.88953,0.88989,1.00,1.35
2015.06.04 02:47:55.382,0.88953,0.88989,1.00,1.35
2015.06.04 02:47:55.944,0.88953,0.88989,1.00,1.35
2015.06.04 02:47:56.696,0.88953,0.88989,1.00,1.35
2015.06.04 02:47:58.445,0.88953,0.88989,1.00,1.35
2015.06.04 02:47:58.987,0.88953,0.88989,1.00,1.35
2015.06.04 02:47:59.288,0.88953,0.88989,1.00,1.35
2015.06.04 02:48:00.289,0.88953,0.88989,1.00,1.35
2015.06.04 02:48:13.612,0.88953,0.88989,1.00,1.35
2015.06.04 02:48:15.014,0.88953,0.88989,1.00,1.35
2015.06.04 02:48:20.979,0.88953,0.88989,1.00,1.67
2015.06.04 02:48:21.496,0.88953,0.88992,1.00,1.97
2015.06.04 02:48:21.721,0.88953,0.88995,1.00,1.35
2015.06.04 02:48:23.072,0.88952,0.88993,1.00,1.75
2015.06.04 02:48:23.224,0.88953,0.88997,1.00,1.75
2015.06.04 02:48:23.328,0.88953,0.88997,1.12,1.50
2015.06.04 02:48:23.709,0.88953,0.88992,1.37,1.37
2015.06.04 02:48:28.400,0.88952,0.88993,1.37,1.37
2015.06.04 02:48:43.188,0.88953,0.88992,1.37,1.12
2015.06.04 02:48:43.741,0.88953,0.88992,1.12,1.37
2015.06.04 02:48:43.928,0.88953,0.88992,1.00,1.12
2015.06.04 02:48:44.831,0.88953,0.88992,1.00,1.37
2015.06.04 02:48:45.355,0.88953,0.88992,1.00,1.37
2015.06.04 02:48:45.406,0.88947,0.88988,1.37,1.00
2015.06.04 02:48:45.607,0.88953,0.88992,1.00,1.37
2015.06.04 02:48:45.920,0.88948,0.88987,1.37,1.00
2015.06.04 02:48:46.268,0.88948,0.88987,1.37,1.37
2015.06.04 02:48:46.654,0.88947,0.88983,1.00,1.37
2015.06.04 02:48:49.878,0.88948,0.88986,1.00,1.67
2015.06.04 02:48:50.868,0.88943,0.88982,1.37,1.37
2015.06.04 02:48:52.408,0.88948,0.88986,1.00,1.67
2015.06.04 02:48:55.070,0.88943,0.88982,1.37,1.37
2015.06.04 02:48:56.039,0.88948,0.88986,1.00,1.67
2015.06.04 02:48:56.379,0.88943,0.88986,1.37,1.35
2015.06.04 02:48:56.588,0.88942,0.88983,1.00,1.37
2015.06.04 02:48:57.189,0.88942,0.88983,1.00,1.50
2015.06.04 02:48:57.290,0.88942,0.88983,1.00,1.75
2015.06.04 02:48:57.391,0.88942,0.88983,1.00,1.37
2015.06.04 02:48:57.492,0.88942,0.88983,1.00,1.75
2015.06.04 02:48:57.991,0.88942,0.88983,1.00,1.75
2015.06.04 02:49:11.768,0.88943,0.88982,1.00,1.50
2015.06.04 02:49:13.308,0.88942,0.88983,1.00,1.75
2015.06.04 02:49:15.675,0.88942,0.88983,1.00,1.50
2015.06.04 02:49:21.213,0.88942,0.88983,1.00,1.37
2015.06.04 02:49:21.337,0.88948,0.88987,1.00,2.10
2015.06.04 02:49:21.589,0.88948,0.88987,1.00,2.10
2015.06.04 02:49:22.127,0.88948,0.88987,1.00,2.10
2015.06.04 02:49:22.375,0.88942,0.88987,1.37,1.67
2015.06.04 02:49:22.549,0.88947,0.88992,1.00,1.75
2015.06.04 02:49:23.095,0.88948,0.88992,1.00,2.25
2015.06.04 02:49:23.318,0.88943,0.88991,1.12,1.75
2015.06.04 02:49:23.419,0.88943,0.88992,1.37,3.00
2015.06.04 02:49:23.963,0.88948,0.88992,1.00,3.00
2015.06.04 02:49:29.097,0.88948,0.88992,1.00,3.00
2015.06.04 02:49:32.601,0.88948,0.8899,1.00,1.75
2015.06.04 02:49:33.302,0.88948,0.8899,1.00,1.75
2015.06.04 02:49:33.581,0.88948,0.8899,1.00,1.75
2015.06.04 02:49:34.505,0.88948,0.8899,1.00,2.25
2015.06.04 02:49:34.556,0.88942,0.88988,1.37,1.75
2015.06.04 02:49:34.705,0.88942,0.88988,1.37,1.75
2015.06.04 02:49:34.806,0.88942,0.88988,1.00,1.75
2015.06.04 02:49:35.923,0.88942,0.88988,1.12,2.25
2015.06.04 02:49:36.077,0.88947,0.8899,1.00,2.25
2015.06.04 02:49:42.956,0.88947,0.8899,1.00,1.75
2015.06.04 02:49:43.862,0.88947,0.88991,1.00,1.75
2015.06.04 02:49:46.754,0.88947,0.8899,1.00,1.75
2015.06.04 02:49:56.319,0.88938,0.88983,1.75,1.37
2015.06.04 02:49:57.238,0.88938,0.88983,1.75,1.37
2015.06.04 02:50:14.060,0.88938,0.88982,1.75,1.37
2015.06.04 02:50:18.467,0.88937,0.88983,1.87,1.37
2015.06.04 02:50:29.389,0.88937,0.88983,1.87,1.37
2015.06.04 02:50:50.929,0.88937,0.88983,1.87,1.37
2015.06.04 02:50:58.188,0.88932,0.88978,1.75,1.37
2015.06.04 02:50:58.491,0.88938,0.88977,1.00,1.37
2015.06.04 02:50:58.798,0.88933,0.88972,1.37,1.00
2015.06.04 02:50:59.338,0.88933,0.88972,1.37,1.00
2015.06.04 02:51:00.030,0.88933,0.88972,1.00,1.37
2015.06.04 02:51:00.343,0.8893,0.88967,1.37,1.00
2015.06.04 02:51:01.657,0.88928,0.88967,1.50,1.00
2015.06.04 02:51:11.563,0.88928,0.88967,1.37,1.12
2015.06.04 02:51:13.071,0.88928,0.88967,1.37,1.12
2015.06.04 02:51:13.122,0.88928,0.88967,1.75,1.00
2015.06.04 02:51:16.982,0.88928,0.88967,1.37,1.00
2015.06.04 02:51:17.629,0.88928,0.88967,1.37,1.37
2015.06.04 02:51:18.231,0.88927,0.88968,1.37,1.37
2015.06.04 02:51:19.933,0.88927,0.88968,1.75,1.12
2015.06.04 02:51:22.117,0.88928,0.88967,1.75,1.00
2015.06.04 02:51:29.447,0.88928,0.88967,1.75,1.00
2015.06.04 02:51:37.627,0.88931,0.88968,1.12,1.00
2015.06.04 02:51:39.664,0.88931,0.88968,1.12,1.12
2015.06.04 02:51:45.223,0.88927,0.88968,1.37,1.37
2015.06.04 02:51:45.623,0.88927,0.88968,1.75,1.37
2015.06.04 02:51:45.724,0.88927,0.88968,1.37,1.37
2015.06.04 02:51:45.924,0.88927,0.88968,1.50,1.12
2015.06.04 02:51:46.767,0.88927,0.88968,1.37,1.37
2015.06.04 02:51:47.226,0.88927,0.88968,1.50,1.12
2015.06.04 02:51:48.874,0.88927,0.88968,1.37,1.12
2015.06.04 02:51:52.367,0.88925,0.88962,1.12,1.00
2015.06.04 02:51:52.588,0.88928,0.88967,1.37,1.00
2015.06.04 02:52:00.287,0.88925,0.88963,1.12,1.00
2015.06.04 02:52:00.900,0.88925,0.88963,1.37,1.00
2015.06.04 02:52:02.402,0.88925,0.88963,1.12,1.00
2015.06.04 02:52:02.638,0.8893,0.88973,1.12,1.75
2015.06.04 02:52:02.756,0.8893,0.88973,1.12,1.37
2015.06.04 02:52:02.857,0.88932,0.88973,1.37,1.12
2015.06.04 02:52:03.123,0.88932,0.88973,1.75,1.00
2015.06.04 02:52:03.356,0.88932,0.88973,1.37,1.00
2015.06.04 02:52:03.457,0.88932,0.88973,1.75,1.00
2015.06.04 02:52:03.627,0.88938,0.88977,1.12,1.00
2015.06.04 02:52:04.066,0.88938,0.88977,1.37,1.00
2015.06.04 02:52:04.137,0.88933,0.88982,1.75,1.37
2015.06.04 02:52:04.187,0.88934,0.88982,2.25,1.37
2015.06.04 02:52:06.008,0.88938,0.88983,1.37,1.37
2015.06.04 02:52:07.696,0.88938,0.88983,1.75,1.37
2015.06.04 02:52:08.466,0.88938,0.88983,1.37,1.37
2015.06.04 02:52:08.906,0.88938,0.88983,1.75,1.37
2015.06.04 02:52:12.518,0.88938,0.88982,1.87,1.37
2015.06.04 02:52:13.416,0.88938,0.88982,1.87,1.37
2015.06.04 02:52:13.971,0.88938,0.88982,1.87,1.37
2015.06.04 02:52:14.222,0.88943,0.88982,1.00,1.37
2015.06.04 02:52:15.033,0.88943,0.88982,1.00,1.37
2015.06.04 02:52:18.277,0.88943,0.88982,1.00,1.37
2015.06.04 02:52:18.377,0.88943,0.88982,1.00,1.37
2015.06.04 02:52:23.983,0.88943,0.88982,1.00,1.37
2015.06.04 02:52:25.031,0.88943,0.88982,1.00,1.37
2015.06.04 02:52:25.517,0.88943,0.88982,1.00,1.37
2015.06.04 02:52:27.389,0.88943,0.88982,1.00,1.37
2015.06.04 02:52:28.991,0.88943,0.88982,1.00,1.37
2015.06.04 02:52:33.498,0.88943,0.88982,1.00,1.37
2015.06.04 02:52:34.001,0.88943,0.88982,1.00,1.50
2015.06.04 02:52:35.636,0.88943,0.88982,1.00,1.37
2015.06.04 02:52:35.747,0.88943,0.88982,1.00,1.37
2015.06.04 02:52:35.910,0.88943,0.88982,1.00,1.12
2015.06.04 02:52:43.886,0.88943,0.88983,1.00,1.12
2015.06.04 02:52:44.529,0.88943,0.88983,1.37,1.12
2015.06.04 02:52:46.132,0.88943,0.88987,1.87,1.37
2015.06.04 02:52:46.233,0.88943,0.88987,1.87,1.12
2015.06.04 02:52:46.433,0.88943,0.88987,1.87,1.37
2015.06.04 02:52:47.005,0.88943,0.88987,1.87,1.37
2015.06.04 02:52:48.875,0.88943,0.88987,1.87,1.50
2015.06.04 02:52:56.475,0.88943,0.88988,1.37,1.75
2015.06.04 02:53:01.956,0.88943,0.88988,1.50,1.37
2015.06.04 02:53:03.889,0.88943,0.88988,1.75,1.37
2015.06.04 02:53:05.160,0.88943,0.88988,1.37,1.75
2015.06.04 02:53:05.762,0.88943,0.88982,1.37,1.00
2015.06.04 02:53:05.913,0.88943,0.88987,1.87,1.37
2015.06.04 02:53:06.365,0.88943,0.88987,2.25,1.37
2015.06.04 02:53:06.768,0.88943,0.88987,2.25,1.00
2015.06.04 02:53:07.218,0.88946,0.88987,1.75,1.00
2015.06.04 02:53:07.875,0.88948,0.88987,1.75,1.00
2015.06.04 02:53:10.575,0.88953,0.88992,1.37,1.00
2015.06.04 02:53:12.115,0.8895,0.88987,1.12,1.00
2015.06.04 02:53:12.226,0.8895,0.88987,1.37,1.00
2015.06.04 02:53:12.778,0.88948,0.88988,1.12,1.37
2015.06.04 02:53:14.230,0.88951,0.88988,1.00,1.12
2015.06.04 02:53:15.432,0.88949,0.88988,1.12,1.37
2015.06.04 02:53:17.434,0.8895,0.88988,1.12,1.37
2015.06.04 02:53:18.879,0.88949,0.88988,1.12,1.37
2015.06.04 02:53:19.437,0.8895,0.88988,1.12,1.37
2015.06.04 02:53:20.032,0.88949,0.88988,1.12,1.37
2015.06.04 02:53:21.440,0.8895,0.88988,1.12,1.37
2015.06.04 02:53:27.006,0.88951,0.88988,1.00,1.00
2015.06.04 02:53:27.376,0.8895,0.88988,1.12,1.00
2015.06.04 02:53:29.315,0.8895,0.88988,1.37,1.00
2015.06.04 02:53:29.850,0.8895,0.88988,1.12,1.00
2015.06.04 02:53:30.084,0.8895,0.88982,1.12,1.00
2015.06.04 02:53:30.957,0.88951,0.88982,1.00,1.00
2015.06.04 02:53:31.159,0.88951,0.88987,1.12,1.00
2015.06.04 02:53:31.259,0.88952,0.88987,1.00,1.00
2015.06.04 02:53:32.684,0.88952,0.88992,1.00,1.37
2015.06.04 02:53:33.566,0.88952,0.88987,1.00,1.00
2015.06.04 02:53:35.465,0.88951,0.88987,1.12,1.00
2015.06.04 02:53:39.614,0.88946,0.88992,1.75,1.37
2015.06.04 02:53:39.666,0.88946,0.88992,1.75,1.37
2015.06.04 02:53:39.856,0.88946,0.88982,1.37,1.00
2015.06.04 02:53:40.474,0.88946,0.88982,1.50,1.00
2015.06.04 02:53:41.485,0.88946,0.88982,1.75,1.00
2015.06.04 02:53:42.476,0.88946,0.88982,1.37,1.00
2015.06.04 02:53:42.662,0.88946,0.88982,1.37,1.00
2015.06.04 02:53:42.978,0.88946,0.88982,1.75,1.00
2015.06.04 02:53:43.664,0.88946,0.88982,1.37,1.00
2015.06.04 02:53:43.744,0.88946,0.88982,1.75,1.00
2015.06.04 02:53:44.647,0.88946,0.88982,1.50,1.00
2015.06.04 02:53:45.804,0.88946,0.88982,1.12,1.00
2015.06.04 02:53:45.855,0.88946,0.88982,1.37,1.00
2015.06.04 02:53:46.325,0.88944,0.88982,1.12,1.00
2015.06.04 02:53:47.095,0.88944,0.88983,1.12,1.00
2015.06.04 02:53:47.486,0.88943,0.88982,1.87,1.00
2015.06.04 02:53:48.560,0.88943,0.88982,1.87,1.00
2015.06.04 02:53:57.092,0.88946,0.88982,1.00,1.00
2015.06.04 02:53:57.204,0.88946,0.88982,1.37,1.00
2015.06.04 02:53:58.205,0.88946,0.88982,1.00,1.12
2015.06.04 02:53:58.395,0.88946,0.88982,1.00,1.37
2015.06.04 02:54:01.207,0.88946,0.88982,1.37,1.12
2015.06.04 02:54:01.257,0.88947,0.88982,1.12,1.12
2015.06.04 02:54:01.580,0.88948,0.88987,1.37,1.00
2015.06.04 02:54:01.681,0.88948,0.88982,1.12,1.00
2015.06.04 02:54:04.085,0.88956,0.88982,1.00,1.00
2015.06.04 02:54:08.373,0.88956,0.88988,1.12,1.00
2015.06.04 02:54:10.827,0.88956,0.88988,1.37,1.00
2015.06.04 02:54:11.325,0.88952,0.88992,1.12,1.00
2015.06.04 02:54:11.425,0.88952,0.88992,1.12,1.00
2015.06.04 02:54:11.664,0.88953,0.88988,1.00,1.00
2015.06.04 02:54:12.274,0.88952,0.88988,1.12,1.00
2015.06.04 02:54:18.790,0.8895,0.88988,1.12,1.00
2015.06.04 02:54:20.651,0.8895,0.88988,1.37,1.00
2015.06.04 02:54:26.829,0.88948,0.88988,1.12,1.00
2015.06.04 02:54:29.690,0.88948,0.88988,1.12,1.00
2015.06.04 02:54:29.903,0.88948,0.88982,1.12,1.00
2015.06.04 02:54:31.333,0.88948,0.88988,1.12,1.00
2015.06.04 02:54:40.514,0.88947,0.88988,2.25,1.00
2015.06.04 02:54:43.265,0.88948,0.88988,1.75,1.00
2015.06.04 02:54:43.521,0.88949,0.88988,1.00,1.00
2015.06.04 02:54:43.879,0.88949,0.88983,1.00,1.00
2015.06.04 02:54:44.725,0.88948,0.88983,1.12,1.00
2015.06.04 02:54:47.630,0.88948,0.88983,1.12,1.00
2015.06.04 02:54:52.124,0.88948,0.88982,1.12,1.00
2015.06.04 02:54:52.548,0.88951,0.88982,1.12,1.00
2015.06.04 02:54:52.598,0.88951,0.88992,1.12,1.37
2015.06.04 02:54:52.699,0.88951,0.88992,1.12,1.00
2015.06.04 02:54:52.852,0.8895,0.88992,1.12,1.00
2015.06.04 02:54:53.074,0.88951,0.88992,1.12,1.00
2015.06.04 02:54:53.175,0.88951,0.88992,1.37,1.00
2015.06.04 02:54:53.309,0.88951,0.88992,1.12,1.00
2015.06.04 02:54:53.462,0.88951,0.88992,1.12,1.00
2015.06.04 02:54:54.313,0.88951,0.88993,1.12,1.00
2015.06.04 02:55:03.492,0.88956,0.88993,1.37,1.00
2015.06.04 02:55:04.129,0.88956,0.88993,1.12,1.00
2015.06.04 02:55:04.995,0.88955,0.88993,1.12,1.00
2015.06.04 02:55:05.546,0.88956,0.88993,1.12,1.00
2015.06.04 02:55:08.074,0.88955,0.88992,1.12,1.00
2015.06.04 02:55:09.094,0.88958,0.88992,1.37,1.00
2015.06.04 02:55:23.985,0.88953,0.88992,1.75,1.00
2015.06.04 02:55:24.285,0.88951,0.88995,2.25,1.50
2015.06.04 02:55:24.621,0.88951,0.88988,2.25,1.00
2015.06.04 02:55:25.042,0.88951,0.88983,2.25,1.00
2015.06.04 02:55:25.563,0.88951,0.88987,2.25,1.00
2015.06.04 02:55:26.914,0.88948,0.88987,1.87,1.00
2015.06.04 02:55:32.401,0.88949,0.88987,1.12,1.00
2015.06.04 02:55:32.792,0.88949,0.88993,1.12,1.37
2015.06.04 02:55:32.842,0.88953,0.88992,1.37,1.00
2015.06.04 02:55:33.313,0.88953,0.88992,1.37,1.00
2015.06.04 02:55:34.107,0.88953,0.88992,1.37,1.00
2015.06.04 02:55:35.267,0.88953,0.88992,1.37,1.00
2015.06.04 02:55:38.622,0.88958,0.88992,2.25,1.00
2015.06.04 02:55:38.881,0.88962,0.88998,1.12,1.00
2015.06.04 02:55:39.102,0.88962,0.88992,1.12,1.00
2015.06.04 02:55:39.674,0.88962,0.88992,1.75,1.00
2015.06.04 02:55:43.604,0.88957,0.88998,2.25,1.00
2015.06.04 02:55:48.545,0.88957,0.88998,1.75,1.00
2015.06.04 02:55:58.564,0.88955,0.88993,1.75,1.00
2015.06.04 02:55:58.675,0.88958,0.88997,1.75,1.00
2015.06.04 02:55:59.934,0.88958,0.88997,1.50,1.00
2015.06.04 02:56:00.336,0.88958,0.88997,1.75,1.00
2015.06.04 02:56:12.093,0.88955,0.88993,2.25,1.00
2015.06.04 02:56:19.792,0.88958,0.88997,1.75,1.00
2015.06.04 02:56:25.572,0.88958,0.88997,1.75,1.00
2015.06.04 02:56:25.780,0.88958,0.88997,1.37,1.00
2015.06.04 02:56:25.973,0.88958,0.88997,1.75,1.00
2015.06.04 02:56:29.979,0.88958,0.88997,1.75,1.00
2015.06.04 02:56:30.416,0.88958,0.88997,1.50,1.00
2015.06.04 02:56:30.517,0.88958,0.88997,1.75,1.00
2015.06.04 02:56:32.016,0.88958,0.88997,1.50,1.00
2015.06.04 02:56:51.222,0.88958,0.88997,1.87,1.00
2015.06.04 02:57:11.136,0.88958,0.88997,1.87,1.00
2015.06.04 02:57:12.941,0.88958,0.88997,1.87,1.00
2015.06.04 02:57:16.547,0.88958,0.88997,1.50,1.37
2015.06.04 02:57:16.648,0.88958,0.88997,1.37,1.37
2015.06.04 02:57:16.918,0.88957,0.88998,1.00,1.50
2015.06.04 02:57:18.892,0.88956,0.88993,1.37,1.37
2015.06.04 02:57:19.551,0.88952,0.88993,1.37,1.37
2015.06.04 02:57:21.492,0.88952,0.88998,1.37,1.75
2015.06.04 02:57:22.051,0.88953,0.88992,1.37,1.37
2015.06.04 02:57:23.559,0.88953,0.88992,1.37,1.37
2015.06.04 02:57:30.097,0.88953,0.88992,1.37,1.37
2015.06.04 02:57:30.172,0.88953,0.88992,1.00,1.37
2015.06.04 02:57:30.372,0.88953,0.88992,1.37,1.37
2015.06.04 02:57:32.175,0.88953,0.88992,1.12,1.37
2015.06.04 02:57:33.894,0.88953,0.88992,1.37,1.37
2015.06.04 02:57:34.201,0.88953,0.88992,1.00,1.37
2015.06.04 02:57:34.380,0.88953,0.88992,1.37,1.37
2015.06.04 02:57:35.281,0.88953,0.88992,1.00,1.37
2015.06.04 02:57:35.581,0.88953,0.88992,1.37,1.37
2015.06.04 02:57:37.500,0.88953,0.88992,1.12,1.37
2015.06.04 02:57:37.585,0.88953,0.88992,1.37,1.37
2015.06.04 02:57:38.000,0.88947,0.88988,1.75,1.00
2015.06.04 02:57:38.386,0.88947,0.88988,1.75,1.00
2015.06.04 02:57:38.788,0.88947,0.88988,1.37,1.00
2015.06.04 02:57:38.888,0.88947,0.88988,1.75,1.00
2015.06.04 02:57:38.988,0.88947,0.88988,1.50,1.12
2015.06.04 02:57:39.179,0.88947,0.88988,1.75,1.00
2015.06.04 02:57:39.992,0.88947,0.88988,1.37,1.00
2015.06.04 02:57:40.093,0.88947,0.88988,1.75,1.00
2015.06.04 02:57:40.295,0.88947,0.88988,1.37,1.00
2015.06.04 02:57:41.501,0.88947,0.88988,1.75,1.00
2015.06.04 02:57:41.803,0.88947,0.88988,1.50,1.12
2015.06.04 02:57:41.904,0.88947,0.88988,1.75,1.00
2015.06.04 02:57:42.406,0.88947,0.88988,1.50,1.12
2015.06.04 02:57:42.507,0.88947,0.88988,1.75,1.00
2015.06.04 02:57:43.524,0.88947,0.88988,1.37,1.00
2015.06.04 02:57:43.661,0.88947,0.88988,1.75,1.00
2015.06.04 02:57:43.944,0.88947,0.88988,1.50,1.12
2015.06.04 02:57:44.062,0.88947,0.88988,1.75,1.00
2015.06.04 02:57:44.262,0.88947,0.88988,1.50,1.12
2015.06.04 02:57:44.363,0.88947,0.88988,1.75,1.00
2015.06.04 02:57:46.265,0.88947,0.88988,1.37,1.00
2015.06.04 02:57:46.366,0.88947,0.88988,1.75,1.00
2015.06.04 02:57:48.149,0.88947,0.88988,1.37,1.12
2015.06.04 02:57:48.569,0.88947,0.88988,1.75,1.00
2015.06.04 02:57:48.670,0.88947,0.88988,1.37,1.12
2015.06.04 02:57:48.771,0.88947,0.88988,1.75,1.00
2015.06.04 02:57:48.871,0.88947,0.88988,1.37,1.00
2015.06.04 02:57:48.936,0.88947,0.88988,1.75,1.00
2015.06.04 02:57:49.771,0.88947,0.88988,1.37,1.12
2015.06.04 02:57:50.700,0.88948,0.88987,1.37,1.00
2015.06.04 02:57:50.751,0.88948,0.88987,1.37,1.12
2015.06.04 02:57:51.081,0.88948,0.88987,1.12,1.37
2015.06.04 02:57:51.357,0.88945,0.88983,1.37,1.12
2015.06.04 02:57:51.675,0.88945,0.88982,1.00,1.37
2015.06.04 02:58:04.095,0.88945,0.88982,1.12,1.12
2015.06.04 02:58:04.484,0.88945,0.88982,1.37,1.00
2015.06.04 02:58:05.598,0.88945,0.88982,1.37,1.00
2015.06.04 02:58:08.096,0.88945,0.88982,1.37,1.00
2015.06.04 02:58:08.620,0.88945,0.88982,1.12,1.00
2015.06.04 02:58:09.803,0.88945,0.88982,1.37,1.00
2015.06.04 02:58:11.111,0.88945,0.88983,1.37,1.00
2015.06.04 02:58:11.606,0.88945,0.88983,1.50,1.00
2015.06.04 02:58:12.109,0.88945,0.88983,1.75,1.00
2015.06.04 02:58:13.512,0.88945,0.88983,1.37,1.00
2015.06.04 02:58:13.613,0.88948,0.88987,1.37,1.12
2015.06.04 02:58:14.817,0.88948,0.88987,1.00,1.12
2015.06.04 02:58:18.433,0.88948,0.88987,1.00,1.37
2015.06.04 02:58:19.121,0.88948,0.88987,1.00,1.37
2015.06.04 02:58:21.580,0.88945,0.88982,1.37,1.00
2015.06.04 02:58:22.360,0.88948,0.88982,1.00,1.00
2015.06.04 02:58:43.389,0.88948,0.88988,1.00,1.37
2015.06.04 02:58:43.439,0.88952,0.88988,1.00,1.37
2015.06.04 02:58:44.873,0.88952,0.88987,1.12,1.37
2015.06.04 02:58:45.355,0.88952,0.88982,1.00,1.00
2015.06.04 02:59:12.071,0.88952,0.88988,1.00,1.00
2015.06.04 02:59:22.135,0.88952,0.88988,1.12,1.37
2015.06.04 02:59:27.648,0.88952,0.88988,1.00,1.00
2015.06.04 02:59:28.569,0.88952,0.88982,1.00,1.00
2015.06.04 02:59:43.573,0.88943,0.88982,1.75,1.00
2015.06.04 02:59:44.975,0.88943,0.88982,1.50,1.00
2015.06.04 02:59:45.275,0.88943,0.88982,1.75,1.00
2015.06.04 02:59:46.577,0.88943,0.88982,1.50,1.00
2015.06.04 02:59:46.978,0.88943,0.88982,1.75,1.00
2015.06.04 02:59:49.983,0.88943,0.88982,1.75,1.00
2015.06.04 02:59:56.190,0.88943,0.88982,1.75,1.00
2015.06.04 02:59:58.894,0.88943,0.88982,1.75,1.00
2015.06.04 02:59:59.045,0.88947,0.88992,1.75,1.00
2015.06.04 02:59:59.196,0.88946,0.88992,1.75,1.00
2015.06.04 02:59:59.807,0.88952,0.88993,1.50,1.00
