2015.12.08 09:00:00.121,0.89853,0.89892,1.00,1.50
2015.12.08 09:00:00.272,0.89848,0.89888,1.12,1.00
2015.12.08 09:00:00.342,0.89853,0.8989,1.00,1.00
2015.12.08 09:00:00.659,0.89853,0.89892,1.00,1.50
2015.12.08 09:00:00.811,0.89847,0.89891,1.00,1.12
2015.12.08 09:00:00.912,0.89853,0.89894,1.00,1.37
2015.12.08 09:00:01.489,0.89852,0.89892,1.00,1.37
2015.12.08 09:00:02.372,0.89853,0.89892,1.00,1.37
2015.12.08 09:00:03.858,0.89853,0.89892,1.00,1.00
2015.12.08 09:00:04.379,0.89852,0.89892,1.00,1.00
2015.12.08 09:00:04.530,0.89848,0.89891,1.00,1.00
2015.12.08 09:00:04.634,0.89852,0.89893,1.00,1.00
2015.12.08 09:00:05.202,0.89853,0.89893,1.00,1.00
2015.12.08 09:00:05.861,0.89852,0.89893,1.00,1.00
2015.12.08 09:00:06.501,0.89847,0.89892,1.00,1.00
2015.12.08 09:00:06.723,0.89853,0.89892,1.00,1.00
2015.12.08 09:00:08.135,0.89853,0.89894,1.00,1.37
2015.12.08 09:00:08.286,0.89847,0.89889,1.00,1.00
2015.12.08 09:00:08.337,0.89847,0.89885,1.00,1.00
2015.12.08 09:00:08.483,0.89843,0.89885,1.00,1.00
2015.12.08 09:00:08.991,0.89843,0.89887,1.00,1.87
2015.12.08 09:00:09.994,0.89843,0.89885,1.00,1.00
2015.12.08 09:00:10.420,0.89843,0.89881,1.00,1.00
2015.12.08 09:00:11.207,0.89843,0.8988,1.00,1.00
2015.12.08 09:00:11.721,0.89842,0.89881,1.00,1.00
2015.12.08 09:00:12.249,0.89843,0.89881,1.00,1.00
2015.12.08 09:00:12.771,0.89843,0.89882,1.00,1.00
2015.12.08 09:00:13.152,0.89838,0.89883,1.37,1.00
2015.12.08 09:00:13.320,0.89842,0.89883,1.00,1.00
2015.12.08 09:00:14.205,0.89842,0.89882,1.00,1.00
2015.12.08 09:00:14.406,0.89842,0.89888,1.00,1.50
2015.12.08 09:00:14.506,0.89835,0.89885,1.00,1.00
2015.12.08 09:00:14.643,0.89843,0.89885,1.00,1.00
2015.12.08 09:00:15.409,0.89843,0.89886,1.00,1.00
2015.12.08 09:00:15.910,0.89843,0.89884,1.00,1.00
2015.12.08 09:00:16.512,0.89843,0.89885,1.00,1.00
2015.12.08 09:00:17.134,0.89843,0.89884,1.00,1.00
2015.12.08 09:00:17.814,0.89843,0.89885,1.00,1.00
2015.12.08 09:00:18.115,0.89843,0.89887,1.00,1.00
2015.12.08 09:00:18.506,0.89848,0.89887,1.00,1.00
2015.12.08 09:00:18.752,0.89848,0.8989,1.00,1.87
2015.12.08 09:00:19.396,0.89847,0.8989,1.00,1.37
2015.12.08 09:00:21.531,0.89847,0.89892,1.00,1.37
2015.12.08 09:00:22.782,0.89848,0.89891,1.00,1.12
2015.12.08 09:00:23.571,0.8985,0.89893,1.00,1.37
2015.12.08 09:00:23.755,0.8985,0.89898,1.00,1.87
2015.12.08 09:00:23.806,0.89852,0.89898,1.00,1.87
2015.12.08 09:00:24.131,0.89857,0.89898,1.00,1.87
2015.12.08 09:00:24.932,0.89858,0.89897,1.00,1.37
2015.12.08 09:00:25.421,0.89853,0.89892,1.00,1.00
2015.12.08 09:00:25.735,0.89852,0.89894,1.00,1.00
2015.12.08 09:00:25.891,0.89847,0.89893,1.12,1.50
2015.12.08 09:00:26.136,0.89847,0.8989,1.12,1.00
2015.12.08 09:00:26.705,0.89848,0.8989,1.00,1.00
2015.12.08 09:00:27.239,0.89848,0.89889,1.00,1.00
2015.12.08 09:00:27.840,0.89848,0.8989,1.00,1.00
2015.12.08 09:00:28.341,0.89848,0.89891,1.00,1.00
2015.12.08 09:00:29.059,0.89848,0.8989,1.00,1.00
2015.12.08 09:00:30.273,0.89848,0.89891,1.00,1.00
2015.12.08 09:00:30.883,0.89848,0.8989,1.00,1.00
2015.12.08 09:00:31.766,0.89848,0.89891,1.00,1.00
2015.12.08 09:00:32.267,0.89848,0.89892,1.00,1.00
2015.12.08 09:00:35.525,0.89847,0.89896,1.00,1.00
2015.12.08 09:00:35.575,0.89852,0.89897,1.00,1.00
2015.12.08 09:00:35.912,0.89847,0.89888,1.50,1.00
2015.12.08 09:00:36.389,0.89853,0.89892,1.00,1.00
2015.12.08 09:00:37.942,0.89852,0.89893,1.00,1.00
2015.12.08 09:00:38.043,0.89852,0.89897,1.00,1.00
2015.12.08 09:00:38.200,0.89848,0.89892,1.50,1.00
2015.12.08 09:00:38.528,0.89853,0.89895,1.00,1.00
2015.12.08 09:00:39.129,0.89853,0.89897,1.00,1.00
2015.12.08 09:00:39.410,0.89853,0.89895,1.00,1.00
2015.12.08 09:00:39.832,0.89847,0.89893,1.00,1.00
2015.12.08 09:00:40.385,0.89848,0.89892,1.00,1.00
2015.12.08 09:00:41.188,0.89847,0.89893,1.00,1.00
2015.12.08 09:00:41.689,0.89848,0.89892,1.00,1.00
2015.12.08 09:00:41.840,0.89842,0.89892,1.37,1.00
2015.12.08 09:00:41.891,0.89842,0.89891,1.37,1.37
2015.12.08 09:00:42.291,0.89847,0.89891,1.00,1.37
2015.12.08 09:00:42.581,0.89843,0.89892,1.12,1.37
2015.12.08 09:00:42.692,0.89848,0.89893,1.00,1.37
2015.12.08 09:00:42.838,0.89853,0.89897,1.00,1.50
2015.12.08 09:00:43.394,0.89852,0.89897,1.00,1.00
2015.12.08 09:00:43.954,0.89853,0.89895,1.00,1.00
2015.12.08 09:00:44.498,0.89847,0.89893,1.00,1.00
2015.12.08 09:00:45.831,0.89847,0.89892,1.00,1.00
2015.12.08 09:00:46.196,0.89853,0.89893,1.00,1.00
2015.12.08 09:00:46.246,0.89853,0.89896,1.00,1.00
2015.12.08 09:00:46.352,0.89847,0.89893,1.50,1.00
2015.12.08 09:00:46.453,0.89853,0.89893,1.00,1.00
2015.12.08 09:00:46.504,0.89853,0.89896,1.00,1.00
2015.12.08 09:00:46.903,0.89853,0.89892,1.00,1.00
2015.12.08 09:00:47.020,0.89853,0.89896,1.00,1.00
2015.12.08 09:00:47.605,0.89853,0.89897,1.00,1.00
2015.12.08 09:00:48.206,0.89853,0.89896,1.00,1.00
2015.12.08 09:00:49.709,0.89853,0.89897,1.00,1.00
2015.12.08 09:00:51.437,0.89853,0.89896,1.00,1.00
2015.12.08 09:00:51.970,0.89853,0.89897,1.00,1.00
2015.12.08 09:00:52.487,0.89852,0.89898,1.50,1.00
2015.12.08 09:00:52.919,0.89857,0.899,1.00,1.12
2015.12.08 09:00:56.427,0.89857,0.89901,1.00,1.00
2015.12.08 09:00:56.996,0.89857,0.899,1.00,1.00
2015.12.08 09:00:57.673,0.89853,0.89893,1.00,1.00
2015.12.08 09:00:57.980,0.89848,0.89892,1.00,1.00
2015.12.08 09:00:58.069,0.89848,0.89892,1.00,1.50
2015.12.08 09:00:58.420,0.89857,0.89893,1.00,2.25
2015.12.08 09:00:58.821,0.89863,0.89904,1.00,1.37
2015.12.08 09:00:59.326,0.89862,0.89905,1.00,1.37
2015.12.08 09:01:00.727,0.89862,0.89901,1.00,2.25
2015.12.08 09:01:00.839,0.89857,0.89898,1.00,1.37
2015.12.08 09:01:01.187,0.89862,0.89901,1.00,2.25
2015.12.08 09:01:01.501,0.89868,0.89901,1.00,2.25
2015.12.08 09:01:02.340,0.89868,0.89907,1.00,1.87
2015.12.08 09:01:02.929,0.89863,0.89902,1.00,1.12
2015.12.08 09:01:03.344,0.89866,0.89902,1.00,1.12
2015.12.08 09:01:03.445,0.89869,0.89913,1.00,1.00
2015.12.08 09:01:03.545,0.89871,0.89917,1.00,1.12
2015.12.08 09:01:03.700,0.89871,0.89907,1.00,1.00
2015.12.08 09:01:04.147,0.89868,0.89907,1.00,1.00
2015.12.08 09:01:05.017,0.89868,0.89907,1.00,1.37
2015.12.08 09:01:05.068,0.89862,0.89905,1.00,1.37
2015.12.08 09:01:05.239,0.89862,0.89898,1.00,1.00
2015.12.08 09:01:05.290,0.89858,0.89898,1.00,1.00
2015.12.08 09:01:05.907,0.89857,0.89898,1.00,1.00
2015.12.08 09:01:06.552,0.89858,0.89897,1.00,1.00
2015.12.08 09:01:09.008,0.89857,0.89898,1.00,1.00
2015.12.08 09:01:10.220,0.89858,0.89897,1.00,1.00
2015.12.08 09:01:11.080,0.89857,0.89898,1.00,1.00
2015.12.08 09:01:12.617,0.89858,0.89897,1.00,1.00
2015.12.08 09:01:13.720,0.89858,0.89902,1.00,1.00
2015.12.08 09:01:13.770,0.89861,0.89902,1.00,1.00
2015.12.08 09:01:14.172,0.89863,0.89903,1.00,1.00
2015.12.08 09:01:14.407,0.89863,0.89907,1.50,1.00
2015.12.08 09:01:14.673,0.89865,0.89907,1.00,1.00
2015.12.08 09:01:15.039,0.89867,0.89908,1.00,1.00
2015.12.08 09:01:15.380,0.89863,0.89902,1.00,1.00
2015.12.08 09:01:15.910,0.89858,0.89902,1.87,1.00
2015.12.08 09:01:16.199,0.89858,0.89902,1.00,1.00
2015.12.08 09:01:21.538,0.89857,0.89903,1.50,1.00
2015.12.08 09:01:22.791,0.89858,0.89903,1.00,1.00
2015.12.08 09:01:23.434,0.89857,0.89903,1.50,1.00
2015.12.08 09:01:23.956,0.89858,0.89902,1.50,1.00
2015.12.08 09:01:24.488,0.89859,0.89902,1.00,1.00
2015.12.08 09:01:24.873,0.89863,0.89902,1.00,1.00
2015.12.08 09:01:25.388,0.89862,0.89907,1.00,1.00
2015.12.08 09:01:25.439,0.89865,0.89907,1.00,1.00
2015.12.08 09:01:25.779,0.89867,0.89908,1.00,1.00
2015.12.08 09:01:26.553,0.89868,0.89907,1.00,1.00
2015.12.08 09:01:28.355,0.89867,0.89908,1.00,1.00
2015.12.08 09:01:29.407,0.89868,0.89908,1.00,1.00
2015.12.08 09:01:29.909,0.89867,0.89908,1.00,1.00
2015.12.08 09:01:30.451,0.89869,0.89908,1.00,1.00
2015.12.08 09:01:30.611,0.89867,0.89908,1.00,1.00
2015.12.08 09:01:31.224,0.89868,0.89907,1.00,1.00
2015.12.08 09:01:33.466,0.89868,0.89908,1.00,1.00
2015.12.08 09:01:34.073,0.89867,0.89908,1.00,1.00
2015.12.08 09:01:37.126,0.89868,0.89908,1.00,1.00
2015.12.08 09:01:37.783,0.89868,0.89907,1.50,1.00
2015.12.08 09:01:38.428,0.89869,0.89907,1.00,1.00
2015.12.08 09:01:39.132,0.89868,0.89907,1.00,1.00
2015.12.08 09:01:41.319,0.89872,0.89912,1.00,1.00
2015.12.08 09:01:41.430,0.89872,0.89915,1.00,1.12
2015.12.08 09:01:41.630,0.89872,0.89918,1.50,1.00
2015.12.08 09:01:42.170,0.89873,0.89917,1.00,1.00
2015.12.08 09:01:43.979,0.89868,0.89914,1.50,1.12
2015.12.08 09:01:44.326,0.89867,0.89908,1.00,1.00
2015.12.08 09:01:45.410,0.89867,0.89913,1.00,1.00
2015.12.08 09:01:45.511,0.89867,0.89908,1.00,1.00
2015.12.08 09:01:46.400,0.89865,0.89903,1.00,1.00
2015.12.08 09:01:46.510,0.89867,0.89908,1.00,1.00
2015.12.08 09:01:46.611,0.89864,0.89902,1.00,1.00
2015.12.08 09:01:47.153,0.89863,0.89902,1.00,1.00
2015.12.08 09:01:47.280,0.89859,0.89903,1.00,1.00
2015.12.08 09:01:47.464,0.89862,0.89903,1.00,1.00
2015.12.08 09:01:48.120,0.89863,0.89903,1.00,1.00
2015.12.08 09:01:48.756,0.89865,0.89903,1.00,1.00
2015.12.08 09:01:49.161,0.89868,0.89907,1.00,1.00
2015.12.08 09:01:49.683,0.89863,0.89902,1.00,1.00
2015.12.08 09:01:49.809,0.89859,0.89903,1.00,1.00
2015.12.08 09:01:49.860,0.89857,0.89903,1.12,1.50
2015.12.08 09:01:50.139,0.89855,0.89898,1.37,1.00
2015.12.08 09:01:50.712,0.89857,0.89902,1.12,1.00
2015.12.08 09:01:51.263,0.89858,0.89903,1.00,1.50
2015.12.08 09:01:53.970,0.89857,0.89902,1.50,1.00
2015.12.08 09:01:55.621,0.89858,0.89902,1.00,1.50
2015.12.08 09:01:59.029,0.89858,0.89903,1.00,1.50
2015.12.08 09:01:59.752,0.89859,0.89903,1.00,1.00
2015.12.08 09:02:01.403,0.8986,0.89903,1.00,1.00
2015.12.08 09:02:01.929,0.89859,0.89903,1.00,1.00
2015.12.08 09:02:02.444,0.8986,0.89903,1.00,1.00
2015.12.08 09:02:03.156,0.89859,0.89903,1.50,1.00
2015.12.08 09:02:03.507,0.89861,0.89902,1.00,1.00
2015.12.08 09:02:03.607,0.89859,0.89902,1.50,1.00
2015.12.08 09:02:04.209,0.8986,0.89902,1.00,1.00
2015.12.08 09:02:05.034,0.89859,0.89902,1.50,1.00
2015.12.08 09:02:08.519,0.8986,0.89902,1.00,1.00
2015.12.08 09:02:08.721,0.89858,0.89903,1.00,1.00
2015.12.08 09:02:09.260,0.89858,0.89902,1.50,1.00
2015.12.08 09:02:09.779,0.89859,0.89902,1.00,1.00
2015.12.08 09:02:10.415,0.8986,0.89902,1.00,1.00
2015.12.08 09:02:11.457,0.89861,0.89902,1.00,1.00
2015.12.08 09:02:11.627,0.89859,0.89902,1.50,1.00
2015.12.08 09:02:12.831,0.89858,0.89902,2.25,1.00
2015.12.08 09:02:13.389,0.89858,0.89903,1.00,1.00
2015.12.08 09:02:13.933,0.8986,0.89902,1.00,1.00
2015.12.08 09:02:14.434,0.8986,0.89903,1.00,1.00
2015.12.08 09:02:15.042,0.89859,0.89903,1.50,1.00
2015.12.08 09:02:17.740,0.89858,0.89903,1.50,1.00
2015.12.08 09:02:18.241,0.89859,0.89903,1.00,1.00
2015.12.08 09:02:18.642,0.89857,0.89903,1.50,1.00
2015.12.08 09:02:19.149,0.89858,0.89902,1.00,1.00
2015.12.08 09:02:23.338,0.89857,0.89903,2.25,1.00
2015.12.08 09:02:23.452,0.89859,0.89903,1.00,1.00
2015.12.08 09:02:23.767,0.89857,0.89903,2.25,1.00
2015.12.08 09:02:24.354,0.89859,0.89903,1.00,1.00
2015.12.08 09:02:24.955,0.89858,0.89903,1.50,1.00
2015.12.08 09:02:26.158,0.89862,0.89903,1.00,1.00
2015.12.08 09:02:26.419,0.89863,0.89907,1.00,1.00
2015.12.08 09:02:26.570,0.89863,0.89902,1.00,1.00
2015.12.08 09:02:27.332,0.89863,0.89903,1.00,1.00
2015.12.08 09:02:27.762,0.89863,0.89908,1.50,1.00
2015.12.08 09:02:28.339,0.89862,0.89908,1.50,1.00
2015.12.08 09:02:29.465,0.89863,0.89908,1.00,1.00
2015.12.08 09:02:30.991,0.89862,0.89908,2.25,1.00
2015.12.08 09:02:31.420,0.8986,0.89903,1.00,1.00
2015.12.08 09:02:31.947,0.8986,0.89902,1.00,1.00
2015.12.08 09:02:32.299,0.89858,0.89902,1.00,1.00
2015.12.08 09:02:32.914,0.89859,0.89902,1.00,1.00
2015.12.08 09:02:33.458,0.89859,0.89903,1.00,1.00
2015.12.08 09:02:34.072,0.89858,0.89903,1.00,1.00
2015.12.08 09:02:34.668,0.89858,0.89902,1.50,1.00
2015.12.08 09:02:35.118,0.8986,0.89902,1.00,1.00
2015.12.08 09:02:35.224,0.89858,0.89902,1.00,1.00
2015.12.08 09:02:35.348,0.8986,0.89902,1.00,1.00
2015.12.08 09:02:35.606,0.89858,0.89902,1.50,1.00
2015.12.08 09:02:36.357,0.89858,0.89903,1.50,1.00
2015.12.08 09:02:36.508,0.8986,0.89903,1.00,1.00
2015.12.08 09:02:36.809,0.89857,0.89903,1.50,1.00
2015.12.08 09:02:37.009,0.89861,0.89903,1.00,1.00
2015.12.08 09:02:37.218,0.89858,0.89903,1.00,1.00
2015.12.08 09:02:37.433,0.8986,0.89903,1.00,1.00
2015.12.08 09:02:37.912,0.89858,0.89902,1.00,1.00
2015.12.08 09:02:39.199,0.89858,0.89903,1.00,1.00
2015.12.08 09:02:39.774,0.89857,0.89903,1.50,1.00
2015.12.08 09:02:40.419,0.89858,0.89903,1.50,1.00
2015.12.08 09:02:40.958,0.89858,0.89902,1.50,1.00
2015.12.08 09:02:44.349,0.89863,0.89907,1.00,1.00
2015.12.08 09:02:46.329,0.8986,0.89902,1.00,1.00
2015.12.08 09:02:47.036,0.89859,0.89902,1.50,1.00
2015.12.08 09:02:47.098,0.89863,0.89907,1.00,1.50
2015.12.08 09:02:47.332,0.89858,0.89903,1.00,1.00
2015.12.08 09:02:48.067,0.89859,0.89903,1.00,1.00
2015.12.08 09:02:48.783,0.89858,0.89903,1.00,1.00
2015.12.08 09:02:49.300,0.89859,0.89902,1.00,1.00
2015.12.08 09:02:50.545,0.89858,0.89902,1.50,1.00
2015.12.08 09:02:51.092,0.89859,0.89902,1.00,1.00
2015.12.08 09:02:53.250,0.89858,0.89902,1.00,1.00
2015.12.08 09:02:53.351,0.8986,0.89902,1.00,1.00
2015.12.08 09:02:54.007,0.89861,0.89902,1.00,1.00
2015.12.08 09:02:54.058,0.89863,0.89907,1.00,1.00
2015.12.08 09:02:54.404,0.8986,0.89903,1.00,1.00
2015.12.08 09:02:54.505,0.8986,0.89907,1.00,1.00
2015.12.08 09:02:54.556,0.89858,0.89907,1.00,1.00
2015.12.08 09:02:54.656,0.89858,0.89904,1.50,1.00
2015.12.08 09:02:55.037,0.89863,0.89902,1.00,1.00
2015.12.08 09:02:57.482,0.8986,0.89897,1.00,1.00
2015.12.08 09:02:57.658,0.8986,0.89903,1.00,1.00
2015.12.08 09:02:57.808,0.89858,0.89903,1.00,1.00
2015.12.08 09:02:57.987,0.89858,0.89897,1.00,1.00
2015.12.08 09:02:58.963,0.89859,0.89897,1.00,1.00
2015.12.08 09:02:59.315,0.89858,0.89903,1.00,1.37
2015.12.08 09:02:59.527,0.89858,0.89897,1.50,1.00
2015.12.08 09:02:59.886,0.8986,0.89897,1.00,1.00
2015.12.08 09:03:00.520,0.89863,0.89902,1.00,1.37
2015.12.08 09:03:01.846,0.89863,0.89902,1.00,1.00
2015.12.08 09:03:02.068,0.8986,0.89903,1.00,1.00
2015.12.08 09:03:02.118,0.89863,0.89903,1.00,1.00
2015.12.08 09:03:02.322,0.89863,0.89908,1.00,1.37
2015.12.08 09:03:02.545,0.89864,0.89903,1.00,1.00
2015.12.08 09:03:03.374,0.89863,0.89903,1.00,1.00
2015.12.08 09:03:03.875,0.89864,0.89902,1.00,1.00
2015.12.08 09:03:04.576,0.89863,0.89902,1.50,1.00
2015.12.08 09:03:05.061,0.89863,0.89907,1.50,1.00
2015.12.08 09:03:05.882,0.89869,0.89907,1.00,1.00
2015.12.08 09:03:06.413,0.8987,0.89908,1.00,1.00
2015.12.08 09:03:08.987,0.8987,0.89907,1.00,1.00
2015.12.08 09:03:10.008,0.89869,0.89907,1.00,1.00
2015.12.08 09:03:10.692,0.89868,0.89907,1.50,1.00
2015.12.08 09:03:11.844,0.89869,0.89907,1.00,1.00
2015.12.08 09:03:14.000,0.89868,0.89907,2.25,1.00
2015.12.08 09:03:14.435,0.8987,0.89907,1.00,1.00
2015.12.08 09:03:14.866,0.8987,0.89912,1.00,1.00
2015.12.08 09:03:15.003,0.89875,0.89912,1.00,1.00
2015.12.08 09:03:15.104,0.89873,0.89913,1.00,1.00
2015.12.08 09:03:15.756,0.89872,0.89913,2.25,1.00
2015.12.08 09:03:16.355,0.89872,0.89913,1.87,1.00
2015.12.08 09:03:16.406,0.89872,0.89918,1.87,1.00
2015.12.08 09:03:16.686,0.89873,0.89912,1.87,1.00
2015.12.08 09:03:17.017,0.89877,0.89918,1.00,1.00
2015.12.08 09:03:17.068,0.89874,0.89913,1.00,1.00
2015.12.08 09:03:17.608,0.89874,0.89912,1.00,1.00
2015.12.08 09:03:18.118,0.89873,0.89912,1.87,1.00
2015.12.08 09:03:18.250,0.89877,0.89918,1.00,1.00
2015.12.08 09:03:18.450,0.89874,0.89913,1.00,1.00
2015.12.08 09:03:18.812,0.89876,0.89912,1.37,1.00
2015.12.08 09:03:19.548,0.89878,0.89917,1.87,1.00
2015.12.08 09:03:19.877,0.89878,0.89912,1.12,1.00
2015.12.08 09:03:20.366,0.89878,0.89917,1.87,1.00
2015.12.08 09:03:21.017,0.89879,0.89918,1.00,1.00
2015.12.08 09:03:21.654,0.89874,0.89917,1.37,1.00
2015.12.08 09:03:22.080,0.89874,0.89913,1.37,1.00
2015.12.08 09:03:22.689,0.89874,0.89912,1.37,1.00
2015.12.08 09:03:22.827,0.89874,0.89912,1.00,1.00
2015.12.08 09:03:25.118,0.89871,0.89912,1.00,1.00
2015.12.08 09:03:25.287,0.89872,0.89918,1.00,1.00
2015.12.08 09:03:25.831,0.89873,0.89913,1.00,1.00
2015.12.08 09:03:26.333,0.89872,0.89913,1.00,1.00
2015.12.08 09:03:26.776,0.89874,0.89913,1.00,1.00
2015.12.08 09:03:26.827,0.89874,0.89917,1.00,1.00
2015.12.08 09:03:26.969,0.89872,0.89918,1.50,1.00
2015.12.08 09:03:28.473,0.89873,0.89917,1.00,1.00
2015.12.08 09:03:31.427,0.89872,0.89918,1.50,1.00
2015.12.08 09:03:31.646,0.8987,0.89913,1.37,1.00
2015.12.08 09:03:32.386,0.89872,0.89913,1.00,1.00
2015.12.08 09:03:32.601,0.8987,0.89913,1.00,1.00
2015.12.08 09:03:32.651,0.89872,0.89913,1.00,1.00
2015.12.08 09:03:33.296,0.89873,0.89917,1.00,1.00
2015.12.08 09:03:37.481,0.89872,0.89918,1.50,1.00
2015.12.08 09:03:38.911,0.89873,0.89918,1.00,1.00
2015.12.08 09:03:39.467,0.89877,0.89918,1.00,1.00
2015.12.08 09:03:39.873,0.89875,0.89918,1.00,1.00
2015.12.08 09:03:39.974,0.89873,0.89917,1.12,1.00
2015.12.08 09:03:40.447,0.89869,0.89912,1.37,1.00
2015.12.08 09:03:42.223,0.89871,0.89912,1.00,1.00
2015.12.08 09:03:42.647,0.89872,0.89918,1.00,1.50
2015.12.08 09:03:43.175,0.89874,0.89917,1.00,1.00
2015.12.08 09:03:43.706,0.89873,0.89918,1.50,1.00
2015.12.08 09:03:44.274,0.89873,0.89917,1.50,1.00
2015.12.08 09:03:44.626,0.89878,0.89922,1.00,1.50
2015.12.08 09:03:45.156,0.89878,0.89921,1.00,1.00
2015.12.08 09:03:45.826,0.89878,0.89922,1.00,1.00
2015.12.08 09:03:46.314,0.89873,0.89922,1.00,1.00
2015.12.08 09:03:46.366,0.89873,0.89922,1.00,1.37
2015.12.08 09:03:46.685,0.89873,0.89917,1.00,1.00
2015.12.08 09:03:47.737,0.89872,0.89918,1.12,1.00
2015.12.08 09:03:48.038,0.89874,0.89918,1.00,1.00
2015.12.08 09:03:48.089,0.89872,0.89918,1.87,1.00
2015.12.08 09:03:48.139,0.89872,0.89918,2.25,1.00
2015.12.08 09:03:48.790,0.89878,0.89917,1.00,1.00
2015.12.08 09:03:50.307,0.89878,0.89914,1.00,1.00
2015.12.08 09:03:50.357,0.89872,0.89914,1.00,1.00
2015.12.08 09:03:50.676,0.89873,0.89907,1.00,1.00
2015.12.08 09:03:51.046,0.89872,0.89918,1.00,1.12
2015.12.08 09:03:51.328,0.89873,0.89912,1.00,1.00
2015.12.08 09:03:52.253,0.89867,0.89913,1.37,1.00
2015.12.08 09:03:52.354,0.89873,0.89914,1.00,1.00
2015.12.08 09:03:52.484,0.89873,0.89917,1.00,1.00
2015.12.08 09:03:52.585,0.89873,0.89912,1.00,1.00
2015.12.08 09:03:53.449,0.89872,0.89913,1.00,1.00
2015.12.08 09:03:58.164,0.89873,0.89912,1.00,1.00
2015.12.08 09:03:58.929,0.89877,0.89918,1.00,1.37
2015.12.08 09:03:59.348,0.89883,0.89917,1.00,1.37
2015.12.08 09:03:59.399,0.89883,0.89925,1.00,2.25
2015.12.08 09:03:59.525,0.89881,0.89925,1.00,2.25
2015.12.08 09:03:59.697,0.89887,0.89925,1.00,2.25
2015.12.08 09:04:00.127,0.89887,0.89928,1.00,1.50
2015.12.08 09:04:01.279,0.89883,0.89923,1.87,1.00
2015.12.08 09:04:02.097,0.89882,0.89923,1.00,1.00
2015.12.08 09:04:02.148,0.89877,0.89923,1.00,1.00
2015.12.08 09:04:02.956,0.89877,0.89921,1.00,1.00
2015.12.08 09:04:03.266,0.89873,0.89917,1.00,1.00
2015.12.08 09:04:10.848,0.89873,0.89918,1.00,1.00
2015.12.08 09:04:11.196,0.89867,0.89903,1.37,1.00
2015.12.08 09:04:11.801,0.89867,0.89903,1.00,1.00
2015.12.08 09:04:12.904,0.89862,0.89903,1.00,1.00
2015.12.08 09:04:13.116,0.89863,0.89897,1.00,1.00
2015.12.08 09:04:13.685,0.89857,0.89898,1.00,1.50
2015.12.08 09:04:13.907,0.89854,0.89898,1.12,1.00
2015.12.08 09:04:13.958,0.89857,0.89898,1.00,1.00
2015.12.08 09:04:14.008,0.89858,0.89902,1.00,1.00
2015.12.08 09:04:14.109,0.89863,0.89902,1.00,1.00
2015.12.08 09:04:14.328,0.89856,0.89905,1.00,1.37
2015.12.08 09:04:14.596,0.89862,0.89903,1.00,1.12
2015.12.08 09:04:15.111,0.89863,0.89902,1.00,1.00
2015.12.08 09:04:15.680,0.89858,0.89902,1.87,1.00
2015.12.08 09:04:16.216,0.89862,0.89903,1.12,1.50
2015.12.08 09:04:16.541,0.89863,0.89905,1.00,1.00
2015.12.08 09:04:17.186,0.89857,0.89905,1.50,1.00
2015.12.08 09:04:17.237,0.89855,0.89902,2.25,1.00
2015.12.08 09:04:17.287,0.89852,0.89897,1.00,1.00
2015.12.08 09:04:17.566,0.89848,0.89894,2.62,1.00
2015.12.08 09:04:17.717,0.89843,0.89887,1.12,1.00
2015.12.08 09:04:17.768,0.89848,0.89892,1.00,1.12
2015.12.08 09:04:18.069,0.89843,0.89887,1.12,1.00
2015.12.08 09:04:18.847,0.89843,0.89892,1.37,1.00
2015.12.08 09:04:19.167,0.89848,0.89892,1.00,1.00
2015.12.08 09:04:19.724,0.89847,0.89893,1.00,1.00
2015.12.08 09:04:21.257,0.89843,0.89887,1.50,1.00
2015.12.08 09:04:21.477,0.89843,0.89893,1.00,1.00
2015.12.08 09:04:21.528,0.89843,0.8989,1.00,1.00
2015.12.08 09:04:21.579,0.89843,0.89892,1.00,1.00
2015.12.08 09:04:21.630,0.89838,0.89892,1.00,1.50
2015.12.08 09:04:21.681,0.89838,0.8989,1.00,1.00
2015.12.08 09:04:21.989,0.89843,0.89887,1.00,1.00
2015.12.08 09:04:22.145,0.89838,0.89887,1.50,1.00
2015.12.08 09:04:22.397,0.89842,0.89888,1.00,1.00
2015.12.08 09:04:22.733,0.89842,0.89883,1.00,1.00
2015.12.08 09:04:24.916,0.89838,0.89882,1.00,1.00
2015.12.08 09:04:25.582,0.89833,0.89883,1.37,1.50
2015.12.08 09:04:25.633,0.89832,0.89881,1.87,1.00
2015.12.08 09:04:26.141,0.89836,0.89883,1.37,1.00
2015.12.08 09:04:26.667,0.89838,0.89883,1.00,1.00
2015.12.08 09:04:27.995,0.89837,0.89883,1.50,1.00
2015.12.08 09:04:28.511,0.89838,0.89882,1.00,1.00
2015.12.08 09:04:29.216,0.89837,0.89883,1.50,1.00
2015.12.08 09:04:29.397,0.89843,0.89882,1.00,1.00
2015.12.08 09:04:29.616,0.89838,0.89882,1.00,1.00
2015.12.08 09:04:30.066,0.89834,0.89882,1.37,1.00
2015.12.08 09:04:30.167,0.89833,0.89882,1.00,1.50
2015.12.08 09:04:30.448,0.89832,0.89878,1.00,1.00
2015.12.08 09:04:31.003,0.89832,0.89877,1.00,1.00
2015.12.08 09:04:31.681,0.89832,0.89878,1.00,1.00
2015.12.08 09:04:34.646,0.89833,0.89878,1.00,1.00
2015.12.08 09:04:35.031,0.8984,0.89883,1.00,1.00
2015.12.08 09:04:35.566,0.89843,0.89887,1.00,1.00
2015.12.08 09:04:36.327,0.89843,0.89888,1.00,1.00
2015.12.08 09:04:36.427,0.89847,0.89892,1.00,1.00
2015.12.08 09:04:37.116,0.89847,0.89893,1.50,1.00
2015.12.08 09:04:38.522,0.8985,0.89893,1.00,1.00
2015.12.08 09:04:38.623,0.89847,0.89893,1.50,1.00
2015.12.08 09:04:38.724,0.89848,0.89897,1.00,1.00
2015.12.08 09:04:38.974,0.89847,0.89893,1.00,1.00
2015.12.08 09:04:39.408,0.89844,0.89892,1.00,1.00
2015.12.08 09:04:39.631,0.89848,0.89892,1.00,1.00
2015.12.08 09:04:40.505,0.89847,0.89895,1.00,1.00
2015.12.08 09:04:40.630,0.89847,0.89893,1.00,1.00
2015.12.08 09:04:40.932,0.89847,0.89888,1.00,1.00
2015.12.08 09:04:41.288,0.89843,0.89882,1.00,1.00
2015.12.08 09:04:41.726,0.89841,0.89882,1.00,1.00
2015.12.08 09:04:41.777,0.89843,0.89882,1.00,1.00
2015.12.08 09:04:41.828,0.89843,0.89887,1.50,1.00
2015.12.08 09:04:41.984,0.89852,0.89888,1.00,1.00
2015.12.08 09:04:42.378,0.89848,0.89882,1.00,1.00
2015.12.08 09:04:42.432,0.89843,0.89888,1.00,1.00
2015.12.08 09:04:42.535,0.89848,0.89892,1.00,1.50
2015.12.08 09:04:43.037,0.89842,0.89888,1.00,1.00
2015.12.08 09:04:43.137,0.89845,0.89888,1.00,1.00
2015.12.08 09:04:43.238,0.89842,0.89888,1.00,1.00
2015.12.08 09:04:43.452,0.89847,0.89888,1.00,1.00
2015.12.08 09:04:43.805,0.89843,0.89887,1.00,1.00
2015.12.08 09:04:43.915,0.89843,0.89892,1.50,1.00
2015.12.08 09:04:43.966,0.89845,0.89892,1.00,1.00
2015.12.08 09:04:44.340,0.89848,0.89892,1.00,1.00
2015.12.08 09:04:44.801,0.89847,0.89894,1.00,1.00
2015.12.08 09:04:45.042,0.89842,0.89888,1.50,1.00
2015.12.08 09:04:45.343,0.89846,0.89888,1.00,1.00
2015.12.08 09:04:45.394,0.89846,0.89892,1.00,1.00
2015.12.08 09:04:45.545,0.89849,0.89892,1.00,1.00
2015.12.08 09:04:45.884,0.89852,0.89893,1.50,1.00
2015.12.08 09:04:46.446,0.89853,0.89893,1.00,1.00
2015.12.08 09:04:46.947,0.89852,0.89893,1.00,1.00
2015.12.08 09:04:47.649,0.89854,0.89893,1.00,1.00
2015.12.08 09:04:47.762,0.89852,0.89893,1.00,1.00
2015.12.08 09:04:47.813,0.89858,0.89897,1.00,1.00
2015.12.08 09:04:48.068,0.89852,0.89898,1.50,1.00
2015.12.08 09:04:48.256,0.89855,0.89897,1.00,1.00
2015.12.08 09:04:48.487,0.89853,0.89897,1.50,1.00
2015.12.08 09:04:48.752,0.89855,0.89897,1.00,1.00
2015.12.08 09:04:49.270,0.89853,0.89897,1.00,1.00
2015.12.08 09:04:49.499,0.89855,0.89897,1.00,1.00
2015.12.08 09:04:50.957,0.89854,0.89897,1.00,1.00
2015.12.08 09:04:51.759,0.89855,0.89897,1.00,1.00
2015.12.08 09:04:51.858,0.89853,0.89897,1.00,1.00
2015.12.08 09:04:52.493,0.89854,0.89897,1.00,1.00
2015.12.08 09:04:52.835,0.89853,0.89892,1.00,1.00
2015.12.08 09:04:56.465,0.89857,0.89898,1.00,1.00
2015.12.08 09:04:57.269,0.89853,0.89893,1.00,1.00
2015.12.08 09:04:57.832,0.89852,0.89893,1.00,1.00
2015.12.08 09:04:58.492,0.89853,0.89893,1.00,1.00
2015.12.08 09:04:59.153,0.89852,0.89893,1.50,1.00
2015.12.08 09:04:59.674,0.89853,0.89892,1.00,1.00
2015.12.08 09:05:02.644,0.89858,0.89897,1.00,1.00
2015.12.08 09:05:02.841,0.89858,0.89902,1.00,1.00
2015.12.08 09:05:04.377,0.89857,0.89903,2.25,1.00
2015.12.08 09:05:05.000,0.89858,0.89903,1.00,1.00
2015.12.08 09:05:05.368,0.89859,0.89907,1.00,1.00
2015.12.08 09:05:05.519,0.89863,0.89907,1.00,1.00
2015.12.08 09:05:06.604,0.89863,0.89906,1.00,1.00
2015.12.08 09:05:07.127,0.89863,0.89907,1.00,1.12
2015.12.08 09:05:07.237,0.89858,0.89903,1.00,1.00
2015.12.08 09:05:07.807,0.89858,0.89902,1.50,1.00
2015.12.08 09:05:08.358,0.89857,0.89903,1.00,1.00
2015.12.08 09:05:09.110,0.89858,0.89902,1.00,1.00
2015.12.08 09:05:09.878,0.89854,0.89903,1.00,1.00
2015.12.08 09:05:10.006,0.89852,0.89903,1.00,1.00
2015.12.08 09:05:10.107,0.89858,0.89902,1.00,1.00
2015.12.08 09:05:12.746,0.89857,0.89903,1.00,1.00
2015.12.08 09:05:24.342,0.89857,0.89902,1.00,1.00
2015.12.08 09:05:24.909,0.89857,0.89903,1.00,1.50
2015.12.08 09:05:26.666,0.89857,0.89902,1.00,1.00
2015.12.08 09:05:26.717,0.89852,0.89902,1.00,1.00
2015.12.08 09:05:26.940,0.89853,0.89897,1.00,1.00
2015.12.08 09:05:28.666,0.89853,0.89897,1.50,1.75
2015.12.08 09:05:29.453,0.89854,0.89897,1.00,1.75
2015.12.08 09:05:30.656,0.89853,0.89897,2.25,1.75
2015.12.08 09:05:31.180,0.89854,0.89897,1.50,1.75
2015.12.08 09:05:31.516,0.89853,0.89893,1.00,2.25
2015.12.08 09:05:32.060,0.89852,0.89891,1.00,1.50
2015.12.08 09:05:34.215,0.89848,0.89892,1.00,1.75
2015.12.08 09:05:34.417,0.89848,0.89892,1.00,1.87
2015.12.08 09:05:34.946,0.89848,0.89891,1.00,1.00
2015.12.08 09:05:35.686,0.89848,0.89892,1.00,1.12
2015.12.08 09:05:37.573,0.89849,0.89892,1.00,1.00
2015.12.08 09:05:39.377,0.89848,0.89892,1.50,1.00
2015.12.08 09:05:41.930,0.89852,0.89894,1.00,1.50
2015.12.08 09:05:43.406,0.89852,0.89893,1.00,1.50
2015.12.08 09:05:47.935,0.89848,0.89892,1.00,1.12
2015.12.08 09:05:49.455,0.89848,0.89892,1.00,1.50
2015.12.08 09:05:52.955,0.8985,0.89892,1.00,1.37
2015.12.08 09:05:53.442,0.89853,0.89894,1.00,2.25
2015.12.08 09:05:53.877,0.89847,0.89893,1.50,2.25
2015.12.08 09:05:55.395,0.89847,0.89893,1.50,2.25
2015.12.08 09:05:57.400,0.89848,0.89892,1.00,1.12
2015.12.08 09:05:58.018,0.89848,0.89891,1.00,1.00
2015.12.08 09:05:58.421,0.89852,0.89895,1.50,2.25
2015.12.08 09:05:58.955,0.89853,0.89895,1.00,2.25
2015.12.08 09:05:59.505,0.89852,0.89895,1.50,2.25
2015.12.08 09:06:00.773,0.89855,0.89895,1.00,2.25
2015.12.08 09:06:01.078,0.89857,0.89895,1.00,2.25
2015.12.08 09:06:01.263,0.89853,0.89892,1.00,1.12
2015.12.08 09:06:01.806,0.89857,0.89894,1.00,2.25
2015.12.08 09:06:02.483,0.89858,0.89894,1.00,2.25
2015.12.08 09:06:02.814,0.89853,0.89894,1.00,2.25
2015.12.08 09:06:03.535,0.89853,0.89897,1.00,1.00
2015.12.08 09:06:04.135,0.89854,0.89897,1.00,1.00
2015.12.08 09:06:04.436,0.89858,0.89899,1.00,1.37
2015.12.08 09:06:04.925,0.89853,0.89897,1.00,1.00
2015.12.08 09:06:05.683,0.89852,0.89898,1.50,1.12
2015.12.08 09:06:06.195,0.89853,0.89897,1.00,1.00
2015.12.08 09:06:07.566,0.89854,0.89897,1.00,1.00
2015.12.08 09:06:08.447,0.89853,0.89897,1.00,1.00
2015.12.08 09:06:08.776,0.89858,0.89897,1.00,1.00
2015.12.08 09:06:09.044,0.89857,0.89902,1.00,1.50
2015.12.08 09:06:09.166,0.89862,0.89903,1.00,1.75
2015.12.08 09:06:09.828,0.89859,0.89902,1.50,1.50
2015.12.08 09:06:09.878,0.89861,0.89902,1.00,1.50
2015.12.08 09:06:10.200,0.89863,0.89902,1.00,1.50
2015.12.08 09:06:10.514,0.89858,0.89902,1.00,1.50
2015.12.08 09:06:10.715,0.89853,0.89897,1.50,1.00
2015.12.08 09:06:11.652,0.89854,0.89897,1.00,1.00
2015.12.08 09:06:12.254,0.89853,0.89897,1.00,1.00
2015.12.08 09:06:14.225,0.89858,0.89901,1.00,1.12
2015.12.08 09:06:14.559,0.89859,0.89902,1.00,3.00
2015.12.08 09:06:14.861,0.89863,0.89902,1.00,3.00
2015.12.08 09:06:17.522,0.89863,0.89902,1.00,1.50
2015.12.08 09:06:20.499,0.89863,0.89902,1.00,3.00
2015.12.08 09:06:21.490,0.89862,0.89902,1.00,2.25
2015.12.08 09:06:25.035,0.89863,0.89902,1.00,3.00
2015.12.08 09:06:26.339,0.89858,0.89902,1.00,3.00
2015.12.08 09:06:26.542,0.89858,0.89898,1.00,2.25
2015.12.08 09:06:27.755,0.89857,0.89898,1.00,2.25
2015.12.08 09:06:27.884,0.89853,0.89897,1.00,1.50
2015.12.08 09:06:28.344,0.89858,0.89897,1.00,1.50
2015.12.08 09:06:30.198,0.89853,0.89897,1.00,1.75
2015.12.08 09:06:30.615,0.89858,0.89898,1.00,2.25
2015.12.08 09:06:31.515,0.89857,0.89898,1.00,2.25
2015.12.08 09:06:32.203,0.8986,0.89898,1.00,2.25
2015.12.08 09:06:32.404,0.89857,0.89898,1.50,2.25
2015.12.08 09:06:37.152,0.89858,0.89898,1.00,2.25
2015.12.08 09:06:39.557,0.89857,0.89898,1.00,2.25
2015.12.08 09:06:40.184,0.89858,0.89898,1.00,2.25
2015.12.08 09:06:44.914,0.89857,0.89898,1.00,2.25
2015.12.08 09:06:46.008,0.89857,0.89898,1.00,2.25
2015.12.08 09:06:48.104,0.89858,0.89898,1.00,2.25
2015.12.08 09:06:48.690,0.89857,0.89898,1.00,3.00
2015.12.08 09:06:48.985,0.89857,0.89895,1.00,2.25
2015.12.08 09:06:50.635,0.89858,0.89895,1.00,2.25
2015.12.08 09:06:51.839,0.89858,0.89897,1.00,1.00
2015.12.08 09:06:51.947,0.89857,0.89903,1.50,1.00
2015.12.08 09:06:52.098,0.89863,0.89906,1.00,1.37
2015.12.08 09:06:52.660,0.89857,0.89903,1.00,1.00
2015.12.08 09:06:54.803,0.89857,0.89903,1.00,1.87
2015.12.08 09:06:57.658,0.89858,0.89903,1.00,1.37
2015.12.08 09:06:58.381,0.89857,0.89903,1.50,1.00
2015.12.08 09:07:00.653,0.89858,0.89903,1.00,1.50
2015.12.08 09:07:01.204,0.89858,0.89902,1.50,1.00
2015.12.08 09:07:03.383,0.89858,0.89901,1.00,1.00
2015.12.08 09:07:03.875,0.89857,0.89903,1.87,1.00
2015.12.08 09:07:04.660,0.89862,0.89907,1.00,1.00
2015.12.08 09:07:05.278,0.89862,0.89906,1.00,1.00
2015.12.08 09:07:07.884,0.89862,0.89907,1.00,1.00
2015.12.08 09:07:08.785,0.89862,0.89908,1.00,1.50
2015.12.08 09:07:09.864,0.89862,0.89908,1.75,1.00
2015.12.08 09:07:11.027,0.89866,0.89913,1.12,1.00
2015.12.08 09:07:11.213,0.89868,0.89912,1.00,1.00
2015.12.08 09:07:11.558,0.89873,0.89909,3.00,1.00
2015.12.08 09:07:11.608,0.89873,0.89912,3.00,1.00
2015.12.08 09:07:11.765,0.89873,0.89907,2.25,1.00
2015.12.08 09:07:12.018,0.89873,0.89913,2.25,1.50
2015.12.08 09:07:12.594,0.89873,0.89912,2.25,1.00
2015.12.08 09:07:14.484,0.89869,0.89912,1.37,1.00
2015.12.08 09:07:17.052,0.89867,0.89913,1.75,1.00
2015.12.08 09:07:17.104,0.89867,0.89911,1.75,1.00
2015.12.08 09:07:17.265,0.89867,0.89913,1.75,1.00
2015.12.08 09:07:17.366,0.89876,0.89913,2.25,1.00
2015.12.08 09:07:17.907,0.89876,0.89912,2.25,1.00
2015.12.08 09:07:18.161,0.89876,0.89918,2.25,1.00
2015.12.08 09:07:18.708,0.89878,0.89917,1.50,1.00
2015.12.08 09:07:19.796,0.89876,0.89918,3.00,1.00
2015.12.08 09:07:20.140,0.89882,0.89918,1.00,1.00
2015.12.08 09:07:20.967,0.89882,0.89918,1.50,1.00
2015.12.08 09:07:25.847,0.8988,0.89912,2.25,1.00
2015.12.08 09:07:26.034,0.89874,0.89912,2.25,1.00
2015.12.08 09:07:26.724,0.89874,0.89908,2.25,1.00
2015.12.08 09:07:27.038,0.89862,0.89906,1.00,1.00
2015.12.08 09:07:27.138,0.89862,0.89908,1.00,1.00
2015.12.08 09:07:27.742,0.89863,0.89907,1.00,1.00
2015.12.08 09:07:30.884,0.89865,0.89907,1.00,1.00
2015.12.08 09:07:30.983,0.89863,0.89907,1.87,1.00
2015.12.08 09:07:31.125,0.89867,0.89913,1.00,1.50
2015.12.08 09:07:31.176,0.89867,0.89911,1.00,1.00
2015.12.08 09:07:31.644,0.89863,0.89907,1.12,1.00
2015.12.08 09:07:32.552,0.89864,0.89907,1.00,1.00
2015.12.08 09:07:32.964,0.89864,0.89907,1.75,1.00
2015.12.08 09:07:34.006,0.89862,0.89908,3.00,1.00
2015.12.08 09:07:34.510,0.89863,0.89907,1.75,1.00
2015.12.08 09:07:34.564,0.89863,0.89909,2.25,1.00
2015.12.08 09:07:34.902,0.89865,0.89902,2.25,1.00
2015.12.08 09:07:35.569,0.89866,0.89908,1.75,1.00
2015.12.08 09:07:35.743,0.89868,0.89912,1.12,1.00
2015.12.08 09:07:35.855,0.89867,0.89907,1.50,1.00
2015.12.08 09:07:36.005,0.89865,0.89912,3.00,1.00
2015.12.08 09:07:36.061,0.8987,0.89912,1.00,1.00
2015.12.08 09:07:36.173,0.89866,0.89912,1.75,1.00
2015.12.08 09:07:36.333,0.89873,0.89912,1.00,1.00
2015.12.08 09:07:36.634,0.89874,0.89912,2.25,1.00
2015.12.08 09:07:40.286,0.89874,0.89907,2.25,1.00
2015.12.08 09:07:45.333,0.89873,0.89913,2.25,1.00
2015.12.08 09:07:45.734,0.89873,0.89911,3.00,1.00
2015.12.08 09:07:46.083,0.89873,0.89908,2.25,1.00
2015.12.08 09:07:47.406,0.89864,0.89908,1.75,1.00
2015.12.08 09:07:48.173,0.89863,0.89911,2.25,1.00
2015.12.08 09:07:48.324,0.89862,0.89902,2.25,1.00
2015.12.08 09:07:48.487,0.89858,0.89902,1.50,1.00
2015.12.08 09:07:48.538,0.89863,0.89904,1.00,1.00
2015.12.08 09:07:48.639,0.89858,0.89902,1.50,1.00
2015.12.08 09:07:48.741,0.89862,0.89904,1.00,1.00
2015.12.08 09:07:49.104,0.89857,0.89893,1.75,1.00
2015.12.08 09:07:49.163,0.89856,0.89897,2.25,1.00
2015.12.08 09:07:49.214,0.89856,0.89894,2.25,1.00
2015.12.08 09:07:49.541,0.89856,0.89892,2.25,1.00
2015.12.08 09:07:50.862,0.89856,0.89893,2.25,1.00
2015.12.08 09:07:51.443,0.89852,0.89893,1.50,1.00
2015.12.08 09:07:52.472,0.89857,0.89898,1.00,1.00
2015.12.08 09:07:52.593,0.89852,0.89893,1.50,1.00
2015.12.08 09:07:53.052,0.89857,0.89898,1.00,1.50
2015.12.08 09:07:53.453,0.89853,0.89892,1.37,1.00
2015.12.08 09:07:56.961,0.89854,0.89892,2.25,1.00
2015.12.08 09:07:57.492,0.89858,0.89892,1.00,1.00
2015.12.08 09:08:00.255,0.89859,0.89892,2.25,1.00
2015.12.08 09:08:00.306,0.89859,0.89898,2.25,1.00
2015.12.08 09:08:00.407,0.89859,0.89902,2.25,1.00
2015.12.08 09:08:00.931,0.89863,0.89902,1.00,1.00
2015.12.08 09:08:02.033,0.89862,0.89903,1.12,1.00
2015.12.08 09:08:03.324,0.89862,0.89903,1.75,1.00
2015.12.08 09:08:03.916,0.89863,0.89907,1.75,1.00
2015.12.08 09:08:04.232,0.89868,0.89907,1.00,1.00
2015.12.08 09:08:04.596,0.89868,0.89909,1.00,1.00
2015.12.08 09:08:04.646,0.89868,0.89906,1.00,1.00
2015.12.08 09:08:04.697,0.89862,0.89906,1.75,1.00
2015.12.08 09:08:04.930,0.89862,0.89902,1.75,1.00
2015.12.08 09:08:05.339,0.89862,0.89903,1.00,1.50
2015.12.08 09:08:06.233,0.89862,0.89902,1.00,1.00
2015.12.08 09:08:06.433,0.89858,0.89897,1.12,1.00
2015.12.08 09:08:08.413,0.89862,0.89903,1.00,1.00
2015.12.08 09:08:09.742,0.89862,0.89907,1.00,1.00
2015.12.08 09:08:09.793,0.89865,0.89907,1.00,1.00
2015.12.08 09:08:10.122,0.89867,0.89908,1.00,1.00
2015.12.08 09:08:10.462,0.89872,0.89913,1.00,1.00
2015.12.08 09:08:13.058,0.89874,0.89913,1.00,1.00
2015.12.08 09:08:13.158,0.89872,0.89913,1.50,1.00
2015.12.08 09:08:13.876,0.89877,0.89918,1.00,1.00
2015.12.08 09:08:14.379,0.89876,0.89917,1.00,1.00
2015.12.08 09:08:14.691,0.89883,0.89917,1.00,1.00
2015.12.08 09:08:16.817,0.89882,0.89918,1.00,1.00
2015.12.08 09:08:24.954,0.89878,0.89921,1.00,1.00
2015.12.08 09:08:25.105,0.89878,0.89918,1.00,1.00
2015.12.08 09:08:25.646,0.89878,0.89917,1.00,1.00
2015.12.08 09:08:26.574,0.89877,0.89918,1.00,1.00
2015.12.08 09:08:26.943,0.89883,0.89922,1.00,1.00
2015.12.08 09:08:27.263,0.8988,0.89918,1.00,1.00
2015.12.08 09:08:29.034,0.89877,0.89918,1.12,1.00
2015.12.08 09:08:29.665,0.89878,0.89917,1.00,1.00
2015.12.08 09:08:36.314,0.89879,0.89917,1.00,1.00
2015.12.08 09:08:36.755,0.89881,0.89918,1.00,1.00
2015.12.08 09:08:39.118,0.89879,0.89918,1.00,1.00
2015.12.08 09:08:39.362,0.89877,0.89918,1.00,1.00
2015.12.08 09:08:40.722,0.8988,0.89918,1.00,1.00
2015.12.08 09:08:41.269,0.89879,0.89918,1.00,1.00
2015.12.08 09:08:42.272,0.89877,0.89918,1.00,1.00
2015.12.08 09:08:42.376,0.89875,0.89927,1.12,1.50
2015.12.08 09:08:42.470,0.89881,0.89927,1.00,1.50
2015.12.08 09:08:42.779,0.89888,0.89922,1.00,1.12
2015.12.08 09:08:43.125,0.89883,0.89917,1.00,1.00
2015.12.08 09:08:43.478,0.89878,0.89922,1.37,1.00
2015.12.08 09:08:44.029,0.89882,0.89923,1.37,1.00
2015.12.08 09:08:44.211,0.89888,0.89927,1.00,1.00
2015.12.08 09:08:44.997,0.89887,0.89928,1.00,1.00
2015.12.08 09:08:53.995,0.89888,0.89928,1.00,1.00
2015.12.08 09:08:54.514,0.89887,0.89928,1.00,1.00
2015.12.08 09:08:55.666,0.89888,0.89928,1.00,1.00
2015.12.08 09:08:55.910,0.89889,0.89932,1.12,1.00
2015.12.08 09:08:56.110,0.89898,0.89932,1.00,1.00
2015.12.08 09:08:56.574,0.89893,0.89927,1.00,1.00
2015.12.08 09:08:57.411,0.89897,0.89933,1.00,1.00
2015.12.08 09:09:01.627,0.89892,0.89928,1.00,1.00
2015.12.08 09:09:01.825,0.89888,0.8993,1.37,1.00
2015.12.08 09:09:01.912,0.89888,0.89928,1.37,1.00
2015.12.08 09:09:01.963,0.89883,0.89927,1.87,1.00
2015.12.08 09:09:02.063,0.89878,0.89923,3.00,1.00
2015.12.08 09:09:02.392,0.89872,0.89919,1.12,1.12
2015.12.08 09:09:02.463,0.8987,0.89913,1.37,1.00
2015.12.08 09:09:02.573,0.89873,0.89917,1.00,1.00
2015.12.08 09:09:03.013,0.89867,0.89913,2.25,1.00
2015.12.08 09:09:03.566,0.89868,0.89912,1.37,1.00
2015.12.08 09:09:04.203,0.89867,0.89913,2.25,1.00
2015.12.08 09:09:05.032,0.89867,0.89913,1.12,1.00
2015.12.08 09:09:05.565,0.89863,0.89907,1.37,1.00
2015.12.08 09:09:05.666,0.89863,0.89912,2.62,1.50
2015.12.08 09:09:05.817,0.89863,0.8991,1.37,1.00
2015.12.08 09:09:06.138,0.89863,0.89907,1.37,1.00
2015.12.08 09:09:06.540,0.89867,0.89912,1.12,1.00
2015.12.08 09:09:07.198,0.89867,0.89913,1.87,1.00
2015.12.08 09:09:07.742,0.89865,0.89908,1.00,1.00
2015.12.08 09:09:08.798,0.89864,0.89908,1.00,1.00
2015.12.08 09:09:09.299,0.89865,0.89908,1.00,1.00
2015.12.08 09:09:11.003,0.89863,0.89908,1.00,1.00
2015.12.08 09:09:11.905,0.89862,0.89908,2.25,1.00
2015.12.08 09:09:12.106,0.89865,0.89908,1.00,1.00
2015.12.08 09:09:12.522,0.89867,0.89908,1.00,1.00
2015.12.08 09:09:12.741,0.89865,0.89907,1.00,1.00
2015.12.08 09:09:12.908,0.89863,0.89907,1.50,1.00
2015.12.08 09:09:12.959,0.89867,0.89913,1.00,1.00
2015.12.08 09:09:13.241,0.89863,0.89908,1.00,1.00
2015.12.08 09:09:13.461,0.89862,0.89913,1.50,1.00
2015.12.08 09:09:13.791,0.89863,0.89908,1.00,1.00
2015.12.08 09:09:14.643,0.89862,0.89908,1.50,1.00
2015.12.08 09:09:15.111,0.89862,0.89903,1.00,1.00
2015.12.08 09:09:15.901,0.89867,0.89913,1.00,1.87
2015.12.08 09:09:16.459,0.89868,0.89912,1.00,1.00
2015.12.08 09:09:17.641,0.89867,0.89913,1.00,1.00
2015.12.08 09:09:18.414,0.89868,0.89912,1.00,1.00
2015.12.08 09:09:18.465,0.89868,0.8991,1.00,1.00
2015.12.08 09:09:18.524,0.89863,0.8991,1.50,1.00
2015.12.08 09:09:18.625,0.89862,0.89913,1.50,1.50
2015.12.08 09:09:18.676,0.89863,0.89907,1.00,1.00
2015.12.08 09:09:18.777,0.89863,0.89911,1.00,1.00
2015.12.08 09:09:19.071,0.89863,0.89907,1.00,1.00
2015.12.08 09:09:21.935,0.89863,0.8991,1.00,1.00
2015.12.08 09:09:22.033,0.89863,0.89908,1.00,1.00
2015.12.08 09:09:22.363,0.89857,0.89898,1.50,1.00
2015.12.08 09:09:22.702,0.8986,0.89902,1.00,1.00
2015.12.08 09:09:22.753,0.89862,0.89902,1.00,1.00
2015.12.08 09:09:23.390,0.89861,0.89902,1.00,1.00
2015.12.08 09:09:24.439,0.8986,0.89902,1.00,1.00
2015.12.08 09:09:25.253,0.89859,0.89902,1.00,1.00
2015.12.08 09:09:25.593,0.89858,0.89897,2.25,1.00
2015.12.08 09:09:26.002,0.89862,0.89903,1.00,1.00
2015.12.08 09:09:26.153,0.89863,0.89908,1.00,1.00
2015.12.08 09:09:26.703,0.89863,0.89907,1.50,1.00
2015.12.08 09:09:30.843,0.89861,0.89908,1.00,1.00
2015.12.08 09:09:31.003,0.89859,0.89907,1.00,1.00
2015.12.08 09:09:31.310,0.89858,0.89905,1.00,1.00
2015.12.08 09:09:31.658,0.89857,0.89903,1.00,1.00
2015.12.08 09:09:32.470,0.89858,0.89903,1.00,1.50
2015.12.08 09:09:33.081,0.89857,0.89903,1.50,1.50
2015.12.08 09:09:33.791,0.89859,0.89903,1.00,1.00
2015.12.08 09:09:34.087,0.89856,0.89903,1.00,1.50
2015.12.08 09:09:34.143,0.89858,0.89903,1.00,1.00
2015.12.08 09:09:34.481,0.89853,0.89897,1.00,1.00
2015.12.08 09:09:37.404,0.89853,0.89896,1.00,1.00
2015.12.08 09:09:37.560,0.89848,0.89892,1.00,1.00
2015.12.08 09:09:39.799,0.89849,0.89892,1.00,1.00
2015.12.08 09:09:40.380,0.89848,0.89892,1.00,1.00
2015.12.08 09:09:43.161,0.89847,0.89898,1.50,1.00
2015.12.08 09:09:43.490,0.89848,0.89893,1.00,1.00
2015.12.08 09:09:44.039,0.89847,0.89893,1.00,1.00
2015.12.08 09:09:45.406,0.89849,0.89893,1.00,1.00
2015.12.08 09:09:45.984,0.89849,0.89892,1.00,1.00
2015.12.08 09:09:47.006,0.89853,0.89892,1.00,1.00
2015.12.08 09:09:47.258,0.89852,0.89897,1.00,1.00
2015.12.08 09:09:47.359,0.89853,0.89893,1.00,1.00
2015.12.08 09:09:47.671,0.89853,0.89897,1.50,1.00
2015.12.08 09:09:47.784,0.89851,0.89893,1.00,1.00
2015.12.08 09:09:47.951,0.89847,0.89893,2.25,1.00
2015.12.08 09:09:48.002,0.89853,0.89897,1.00,1.00
2015.12.08 09:09:48.661,0.89849,0.89892,1.00,1.00
2015.12.08 09:09:48.772,0.89853,0.89897,1.00,1.00
2015.12.08 09:09:48.990,0.89853,0.89892,1.00,1.00
2015.12.08 09:09:53.976,0.89853,0.89897,1.00,1.37
2015.12.08 09:09:54.758,0.89853,0.89897,1.12,1.00
2015.12.08 09:09:55.631,0.89853,0.89896,1.12,1.00
2015.12.08 09:09:55.732,0.89848,0.89892,2.25,1.00
2015.12.08 09:09:55.782,0.89848,0.89892,1.50,1.12
2015.12.08 09:09:55.833,0.89843,0.8989,1.12,1.00
2015.12.08 09:09:56.031,0.89843,0.89887,1.12,1.00
2015.12.08 09:09:57.630,0.89844,0.89887,1.00,1.00
2015.12.08 09:09:58.337,0.89843,0.89887,1.12,1.00
2015.12.08 09:10:00.794,0.89842,0.89888,1.87,1.00
2015.12.08 09:10:01.147,0.89838,0.89883,1.50,1.00
2015.12.08 09:10:01.790,0.89837,0.89883,1.87,1.00
2015.12.08 09:10:02.522,0.89843,0.89887,1.00,1.50
2015.12.08 09:10:03.057,0.89844,0.89887,1.00,1.00
2015.12.08 09:10:03.210,0.89848,0.89892,1.00,1.00
2015.12.08 09:10:03.312,0.89846,0.89892,1.00,1.00
2015.12.08 09:10:03.867,0.89847,0.89893,1.00,1.00
2015.12.08 09:10:04.461,0.89848,0.89892,1.00,1.00
2015.12.08 09:10:04.723,0.89846,0.89892,1.50,1.00
2015.12.08 09:10:05.296,0.89847,0.89893,1.00,1.00
2015.12.08 09:10:05.464,0.89847,0.89893,1.37,1.00
2015.12.08 09:10:05.514,0.89852,0.89898,1.50,1.00
2015.12.08 09:10:05.664,0.89854,0.89898,1.00,1.00
2015.12.08 09:10:06.181,0.89853,0.89897,1.00,1.00
2015.12.08 09:10:08.790,0.89855,0.89897,1.00,1.00
2015.12.08 09:10:08.976,0.89853,0.89898,1.00,1.00
2015.12.08 09:10:09.077,0.89855,0.89898,1.00,1.00
2015.12.08 09:10:09.393,0.89863,0.89902,1.00,1.00
2015.12.08 09:10:11.388,0.89865,0.89902,1.00,1.00
2015.12.08 09:10:11.528,0.89862,0.89908,1.00,1.37
2015.12.08 09:10:11.762,0.89863,0.89902,1.00,1.00
2015.12.08 09:10:12.532,0.89867,0.89908,1.00,1.37
2015.12.08 09:10:12.583,0.89867,0.89908,1.00,1.00
2015.12.08 09:10:17.025,0.89863,0.89902,1.12,1.00
2015.12.08 09:10:19.382,0.89858,0.89902,1.37,1.00
2015.12.08 09:10:19.557,0.89858,0.89901,1.00,1.00
2015.12.08 09:10:19.614,0.89853,0.89897,1.00,1.00
2015.12.08 09:10:20.152,0.89852,0.89901,1.00,1.50
2015.12.08 09:10:20.302,0.89852,0.89898,1.00,1.00
2015.12.08 09:10:20.654,0.89847,0.89893,1.87,1.00
2015.12.08 09:10:21.003,0.89853,0.89892,1.00,1.00
2015.12.08 09:10:22.468,0.89847,0.89888,1.87,1.00
2015.12.08 09:10:22.607,0.89851,0.89888,1.00,1.00
2015.12.08 09:10:22.713,0.89849,0.89888,1.50,1.00
2015.12.08 09:10:22.764,0.89853,0.89892,1.00,1.00
2015.12.08 09:10:23.422,0.89852,0.89893,1.00,1.00
2015.12.08 09:10:23.642,0.89853,0.89897,1.00,1.37
2015.12.08 09:10:23.693,0.89853,0.89897,1.00,1.00
2015.12.08 09:10:23.973,0.89858,0.89901,1.00,1.00
2015.12.08 09:10:24.192,0.89853,0.89897,1.50,1.00
2015.12.08 09:10:24.660,0.89858,0.89902,1.00,1.50
2015.12.08 09:10:25.403,0.89858,0.89901,1.00,1.00
2015.12.08 09:10:28.262,0.89854,0.89898,1.00,1.00
2015.12.08 09:10:28.592,0.89858,0.89901,1.00,1.00
2015.12.08 09:10:28.912,0.89855,0.89898,1.00,1.00
2015.12.08 09:10:29.473,0.89857,0.89898,1.00,1.00
2015.12.08 09:10:30.060,0.89856,0.89898,1.00,1.00
2015.12.08 09:10:30.441,0.89854,0.89898,1.50,1.00
2015.12.08 09:10:31.027,0.89853,0.89898,1.00,1.00
2015.12.08 09:10:31.128,0.89857,0.89903,1.00,1.50
2015.12.08 09:10:31.712,0.89857,0.89902,1.00,1.00
2015.12.08 09:10:32.228,0.89857,0.89903,1.00,1.50
2015.12.08 09:10:32.931,0.89857,0.89902,1.00,1.00
2015.12.08 09:10:33.432,0.89857,0.89903,1.00,1.50
2015.12.08 09:10:33.962,0.89857,0.89902,1.00,1.00
2015.12.08 09:10:34.571,0.89857,0.89903,1.00,1.50
2015.12.08 09:10:35.138,0.89857,0.89902,1.00,1.00
2015.12.08 09:10:35.890,0.89853,0.89897,2.25,1.00
2015.12.08 09:10:36.406,0.89854,0.89897,1.00,1.00
2015.12.08 09:10:37.243,0.89857,0.89897,1.00,1.00
2015.12.08 09:10:37.423,0.89857,0.89903,1.50,1.00
2015.12.08 09:10:37.564,0.89855,0.89898,1.00,1.00
2015.12.08 09:10:37.945,0.89858,0.89902,1.00,1.00
2015.12.08 09:10:38.447,0.89859,0.89902,1.00,1.50
2015.12.08 09:10:39.096,0.8986,0.89902,1.00,1.00
2015.12.08 09:10:39.149,0.89858,0.89902,1.00,1.00
2015.12.08 09:10:40.251,0.89858,0.89901,1.00,1.00
2015.12.08 09:10:40.752,0.89858,0.89902,1.00,1.00
2015.12.08 09:10:41.830,0.89855,0.89898,1.00,1.00
2015.12.08 09:10:42.207,0.89853,0.89898,1.00,1.00
2015.12.08 09:10:43.660,0.89852,0.89898,1.50,1.00
2015.12.08 09:10:45.664,0.89854,0.89898,1.00,1.00
2015.12.08 09:10:46.631,0.89857,0.89902,1.00,1.00
2015.12.08 09:10:47.181,0.89853,0.89898,1.00,1.00
2015.12.08 09:10:48.169,0.89852,0.89898,1.50,1.00
2015.12.08 09:10:48.996,0.89853,0.89898,1.00,1.00
2015.12.08 09:10:49.524,0.89854,0.89898,1.00,1.00
2015.12.08 09:10:51.376,0.89852,0.89898,1.50,1.00
2015.12.08 09:10:52.021,0.89858,0.89902,1.00,1.00
2015.12.08 09:10:52.371,0.89853,0.89897,2.25,1.00
2015.12.08 09:10:54.583,0.89854,0.89897,1.00,1.00
2015.12.08 09:10:54.785,0.89857,0.89902,1.00,1.00
2015.12.08 09:10:54.892,0.89855,0.89897,1.00,1.00
2015.12.08 09:10:55.318,0.89857,0.89897,1.00,1.00
2015.12.08 09:10:55.386,0.89853,0.89897,1.50,1.00
2015.12.08 09:10:55.501,0.89853,0.89901,1.50,1.00
2015.12.08 09:10:55.686,0.89854,0.89892,1.00,1.00
2015.12.08 09:10:55.996,0.89858,0.89897,1.00,1.00
2015.12.08 09:10:56.097,0.89853,0.89892,1.00,1.00
2015.12.08 09:10:56.422,0.89855,0.89892,1.00,1.00
2015.12.08 09:10:57.039,0.89854,0.89892,1.00,1.00
2015.12.08 09:10:57.433,0.89857,0.89898,1.00,1.00
2015.12.08 09:11:01.261,0.89854,0.89892,1.00,1.00
2015.12.08 09:11:02.005,0.89853,0.89892,1.50,1.00
2015.12.08 09:11:02.411,0.89856,0.89892,1.00,1.00
2015.12.08 09:11:02.519,0.89859,0.89903,1.00,1.00
2015.12.08 09:11:03.074,0.89859,0.89902,1.00,1.00
2015.12.08 09:11:03.718,0.8986,0.89902,1.00,1.00
2015.12.08 09:11:04.258,0.89861,0.89902,1.00,1.00
2015.12.08 09:11:04.309,0.89858,0.89902,1.00,1.00
2015.12.08 09:11:04.495,0.89853,0.89897,1.00,1.00
2015.12.08 09:11:04.646,0.8985,0.89898,1.00,1.00
2015.12.08 09:11:04.768,0.89848,0.89892,1.00,1.00
2015.12.08 09:11:05.277,0.89849,0.89892,1.00,1.00
2015.12.08 09:11:05.778,0.89848,0.89892,1.50,1.00
2015.12.08 09:11:06.230,0.89853,0.89897,1.00,1.50
2015.12.08 09:11:06.651,0.89851,0.89893,1.00,1.00
2015.12.08 09:11:06.981,0.89852,0.89898,1.00,1.00
2015.12.08 09:11:09.220,0.89853,0.89898,1.00,1.00
2015.12.08 09:11:09.521,0.89851,0.89898,1.00,1.00
2015.12.08 09:11:09.620,0.89853,0.89897,1.00,1.00
2015.12.08 09:11:10.757,0.89854,0.89897,1.00,1.00
2015.12.08 09:11:10.974,0.89857,0.89903,1.00,1.00
2015.12.08 09:11:12.076,0.89855,0.89897,1.00,1.00
2015.12.08 09:11:12.871,0.89853,0.89897,1.50,1.00
2015.12.08 09:11:15.230,0.89852,0.89898,1.00,1.00
2015.12.08 09:11:15.735,0.89854,0.89897,1.00,1.00
2015.12.08 09:11:16.377,0.89858,0.89902,1.00,1.00
2015.12.08 09:11:17.237,0.89858,0.89901,1.00,1.00
2015.12.08 09:11:17.838,0.89858,0.89902,1.00,1.00
2015.12.08 09:11:19.353,0.89858,0.89901,1.00,1.00
2015.12.08 09:11:19.892,0.89857,0.89903,1.00,1.50
2015.12.08 09:11:20.544,0.89857,0.89902,1.00,1.00
2015.12.08 09:11:21.082,0.89857,0.89903,1.00,1.50
2015.12.08 09:11:22.248,0.89857,0.89902,1.00,1.50
2015.12.08 09:11:23.351,0.89857,0.89903,1.00,1.50
2015.12.08 09:11:23.952,0.89857,0.89902,1.00,1.50
2015.12.08 09:11:26.458,0.89857,0.89901,1.00,1.00
2015.12.08 09:11:27.359,0.89857,0.89902,1.00,1.00
2015.12.08 09:11:27.799,0.89863,0.89907,1.00,1.12
2015.12.08 09:11:28.093,0.89858,0.89903,1.00,1.00
2015.12.08 09:11:28.320,0.89858,0.89897,1.00,1.00
2015.12.08 09:11:28.700,0.89855,0.89897,1.00,1.00
2015.12.08 09:11:28.809,0.89852,0.89897,1.00,1.00
2015.12.08 09:11:28.910,0.89854,0.89902,1.00,1.00
2015.12.08 09:11:29.015,0.89853,0.89898,1.50,1.00
2015.12.08 09:11:29.378,0.89857,0.89898,1.00,1.00
2015.12.08 09:11:29.429,0.89858,0.89902,1.00,1.00
2015.12.08 09:11:29.592,0.89858,0.89902,1.37,1.00
2015.12.08 09:11:30.018,0.89863,0.89907,1.00,1.87
2015.12.08 09:11:30.570,0.89862,0.89908,1.00,1.37
2015.12.08 09:11:30.791,0.89864,0.89907,1.00,1.12
2015.12.08 09:11:31.172,0.89867,0.89908,1.00,1.37
2015.12.08 09:11:31.780,0.89867,0.89908,1.00,1.00
2015.12.08 09:11:32.012,0.89869,0.89913,1.00,1.37
2015.12.08 09:11:32.063,0.89873,0.89917,1.00,1.50
2015.12.08 09:11:32.541,0.89877,0.89918,1.00,1.75
2015.12.08 09:11:32.725,0.89872,0.89913,1.00,1.37
2015.12.08 09:11:33.860,0.89872,0.89913,1.50,1.00
2015.12.08 09:11:36.240,0.89873,0.89917,1.00,1.12
2015.12.08 09:11:36.684,0.89875,0.89917,1.00,1.00
2015.12.08 09:11:36.985,0.89873,0.89917,1.50,1.00
2015.12.08 09:11:38.989,0.89874,0.89917,1.00,1.00
2015.12.08 09:11:45.643,0.89875,0.89917,1.00,1.00
2015.12.08 09:11:45.949,0.89878,0.89917,1.00,1.00
2015.12.08 09:11:46.253,0.89879,0.89922,1.00,1.00
2015.12.08 09:11:46.800,0.89877,0.89918,1.00,1.00
2015.12.08 09:11:46.851,0.89875,0.89918,1.00,1.00
2015.12.08 09:11:47.105,0.89877,0.89918,1.00,1.00
2015.12.08 09:11:48.107,0.89876,0.89918,1.00,1.00
2015.12.08 09:11:48.708,0.89877,0.89918,1.00,1.00
2015.12.08 09:11:48.839,0.89872,0.89918,1.00,1.00
2015.12.08 09:11:48.958,0.89873,0.89921,1.00,1.37
2015.12.08 09:11:49.009,0.89873,0.89913,1.00,1.00
2015.12.08 09:11:49.161,0.89868,0.89912,1.37,1.00
2015.12.08 09:11:49.357,0.89865,0.89907,1.75,1.00
2015.12.08 09:11:49.912,0.89865,0.89908,1.75,1.00
2015.12.08 09:11:49.962,0.89865,0.89908,1.00,1.00
2015.12.08 09:11:51.340,0.89866,0.89908,1.50,1.00
2015.12.08 09:11:51.916,0.89865,0.89908,1.00,1.00
2015.12.08 09:11:52.517,0.89866,0.89908,1.50,1.00
2015.12.08 09:11:53.180,0.89865,0.89907,1.50,1.00
2015.12.08 09:11:53.369,0.89867,0.89907,1.00,1.00
2015.12.08 09:11:53.420,0.89867,0.89913,1.50,1.00
2015.12.08 09:11:59.664,0.89871,0.89913,1.00,1.00
2015.12.08 09:12:00.135,0.89873,0.89913,1.00,1.00
2015.12.08 09:12:00.535,0.89878,0.89917,1.00,1.00
2015.12.08 09:12:01.210,0.89872,0.89913,1.12,1.00
2015.12.08 09:12:01.870,0.89878,0.89917,1.00,1.00
2015.12.08 09:12:08.030,0.89876,0.89918,1.00,1.00
2015.12.08 09:12:08.171,0.89871,0.89912,1.37,1.00
2015.12.08 09:12:08.272,0.89872,0.89918,1.37,1.00
2015.12.08 09:12:08.587,0.89872,0.89913,1.00,1.00
2015.12.08 09:12:09.247,0.89873,0.89912,1.00,1.00
2015.12.08 09:12:11.110,0.89877,0.89918,1.00,1.37
2015.12.08 09:12:11.858,0.89877,0.89918,1.00,1.12
2015.12.08 09:12:12.330,0.89872,0.89918,1.50,1.12
2015.12.08 09:12:12.651,0.89872,0.89913,1.00,1.00
2015.12.08 09:12:13.708,0.89875,0.89913,1.00,1.00
2015.12.08 09:12:13.758,0.89875,0.89917,1.00,1.00
2015.12.08 09:12:14.309,0.89875,0.89918,1.00,1.00
2015.12.08 09:12:15.970,0.89873,0.89918,1.00,1.00
2015.12.08 09:12:16.776,0.89874,0.89918,1.00,1.00
2015.12.08 09:12:17.272,0.89872,0.89918,1.50,1.00
2015.12.08 09:12:18.175,0.89872,0.89917,1.50,1.00
2015.12.08 09:12:18.706,0.89872,0.89918,1.00,1.50
2015.12.08 09:12:19.367,0.89872,0.89917,1.50,1.00
2015.12.08 09:12:20.027,0.89872,0.89918,1.50,1.00
2015.12.08 09:12:20.981,0.89874,0.89918,1.00,1.00
2015.12.08 09:12:21.533,0.89874,0.89917,1.00,1.00
2015.12.08 09:12:21.830,0.89878,0.89922,1.00,1.00
2015.12.08 09:12:24.088,0.89878,0.89921,1.00,1.00
2015.12.08 09:12:25.105,0.89878,0.89922,1.00,1.00
2015.12.08 09:12:25.190,0.89874,0.89917,1.00,1.00
2015.12.08 09:12:25.714,0.89873,0.89917,1.00,1.00
2015.12.08 09:12:26.289,0.89877,0.89922,1.00,1.00
2015.12.08 09:12:28.108,0.89877,0.89921,1.00,1.50
2015.12.08 09:12:28.404,0.89873,0.89917,1.50,1.00
2015.12.08 09:12:37.065,0.89874,0.89917,1.00,1.00
2015.12.08 09:12:37.676,0.89873,0.89917,1.50,1.00
2015.12.08 09:12:38.322,0.89874,0.89917,1.00,1.00
2015.12.08 09:12:38.824,0.89873,0.89917,1.50,1.00
2015.12.08 09:12:39.327,0.89874,0.89917,1.00,1.00
2015.12.08 09:12:39.861,0.89873,0.89917,1.50,1.00
2015.12.08 09:12:40.318,0.89878,0.89922,1.00,1.50
2015.12.08 09:12:41.772,0.89877,0.89923,1.00,1.00
2015.12.08 09:12:42.333,0.89878,0.89922,1.00,1.00
2015.12.08 09:12:43.008,0.89877,0.89923,1.00,1.00
2015.12.08 09:12:44.990,0.89876,0.89923,1.00,1.00
2015.12.08 09:12:45.340,0.89883,0.89922,1.00,1.00
2015.12.08 09:12:47.699,0.89882,0.89923,1.00,1.00
2015.12.08 09:12:48.499,0.89882,0.89923,1.37,1.00
2015.12.08 09:12:49.194,0.89883,0.89922,1.37,1.00
2015.12.08 09:12:49.903,0.89879,0.89917,1.50,1.00
2015.12.08 09:12:51.219,0.89883,0.89922,1.37,1.00
2015.12.08 09:12:51.857,0.89883,0.89922,1.00,1.00
2015.12.08 09:12:53.339,0.89883,0.89922,1.50,1.00
2015.12.08 09:12:53.541,0.89883,0.89927,1.50,1.00
2015.12.08 09:12:53.786,0.89885,0.89922,1.37,1.00
2015.12.08 09:12:54.559,0.89883,0.89927,2.25,1.00
2015.12.08 09:12:54.660,0.89885,0.89922,1.37,1.00
2015.12.08 09:12:54.959,0.89887,0.89928,1.37,1.00
2015.12.08 09:12:56.427,0.89887,0.89928,1.00,1.00
2015.12.08 09:12:57.722,0.89888,0.89927,1.00,1.00
2015.12.08 09:13:01.208,0.8989,0.89927,1.00,1.00
2015.12.08 09:13:01.258,0.89892,0.89933,1.00,1.12
2015.12.08 09:13:02.690,0.89895,0.89933,1.00,1.00
2015.12.08 09:13:03.091,0.89893,0.89932,1.00,1.00
2015.12.08 09:13:03.142,0.89897,0.89938,1.00,1.37
2015.12.08 09:13:05.346,0.89897,0.89938,1.00,1.37
2015.12.08 09:13:05.898,0.89894,0.89937,1.00,1.12
2015.12.08 09:13:06.178,0.89892,0.89933,1.00,1.00
2015.12.08 09:13:07.082,0.89889,0.89932,1.37,1.00
2015.12.08 09:13:07.431,0.89889,0.89928,1.00,1.00
2015.12.08 09:13:07.752,0.89892,0.89933,1.00,1.37
2015.12.08 09:13:07.803,0.89895,0.89933,1.00,1.37
2015.12.08 09:13:07.968,0.89897,0.89938,1.00,1.00
2015.12.08 09:13:08.755,0.89903,0.89942,1.00,1.00
2015.12.08 09:13:18.326,0.89898,0.89937,1.12,1.00
2015.12.08 09:13:20.278,0.89894,0.89938,1.37,1.00
2015.12.08 09:13:20.482,0.89898,0.89942,1.50,1.00
2015.12.08 09:13:20.618,0.89902,0.89943,1.00,1.00
2015.12.08 09:13:21.512,0.89897,0.89943,1.12,1.00
2015.12.08 09:13:21.835,0.89902,0.89943,1.00,1.00
2015.12.08 09:13:25.994,0.89899,0.89937,1.00,1.00
2015.12.08 09:13:26.198,0.89902,0.89943,1.00,1.00
2015.12.08 09:13:26.345,0.89904,0.89943,1.00,1.00
2015.12.08 09:13:26.638,0.89907,0.89948,1.00,1.37
2015.12.08 09:13:26.689,0.8991,0.89948,1.00,1.00
2015.12.08 09:13:26.789,0.89908,0.89948,1.00,1.00
2015.12.08 09:13:27.152,0.89906,0.89947,1.00,1.00
2015.12.08 09:13:27.247,0.89903,0.89947,1.87,1.00
2015.12.08 09:13:28.089,0.89904,0.89947,1.00,1.00
2015.12.08 09:13:28.249,0.89906,0.89947,1.00,1.00
2015.12.08 09:13:28.494,0.89904,0.89947,1.00,1.00
2015.12.08 09:13:28.751,0.89906,0.89947,1.00,1.00
2015.12.08 09:13:29.396,0.89907,0.89947,1.00,1.00
2015.12.08 09:13:30.475,0.89905,0.89947,1.00,1.00
2015.12.08 09:13:31.156,0.89906,0.89947,1.00,1.00
2015.12.08 09:13:31.958,0.89905,0.89947,1.50,1.00
2015.12.08 09:13:32.660,0.89906,0.89947,1.00,1.00
2015.12.08 09:13:33.261,0.89903,0.89947,2.25,1.00
2015.12.08 09:13:34.163,0.89904,0.89947,1.00,1.00
2015.12.08 09:13:35.296,0.89903,0.89947,1.00,1.00
2015.12.08 09:13:36.268,0.89905,0.89947,1.00,1.00
2015.12.08 09:13:36.814,0.89906,0.89947,1.00,1.00
2015.12.08 09:13:36.969,0.89904,0.89947,1.00,1.00
2015.12.08 09:13:37.570,0.89905,0.89947,1.00,1.00
2015.12.08 09:13:37.671,0.89903,0.89947,2.25,1.00
2015.12.08 09:13:41.379,0.89904,0.89947,1.00,1.00
2015.12.08 09:13:42.952,0.89906,0.89947,2.25,1.00
2015.12.08 09:13:48.058,0.89907,0.89947,2.25,1.00
2015.12.08 09:13:50.978,0.89906,0.89947,1.75,1.00
2015.12.08 09:13:51.529,0.89905,0.89942,2.25,1.00
2015.12.08 09:13:52.052,0.89906,0.89947,1.75,1.00
2015.12.08 09:13:56.869,0.89905,0.89948,2.25,1.00
2015.12.08 09:13:57.048,0.89908,0.89948,1.75,1.00
2015.12.08 09:13:59.997,0.89904,0.89948,2.25,1.00
2015.12.08 09:14:00.580,0.89904,0.89947,2.25,1.00
2015.12.08 09:14:05.358,0.89904,0.89948,2.25,1.00
2015.12.08 09:14:07.038,0.89904,0.89947,2.25,1.00
2015.12.08 09:14:07.788,0.89904,0.89949,2.25,1.00
2015.12.08 09:14:07.911,0.89904,0.89951,2.25,1.00
2015.12.08 09:14:08.012,0.89904,0.89942,2.25,1.00
2015.12.08 09:14:10.768,0.89907,0.89938,2.25,1.00
2015.12.08 09:14:11.084,0.89907,0.89942,2.25,1.00
2015.12.08 09:14:13.874,0.89907,0.89937,2.25,1.00
2015.12.08 09:14:16.909,0.89907,0.89942,2.25,1.00
2015.12.08 09:14:17.818,0.89909,0.89942,2.25,1.00
2015.12.08 09:14:18.164,0.89909,0.89933,2.25,1.00
2015.12.08 09:14:18.587,0.89909,0.89936,2.25,1.00
2015.12.08 09:14:18.638,0.89893,0.89936,2.25,1.00
2015.12.08 09:14:18.914,0.89893,0.89928,2.25,1.00
2015.12.08 09:14:19.307,0.89893,0.89922,2.25,1.00
2015.12.08 09:14:21.571,0.8989,0.89922,2.25,1.00
2015.12.08 09:14:22.523,0.8989,0.89923,2.25,1.00
2015.12.08 09:14:23.069,0.8989,0.89918,2.25,1.00
2015.12.08 09:14:23.119,0.89878,0.89918,2.25,1.00
2015.12.08 09:14:23.224,0.89878,0.89922,3.00,1.50
2015.12.08 09:14:23.325,0.89878,0.89918,2.25,1.00
2015.12.08 09:14:23.652,0.89878,0.89912,2.25,1.00
2015.12.08 09:14:27.140,0.89878,0.89913,2.25,1.00
2015.12.08 09:14:27.291,0.89878,0.89917,2.25,1.00
2015.12.08 09:14:27.468,0.89878,0.89912,2.25,1.00
2015.12.08 09:14:27.936,0.89873,0.89912,1.00,1.00
2015.12.08 09:14:28.037,0.89868,0.89912,1.50,1.00
2015.12.08 09:14:29.238,0.89873,0.89917,1.00,1.00
2015.12.08 09:14:29.899,0.89871,0.89917,1.12,1.00
2015.12.08 09:14:29.949,0.89877,0.89917,2.25,1.00
2015.12.08 09:14:30.708,0.89877,0.89913,2.25,1.00
2015.12.08 09:14:30.809,0.89877,0.89918,2.25,1.00
2015.12.08 09:14:31.025,0.89877,0.89921,2.25,1.00
2015.12.08 09:14:31.218,0.89877,0.89913,2.25,1.00
2015.12.08 09:14:31.827,0.89877,0.89912,2.25,1.00
2015.12.08 09:14:32.245,0.89877,0.89907,2.25,1.00
2015.12.08 09:14:32.886,0.89876,0.89907,2.25,1.00
2015.12.08 09:14:37.156,0.89876,0.89912,2.25,1.00
2015.12.08 09:14:37.806,0.89876,0.89913,2.25,1.00
2015.12.08 09:14:38.027,0.89876,0.89907,2.25,1.00
2015.12.08 09:14:39.250,0.89876,0.89913,2.25,1.50
2015.12.08 09:14:39.584,0.89876,0.89908,2.25,1.00
2015.12.08 09:14:39.684,0.89876,0.8991,2.25,1.00
2015.12.08 09:14:39.812,0.89876,0.89908,2.25,1.00
2015.12.08 09:14:40.244,0.89876,0.89902,2.25,1.00
2015.12.08 09:14:40.623,0.89864,0.89902,2.25,1.00
2015.12.08 09:14:40.777,0.89868,0.89907,1.12,1.00
2015.12.08 09:14:42.211,0.89864,0.89902,2.25,1.00
2015.12.08 09:14:42.540,0.89864,0.89907,2.25,1.00
2015.12.08 09:14:42.591,0.89864,0.89907,2.25,1.00
2015.12.08 09:14:42.758,0.89868,0.89912,1.37,1.00
2015.12.08 09:14:43.428,0.89867,0.89908,1.50,1.00
2015.12.08 09:14:49.356,0.89868,0.89912,1.37,1.00
2015.12.08 09:14:50.129,0.89869,0.89917,1.37,1.00
2015.12.08 09:14:50.456,0.89877,0.89918,1.00,1.00
2015.12.08 09:14:50.982,0.89877,0.89918,1.50,1.00
2015.12.08 09:14:53.756,0.89874,0.89912,2.25,1.00
2015.12.08 09:14:55.857,0.89874,0.89908,2.25,1.00
2015.12.08 09:14:56.078,0.89874,0.89912,2.25,1.00
2015.12.08 09:14:56.456,0.89867,0.89912,1.00,1.00
2015.12.08 09:14:56.507,0.89869,0.89912,1.00,1.00
2015.12.08 09:14:56.558,0.89867,0.89918,1.50,1.50
2015.12.08 09:14:56.728,0.89867,0.89913,1.50,1.00
2015.12.08 09:14:57.059,0.8987,0.89912,1.00,1.00
2015.12.08 09:14:57.287,0.89872,0.89918,1.00,1.00
2015.12.08 09:14:57.856,0.89873,0.89917,1.00,1.00
2015.12.08 09:14:58.312,0.8987,0.89912,1.12,1.00
2015.12.08 09:14:58.413,0.89868,0.89917,1.37,1.00
2015.12.08 09:14:58.514,0.89863,0.89912,1.37,1.00
2015.12.08 09:14:58.863,0.89865,0.89907,1.37,1.00
2015.12.08 09:14:59.265,0.89867,0.89913,1.37,1.00
2015.12.08 09:14:59.757,0.89867,0.89913,1.00,1.50
2015.12.08 09:15:00.060,0.89863,0.89907,1.00,1.00
2015.12.08 09:15:01.718,0.89862,0.89908,1.50,1.00
2015.12.08 09:15:02.590,0.89863,0.89907,1.00,1.00
2015.12.08 09:15:04.452,0.89862,0.89908,1.00,1.00
2015.12.08 09:15:04.803,0.89853,0.89897,1.00,1.00
2015.12.08 09:15:04.903,0.89853,0.89905,1.00,1.00
2015.12.08 09:15:05.021,0.89847,0.89888,1.00,1.00
2015.12.08 09:15:05.378,0.89853,0.89892,1.00,1.00
2015.12.08 09:15:05.555,0.89853,0.89897,1.00,1.00
2015.12.08 09:15:05.756,0.89851,0.89897,1.00,1.00
2015.12.08 09:15:06.117,0.89858,0.89897,1.00,1.00
2015.12.08 09:15:10.620,0.89853,0.89892,1.87,1.00
2015.12.08 09:15:13.260,0.8985,0.89887,1.00,1.00
2015.12.08 09:15:13.325,0.89843,0.89887,1.37,1.00
2015.12.08 09:15:13.478,0.89848,0.89892,1.00,1.00
2015.12.08 09:15:13.579,0.89848,0.89887,1.00,1.00
2015.12.08 09:15:14.116,0.89849,0.89887,1.00,1.00
2015.12.08 09:15:14.329,0.89853,0.89892,1.00,1.00
2015.12.08 09:15:14.467,0.89848,0.89893,1.00,1.00
2015.12.08 09:15:14.631,0.89852,0.89892,1.00,1.00
2015.12.08 09:15:14.777,0.89848,0.89892,1.50,1.00
2015.12.08 09:15:14.828,0.8985,0.89892,1.00,1.00
2015.12.08 09:15:14.929,0.89848,0.89892,1.50,1.00
2015.12.08 09:15:15.241,0.8985,0.89892,1.00,1.00
2015.12.08 09:15:15.671,0.89848,0.89892,1.50,1.00
2015.12.08 09:15:15.781,0.89848,0.89897,1.50,1.00
2015.12.08 09:15:16.126,0.89848,0.89887,1.00,1.00
2015.12.08 09:15:16.647,0.8985,0.89887,1.00,1.00
2015.12.08 09:15:16.935,0.89848,0.89887,1.50,1.00
2015.12.08 09:15:17.128,0.89848,0.89892,1.50,1.00
2015.12.08 09:15:17.178,0.8985,0.89892,1.00,1.00
2015.12.08 09:15:17.937,0.89851,0.89892,1.00,1.00
2015.12.08 09:15:18.071,0.89848,0.89892,1.00,1.00
2015.12.08 09:15:18.289,0.89849,0.89887,1.00,1.00
2015.12.08 09:15:18.340,0.89847,0.89887,1.00,1.00
2015.12.08 09:15:18.870,0.89847,0.89888,1.00,1.00
2015.12.08 09:15:19.200,0.89849,0.89888,1.00,1.00
2015.12.08 09:15:19.251,0.89847,0.89888,1.00,1.00
2015.12.08 09:15:19.392,0.89847,0.89893,2.25,1.00
2015.12.08 09:15:19.948,0.89848,0.89893,1.00,1.00
2015.12.08 09:15:20.470,0.89849,0.89893,1.00,1.00
2015.12.08 09:15:21.346,0.89847,0.89893,2.25,1.00
2015.12.08 09:15:21.917,0.89848,0.89892,1.50,1.00
2015.12.08 09:15:22.450,0.89849,0.89892,1.50,1.00
2015.12.08 09:15:22.700,0.89848,0.89887,1.00,1.00
2015.12.08 09:15:23.083,0.89847,0.89893,1.50,1.00
2015.12.08 09:15:23.652,0.89848,0.89893,1.00,1.00
2015.12.08 09:15:23.752,0.8985,0.89893,1.00,1.00
2015.12.08 09:15:23.852,0.89848,0.89893,1.00,1.00
2015.12.08 09:15:24.072,0.8985,0.89893,1.00,1.00
2015.12.08 09:15:24.173,0.89848,0.89893,1.00,1.00
2015.12.08 09:15:24.755,0.89849,0.89893,1.00,1.00
2015.12.08 09:15:24.855,0.89847,0.89893,1.00,1.00
2015.12.08 09:15:24.906,0.89845,0.89888,1.12,1.00
2015.12.08 09:15:25.289,0.89848,0.89888,1.00,1.00
2015.12.08 09:15:25.411,0.89845,0.89888,1.12,1.00
2015.12.08 09:15:26.058,0.89847,0.89887,1.00,1.00
2015.12.08 09:15:26.719,0.89845,0.89887,1.37,1.00
2015.12.08 09:15:26.878,0.89843,0.89892,1.87,1.00
2015.12.08 09:15:27.111,0.89842,0.89888,1.87,1.00
2015.12.08 09:15:27.312,0.89845,0.89892,1.87,1.00
2015.12.08 09:15:27.463,0.89848,0.89896,1.00,1.00
2015.12.08 09:15:27.527,0.89844,0.89888,1.00,1.00
2015.12.08 09:15:27.578,0.89842,0.89888,1.50,1.00
2015.12.08 09:15:27.768,0.89843,0.89892,1.00,1.00
2015.12.08 09:15:28.113,0.89839,0.89877,1.00,1.00
2015.12.08 09:15:28.565,0.89842,0.89877,1.00,1.00
2015.12.08 09:15:28.966,0.89838,0.89877,1.50,1.00
2015.12.08 09:15:29.539,0.89838,0.89878,1.00,1.00
2015.12.08 09:15:29.837,0.89842,0.89883,1.00,1.00
2015.12.08 09:15:30.620,0.8984,0.89877,1.00,1.00
2015.12.08 09:15:30.670,0.89838,0.89877,1.50,1.00
2015.12.08 09:15:30.937,0.89837,0.89883,1.50,1.00
2015.12.08 09:15:31.092,0.89839,0.89883,1.00,1.00
2015.12.08 09:15:31.472,0.89843,0.89887,1.00,1.00
2015.12.08 09:15:31.777,0.89839,0.89883,1.00,1.00
2015.12.08 09:15:32.173,0.89843,0.89882,1.00,1.00
2015.12.08 09:15:32.346,0.89838,0.89882,1.00,1.00
2015.12.08 09:15:32.397,0.89843,0.89887,1.00,1.00
2015.12.08 09:15:32.725,0.89839,0.89878,1.00,1.00
2015.12.08 09:15:32.875,0.89837,0.89878,1.00,1.00
2015.12.08 09:15:33.098,0.89839,0.89878,1.00,1.00
2015.12.08 09:15:33.676,0.89838,0.89878,1.00,1.00
2015.12.08 09:15:34.478,0.89839,0.89878,1.00,1.00
2015.12.08 09:15:34.983,0.89843,0.89882,1.00,1.00
2015.12.08 09:15:35.331,0.89845,0.89882,1.00,1.00
2015.12.08 09:15:35.917,0.89844,0.89882,1.00,1.00
2015.12.08 09:15:36.928,0.89843,0.89882,1.50,1.00
2015.12.08 09:15:37.475,0.89843,0.89883,1.00,1.00
2015.12.08 09:15:38.300,0.89844,0.89883,1.00,1.00
2015.12.08 09:15:40.393,0.89843,0.89883,1.00,1.00
2015.12.08 09:15:40.894,0.89842,0.89883,1.00,1.00
2015.12.08 09:15:41.495,0.89843,0.89882,1.00,1.00
2015.12.08 09:15:43.697,0.89842,0.89883,1.50,1.00
2015.12.08 09:15:44.467,0.89843,0.89882,1.00,1.00
2015.12.08 09:15:45.706,0.89844,0.89882,1.00,1.00
2015.12.08 09:15:46.222,0.89843,0.89882,1.50,1.00
2015.12.08 09:15:46.882,0.89843,0.89883,1.00,1.00
2015.12.08 09:15:47.221,0.89845,0.89882,1.00,1.00
2015.12.08 09:15:47.872,0.89844,0.89882,1.00,1.00
2015.12.08 09:15:48.387,0.89843,0.89882,1.50,1.00
2015.12.08 09:15:48.914,0.89844,0.89888,1.00,1.00
2015.12.08 09:15:49.026,0.89847,0.89887,1.00,1.00
2015.12.08 09:15:49.329,0.8985,0.89892,1.00,1.37
2015.12.08 09:15:49.861,0.89849,0.89887,1.00,1.00
2015.12.08 09:15:50.337,0.89851,0.89887,1.00,1.00
2015.12.08 09:15:50.534,0.89847,0.89887,1.00,1.00
2015.12.08 09:15:50.868,0.89847,0.89893,1.00,1.00
2015.12.08 09:15:50.969,0.89846,0.89887,1.00,1.00
2015.12.08 09:15:51.070,0.89848,0.89892,1.00,1.00
2015.12.08 09:15:52.167,0.89847,0.89888,1.50,1.00
2015.12.08 09:15:52.860,0.89848,0.89888,1.00,1.00
2015.12.08 09:15:53.424,0.89847,0.89888,1.00,1.00
2015.12.08 09:15:54.025,0.89846,0.89888,1.00,1.00
2015.12.08 09:15:54.426,0.89848,0.89888,1.00,1.00
2015.12.08 09:15:55.017,0.89847,0.89887,1.00,1.00
2015.12.08 09:15:56.177,0.89848,0.89887,1.00,1.00
2015.12.08 09:15:56.431,0.89846,0.89887,1.00,1.00
2015.12.08 09:15:56.631,0.89848,0.89887,1.00,1.00
2015.12.08 09:15:57.133,0.89846,0.89887,1.00,1.00
2015.12.08 09:15:57.493,0.89846,0.89892,1.00,1.00
2015.12.08 09:15:57.594,0.89844,0.89892,1.00,1.00
2015.12.08 09:15:57.668,0.89847,0.89894,1.00,1.00
2015.12.08 09:15:57.736,0.89847,0.89897,1.00,1.00
2015.12.08 09:15:57.786,0.89845,0.89887,1.00,1.00
2015.12.08 09:15:57.888,0.89848,0.89892,1.50,1.00
2015.12.08 09:15:57.938,0.8985,0.89892,1.00,1.00
2015.12.08 09:15:58.159,0.89847,0.89893,1.12,1.00
2015.12.08 09:15:58.263,0.89844,0.89896,1.37,1.00
2015.12.08 09:15:58.355,0.89844,0.89892,1.37,1.00
2015.12.08 09:15:58.715,0.89846,0.89882,1.87,1.00
2015.12.08 09:15:58.877,0.89846,0.89887,1.87,1.00
2015.12.08 09:15:59.347,0.89846,0.89887,1.37,1.00
2015.12.08 09:15:59.867,0.89849,0.89888,1.37,1.00
2015.12.08 09:16:00.418,0.89848,0.89887,1.37,1.00
2015.12.08 09:16:00.772,0.89849,0.89892,1.37,1.00
2015.12.08 09:16:01.089,0.89849,0.89887,1.37,1.00
2015.12.08 09:16:02.671,0.89846,0.89887,1.00,1.00
2015.12.08 09:16:02.729,0.89846,0.89892,1.00,1.00
2015.12.08 09:16:02.849,0.89844,0.89892,1.00,1.00
2015.12.08 09:16:03.023,0.89844,0.89888,1.00,1.00
2015.12.08 09:16:03.550,0.89843,0.89887,1.00,1.00
2015.12.08 09:16:04.099,0.89844,0.89888,1.00,1.00
2015.12.08 09:16:04.278,0.89842,0.89888,1.12,1.00
2015.12.08 09:16:04.774,0.89844,0.89888,1.00,1.00
2015.12.08 09:16:05.254,0.89842,0.89888,1.87,1.00
2015.12.08 09:16:05.616,0.89843,0.89887,1.87,1.00
2015.12.08 09:16:06.486,0.89845,0.89887,1.50,1.00
2015.12.08 09:16:07.075,0.89843,0.89887,1.37,1.00
2015.12.08 09:16:07.128,0.89843,0.89892,1.37,1.00
2015.12.08 09:16:07.178,0.89843,0.89891,1.00,1.37
2015.12.08 09:16:07.508,0.89842,0.89883,1.00,1.00
2015.12.08 09:16:07.977,0.89841,0.89877,1.00,1.00
2015.12.08 09:16:08.518,0.89838,0.89877,2.62,1.00
2015.12.08 09:16:09.438,0.89837,0.89878,1.37,1.00
2015.12.08 09:16:10.148,0.89837,0.89878,1.50,1.00
2015.12.08 09:16:10.684,0.89838,0.89877,1.37,1.00
2015.12.08 09:16:10.992,0.89842,0.89883,1.12,1.00
2015.12.08 09:16:11.326,0.89838,0.89877,1.87,1.00
2015.12.08 09:16:11.537,0.89842,0.89883,1.12,1.00
2015.12.08 09:16:12.088,0.89843,0.89883,1.00,1.00
2015.12.08 09:16:13.091,0.89842,0.89883,1.87,1.00
2015.12.08 09:16:13.509,0.89843,0.89877,1.00,1.00
2015.12.08 09:16:13.639,0.89842,0.89883,1.87,1.00
2015.12.08 09:16:13.893,0.89846,0.89883,1.00,1.00
2015.12.08 09:16:14.194,0.89842,0.89883,1.12,1.00
2015.12.08 09:16:14.629,0.89843,0.89887,1.00,1.00
2015.12.08 09:16:15.097,0.89845,0.89887,1.00,1.00
2015.12.08 09:16:15.298,0.89843,0.89887,1.50,1.00
2015.12.08 09:16:15.498,0.89845,0.89887,1.00,1.00
2015.12.08 09:16:15.799,0.89843,0.89887,1.00,1.00
2015.12.08 09:16:16.750,0.89844,0.89887,1.00,1.00
2015.12.08 09:16:17.252,0.89843,0.89887,1.00,1.00
2015.12.08 09:16:17.804,0.89842,0.89888,1.12,1.00
2015.12.08 09:16:18.155,0.89842,0.89883,1.12,1.00
2015.12.08 09:16:18.692,0.89842,0.89888,1.12,1.00
2015.12.08 09:16:19.058,0.89841,0.89883,1.37,1.00
2015.12.08 09:16:19.338,0.89844,0.89888,1.00,1.00
2015.12.08 09:16:19.408,0.89842,0.89888,1.12,1.00
2015.12.08 09:16:19.704,0.89837,0.89883,1.87,1.00
2015.12.08 09:16:20.061,0.89838,0.89882,1.00,1.00
2015.12.08 09:16:20.112,0.89842,0.89882,1.00,1.00
2015.12.08 09:16:20.411,0.89838,0.89882,1.50,1.00
2015.12.08 09:16:20.858,0.89841,0.89883,1.00,1.00
2015.12.08 09:16:21.579,0.89841,0.89882,1.00,1.00
2015.12.08 09:16:22.515,0.89842,0.89882,1.00,1.00
2015.12.08 09:16:22.949,0.89838,0.89882,1.50,1.00
2015.12.08 09:16:23.218,0.89841,0.89882,1.00,1.00
2015.12.08 09:16:23.668,0.89842,0.89882,1.00,1.37
2015.12.08 09:16:23.719,0.89838,0.89881,1.00,1.37
2015.12.08 09:16:23.770,0.89835,0.89877,1.00,1.12
2015.12.08 09:16:23.821,0.89831,0.89877,1.00,1.12
2015.12.08 09:16:23.871,0.89833,0.89879,1.00,1.37
2015.12.08 09:16:24.176,0.89828,0.89872,1.87,1.00
2015.12.08 09:16:24.226,0.89832,0.89877,1.00,1.12
2015.12.08 09:16:24.320,0.8983,0.89877,1.00,1.12
2015.12.08 09:16:24.398,0.8983,0.89867,1.00,1.00
2015.12.08 09:16:24.622,0.89831,0.89873,1.00,1.00
2015.12.08 09:16:24.823,0.89835,0.89873,1.00,1.00
2015.12.08 09:16:25.024,0.89832,0.89872,1.00,1.00
2015.12.08 09:16:25.126,0.89829,0.89872,1.00,1.00
2015.12.08 09:16:25.223,0.89837,0.89872,1.00,1.00
2015.12.08 09:16:25.325,0.89828,0.89872,3.75,1.00
2015.12.08 09:16:25.925,0.8983,0.89873,1.37,1.00
2015.12.08 09:16:26.167,0.89833,0.89882,1.87,1.00
2015.12.08 09:16:26.327,0.89833,0.89882,1.87,1.00
2015.12.08 09:16:26.706,0.89837,0.89877,1.12,1.00
2015.12.08 09:16:27.588,0.89835,0.89872,1.37,1.00
2015.12.08 09:16:27.709,0.89835,0.89877,1.37,1.00
2015.12.08 09:16:28.032,0.8984,0.89877,1.00,1.00
2015.12.08 09:16:28.133,0.89838,0.89877,1.00,1.00
2015.12.08 09:16:28.183,0.89838,0.89877,1.37,1.00
2015.12.08 09:16:28.802,0.89843,0.89882,1.00,1.00
2015.12.08 09:16:28.934,0.89845,0.89882,1.00,1.00
2015.12.08 09:16:29.335,0.89843,0.89882,1.00,1.00
2015.12.08 09:16:30.246,0.89844,0.89887,1.00,1.12
2015.12.08 09:16:30.296,0.89844,0.89887,1.37,1.00
2015.12.08 09:16:30.638,0.89841,0.89882,1.50,1.00
2015.12.08 09:16:31.548,0.89844,0.89883,1.37,1.00
2015.12.08 09:16:31.666,0.89844,0.89887,1.37,1.00
2015.12.08 09:16:33.226,0.89843,0.89887,1.87,1.00
2015.12.08 09:16:36.103,0.89843,0.89887,1.37,1.00
2015.12.08 09:16:36.663,0.89842,0.89888,1.37,1.00
2015.12.08 09:16:38.506,0.8984,0.89882,1.37,1.00
2015.12.08 09:16:39.196,0.89838,0.89882,2.25,1.00
2015.12.08 09:16:40.360,0.89843,0.89887,1.12,1.00
2015.12.08 09:16:42.877,0.8984,0.89883,1.37,1.00
2015.12.08 09:16:43.096,0.89843,0.89887,1.00,1.00
2015.12.08 09:16:44.407,0.89844,0.89887,1.00,1.00
2015.12.08 09:16:44.643,0.89842,0.89888,1.12,1.00
2015.12.08 09:16:44.863,0.89842,0.89888,1.50,1.00
2015.12.08 09:16:47.196,0.89842,0.89888,1.37,1.00
2015.12.08 09:16:47.777,0.89843,0.89887,1.87,1.00
2015.12.08 09:16:48.321,0.89844,0.89887,1.00,1.00
2015.12.08 09:16:48.910,0.89843,0.89887,1.87,1.00
2015.12.08 09:16:49.442,0.89842,0.89888,1.37,1.00
2015.12.08 09:16:49.976,0.89844,0.89887,1.00,1.00
2015.12.08 09:16:50.576,0.89845,0.89887,1.87,1.00
2015.12.08 09:16:50.815,0.89846,0.89892,1.00,1.12
2015.12.08 09:16:50.917,0.89848,0.89892,1.00,1.12
2015.12.08 09:16:51.018,0.89844,0.89893,1.37,1.37
2015.12.08 09:16:51.237,0.89844,0.89887,1.37,1.00
2015.12.08 09:16:51.803,0.89847,0.89887,1.00,1.00
2015.12.08 09:16:52.016,0.89845,0.89892,1.00,1.00
2015.12.08 09:16:52.167,0.89846,0.89887,1.00,1.00
2015.12.08 09:16:52.496,0.89843,0.89887,1.00,1.00
2015.12.08 09:16:52.666,0.89848,0.89892,1.00,1.00
2015.12.08 09:16:52.996,0.89843,0.89887,1.00,1.00
2015.12.08 09:16:53.492,0.89845,0.89888,1.00,1.00
2015.12.08 09:16:53.816,0.89843,0.89887,1.00,1.00
2015.12.08 09:16:54.616,0.89846,0.89887,1.00,1.00
2015.12.08 09:16:54.717,0.89843,0.89887,1.00,1.00
2015.12.08 09:16:54.818,0.89845,0.89887,1.00,1.00
2015.12.08 09:16:55.096,0.89842,0.89888,1.12,1.00
2015.12.08 09:16:55.417,0.89847,0.89888,1.00,1.00
2015.12.08 09:16:55.548,0.89849,0.89892,1.00,1.00
2015.12.08 09:16:55.599,0.89844,0.89892,1.50,1.00
2015.12.08 09:16:55.748,0.89845,0.89887,1.00,1.00
2015.12.08 09:16:55.798,0.89843,0.89887,1.00,1.00
2015.12.08 09:16:55.937,0.89846,0.89888,1.00,1.00
2015.12.08 09:16:56.320,0.89843,0.89887,1.50,1.00
2015.12.08 09:16:56.800,0.89847,0.89887,1.00,1.00
2015.12.08 09:16:57.483,0.89848,0.89887,1.00,1.00
2015.12.08 09:16:58.003,0.89846,0.89887,1.37,1.00
2015.12.08 09:16:58.504,0.89849,0.89888,1.00,1.00
2015.12.08 09:16:59.105,0.8985,0.89888,1.00,1.00
2015.12.08 09:16:59.608,0.89848,0.89888,1.00,1.00
2015.12.08 09:16:59.991,0.89846,0.89887,1.37,1.00
2015.12.08 09:17:01.192,0.89843,0.89887,1.00,1.00
2015.12.08 09:17:01.245,0.89838,0.89883,1.37,1.00
2015.12.08 09:17:04.319,0.89837,0.89883,1.87,1.00
2015.12.08 09:17:05.097,0.89838,0.89882,1.37,1.00
2015.12.08 09:17:07.235,0.8984,0.89882,1.00,1.00
2015.12.08 09:17:07.327,0.89838,0.89882,1.87,1.00
2015.12.08 09:17:07.928,0.89841,0.89882,1.00,1.00
2015.12.08 09:17:08.529,0.89839,0.89882,1.00,1.00
2015.12.08 09:17:09.086,0.8984,0.89882,1.00,1.00
2015.12.08 09:17:09.432,0.89838,0.89882,1.12,1.00
2015.12.08 09:17:10.029,0.89837,0.89883,1.37,1.00
2015.12.08 09:17:10.566,0.89837,0.89883,2.62,1.00
2015.12.08 09:17:11.238,0.89838,0.89882,1.37,1.00
2015.12.08 09:17:13.193,0.89838,0.89882,1.87,1.00
2015.12.08 09:17:14.396,0.89838,0.89883,1.37,1.00
2015.12.08 09:17:14.955,0.89838,0.89882,1.37,1.00
2015.12.08 09:17:15.699,0.89837,0.89877,1.87,1.00
2015.12.08 09:17:16.252,0.89837,0.89877,1.87,1.00
2015.12.08 09:17:18.455,0.8984,0.89877,1.00,1.00
2015.12.08 09:17:18.957,0.89839,0.89877,1.00,1.00
2015.12.08 09:17:19.007,0.89839,0.89883,1.00,1.00
2015.12.08 09:17:19.059,0.89841,0.89883,1.00,1.00
2015.12.08 09:17:19.460,0.89841,0.89882,1.37,1.00
2015.12.08 09:17:21.545,0.89843,0.89883,1.12,1.00
2015.12.08 09:17:22.065,0.89844,0.89882,1.00,1.00
2015.12.08 09:17:22.398,0.89844,0.89883,1.37,1.00
2015.12.08 09:17:22.917,0.89843,0.89882,1.50,1.00
2015.12.08 09:17:23.720,0.8984,0.89882,1.00,1.00
2015.12.08 09:17:24.271,0.89838,0.89882,1.87,1.00
2015.12.08 09:17:25.523,0.89837,0.89883,2.62,1.00
2015.12.08 09:17:26.519,0.89844,0.89883,1.00,1.00
2015.12.08 09:17:26.826,0.89841,0.89877,1.12,1.00
2015.12.08 09:17:27.016,0.89841,0.89882,1.12,1.00
2015.12.08 09:17:27.568,0.8984,0.89883,1.37,1.00
2015.12.08 09:17:28.455,0.89842,0.89883,1.00,1.00
2015.12.08 09:17:29.110,0.89843,0.89882,1.00,1.00
2015.12.08 09:17:29.284,0.8984,0.89882,1.37,1.00
2015.12.08 09:17:30.015,0.89842,0.89882,1.00,1.00
2015.12.08 09:17:31.589,0.89843,0.89882,1.00,1.00
2015.12.08 09:17:32.187,0.89842,0.89882,1.00,1.00
2015.12.08 09:17:32.792,0.89843,0.89882,1.00,1.00
2015.12.08 09:17:33.359,0.89841,0.89882,1.37,1.00
2015.12.08 09:17:34.216,0.89848,0.89882,1.00,1.00
2015.12.08 09:17:34.317,0.89851,0.89887,1.00,1.00
2015.12.08 09:17:34.605,0.89851,0.89892,1.00,1.00
2015.12.08 09:17:34.927,0.89853,0.89893,1.00,1.00
2015.12.08 09:17:35.253,0.89858,0.89892,2.25,1.00
2015.12.08 09:17:35.595,0.89858,0.89882,2.25,1.00
2015.12.08 09:17:35.746,0.89858,0.89887,2.25,1.00
2015.12.08 09:17:35.850,0.89858,0.89889,2.25,1.00
2015.12.08 09:17:35.947,0.89858,0.89878,2.25,1.00
2015.12.08 09:17:36.585,0.89848,0.89878,2.25,1.00
2015.12.08 09:17:37.795,0.89848,0.89877,2.25,1.00
2015.12.08 09:17:41.755,0.89848,0.89883,2.25,1.00
2015.12.08 09:17:42.295,0.89848,0.89882,2.25,1.00
2015.12.08 09:17:42.817,0.89846,0.89883,2.25,1.00
2015.12.08 09:17:43.833,0.89846,0.89882,2.25,1.00
2015.12.08 09:17:43.884,0.89846,0.89887,2.25,1.00
2015.12.08 09:17:44.085,0.89846,0.89882,2.25,1.00
2015.12.08 09:17:44.421,0.89845,0.89882,2.25,1.00
2015.12.08 09:17:44.946,0.89845,0.89883,2.25,1.00
2015.12.08 09:17:45.098,0.89846,0.89887,1.75,1.00
2015.12.08 09:17:45.286,0.89846,0.89893,1.75,1.00
2015.12.08 09:17:45.387,0.89845,0.89882,3.00,1.00
2015.12.08 09:17:45.495,0.89845,0.89887,3.00,1.00
2015.12.08 09:17:46.264,0.89857,0.89887,2.25,1.00
2015.12.08 09:17:46.925,0.89857,0.89893,2.25,1.00
2015.12.08 09:17:47.429,0.89857,0.89892,2.25,1.00
2015.12.08 09:17:47.917,0.89857,0.89887,2.25,1.00
2015.12.08 09:17:48.157,0.89844,0.89887,2.25,1.00
2015.12.08 09:17:48.382,0.89844,0.89882,3.00,1.00
2015.12.08 09:17:51.105,0.89845,0.89882,1.00,1.00
2015.12.08 09:17:51.215,0.89845,0.89888,1.00,1.00
2015.12.08 09:17:51.377,0.89843,0.89888,1.12,1.00
2015.12.08 09:17:51.940,0.89843,0.89887,1.12,1.00
2015.12.08 09:17:52.450,0.89845,0.89887,1.00,1.00
2015.12.08 09:17:52.742,0.89843,0.89887,1.87,1.00
2015.12.08 09:17:55.247,0.89844,0.89887,1.00,1.00
2015.12.08 09:17:55.968,0.89843,0.89887,1.87,1.00
2015.12.08 09:17:56.187,0.89845,0.89887,1.00,1.00
2015.12.08 09:17:56.550,0.89843,0.89887,1.12,1.00
2015.12.08 09:17:56.714,0.89841,0.89883,1.37,1.00
2015.12.08 09:17:56.826,0.89842,0.89888,1.37,1.00
2015.12.08 09:17:57.044,0.89838,0.89882,1.87,1.00
2015.12.08 09:17:59.885,0.89845,0.89882,1.00,1.00
2015.12.08 09:18:00.036,0.89846,0.89888,1.00,1.00
2015.12.08 09:18:00.291,0.89846,0.89882,1.00,1.00
2015.12.08 09:18:00.860,0.89847,0.89883,1.00,1.00
2015.12.08 09:18:00.911,0.89847,0.89887,1.00,1.00
2015.12.08 09:18:00.961,0.89849,0.89887,1.50,1.00
2015.12.08 09:18:01.161,0.89847,0.89888,1.00,1.00
2015.12.08 09:18:01.601,0.89848,0.89892,3.75,1.00
2015.12.08 09:18:01.913,0.8985,0.89887,1.37,1.00
2015.12.08 09:18:02.014,0.89849,0.89892,1.50,1.00
2015.12.08 09:18:02.355,0.89848,0.89887,2.25,1.00
2015.12.08 09:18:02.692,0.89848,0.89882,2.25,1.00
2015.12.08 09:18:02.874,0.8984,0.89882,1.37,1.00
2015.12.08 09:18:07.625,0.89844,0.89887,1.37,1.00
2015.12.08 09:18:07.965,0.89841,0.89883,1.37,1.00
2015.12.08 09:18:10.247,0.89842,0.89882,1.87,1.00
2015.12.08 09:18:10.637,0.89843,0.89882,1.12,1.00
2015.12.08 09:18:11.683,0.89842,0.89888,1.87,1.00
2015.12.08 09:18:11.825,0.89852,0.89887,1.00,1.00
2015.12.08 09:18:12.047,0.89851,0.89893,1.87,1.00
2015.12.08 09:18:14.864,0.89852,0.89893,1.37,1.00
2015.12.08 09:18:18.656,0.89853,0.89892,1.87,1.00
2015.12.08 09:18:18.756,0.89858,0.89898,1.00,1.00
2015.12.08 09:18:18.807,0.89855,0.89898,1.37,1.00
2015.12.08 09:18:18.857,0.89855,0.89893,1.37,1.00
2015.12.08 09:18:18.958,0.89852,0.89897,1.37,1.00
2015.12.08 09:18:19.154,0.89851,0.89893,1.50,1.00
2015.12.08 09:18:19.717,0.89849,0.89892,3.00,1.00
2015.12.08 09:18:19.768,0.89852,0.89892,1.37,1.00
2015.12.08 09:18:20.204,0.89857,0.89892,1.00,1.00
2015.12.08 09:18:20.305,0.89857,0.89898,1.00,1.00
2015.12.08 09:18:20.694,0.89858,0.89902,1.00,1.00
2015.12.08 09:18:21.057,0.89858,0.89902,1.75,1.00
2015.12.08 09:18:21.535,0.8986,0.89898,1.37,1.00
2015.12.08 09:18:22.109,0.89857,0.89897,2.25,1.00
2015.12.08 09:18:22.453,0.89857,0.89893,1.12,1.00
2015.12.08 09:18:24.464,0.89855,0.89897,1.37,1.00
2015.12.08 09:18:24.565,0.89858,0.89897,1.37,1.00
2015.12.08 09:18:25.204,0.89856,0.89898,2.25,1.00
2015.12.08 09:18:25.517,0.89858,0.89892,1.37,1.00
2015.12.08 09:18:25.876,0.89852,0.89893,1.87,1.00
2015.12.08 09:18:28.614,0.89853,0.89892,1.37,1.00
2015.12.08 09:18:28.873,0.89852,0.89893,1.37,1.00
2015.12.08 09:18:29.977,0.89853,0.89892,1.12,1.00
2015.12.08 09:18:30.930,0.89854,0.89888,1.00,1.00
2015.12.08 09:18:31.071,0.89854,0.89893,1.00,1.00
2015.12.08 09:18:31.331,0.8985,0.89892,1.00,1.00
2015.12.08 09:18:31.587,0.89852,0.89893,1.00,1.00
2015.12.08 09:18:32.126,0.89853,0.89893,1.00,1.00
2015.12.08 09:18:32.451,0.89856,0.89893,1.00,1.00
2015.12.08 09:18:33.015,0.89853,0.89892,2.62,1.00
2015.12.08 09:18:34.337,0.89854,0.89893,1.37,1.00
2015.12.08 09:18:34.494,0.89858,0.89897,1.00,1.00
2015.12.08 09:18:34.595,0.89858,0.89903,1.37,1.00
2015.12.08 09:18:34.915,0.89862,0.89908,1.00,1.00
2015.12.08 09:18:35.325,0.8986,0.89908,1.12,1.00
2015.12.08 09:18:35.563,0.89854,0.89903,3.00,1.00
2015.12.08 09:18:35.915,0.89854,0.89898,2.25,1.00
2015.12.08 09:18:36.313,0.89852,0.89898,1.00,1.00
2015.12.08 09:18:37.367,0.89853,0.89898,1.00,1.00
2015.12.08 09:18:37.895,0.89854,0.89897,1.50,1.00
2015.12.08 09:18:38.694,0.89853,0.89897,1.00,1.00
2015.12.08 09:18:39.322,0.89853,0.89897,1.87,1.00
2015.12.08 09:18:43.133,0.89854,0.89898,1.12,1.00
2015.12.08 09:18:43.382,0.89856,0.89898,1.00,1.00
2015.12.08 09:18:43.592,0.89854,0.89897,1.12,1.00
2015.12.08 09:18:44.346,0.89852,0.89898,1.87,1.00
2015.12.08 09:18:44.455,0.89852,0.89893,1.37,1.00
2015.12.08 09:18:45.144,0.89851,0.89899,1.37,1.00
2015.12.08 09:18:45.287,0.8985,0.89901,1.37,1.00
2015.12.08 09:18:45.337,0.8985,0.89893,1.37,1.00
2015.12.08 09:18:45.570,0.89849,0.89897,1.37,1.00
2015.12.08 09:18:45.883,0.8985,0.89892,1.37,1.00
2015.12.08 09:18:46.189,0.8985,0.89887,1.37,1.00
2015.12.08 09:18:46.340,0.89848,0.89892,2.25,1.00
2015.12.08 09:18:46.926,0.89849,0.89892,1.37,1.00
2015.12.08 09:18:47.141,0.89849,0.89887,1.87,1.00
2015.12.08 09:18:47.242,0.89846,0.89892,1.37,1.00
2015.12.08 09:18:47.444,0.89843,0.89887,1.75,1.00
2015.12.08 09:18:47.782,0.89842,0.89883,1.00,1.00
2015.12.08 09:18:47.976,0.89842,0.89888,1.00,1.00
2015.12.08 09:18:48.124,0.89843,0.89882,1.00,1.00
2015.12.08 09:18:48.771,0.89844,0.89882,1.00,1.00
2015.12.08 09:18:49.233,0.89842,0.89882,1.50,1.00
2015.12.08 09:18:49.550,0.89843,0.89887,1.00,1.00
2015.12.08 09:18:49.749,0.89843,0.89882,1.00,1.00
2015.12.08 09:18:50.827,0.89844,0.89882,1.00,1.00
2015.12.08 09:18:51.830,0.89844,0.89887,1.00,1.00
2015.12.08 09:18:52.054,0.89841,0.89883,1.00,1.00
2015.12.08 09:18:52.759,0.89842,0.89883,1.00,1.00
2015.12.08 09:18:53.089,0.89844,0.89883,1.00,1.00
2015.12.08 09:18:53.140,0.89842,0.89883,1.50,1.00
2015.12.08 09:18:53.853,0.89844,0.89883,1.00,1.00
2015.12.08 09:18:54.525,0.89842,0.89883,1.00,1.00
2015.12.08 09:18:54.663,0.89846,0.89883,1.00,1.00
2015.12.08 09:18:54.714,0.89846,0.89887,1.00,1.00
2015.12.08 09:18:54.765,0.89841,0.89887,1.00,1.00
2015.12.08 09:18:54.903,0.89842,0.89883,1.00,1.00
2015.12.08 09:18:56.226,0.89842,0.89882,1.00,1.00
2015.12.08 09:18:56.830,0.89846,0.89882,1.00,1.00
2015.12.08 09:18:57.331,0.89847,0.89883,1.00,1.00
2015.12.08 09:18:57.653,0.89847,0.89888,1.00,1.00
2015.12.08 09:18:58.094,0.89847,0.89888,1.87,1.00
2015.12.08 09:18:59.223,0.89847,0.89887,1.37,1.00
2015.12.08 09:18:59.523,0.8984,0.89882,1.37,1.00
2015.12.08 09:18:59.574,0.89843,0.89887,1.00,1.00
2015.12.08 09:18:59.634,0.89843,0.89882,1.00,1.00
2015.12.08 09:19:00.237,0.89848,0.89882,1.00,1.00
2015.12.08 09:19:00.444,0.89845,0.89882,1.00,1.00
2015.12.08 09:19:00.734,0.89846,0.89888,1.00,1.00
2015.12.08 09:19:00.840,0.89844,0.89888,1.00,1.00
2015.12.08 09:19:01.129,0.89848,0.89887,1.00,1.00
2015.12.08 09:19:01.741,0.89849,0.89887,1.00,1.00
2015.12.08 09:19:02.403,0.8985,0.89887,1.00,1.00
2015.12.08 09:19:02.933,0.8985,0.89883,1.00,1.00
2015.12.08 09:19:03.145,0.89848,0.89883,1.87,1.00
2015.12.08 09:19:03.295,0.89848,0.89887,1.87,1.00
2015.12.08 09:19:04.148,0.89849,0.89887,1.00,1.00
2015.12.08 09:19:04.693,0.89848,0.89887,1.00,1.00
2015.12.08 09:19:05.025,0.89846,0.89882,1.37,1.00
2015.12.08 09:19:05.353,0.89848,0.89887,1.00,1.00
2015.12.08 09:19:05.573,0.89844,0.89882,1.87,1.00
2015.12.08 09:19:06.123,0.89842,0.89883,1.50,1.00
2015.12.08 09:19:06.271,0.89834,0.89882,1.37,1.00
2015.12.08 09:19:06.374,0.89841,0.89882,1.00,1.00
2015.12.08 09:19:06.708,0.89832,0.89873,2.25,1.00
2015.12.08 09:19:07.663,0.89837,0.89878,1.87,1.00
2015.12.08 09:19:07.993,0.89836,0.89872,1.37,1.00
2015.12.08 09:19:08.324,0.89837,0.89878,1.37,1.00
2015.12.08 09:19:08.375,0.89841,0.89878,1.00,1.00
2015.12.08 09:19:08.752,0.89843,0.89878,1.00,1.00
2015.12.08 09:19:08.803,0.89839,0.89883,1.12,1.00
2015.12.08 09:19:09.015,0.89839,0.89877,1.87,1.00
2015.12.08 09:19:09.116,0.89833,0.89882,1.37,1.00
2015.12.08 09:19:09.313,0.89832,0.89873,1.87,1.00
2015.12.08 09:19:09.533,0.89832,0.89873,2.25,1.00
2015.12.08 09:19:10.102,0.89837,0.89872,1.12,1.00
2015.12.08 09:19:11.091,0.89833,0.89873,1.37,1.00
2015.12.08 09:19:11.732,0.89838,0.89877,1.50,1.00
2015.12.08 09:19:12.063,0.89839,0.89873,1.00,1.00
2015.12.08 09:19:12.114,0.89837,0.89873,1.12,1.00
2015.12.08 09:19:12.672,0.89836,0.89872,1.37,1.00
2015.12.08 09:19:13.483,0.89833,0.89873,1.50,1.00
2015.12.08 09:19:14.004,0.89837,0.89872,1.37,1.00
2015.12.08 09:19:15.582,0.89837,0.89872,1.00,1.00
2015.12.08 09:19:17.382,0.89838,0.89872,1.00,1.00
2015.12.08 09:19:17.726,0.89836,0.89872,1.00,1.00
2015.12.08 09:19:17.826,0.89837,0.89877,1.00,1.00
2015.12.08 09:19:18.463,0.89837,0.89878,1.50,1.00
2015.12.08 09:19:18.984,0.89837,0.89877,1.00,1.00
2015.12.08 09:19:19.518,0.89836,0.89877,1.12,1.00
2015.12.08 09:19:19.983,0.89834,0.89873,1.37,1.00
2015.12.08 09:19:20.453,0.89832,0.89873,1.00,1.00
2015.12.08 09:19:20.553,0.8983,0.89876,1.00,1.00
2015.12.08 09:19:20.703,0.89825,0.89874,1.87,1.00
2015.12.08 09:19:21.076,0.89826,0.89868,1.37,1.00
2015.12.08 09:19:21.394,0.89832,0.89868,1.00,1.00
2015.12.08 09:19:21.444,0.89832,0.89873,1.00,1.00
2015.12.08 09:19:21.813,0.8983,0.89872,1.00,1.00
2015.12.08 09:19:22.995,0.89831,0.89872,1.00,1.00
2015.12.08 09:19:23.107,0.89831,0.89867,1.00,1.00
2015.12.08 09:19:23.897,0.8983,0.89867,1.12,1.00
2015.12.08 09:19:24.947,0.89831,0.89867,1.00,1.00
2015.12.08 09:19:25.088,0.89831,0.89873,1.00,1.00
2015.12.08 09:19:25.239,0.89833,0.89872,1.00,1.00
2015.12.08 09:19:25.594,0.89834,0.89877,1.50,1.00
2015.12.08 09:19:25.747,0.89837,0.89877,1.00,1.00
2015.12.08 09:19:26.109,0.89837,0.89872,1.00,1.00
2015.12.08 09:19:28.358,0.89834,0.89873,1.37,1.00
2015.12.08 09:19:28.610,0.89837,0.89878,1.12,1.00
2015.12.08 09:19:28.711,0.89838,0.89882,1.50,1.00
2015.12.08 09:19:29.070,0.89839,0.89877,1.37,1.00
2015.12.08 09:19:29.120,0.89841,0.89882,1.37,1.00
2015.12.08 09:19:29.223,0.89841,0.89878,1.37,1.00
2015.12.08 09:19:29.583,0.89841,0.89882,1.37,1.00
2015.12.08 09:19:30.424,0.89838,0.89878,1.50,1.00
2015.12.08 09:19:30.576,0.89838,0.89883,1.50,1.00
2015.12.08 09:19:30.677,0.89838,0.89877,1.50,1.00
2015.12.08 09:19:31.207,0.89844,0.89882,1.00,1.00
2015.12.08 09:19:31.535,0.89846,0.89882,1.00,1.00
2015.12.08 09:19:31.919,0.89839,0.89882,1.37,1.00
2015.12.08 09:19:32.120,0.89846,0.89882,1.00,1.00
2015.12.08 09:19:32.221,0.89842,0.89888,1.37,1.00
2015.12.08 09:19:32.721,0.89848,0.89888,1.00,1.00
2015.12.08 09:19:33.022,0.8985,0.89888,1.00,1.00
2015.12.08 09:19:34.024,0.89847,0.89888,1.00,1.00
2015.12.08 09:19:34.926,0.89842,0.89888,1.37,1.00
2015.12.08 09:19:34.977,0.89838,0.89882,2.25,1.00
2015.12.08 09:19:35.382,0.89842,0.89888,1.37,1.00
2015.12.08 09:19:35.681,0.89847,0.89888,1.00,1.00
2015.12.08 09:19:36.078,0.89847,0.89882,1.00,1.00
2015.12.08 09:19:36.129,0.89844,0.89882,1.00,1.00
2015.12.08 09:19:36.180,0.89844,0.89888,1.00,1.00
2015.12.08 09:19:36.280,0.8984,0.89883,1.37,1.00
2015.12.08 09:19:36.381,0.89843,0.89887,1.12,1.00
2015.12.08 09:19:36.432,0.8985,0.89887,1.00,1.00
2015.12.08 09:19:36.532,0.89843,0.89882,1.87,1.00
2015.12.08 09:19:36.633,0.89848,0.89882,1.00,1.00
2015.12.08 09:19:36.734,0.89843,0.89882,1.12,1.00
2015.12.08 09:19:37.231,0.89846,0.89883,1.00,1.00
2015.12.08 09:19:37.282,0.89846,0.89888,1.00,1.00
2015.12.08 09:19:37.802,0.89846,0.89887,1.00,1.00
2015.12.08 09:19:37.953,0.89843,0.89887,1.37,1.00
2015.12.08 09:19:38.025,0.89842,0.89883,1.37,1.00
2015.12.08 09:19:38.735,0.89845,0.89882,1.00,1.00
2015.12.08 09:19:40.273,0.89841,0.89882,1.37,1.00
2015.12.08 09:19:41.040,0.89846,0.89882,1.00,1.00
2015.12.08 09:19:41.400,0.89842,0.89882,1.37,1.00
2015.12.08 09:19:41.451,0.89845,0.89882,1.00,1.00
2015.12.08 09:19:41.541,0.89842,0.89882,1.37,1.00
2015.12.08 09:19:42.150,0.89844,0.89882,1.00,1.00
2015.12.08 09:19:43.175,0.89845,0.89882,1.00,1.00
2015.12.08 09:19:43.742,0.89844,0.89882,1.00,1.00
2015.12.08 09:19:43.847,0.89846,0.89882,1.00,1.00
2015.12.08 09:19:44.382,0.89846,0.89887,1.00,1.00
2015.12.08 09:19:44.433,0.89846,0.89892,1.00,1.00
2015.12.08 09:19:44.548,0.89842,0.89892,1.12,1.00
2015.12.08 09:19:44.623,0.89842,0.89883,1.12,1.00
2015.12.08 09:19:44.949,0.89847,0.89882,1.00,1.00
2015.12.08 09:19:45.486,0.89843,0.89882,1.37,1.00
2015.12.08 09:19:45.651,0.89848,0.89882,1.00,1.00
2015.12.08 09:19:45.790,0.89843,0.89882,1.37,1.00
2015.12.08 09:19:45.951,0.89847,0.89882,1.00,1.00
2015.12.08 09:19:46.553,0.89847,0.89883,1.00,1.00
2015.12.08 09:19:46.953,0.89849,0.89883,1.00,1.00
2015.12.08 09:19:47.655,0.89848,0.89883,1.00,1.00
2015.12.08 09:19:47.964,0.8985,0.89888,1.00,1.00
2015.12.08 09:19:48.156,0.89846,0.89888,1.00,1.00
2015.12.08 09:19:48.252,0.89846,0.89882,1.00,1.00
2015.12.08 09:19:48.608,0.89846,0.89888,1.00,1.00
2015.12.08 09:19:48.801,0.89849,0.89888,1.00,1.00
2015.12.08 09:19:48.902,0.89844,0.89888,1.37,1.00
2015.12.08 09:19:49.053,0.89843,0.89882,1.37,1.00
2015.12.08 09:19:49.410,0.89848,0.89882,1.00,1.00
2015.12.08 09:19:49.833,0.89848,0.89888,1.00,1.00
2015.12.08 09:19:49.934,0.89848,0.89882,1.00,1.00
2015.12.08 09:19:49.984,0.89845,0.89882,1.12,1.00
2015.12.08 09:19:50.286,0.89847,0.89883,1.00,1.00
2015.12.08 09:19:50.664,0.89843,0.89882,1.87,1.00
2015.12.08 09:19:50.895,0.89846,0.89877,1.12,1.00
2015.12.08 09:19:51.047,0.89839,0.89882,2.25,1.00
2015.12.08 09:19:51.252,0.89839,0.89873,2.25,1.00
2015.12.08 09:19:51.772,0.89839,0.89872,2.25,1.00
2015.12.08 09:19:52.151,0.89838,0.89872,1.37,1.00
2015.12.08 09:19:52.656,0.89835,0.89873,1.37,1.00
2015.12.08 09:19:53.782,0.89839,0.89877,1.12,1.00
2015.12.08 09:19:53.972,0.89841,0.89877,1.00,1.00
2015.12.08 09:19:54.081,0.89836,0.89877,1.37,1.00
2015.12.08 09:19:54.346,0.89838,0.89882,1.37,1.00
2015.12.08 09:19:54.525,0.89834,0.89867,1.37,1.00
2015.12.08 09:19:54.632,0.89837,0.89872,1.37,1.00
2015.12.08 09:19:55.408,0.89838,0.89873,1.37,1.00
2015.12.08 09:19:55.628,0.8984,0.89877,1.00,1.00
2015.12.08 09:19:55.679,0.89843,0.89877,1.00,1.00
2015.12.08 09:19:55.780,0.89841,0.89883,1.00,1.00
2015.12.08 09:19:55.842,0.89841,0.89883,1.50,1.00
2015.12.08 09:19:56.163,0.89839,0.89867,2.25,1.00
2015.12.08 09:19:56.632,0.8983,0.89867,1.37,1.00
2015.12.08 09:19:56.972,0.89833,0.89873,1.12,1.00
2015.12.08 09:19:57.123,0.89836,0.89872,1.00,1.00
2015.12.08 09:19:57.174,0.89836,0.89877,1.00,1.00
2015.12.08 09:19:57.275,0.89836,0.89872,1.00,1.00
2015.12.08 09:19:57.585,0.8984,0.89872,1.00,1.00
2015.12.08 09:19:57.731,0.89838,0.89877,1.50,1.00
2015.12.08 09:19:57.835,0.89838,0.89877,2.25,1.00
2015.12.08 09:19:58.155,0.89835,0.89873,3.00,1.00
2015.12.08 09:19:58.839,0.89835,0.89872,2.25,1.00
2015.12.08 09:19:59.377,0.89835,0.89873,2.25,1.00
2015.12.08 09:20:00.143,0.89835,0.89872,3.00,1.00
2015.12.08 09:20:00.244,0.89833,0.89872,1.37,1.00
2015.12.08 09:20:00.352,0.89834,0.89882,1.37,1.00
2015.12.08 09:20:00.806,0.89831,0.89872,1.37,1.00
2015.12.08 09:20:01.676,0.89831,0.89868,1.75,1.00
2015.12.08 09:20:02.153,0.89833,0.89873,1.37,1.00
2015.12.08 09:20:03.464,0.89832,0.89867,1.50,1.00
2015.12.08 09:20:03.565,0.89829,0.89868,1.37,1.00
2015.12.08 09:20:03.879,0.89828,0.89873,1.37,1.00
2015.12.08 09:20:04.467,0.89828,0.89872,1.37,1.00
2015.12.08 09:20:05.111,0.89827,0.89873,1.87,1.00
2015.12.08 09:20:05.996,0.89826,0.89868,1.37,1.00
2015.12.08 09:20:06.201,0.89823,0.89872,2.25,1.00
2015.12.08 09:20:06.422,0.89828,0.89868,1.37,1.00
2015.12.08 09:20:07.224,0.89833,0.89868,1.00,1.00
2015.12.08 09:20:07.570,0.89834,0.89868,1.37,1.00
2015.12.08 09:20:08.715,0.89831,0.89868,1.00,1.00
2015.12.08 09:20:08.766,0.89831,0.89872,1.00,1.00
2015.12.08 09:20:08.827,0.89831,0.89867,1.00,1.00
2015.12.08 09:20:08.878,0.89829,0.89867,1.50,1.00
2015.12.08 09:20:09.073,0.89828,0.89872,1.12,1.00
2015.12.08 09:20:09.405,0.89828,0.89867,1.87,1.00
2015.12.08 09:20:09.930,0.89829,0.89867,1.00,1.00
2015.12.08 09:20:10.432,0.89831,0.89867,1.00,1.00
2015.12.08 09:20:10.615,0.89832,0.89873,1.00,1.00
2015.12.08 09:20:10.695,0.89838,0.89872,1.00,1.00
2015.12.08 09:20:11.033,0.8984,0.89872,1.00,1.00
2015.12.08 09:20:11.535,0.89839,0.89872,1.00,1.00
2015.12.08 09:20:12.085,0.89838,0.89872,1.50,1.00
2015.12.08 09:20:12.136,0.89838,0.89878,1.37,1.00
2015.12.08 09:20:15.095,0.89839,0.89878,1.37,1.00
2015.12.08 09:20:16.115,0.89838,0.89877,1.87,1.00
2015.12.08 09:20:16.726,0.89837,0.89878,1.87,1.00
2015.12.08 09:20:18.097,0.89839,0.89878,1.37,1.00
2015.12.08 09:20:20.156,0.89838,0.89877,1.37,1.00
2015.12.08 09:20:20.418,0.89833,0.89878,1.12,1.00
2015.12.08 09:20:20.595,0.89839,0.89878,1.00,1.00
2015.12.08 09:20:21.077,0.8984,0.89882,1.50,1.00
2015.12.08 09:20:21.273,0.89845,0.89888,1.00,1.00
2015.12.08 09:20:21.475,0.89848,0.89892,1.00,1.00
2015.12.08 09:20:21.628,0.89845,0.89887,1.00,1.00
2015.12.08 09:20:21.979,0.89843,0.89882,1.50,1.00
2015.12.08 09:20:22.477,0.89844,0.89887,1.00,1.00
2015.12.08 09:20:22.735,0.89845,0.89882,1.00,1.00
2015.12.08 09:20:22.786,0.89843,0.89882,1.00,1.00
2015.12.08 09:20:22.887,0.89839,0.89883,1.00,1.00
2015.12.08 09:20:22.987,0.89842,0.89882,1.00,1.00
2015.12.08 09:20:23.088,0.89837,0.89883,1.37,1.00
2015.12.08 09:20:23.139,0.89836,0.89888,1.37,1.00
2015.12.08 09:20:23.371,0.89837,0.89877,1.87,1.00
2015.12.08 09:20:23.573,0.89838,0.89882,1.50,1.00
2015.12.08 09:20:23.724,0.89843,0.89882,1.00,1.00
2015.12.08 09:20:23.785,0.89837,0.89882,1.12,1.00
2015.12.08 09:20:23.895,0.89838,0.89877,1.00,1.00
2015.12.08 09:20:24.423,0.89837,0.89877,1.12,1.00
2015.12.08 09:20:24.804,0.8984,0.89877,1.00,1.00
2015.12.08 09:20:24.998,0.89839,0.89883,1.00,1.00
2015.12.08 09:20:25.330,0.89839,0.89877,1.00,1.00
2015.12.08 09:20:26.074,0.89838,0.89877,1.00,1.00
2015.12.08 09:20:26.376,0.8984,0.89877,1.00,1.00
2015.12.08 09:20:27.194,0.89838,0.89877,1.00,1.00
2015.12.08 09:20:29.115,0.89838,0.89878,1.50,1.00
2015.12.08 09:20:29.199,0.8984,0.89878,1.00,1.00
2015.12.08 09:20:29.425,0.89838,0.89878,1.00,1.00
2015.12.08 09:20:29.946,0.89839,0.89877,1.00,1.00
2015.12.08 09:20:30.416,0.89837,0.89887,1.00,1.50
2015.12.08 09:20:30.632,0.89837,0.89878,1.00,1.00
2015.12.08 09:20:30.904,0.89834,0.89878,1.00,1.00
2015.12.08 09:20:31.105,0.89836,0.89878,1.00,1.00
2015.12.08 09:20:31.417,0.89833,0.89872,1.00,1.00
2015.12.08 09:20:31.976,0.89832,0.89873,1.87,1.00
2015.12.08 09:20:32.475,0.89833,0.89878,1.00,1.00
2015.12.08 09:20:33.006,0.89834,0.89877,1.00,1.00
2015.12.08 09:20:33.532,0.89837,0.89878,1.00,1.00
2015.12.08 09:20:33.963,0.89833,0.89877,1.37,1.00
2015.12.08 09:20:34.014,0.89829,0.8988,1.37,1.50
2015.12.08 09:20:34.165,0.89828,0.89868,1.50,1.00
2015.12.08 09:20:34.466,0.89826,0.89867,1.50,1.00
2015.12.08 09:20:34.618,0.89822,0.89868,1.37,1.00
2015.12.08 09:20:35.056,0.89818,0.89862,2.62,1.00
2015.12.08 09:20:36.436,0.8982,0.89863,1.37,1.00
2015.12.08 09:20:36.975,0.89823,0.89862,1.12,1.00
2015.12.08 09:20:37.305,0.89829,0.89867,1.00,1.00
2015.12.08 09:20:37.463,0.89829,0.89872,1.50,1.00
2015.12.08 09:20:38.005,0.8983,0.89872,1.00,1.00
2015.12.08 09:20:38.248,0.89832,0.89872,1.00,1.00
2015.12.08 09:20:39.528,0.89834,0.89872,1.00,1.00
2015.12.08 09:20:39.661,0.89836,0.89878,1.50,1.00
2015.12.08 09:20:40.037,0.89838,0.89878,1.00,1.00
2015.12.08 09:20:40.627,0.89838,0.89877,1.00,1.00
2015.12.08 09:20:40.932,0.89843,0.89877,1.00,1.00
2015.12.08 09:20:41.107,0.89843,0.89888,1.00,1.00
2015.12.08 09:20:41.207,0.89842,0.89883,1.00,1.00
2015.12.08 09:20:41.258,0.89838,0.89883,1.00,1.00
2015.12.08 09:20:41.309,0.89843,0.89887,1.00,1.00
2015.12.08 09:20:41.705,0.89838,0.89877,1.00,1.00
2015.12.08 09:20:42.030,0.89843,0.89878,1.00,1.00
2015.12.08 09:20:42.181,0.89843,0.89882,1.00,1.00
2015.12.08 09:20:42.463,0.89847,0.89882,1.00,1.00
2015.12.08 09:20:42.535,0.89843,0.89882,1.00,1.00
2015.12.08 09:20:43.038,0.8985,0.89882,1.00,1.00
2015.12.08 09:20:43.357,0.89852,0.89882,1.00,1.00
2015.12.08 09:20:43.975,0.8985,0.89882,1.00,1.00
2015.12.08 09:20:44.241,0.89846,0.89882,1.00,1.00
2015.12.08 09:20:44.543,0.89849,0.89883,1.00,1.00
2015.12.08 09:20:44.593,0.89849,0.89887,1.00,1.00
2015.12.08 09:20:44.904,0.89848,0.89893,1.00,1.00
2015.12.08 09:20:45.065,0.89852,0.89892,1.00,1.00
2015.12.08 09:20:45.144,0.89848,0.89892,1.00,1.00
2015.12.08 09:20:45.454,0.89848,0.89888,1.00,1.00
2015.12.08 09:20:45.748,0.89844,0.89887,1.00,1.00
2015.12.08 09:20:46.057,0.89848,0.89887,1.00,1.00
2015.12.08 09:20:46.226,0.89848,0.89897,1.00,1.50
2015.12.08 09:20:46.277,0.89846,0.89895,1.00,1.00
2015.12.08 09:20:46.357,0.89843,0.89895,1.00,1.00
2015.12.08 09:20:46.494,0.89841,0.89892,1.00,1.00
2015.12.08 09:20:46.859,0.8984,0.89883,1.00,1.00
2015.12.08 09:20:47.160,0.89845,0.89883,1.00,1.00
2015.12.08 09:20:48.000,0.89846,0.89883,1.00,1.00
2015.12.08 09:20:48.062,0.89842,0.89883,1.00,1.00
2015.12.08 09:20:48.363,0.89845,0.89883,1.00,1.00
2015.12.08 09:20:48.664,0.89843,0.89883,1.00,1.00
2015.12.08 09:20:48.864,0.89844,0.89887,1.00,1.00
2015.12.08 09:20:48.991,0.89846,0.89887,1.00,1.00
2015.12.08 09:20:49.065,0.89843,0.89887,1.50,1.00
2015.12.08 09:20:49.666,0.89844,0.89887,1.00,1.00
2015.12.08 09:20:50.295,0.89846,0.89887,1.00,1.00
2015.12.08 09:20:50.670,0.89843,0.89887,1.50,1.00
2015.12.08 09:20:51.300,0.89846,0.89887,1.00,1.00
2015.12.08 09:20:51.372,0.89843,0.89887,1.00,1.00
2015.12.08 09:20:51.576,0.89846,0.89887,1.00,1.00
2015.12.08 09:20:51.834,0.89844,0.89887,1.00,1.00
2015.12.08 09:20:52.384,0.89843,0.89887,1.50,1.00
2015.12.08 09:20:52.621,0.89846,0.89887,1.00,1.00
2015.12.08 09:20:53.596,0.89847,0.89887,1.00,1.00
2015.12.08 09:20:53.693,0.89845,0.89887,1.00,1.00
2015.12.08 09:20:53.808,0.89843,0.89887,1.00,1.00
2015.12.08 09:20:54.476,0.89844,0.89887,1.00,1.00
2015.12.08 09:20:54.603,0.89848,0.89887,1.00,1.00
2015.12.08 09:20:55.239,0.89845,0.89887,1.00,1.00
2015.12.08 09:20:55.699,0.89848,0.89887,1.00,1.00
2015.12.08 09:20:56.300,0.89845,0.89887,1.00,1.00
2015.12.08 09:20:56.506,0.89848,0.89888,1.00,1.00
2015.12.08 09:20:57.005,0.89852,0.89888,1.00,1.00
2015.12.08 09:20:57.116,0.89846,0.89888,1.00,1.00
2015.12.08 09:20:57.801,0.89846,0.89887,1.00,1.00
2015.12.08 09:20:58.037,0.89849,0.89887,1.00,1.00
2015.12.08 09:20:58.155,0.89847,0.89888,1.00,1.00
2015.12.08 09:20:58.206,0.89851,0.89888,1.00,1.00
2015.12.08 09:20:58.257,0.89851,0.89892,1.00,1.00
2015.12.08 09:20:58.357,0.89849,0.89892,1.00,1.00
2015.12.08 09:20:58.764,0.89847,0.89893,1.00,1.00
2015.12.08 09:20:59.108,0.89849,0.89893,1.00,1.00
2015.12.08 09:20:59.222,0.89842,0.89893,1.87,1.00
2015.12.08 09:20:59.424,0.89843,0.89887,1.00,1.00
2015.12.08 09:20:59.881,0.89846,0.89887,1.00,1.00
2015.12.08 09:21:00.211,0.89848,0.89887,1.00,1.00
2015.12.08 09:21:00.712,0.89847,0.89887,1.00,1.00
2015.12.08 09:21:01.235,0.89847,0.89888,1.00,1.00
2015.12.08 09:21:02.464,0.89848,0.89888,1.00,1.00
2015.12.08 09:21:03.018,0.89847,0.89888,1.50,1.00
2015.12.08 09:21:03.519,0.89847,0.89887,1.00,1.00
2015.12.08 09:21:04.021,0.89849,0.89887,1.00,1.00
2015.12.08 09:21:04.227,0.89845,0.89887,1.00,1.00
2015.12.08 09:21:04.374,0.89845,0.89882,1.00,1.00
2015.12.08 09:21:04.883,0.89849,0.89882,1.00,1.00
2015.12.08 09:21:05.250,0.89847,0.89882,1.00,1.00
2015.12.08 09:21:05.388,0.89848,0.89887,1.00,1.00
2015.12.08 09:21:05.438,0.89852,0.89887,1.00,1.00
2015.12.08 09:21:05.489,0.89852,0.89892,1.00,1.00
2015.12.08 09:21:05.804,0.89852,0.89887,1.00,1.00
2015.12.08 09:21:05.854,0.89848,0.89887,1.00,1.00
2015.12.08 09:21:05.955,0.89847,0.89893,1.00,1.00
2015.12.08 09:21:06.177,0.89842,0.89888,1.12,1.00
2015.12.08 09:21:06.728,0.89839,0.89887,1.37,1.00
2015.12.08 09:21:07.124,0.89843,0.89882,1.00,1.00
2015.12.08 09:21:10.548,0.89844,0.89882,1.00,1.00
2015.12.08 09:21:10.956,0.89842,0.89883,2.25,1.00
2015.12.08 09:21:12.083,0.89845,0.89883,1.00,1.00
2015.12.08 09:21:12.353,0.89842,0.89883,1.00,1.00
2015.12.08 09:21:12.514,0.89843,0.89887,1.50,1.00
2015.12.08 09:21:12.564,0.89845,0.89887,1.00,1.00
2015.12.08 09:21:12.954,0.89847,0.89887,1.00,1.00
2015.12.08 09:21:13.541,0.89844,0.89887,1.00,1.00
2015.12.08 09:21:13.656,0.89846,0.89887,1.00,1.00
2015.12.08 09:21:14.157,0.89847,0.89887,1.00,1.00
2015.12.08 09:21:14.590,0.89845,0.89887,1.00,1.00
2015.12.08 09:21:14.759,0.89847,0.89887,1.00,1.00
2015.12.08 09:21:14.959,0.89845,0.89887,1.00,1.00
2015.12.08 09:21:15.580,0.89846,0.89887,1.00,1.00
2015.12.08 09:21:16.207,0.89845,0.89887,1.00,1.00
2015.12.08 09:21:16.464,0.89847,0.89887,1.00,1.00
2015.12.08 09:21:17.165,0.89848,0.89887,1.00,1.00
2015.12.08 09:21:18.897,0.89847,0.89888,1.00,1.00
2015.12.08 09:21:19.471,0.89848,0.89887,1.00,1.00
2015.12.08 09:21:19.772,0.89842,0.89883,1.87,1.00
2015.12.08 09:21:20.163,0.89842,0.89883,3.00,1.00
2015.12.08 09:21:22.963,0.89842,0.89883,1.75,1.00
2015.12.08 09:21:27.038,0.89843,0.89882,1.50,1.00
2015.12.08 09:21:31.147,0.89843,0.89883,1.50,1.00
2015.12.08 09:21:31.715,0.89843,0.89882,1.50,1.00
2015.12.08 09:21:32.145,0.89843,0.89887,1.37,1.50
2015.12.08 09:21:32.246,0.8984,0.89882,2.25,1.00
2015.12.08 09:21:32.573,0.89833,0.89872,1.00,1.00
2015.12.08 09:21:32.624,0.89837,0.89872,1.00,1.00
2015.12.08 09:21:32.775,0.89836,0.89877,1.00,1.00
2015.12.08 09:21:33.134,0.89834,0.89878,1.00,1.00
2015.12.08 09:21:33.564,0.8983,0.89881,1.00,1.00
2015.12.08 09:21:33.621,0.89831,0.89879,1.00,1.00
2015.12.08 09:21:34.122,0.8983,0.89872,1.00,1.00
2015.12.08 09:21:34.624,0.89831,0.89872,1.00,1.00
2015.12.08 09:21:34.894,0.89834,0.89877,1.12,1.00
2015.12.08 09:21:34.944,0.89836,0.89877,1.00,1.00
2015.12.08 09:21:35.064,0.89836,0.89883,1.00,1.00
2015.12.08 09:21:35.213,0.89836,0.89877,1.00,1.00
2015.12.08 09:21:35.616,0.89835,0.89882,1.00,1.00
2015.12.08 09:21:35.873,0.89833,0.89877,1.87,1.00
2015.12.08 09:21:36.534,0.89833,0.89873,1.37,1.00
2015.12.08 09:21:36.864,0.89833,0.89878,1.37,1.00
2015.12.08 09:21:37.044,0.89833,0.89873,1.37,1.00
2015.12.08 09:21:37.925,0.89833,0.89873,1.00,1.00
2015.12.08 09:21:38.433,0.89832,0.89873,1.12,1.00
2015.12.08 09:21:38.976,0.89829,0.89872,1.37,1.00
2015.12.08 09:21:39.487,0.8983,0.89873,1.37,1.00
2015.12.08 09:21:40.893,0.89829,0.89873,1.00,1.00
2015.12.08 09:21:41.457,0.8983,0.89873,1.00,1.00
2015.12.08 09:21:42.043,0.89828,0.89873,1.00,1.00
2015.12.08 09:21:42.161,0.8983,0.89873,1.00,1.00
2015.12.08 09:21:43.746,0.89829,0.89873,1.00,1.00
2015.12.08 09:21:44.885,0.8983,0.89873,1.00,1.00
2015.12.08 09:21:45.350,0.89832,0.89873,1.00,1.00
2015.12.08 09:21:46.167,0.8983,0.89873,1.50,1.00
2015.12.08 09:21:46.394,0.89835,0.89877,1.00,1.00
2015.12.08 09:21:46.654,0.89833,0.89877,1.50,1.00
2015.12.08 09:21:46.723,0.89833,0.89877,3.75,1.00
2015.12.08 09:21:49.033,0.89835,0.89873,1.50,1.00
2015.12.08 09:21:49.711,0.89834,0.89873,1.37,1.00
2015.12.08 09:21:51.132,0.89834,0.89872,1.37,1.00
2015.12.08 09:21:53.323,0.89838,0.89877,1.12,1.00
2015.12.08 09:21:53.653,0.89843,0.89882,1.00,1.00
2015.12.08 09:21:53.813,0.89846,0.89887,1.00,1.00
2015.12.08 09:21:54.373,0.89847,0.89887,1.00,1.00
2015.12.08 09:21:54.473,0.89845,0.89887,1.00,1.00
2015.12.08 09:21:54.524,0.89847,0.89887,1.00,1.00
2015.12.08 09:21:54.833,0.89849,0.89888,1.50,1.00
2015.12.08 09:21:55.368,0.89848,0.89888,1.00,1.00
2015.12.08 09:21:55.691,0.89848,0.89888,1.37,1.00
2015.12.08 09:21:56.203,0.89852,0.89893,1.00,1.00
2015.12.08 09:21:56.343,0.89849,0.89888,1.37,1.00
2015.12.08 09:21:56.770,0.89848,0.89892,1.37,1.00
2015.12.08 09:21:56.952,0.89848,0.89887,1.37,1.00
2015.12.08 09:21:57.523,0.89851,0.89892,1.12,1.00
2015.12.08 09:21:58.265,0.89849,0.89892,1.00,1.00
2015.12.08 09:21:58.316,0.89846,0.89892,1.00,1.00
2015.12.08 09:21:58.514,0.8985,0.89892,1.00,1.00
2015.12.08 09:21:58.899,0.89853,0.89892,1.00,1.00
2015.12.08 09:21:59.300,0.89847,0.89888,1.00,1.00
2015.12.08 09:21:59.600,0.8985,0.89888,1.00,1.00
2015.12.08 09:21:59.813,0.89852,0.89893,1.00,1.00
2015.12.08 09:22:00.134,0.89854,0.89893,1.00,1.00
2015.12.08 09:22:00.184,0.89854,0.89897,1.00,1.00
2015.12.08 09:22:00.513,0.89855,0.89892,1.00,1.00
2015.12.08 09:22:00.844,0.89858,0.89892,1.00,1.00
2015.12.08 09:22:01.906,0.89859,0.89892,1.00,1.00
2015.12.08 09:22:02.709,0.89857,0.89892,1.00,1.00
2015.12.08 09:22:03.813,0.89858,0.89892,1.00,1.00
2015.12.08 09:22:04.616,0.89856,0.89892,1.00,1.00
2015.12.08 09:22:05.464,0.89856,0.89893,1.00,1.00
2015.12.08 09:22:06.516,0.89861,0.89893,1.00,1.00
2015.12.08 09:22:06.677,0.8986,0.89897,1.00,1.00
2015.12.08 09:22:06.728,0.89864,0.89897,1.00,1.00
2015.12.08 09:22:06.819,0.89859,0.89897,1.00,1.00
2015.12.08 09:22:06.870,0.89863,0.89902,1.37,1.00
2015.12.08 09:22:07.445,0.89863,0.89897,1.37,1.00
2015.12.08 09:22:07.769,0.89864,0.89902,1.12,1.00
2015.12.08 09:22:08.104,0.89857,0.89898,3.75,1.00
2015.12.08 09:22:08.260,0.89862,0.89903,1.00,1.00
2015.12.08 09:22:08.311,0.89859,0.89903,1.00,1.00
2015.12.08 09:22:08.562,0.89863,0.89903,1.00,1.00
2015.12.08 09:22:08.664,0.89861,0.89903,1.00,1.00
2015.12.08 09:22:08.834,0.89861,0.89897,1.00,1.00
2015.12.08 09:22:08.972,0.89862,0.89902,1.00,1.00
2015.12.08 09:22:09.023,0.89858,0.89902,1.00,1.00
2015.12.08 09:22:09.123,0.89861,0.89902,1.00,1.00
2015.12.08 09:22:09.260,0.89858,0.89902,1.50,1.00
2015.12.08 09:22:10.125,0.89859,0.89902,1.00,1.00
2015.12.08 09:22:10.731,0.89858,0.89902,1.50,1.00
2015.12.08 09:22:11.628,0.8986,0.89902,1.00,1.00
2015.12.08 09:22:12.149,0.89861,0.89903,1.00,1.00
2015.12.08 09:22:12.759,0.89862,0.89902,1.00,1.00
2015.12.08 09:22:13.892,0.89863,0.89907,1.00,1.00
2015.12.08 09:22:14.133,0.89861,0.89902,1.12,1.00
2015.12.08 09:22:14.634,0.89861,0.89903,1.12,1.00
2015.12.08 09:22:15.335,0.89862,0.89903,1.00,1.00
2015.12.08 09:22:16.037,0.89861,0.89903,1.12,1.00
2015.12.08 09:22:16.532,0.89859,0.89902,1.87,1.00
2015.12.08 09:22:17.240,0.8986,0.89902,1.00,1.00
2015.12.08 09:22:17.790,0.89859,0.89902,1.12,1.00
2015.12.08 09:22:18.843,0.8986,0.89902,1.00,1.00
2015.12.08 09:22:19.344,0.89859,0.89902,1.12,1.00
2015.12.08 09:22:21.549,0.8986,0.89902,1.00,1.00
2015.12.08 09:22:22.364,0.89859,0.89902,1.12,1.00
2015.12.08 09:22:22.652,0.89861,0.89902,1.00,1.00
2015.12.08 09:22:22.751,0.89859,0.89902,1.12,1.00
2015.12.08 09:22:24.556,0.8986,0.89902,1.00,1.00
2015.12.08 09:22:25.273,0.89859,0.89902,1.12,1.00
2015.12.08 09:22:25.810,0.8986,0.89903,1.00,1.00
2015.12.08 09:22:26.454,0.89859,0.89903,1.12,1.00
2015.12.08 09:22:27.597,0.8986,0.89903,1.00,1.00
2015.12.08 09:22:28.485,0.89859,0.89903,1.00,1.00
2015.12.08 09:22:29.068,0.8986,0.89903,1.00,1.00
2015.12.08 09:22:31.652,0.8986,0.89907,1.00,1.00
2015.12.08 09:22:31.703,0.89858,0.89907,1.50,1.00
2015.12.08 09:22:31.804,0.89858,0.89904,1.00,1.00
2015.12.08 09:22:32.224,0.89857,0.89893,1.00,1.00
2015.12.08 09:22:32.325,0.89853,0.89893,1.37,1.00
2015.12.08 09:22:32.727,0.89848,0.89893,1.37,1.00
2015.12.08 09:22:32.828,0.89848,0.89887,1.37,1.00
2015.12.08 09:22:35.672,0.89848,0.89887,1.37,1.00
2015.12.08 09:22:38.642,0.89847,0.89887,1.37,1.00
2015.12.08 09:22:41.748,0.89847,0.89887,1.00,1.00
2015.12.08 09:22:46.806,0.89846,0.89887,1.00,1.00
2015.12.08 09:22:47.353,0.89847,0.89887,1.00,1.00
2015.12.08 09:22:48.748,0.89844,0.89887,1.00,1.00
2015.12.08 09:22:49.012,0.89846,0.89887,1.00,1.00
2015.12.08 09:22:50.015,0.89847,0.89887,1.00,1.00
2015.12.08 09:22:50.816,0.89846,0.89887,1.00,1.00
2015.12.08 09:22:51.395,0.89847,0.89887,1.50,1.00
2015.12.08 09:22:52.019,0.89846,0.89887,1.50,1.00
2015.12.08 09:22:52.520,0.89845,0.89887,1.00,1.00
2015.12.08 09:22:55.611,0.89848,0.89887,1.00,1.00
2015.12.08 09:22:55.813,0.8985,0.89892,1.00,1.00
2015.12.08 09:22:55.914,0.89849,0.89897,1.12,1.37
2015.12.08 09:22:56.177,0.89848,0.89888,1.37,1.00
2015.12.08 09:22:57.740,0.8985,0.89888,1.50,1.00
2015.12.08 09:22:58.131,0.89852,0.89887,1.00,1.00
2015.12.08 09:22:58.432,0.89849,0.89887,1.12,1.00
2015.12.08 09:23:01.238,0.8985,0.89887,1.50,1.00
2015.12.08 09:23:01.741,0.89851,0.89888,1.00,1.00
2015.12.08 09:23:02.181,0.89848,0.89888,1.12,1.00
2015.12.08 09:23:02.751,0.89848,0.89887,1.12,1.00
2015.12.08 09:23:03.311,0.89849,0.89887,1.00,1.00
2015.12.08 09:23:03.928,0.89847,0.89888,1.37,1.00
2015.12.08 09:23:03.983,0.89852,0.89888,1.00,1.00
2015.12.08 09:23:04.351,0.89847,0.89888,1.37,1.00
2015.12.08 09:23:04.668,0.8985,0.89887,1.00,1.00
2015.12.08 09:23:05.291,0.89851,0.89887,1.00,1.00
2015.12.08 09:23:06.672,0.89849,0.89887,1.12,1.00
2015.12.08 09:23:07.661,0.89852,0.89887,1.00,1.00
2015.12.08 09:23:08.254,0.89849,0.89887,1.12,1.00
2015.12.08 09:23:08.452,0.89849,0.89892,1.12,1.00
2015.12.08 09:23:08.503,0.89854,0.89892,1.00,1.00
2015.12.08 09:23:08.806,0.89856,0.89892,1.00,1.00
2015.12.08 09:23:09.057,0.89854,0.89892,1.00,1.00
2015.12.08 09:23:09.182,0.89856,0.89898,1.00,1.00
2015.12.08 09:23:10.660,0.89855,0.89898,1.00,1.00
2015.12.08 09:23:11.362,0.89856,0.89898,1.00,1.00
2015.12.08 09:23:12.464,0.89854,0.89898,1.00,1.00
2015.12.08 09:23:12.522,0.89854,0.89892,1.00,1.00
2015.12.08 09:23:13.667,0.89853,0.89892,1.00,1.00
2015.12.08 09:23:14.369,0.89854,0.89892,1.00,1.00
2015.12.08 09:23:14.870,0.89853,0.89892,1.00,1.00
2015.12.08 09:23:15.772,0.89851,0.89892,1.00,1.00
2015.12.08 09:23:16.273,0.89852,0.89892,1.00,1.00
2015.12.08 09:23:16.775,0.89853,0.89892,1.00,1.00
2015.12.08 09:23:18.578,0.89852,0.89892,1.00,1.00
2015.12.08 09:23:19.106,0.89851,0.89892,1.00,1.00
2015.12.08 09:23:19.681,0.89852,0.89892,1.00,1.00
2015.12.08 09:23:19.881,0.8985,0.89892,1.00,1.00
2015.12.08 09:23:20.487,0.8985,0.89893,1.00,1.00
2015.12.08 09:23:20.984,0.89852,0.89893,1.00,1.00
2015.12.08 09:23:21.384,0.8985,0.89892,1.12,1.00
2015.12.08 09:23:22.086,0.89851,0.89892,1.00,1.00
2015.12.08 09:23:22.641,0.8985,0.89893,1.12,1.00
2015.12.08 09:23:22.861,0.89846,0.89888,1.37,1.00
2015.12.08 09:23:23.456,0.8985,0.89887,1.00,1.00
2015.12.08 09:23:23.632,0.8985,0.89892,1.00,1.00
2015.12.08 09:23:24.619,0.89851,0.89892,1.00,1.00
2015.12.08 09:23:24.731,0.89849,0.89892,1.00,1.00
2015.12.08 09:23:26.052,0.89849,0.89888,1.00,1.00
2015.12.08 09:23:26.495,0.8985,0.89892,1.00,1.00
2015.12.08 09:23:28.700,0.89849,0.89892,1.00,1.00
2015.12.08 09:23:29.501,0.8985,0.89892,1.00,1.00
2015.12.08 09:23:30.603,0.89849,0.89892,1.00,1.00
2015.12.08 09:23:32.607,0.8985,0.89892,1.00,1.00
2015.12.08 09:23:33.709,0.89853,0.89892,1.00,1.00
2015.12.08 09:23:34.431,0.89852,0.89892,1.00,1.00
2015.12.08 09:23:37.821,0.89852,0.89893,1.00,1.00
2015.12.08 09:23:39.030,0.89853,0.89893,1.00,1.00
2015.12.08 09:23:39.570,0.89852,0.89893,1.00,1.00
2015.12.08 09:23:40.369,0.89853,0.89893,1.00,1.00
2015.12.08 09:23:40.887,0.89852,0.89893,1.00,1.00
2015.12.08 09:23:41.225,0.8985,0.89893,1.00,1.00
2015.12.08 09:23:42.069,0.89852,0.89893,1.00,1.00
2015.12.08 09:23:42.379,0.89854,0.89892,1.00,1.00
2015.12.08 09:23:42.530,0.89851,0.89892,1.50,1.00
2015.12.08 09:23:43.087,0.89851,0.89896,1.00,1.37
2015.12.08 09:23:43.138,0.89848,0.89895,1.00,1.37
2015.12.08 09:23:43.211,0.89848,0.89888,1.00,1.00
2015.12.08 09:23:43.734,0.89849,0.89887,1.00,1.00
2015.12.08 09:23:44.135,0.89851,0.89887,1.00,1.00
2015.12.08 09:23:44.336,0.89849,0.89887,1.50,1.00
2015.12.08 09:23:44.926,0.8985,0.89887,1.00,1.00
2015.12.08 09:23:44.977,0.89848,0.89887,2.25,1.00
2015.12.08 09:23:45.239,0.8985,0.89887,1.00,1.00
2015.12.08 09:23:45.449,0.89848,0.89887,2.25,1.00
2015.12.08 09:23:45.941,0.8985,0.89888,1.00,1.00
2015.12.08 09:23:46.543,0.89852,0.89888,1.00,1.00
2015.12.08 09:23:46.692,0.8985,0.89888,1.00,1.00
2015.12.08 09:23:46.943,0.89853,0.89888,1.00,1.00
2015.12.08 09:23:47.145,0.89851,0.89888,1.00,1.00
2015.12.08 09:23:47.244,0.89848,0.89888,1.00,1.00
2015.12.08 09:23:47.345,0.89852,0.89887,1.00,1.00
2015.12.08 09:23:47.501,0.89853,0.89892,1.00,1.00
2015.12.08 09:23:48.347,0.89854,0.89892,1.00,1.00
2015.12.08 09:23:48.849,0.89853,0.89892,1.50,1.00
2015.12.08 09:23:49.700,0.89851,0.89887,1.00,1.00
2015.12.08 09:23:50.353,0.89852,0.89887,1.50,1.00
2015.12.08 09:23:50.801,0.89853,0.89892,1.00,1.00
2015.12.08 09:23:51.607,0.89853,0.89887,1.50,1.00
2015.12.08 09:23:52.961,0.89852,0.89887,1.00,1.00
2015.12.08 09:23:53.481,0.89853,0.89887,1.00,1.00
2015.12.08 09:23:54.664,0.89855,0.89887,1.00,1.00
2015.12.08 09:23:54.789,0.89855,0.89893,1.00,1.12
2015.12.08 09:23:55.465,0.89854,0.89893,1.00,1.00
2015.12.08 09:23:55.967,0.89855,0.89893,1.00,1.00
2015.12.08 09:23:56.510,0.89853,0.89893,1.00,1.00
2015.12.08 09:23:56.669,0.89855,0.89893,1.00,1.00
2015.12.08 09:23:58.673,0.89854,0.89893,1.00,1.00
2015.12.08 09:24:00.040,0.89854,0.89897,1.00,1.37
2015.12.08 09:24:00.370,0.89854,0.89892,1.00,1.00
2015.12.08 09:24:00.982,0.89855,0.89892,1.00,1.00
2015.12.08 09:24:01.584,0.89854,0.89892,1.00,1.00
2015.12.08 09:24:02.145,0.89855,0.89892,1.00,1.00
2015.12.08 09:24:03.186,0.89854,0.89892,1.00,1.00
2015.12.08 09:24:03.783,0.89855,0.89892,1.00,1.00
2015.12.08 09:24:04.391,0.89853,0.89892,1.50,1.00
2015.12.08 09:24:04.887,0.89858,0.89892,1.00,1.00
2015.12.08 09:24:05.038,0.89859,0.89903,1.37,1.00
2015.12.08 09:24:05.089,0.89862,0.89903,1.00,1.00
2015.12.08 09:24:05.407,0.89861,0.89897,1.00,1.00
2015.12.08 09:24:05.458,0.89863,0.89902,1.00,1.00
2015.12.08 09:24:05.811,0.89867,0.89902,1.00,1.00
2015.12.08 09:24:06.329,0.89868,0.89902,1.50,1.00
2015.12.08 09:24:06.791,0.89872,0.89902,1.00,1.00
2015.12.08 09:24:07.528,0.8987,0.89907,1.00,1.00
2015.12.08 09:24:07.924,0.89872,0.89908,1.00,1.00
2015.12.08 09:24:08.467,0.89871,0.89908,1.00,1.00
2015.12.08 09:24:09.697,0.89868,0.89908,1.00,1.00
2015.12.08 09:24:09.881,0.89873,0.89912,1.00,1.00
2015.12.08 09:24:12.911,0.89874,0.89912,1.00,1.00
2015.12.08 09:24:13.457,0.89874,0.89913,1.00,1.00
2015.12.08 09:24:14.008,0.89874,0.89912,1.00,1.00
2015.12.08 09:24:14.540,0.89873,0.89912,1.50,1.00
2015.12.08 09:24:15.353,0.89874,0.89912,1.00,1.00
2015.12.08 09:24:15.869,0.89873,0.89912,1.50,1.00
2015.12.08 09:24:17.115,0.89874,0.89912,1.00,1.00
2015.12.08 09:24:17.567,0.89872,0.89913,1.00,1.00
2015.12.08 09:24:18.766,0.89873,0.89913,1.00,1.00
2015.12.08 09:24:19.780,0.89873,0.89917,1.50,1.00
2015.12.08 09:24:20.061,0.89873,0.89912,1.50,1.00
2015.12.08 09:24:20.424,0.89878,0.89917,1.00,1.00
2015.12.08 09:24:20.831,0.8988,0.89917,1.00,1.00
2015.12.08 09:24:21.152,0.8988,0.89913,1.00,1.00
2015.12.08 09:24:21.863,0.89882,0.89918,1.00,1.00
2015.12.08 09:24:22.034,0.8988,0.89917,1.00,1.00
2015.12.08 09:24:22.128,0.89882,0.89917,1.00,1.00
2015.12.08 09:24:23.331,0.8988,0.89917,1.00,1.00
2015.12.08 09:24:23.960,0.89881,0.89917,1.00,1.00
2015.12.08 09:24:24.534,0.8988,0.89917,1.00,1.00
2015.12.08 09:24:25.071,0.89881,0.89917,1.00,1.00
2015.12.08 09:24:25.775,0.89882,0.89917,1.00,1.00
2015.12.08 09:24:27.146,0.89881,0.89917,1.00,1.00
2015.12.08 09:24:27.741,0.89883,0.89917,1.00,1.00
2015.12.08 09:24:30.848,0.89881,0.89917,1.00,1.00
2015.12.08 09:24:31.386,0.8988,0.89917,1.00,1.00
2015.12.08 09:24:32.046,0.89879,0.89917,1.00,1.00
2015.12.08 09:24:32.953,0.89878,0.89917,1.50,1.00
2015.12.08 09:24:33.754,0.8988,0.89917,1.00,1.00
2015.12.08 09:24:34.357,0.89881,0.89917,1.00,1.00
2015.12.08 09:24:35.067,0.8988,0.89917,1.50,1.00
2015.12.08 09:24:35.676,0.89879,0.89917,1.00,1.00
2015.12.08 09:24:37.462,0.8988,0.89917,1.00,1.00
2015.12.08 09:24:37.562,0.89878,0.89917,2.25,1.00
2015.12.08 09:24:38.163,0.89879,0.89917,1.50,1.00
2015.12.08 09:24:38.764,0.89878,0.89917,2.25,1.00
2015.12.08 09:24:39.336,0.89879,0.89917,1.50,1.00
2015.12.08 09:24:40.040,0.89878,0.89917,1.50,1.00
2015.12.08 09:24:43.274,0.89879,0.89917,1.00,1.00
2015.12.08 09:24:45.179,0.8988,0.89917,1.00,1.00
2015.12.08 09:24:46.581,0.89878,0.89917,1.50,1.00
2015.12.08 09:24:46.693,0.89876,0.89913,1.00,1.00
2015.12.08 09:24:47.302,0.89876,0.89912,1.00,1.00
2015.12.08 09:24:48.587,0.89877,0.89912,1.00,1.00
2015.12.08 09:24:48.791,0.89877,0.89917,1.00,1.00
2015.12.08 09:24:48.892,0.89884,0.89917,1.00,1.00
2015.12.08 09:24:49.003,0.89885,0.89923,1.00,1.00
2015.12.08 09:24:49.088,0.89883,0.89923,1.00,1.00
2015.12.08 09:24:49.522,0.8988,0.89922,1.00,1.00
2015.12.08 09:24:49.589,0.89883,0.89922,1.00,1.00
2015.12.08 09:24:50.199,0.89878,0.89922,1.37,1.00
2015.12.08 09:24:50.750,0.89879,0.89918,1.87,1.00
2015.12.08 09:24:50.969,0.8988,0.89922,1.37,1.00
2015.12.08 09:24:51.293,0.89885,0.89922,1.00,1.00
2015.12.08 09:24:51.344,0.89885,0.89931,1.00,1.37
2015.12.08 09:24:51.445,0.89881,0.89922,1.37,1.00
2015.12.08 09:24:51.545,0.89879,0.89922,1.00,1.00
2015.12.08 09:24:52.084,0.89878,0.89917,1.50,1.00
2015.12.08 09:24:53.829,0.89876,0.89913,1.12,1.00
2015.12.08 09:24:54.626,0.89875,0.89913,1.87,1.00
2015.12.08 09:24:55.920,0.89877,0.89918,1.00,1.00
2015.12.08 09:24:56.504,0.89878,0.89918,1.00,1.00
2015.12.08 09:24:57.371,0.89878,0.89912,1.00,1.00
2015.12.08 09:24:57.506,0.89876,0.89912,1.50,1.00
2015.12.08 09:24:58.119,0.89874,0.89912,1.37,1.00
2015.12.08 09:24:58.259,0.89875,0.89917,1.12,1.00
2015.12.08 09:24:58.359,0.89874,0.89912,1.37,1.00
2015.12.08 09:24:58.574,0.89875,0.89918,1.12,1.00
2015.12.08 09:24:58.625,0.89879,0.89918,1.00,1.00
2015.12.08 09:24:58.940,0.89879,0.89912,1.00,1.00
2015.12.08 09:24:59.210,0.89876,0.89912,1.00,1.00
2015.12.08 09:24:59.362,0.89877,0.89917,1.00,1.00
2015.12.08 09:24:59.499,0.89873,0.89917,1.50,1.00
2015.12.08 09:24:59.550,0.89873,0.89912,1.00,1.00
2015.12.08 09:25:00.062,0.89872,0.89912,1.00,1.00
2015.12.08 09:25:00.363,0.89876,0.89917,1.00,1.00
2015.12.08 09:25:00.815,0.89873,0.89917,1.50,1.00
2015.12.08 09:25:01.089,0.89873,0.89912,1.00,1.00
2015.12.08 09:25:01.617,0.89875,0.89912,1.00,1.00
2015.12.08 09:25:01.668,0.89875,0.89917,1.00,1.00
2015.12.08 09:25:02.218,0.89875,0.89918,1.12,1.00
2015.12.08 09:25:02.819,0.89875,0.89917,1.12,1.00
2015.12.08 09:25:03.320,0.89876,0.89917,1.00,1.00
2015.12.08 09:25:03.421,0.89878,0.89917,1.00,1.00
2015.12.08 09:25:03.671,0.89876,0.89918,1.00,1.00
2015.12.08 09:25:04.207,0.89876,0.89917,1.00,1.00
2015.12.08 09:25:04.804,0.89877,0.89917,1.00,1.00
2015.12.08 09:25:05.379,0.89877,0.89918,1.50,1.00
2015.12.08 09:25:05.490,0.89877,0.89912,1.00,1.00
2015.12.08 09:25:06.026,0.89874,0.89912,1.12,1.00
2015.12.08 09:25:06.160,0.89875,0.89918,1.00,1.00
2015.12.08 09:25:06.260,0.89878,0.89918,1.00,1.00
2015.12.08 09:25:06.811,0.89877,0.89918,1.50,1.00
2015.12.08 09:25:07.279,0.89876,0.89912,1.00,1.00
2015.12.08 09:25:07.329,0.89873,0.89912,1.37,1.00
2015.12.08 09:25:07.513,0.89875,0.89917,1.00,1.00
2015.12.08 09:25:07.564,0.89873,0.89917,1.00,1.00
2015.12.08 09:25:07.815,0.89877,0.89917,1.00,1.00
2015.12.08 09:25:08.020,0.89882,0.89923,1.00,1.00
2015.12.08 09:25:08.129,0.89882,0.89917,1.00,1.00
2015.12.08 09:25:08.441,0.89884,0.89917,1.00,1.00
2015.12.08 09:25:08.548,0.89881,0.89917,1.37,1.00
2015.12.08 09:25:08.699,0.89881,0.89923,1.37,1.00
2015.12.08 09:25:08.929,0.89879,0.89913,1.87,1.00
2015.12.08 09:25:09.119,0.89882,0.89918,1.12,1.00
2015.12.08 09:25:09.170,0.89883,0.89923,1.00,1.00
2015.12.08 09:25:09.685,0.89882,0.89922,1.12,1.00
2015.12.08 09:25:09.935,0.89885,0.89922,1.00,1.00
2015.12.08 09:25:10.478,0.89884,0.89922,1.00,1.00
2015.12.08 09:25:11.075,0.89883,0.89922,1.00,1.00
2015.12.08 09:25:11.577,0.89884,0.89922,1.00,1.00
2015.12.08 09:25:12.089,0.89883,0.89922,1.00,1.00
2015.12.08 09:25:12.789,0.89884,0.89923,1.00,1.00
2015.12.08 09:25:13.450,0.89883,0.89923,1.00,1.00
2015.12.08 09:25:15.347,0.89888,0.89923,1.00,1.00
2015.12.08 09:25:15.748,0.8989,0.89923,1.00,1.00
2015.12.08 09:25:15.939,0.8989,0.89928,1.00,1.00
2015.12.08 09:25:16.750,0.89888,0.89928,1.00,1.00
2015.12.08 09:25:16.851,0.89888,0.89922,1.00,1.00
2015.12.08 09:25:16.951,0.89886,0.89922,1.00,1.00
2015.12.08 09:25:17.039,0.89886,0.89928,1.00,1.00
2015.12.08 09:25:17.090,0.89882,0.89925,1.00,1.00
2015.12.08 09:25:17.149,0.8988,0.89923,1.37,1.00
2015.12.08 09:25:17.538,0.89875,0.89912,1.50,1.00
2015.12.08 09:25:17.639,0.89875,0.89918,1.50,1.00
2015.12.08 09:25:19.239,0.89879,0.89918,1.00,1.00
2015.12.08 09:25:19.558,0.89881,0.89918,1.00,1.00
2015.12.08 09:25:19.834,0.89878,0.89917,1.00,1.00
2015.12.08 09:25:20.361,0.89877,0.89917,1.00,1.00
2015.12.08 09:25:20.480,0.89879,0.89917,1.00,1.00
2015.12.08 09:25:20.810,0.89881,0.89917,1.50,1.00
2015.12.08 09:25:20.902,0.89881,0.89922,1.50,1.00
2015.12.08 09:25:21.105,0.89883,0.89922,1.00,1.00
2015.12.08 09:25:21.420,0.89885,0.89923,1.00,1.00
2015.12.08 09:25:21.864,0.89883,0.89923,1.87,1.00
2015.12.08 09:25:22.410,0.89884,0.89923,1.00,1.00
2015.12.08 09:25:23.110,0.89884,0.89928,1.00,1.00
2015.12.08 09:25:23.162,0.89886,0.89928,1.00,1.00
2015.12.08 09:25:23.492,0.89888,0.89927,1.00,1.00
2015.12.08 09:25:23.799,0.89884,0.89922,1.00,1.00
2015.12.08 09:25:24.132,0.89886,0.89922,1.00,1.00
2015.12.08 09:25:24.182,0.89884,0.89922,1.50,1.00
2015.12.08 09:25:24.233,0.89884,0.89922,1.87,1.00
2015.12.08 09:25:25.409,0.89886,0.89923,1.37,1.00
2015.12.08 09:25:25.729,0.89885,0.89923,1.00,1.00
2015.12.08 09:25:26.577,0.89886,0.89923,1.00,1.00
2015.12.08 09:25:26.677,0.89885,0.89927,1.00,1.00
2015.12.08 09:25:27.600,0.89887,0.89927,1.00,1.00
2015.12.08 09:25:28.142,0.89886,0.89927,1.00,1.00
2015.12.08 09:25:28.698,0.89885,0.89927,1.00,1.00
2015.12.08 09:25:29.052,0.89885,0.89923,1.00,1.00
2015.12.08 09:25:29.593,0.89884,0.89923,1.00,1.00
2015.12.08 09:25:30.786,0.89883,0.89923,1.00,1.00
2015.12.08 09:25:31.097,0.89885,0.89923,1.00,1.00
2015.12.08 09:25:31.414,0.89887,0.89923,1.00,1.00
2015.12.08 09:25:31.464,0.89887,0.89927,1.00,1.00
2015.12.08 09:25:31.988,0.89886,0.89927,1.00,1.00
2015.12.08 09:25:33.492,0.89887,0.89927,1.00,1.00
2015.12.08 09:25:34.599,0.89886,0.89927,1.00,1.00
2015.12.08 09:25:34.649,0.89886,0.89922,1.00,1.00
2015.12.08 09:25:34.700,0.89883,0.89922,1.00,1.00
2015.12.08 09:25:35.390,0.89882,0.89923,1.00,1.00
2015.12.08 09:25:35.997,0.89883,0.89923,1.00,1.00
2015.12.08 09:25:36.098,0.89885,0.89923,1.00,1.00
2015.12.08 09:25:36.430,0.89886,0.89927,1.00,1.00
2015.12.08 09:25:36.549,0.89887,0.89923,1.00,1.00
2015.12.08 09:25:36.620,0.89887,0.89928,1.00,1.00
2015.12.08 09:25:37.000,0.89885,0.89928,1.00,1.00
2015.12.08 09:25:42.638,0.89886,0.89928,1.00,1.00
2015.12.08 09:25:43.915,0.89885,0.89928,1.00,1.00
2015.12.08 09:25:45.974,0.89885,0.89922,1.00,1.00
2015.12.08 09:25:46.568,0.89884,0.89922,1.00,1.00
2015.12.08 09:25:47.342,0.89885,0.89922,1.00,1.00
2015.12.08 09:25:49.179,0.89888,0.89922,1.00,1.00
2015.12.08 09:25:49.548,0.89886,0.89922,1.00,1.00
2015.12.08 09:25:49.648,0.89888,0.89922,1.00,1.00
2015.12.08 09:25:50.149,0.89886,0.89922,1.00,1.00
2015.12.08 09:25:50.750,0.89885,0.89922,1.00,1.00
2015.12.08 09:25:51.452,0.89882,0.89922,1.00,1.00
2015.12.08 09:25:51.759,0.89881,0.89918,1.00,1.00
2015.12.08 09:25:51.953,0.89875,0.89917,1.37,1.00
2015.12.08 09:25:52.020,0.89875,0.89912,1.37,1.00
2015.12.08 09:25:52.605,0.89876,0.89918,1.37,1.00
2015.12.08 09:25:52.912,0.89876,0.89912,1.37,1.00
2015.12.08 09:25:55.578,0.89878,0.89912,1.00,1.00
2015.12.08 09:25:58.292,0.89877,0.89912,1.00,1.00
2015.12.08 09:25:58.869,0.89876,0.89912,1.00,1.00
2015.12.08 09:25:59.370,0.89878,0.89912,1.00,1.00
2015.12.08 09:25:59.828,0.89878,0.89917,1.50,1.00
2015.12.08 09:26:00.378,0.89881,0.89917,1.00,1.00
2015.12.08 09:26:00.429,0.89881,0.89923,1.00,1.00
2015.12.08 09:26:00.723,0.89881,0.89918,1.00,1.00
2015.12.08 09:26:00.774,0.89879,0.89918,1.00,1.00
2015.12.08 09:26:01.114,0.89877,0.89918,1.00,1.00
2015.12.08 09:26:01.485,0.89879,0.89918,1.00,1.00
2015.12.08 09:26:03.128,0.89877,0.89918,1.50,1.00
2015.12.08 09:26:03.480,0.89879,0.89918,1.00,1.00
2015.12.08 09:26:03.603,0.89879,0.89923,1.00,1.00
2015.12.08 09:26:03.681,0.89877,0.89923,1.50,1.00
2015.12.08 09:26:03.781,0.89879,0.89923,1.00,1.00
2015.12.08 09:26:04.399,0.8988,0.89923,1.00,1.00
2015.12.08 09:26:04.999,0.89878,0.89923,1.00,1.00
2015.12.08 09:26:05.185,0.89881,0.89922,1.00,1.00
2015.12.08 09:26:05.486,0.89876,0.89917,1.37,1.00
2015.12.08 09:26:05.886,0.89874,0.89912,3.00,1.00
2015.12.08 09:26:06.338,0.89874,0.89912,1.00,1.00
2015.12.08 09:26:06.489,0.8987,0.89912,1.00,1.00
2015.12.08 09:26:06.936,0.89872,0.89912,1.00,1.00
2015.12.08 09:26:07.290,0.89874,0.89912,1.00,1.00
2015.12.08 09:26:07.638,0.89872,0.89913,1.00,1.00
2015.12.08 09:26:09.432,0.89869,0.89908,1.87,1.00
2015.12.08 09:26:09.889,0.89867,0.89913,1.50,1.00
2015.12.08 09:26:10.278,0.89868,0.89908,1.87,1.00
2015.12.08 09:26:10.328,0.89869,0.89912,1.37,1.00
2015.12.08 09:26:10.721,0.89873,0.89907,1.00,1.00
2015.12.08 09:26:11.238,0.8987,0.89907,1.37,1.00
2015.12.08 09:26:11.394,0.8987,0.89912,1.37,1.00
2015.12.08 09:26:11.743,0.89871,0.89908,1.87,1.00
2015.12.08 09:26:11.972,0.89872,0.89912,1.50,1.00
2015.12.08 09:26:12.022,0.89875,0.89912,1.00,1.00
2015.12.08 09:26:12.073,0.89875,0.89917,1.00,1.00
2015.12.08 09:26:12.375,0.89874,0.89913,1.00,1.00
2015.12.08 09:26:12.924,0.89873,0.89912,1.00,1.00
2015.12.08 09:26:13.728,0.89874,0.89912,1.00,1.00
2015.12.08 09:26:14.127,0.89876,0.89912,1.00,1.00
2015.12.08 09:26:14.664,0.89875,0.89912,1.50,1.00
2015.12.08 09:26:15.120,0.89876,0.89917,1.00,1.00
2015.12.08 09:26:15.654,0.89877,0.89917,1.00,1.00
2015.12.08 09:26:16.132,0.89875,0.89918,1.50,1.00
2015.12.08 09:26:18.236,0.89877,0.89918,1.00,1.00
2015.12.08 09:26:18.837,0.89876,0.89918,1.50,1.00
2015.12.08 09:26:19.338,0.89877,0.89918,1.50,1.00
2015.12.08 09:26:19.839,0.89876,0.89918,1.00,1.00
2015.12.08 09:26:20.145,0.89878,0.89917,1.00,1.00
2015.12.08 09:26:20.619,0.89873,0.89913,1.00,1.00
2015.12.08 09:26:20.770,0.89872,0.89918,1.00,1.00
2015.12.08 09:26:20.998,0.89872,0.89913,1.00,1.00
2015.12.08 09:26:21.845,0.89873,0.89913,1.00,1.00
2015.12.08 09:26:22.146,0.89871,0.89913,1.00,1.00
2015.12.08 09:26:22.817,0.89871,0.89912,1.00,1.00
2015.12.08 09:26:23.265,0.89873,0.89912,1.00,1.00
2015.12.08 09:26:23.647,0.89876,0.89912,1.12,1.00
2015.12.08 09:26:24.372,0.89877,0.89912,1.00,1.00
2015.12.08 09:26:24.954,0.89875,0.89912,1.37,1.00
2015.12.08 09:26:25.455,0.89872,0.89913,1.37,1.00
2015.12.08 09:26:25.506,0.89871,0.89913,1.50,1.00
2015.12.08 09:26:25.556,0.89874,0.89913,1.00,1.00
2015.12.08 09:26:25.657,0.89871,0.89912,1.00,1.00
2015.12.08 09:26:25.810,0.89871,0.89908,1.00,1.00
2015.12.08 09:26:25.902,0.89871,0.89912,1.00,1.00
2015.12.08 09:26:25.956,0.89869,0.89912,1.00,1.00
2015.12.08 09:26:26.560,0.89868,0.89912,1.00,1.00
2015.12.08 09:26:26.938,0.89865,0.89907,1.37,1.00
2015.12.08 09:26:27.190,0.89865,0.89908,1.00,1.00
2015.12.08 09:26:27.803,0.89863,0.89912,1.50,1.50
2015.12.08 09:26:28.127,0.89862,0.89903,1.00,1.00
2015.12.08 09:26:28.463,0.89864,0.89903,1.00,1.00
2015.12.08 09:26:28.764,0.89862,0.89903,1.00,1.00
2015.12.08 09:26:29.115,0.8986,0.89897,1.00,1.00
2015.12.08 09:26:29.454,0.89861,0.89897,1.37,1.00
2015.12.08 09:26:29.968,0.89856,0.89897,1.00,1.00
2015.12.08 09:26:30.069,0.89854,0.89897,1.00,1.00
2015.12.08 09:26:30.570,0.89853,0.89897,1.50,1.00
2015.12.08 09:26:31.874,0.89854,0.89897,1.00,1.00
2015.12.08 09:26:33.076,0.89853,0.89897,1.00,1.00
2015.12.08 09:26:34.840,0.89853,0.89898,1.00,1.00
2015.12.08 09:26:34.891,0.89855,0.89898,1.00,1.00
2015.12.08 09:26:35.432,0.89854,0.89897,1.00,1.00
2015.12.08 09:26:36.017,0.89853,0.89897,1.50,1.00
2015.12.08 09:26:36.485,0.89857,0.89897,1.00,1.00
2015.12.08 09:26:36.586,0.89855,0.89897,1.00,1.00
2015.12.08 09:26:37.173,0.89854,0.89897,1.00,1.00
2015.12.08 09:26:37.224,0.89858,0.89897,1.00,1.00
2015.12.08 09:26:37.287,0.89854,0.89897,1.00,1.00
2015.12.08 09:26:37.688,0.89858,0.89897,1.00,1.00
2015.12.08 09:26:37.788,0.89856,0.89897,1.00,1.00
2015.12.08 09:26:37.889,0.89853,0.89897,1.50,1.00
2015.12.08 09:26:38.089,0.89856,0.89897,1.00,1.00
2015.12.08 09:26:38.390,0.89858,0.89897,1.00,1.00
2015.12.08 09:26:38.590,0.89859,0.89903,1.00,1.00
2015.12.08 09:26:38.791,0.89861,0.89903,1.50,1.00
2015.12.08 09:26:39.535,0.89863,0.89903,1.00,1.00
2015.12.08 09:26:39.918,0.89861,0.89902,1.00,1.00
2015.12.08 09:26:40.051,0.89864,0.89902,1.00,1.00
2015.12.08 09:26:40.359,0.89868,0.89907,1.00,1.00
2015.12.08 09:26:41.096,0.89869,0.89907,1.00,1.00
2015.12.08 09:26:41.231,0.89871,0.89907,1.00,1.00
2015.12.08 09:26:41.838,0.8987,0.89907,1.00,1.00
2015.12.08 09:26:42.750,0.8987,0.89913,1.00,1.00
2015.12.08 09:26:42.951,0.8987,0.89908,1.00,1.00
2015.12.08 09:26:43.502,0.89871,0.89908,1.00,1.00
2015.12.08 09:26:44.033,0.89868,0.89908,1.12,1.00
2015.12.08 09:26:44.581,0.89865,0.89908,1.37,1.00
2015.12.08 09:26:45.005,0.89872,0.89908,1.00,1.00
2015.12.08 09:26:45.306,0.89869,0.89908,1.12,1.00
2015.12.08 09:26:45.406,0.89873,0.89908,1.00,1.00
2015.12.08 09:26:45.518,0.89869,0.89908,1.12,1.00
2015.12.08 09:26:45.588,0.89869,0.89912,1.12,1.00
2015.12.08 09:26:45.638,0.89871,0.89912,1.00,1.00
2015.12.08 09:26:46.108,0.89875,0.89912,1.00,1.00
2015.12.08 09:26:46.649,0.89876,0.89912,1.00,1.00
2015.12.08 09:26:47.310,0.89875,0.89913,1.12,1.00
2015.12.08 09:26:47.611,0.89877,0.89913,1.00,1.00
2015.12.08 09:26:48.161,0.89877,0.89912,1.00,1.00
2015.12.08 09:26:49.516,0.89873,0.89912,1.50,1.00
2015.12.08 09:26:49.630,0.89877,0.89912,1.00,1.00
2015.12.08 09:26:49.681,0.8989,0.89938,2.25,1.00
2015.12.08 09:26:49.935,0.89893,0.89942,1.50,1.00
2015.12.08 09:26:50.036,0.89893,0.89932,1.50,1.00
2015.12.08 09:26:50.407,0.89895,0.89932,1.00,1.00
2015.12.08 09:26:50.458,0.89893,0.89932,1.50,1.00
2015.12.08 09:26:50.518,0.89897,0.89932,1.00,1.00
2015.12.08 09:26:50.569,0.89897,0.89937,1.00,1.00
2015.12.08 09:26:50.669,0.89891,0.89932,1.00,1.00
2015.12.08 09:26:50.720,0.89893,0.89932,1.00,1.00
2015.12.08 09:26:50.770,0.89893,0.89938,1.00,1.00
2015.12.08 09:26:50.821,0.89899,0.89938,1.00,1.00
2015.12.08 09:26:51.220,0.89897,0.89932,1.00,1.00
2015.12.08 09:26:51.524,0.89894,0.89932,1.00,1.00
2015.12.08 09:26:52.122,0.89893,0.89932,2.25,1.00
2015.12.08 09:26:52.223,0.89887,0.89933,1.00,1.00
2015.12.08 09:26:52.324,0.89893,0.89933,1.00,1.00
2015.12.08 09:26:52.462,0.89886,0.89927,1.00,1.00
2015.12.08 09:26:52.611,0.8989,0.89932,1.00,1.00
2015.12.08 09:26:52.661,0.89887,0.89928,1.00,1.00
2015.12.08 09:26:53.175,0.89888,0.89928,1.00,1.00
2015.12.08 09:26:53.289,0.89887,0.89933,1.00,1.00
2015.12.08 09:26:53.339,0.89891,0.89933,1.00,1.00
2015.12.08 09:26:53.727,0.89894,0.89932,1.00,1.00
2015.12.08 09:26:54.028,0.89898,0.89932,1.00,1.00
2015.12.08 09:26:54.328,0.89893,0.89932,1.50,1.00
2015.12.08 09:26:54.529,0.89898,0.89932,1.00,1.00
2015.12.08 09:26:54.629,0.89893,0.89932,1.00,1.00
2015.12.08 09:26:54.930,0.89898,0.89932,1.00,1.00
2015.12.08 09:26:55.030,0.89894,0.89932,1.00,1.00
2015.12.08 09:26:55.531,0.89893,0.89932,1.00,1.00
2015.12.08 09:26:55.867,0.89895,0.89932,1.00,1.00
2015.12.08 09:26:55.976,0.89888,0.89932,1.50,1.00
2015.12.08 09:26:56.032,0.89895,0.89932,1.00,1.00
2015.12.08 09:26:56.333,0.89891,0.89932,1.00,1.00
2015.12.08 09:26:56.477,0.89895,0.89932,1.00,1.00
2015.12.08 09:26:56.734,0.89892,0.89933,1.00,1.00
2015.12.08 09:26:57.137,0.89896,0.89933,1.00,1.00
2015.12.08 09:26:57.247,0.89892,0.89933,1.50,1.00
2015.12.08 09:26:57.467,0.89894,0.89933,1.00,1.00
2015.12.08 09:26:57.972,0.89893,0.89933,1.00,1.00
2015.12.08 09:26:58.238,0.89891,0.89932,1.00,1.00
2015.12.08 09:26:58.457,0.89895,0.89932,1.00,1.00
2015.12.08 09:26:58.676,0.8989,0.89933,1.00,1.00
2015.12.08 09:26:58.777,0.89894,0.89933,1.00,1.00
2015.12.08 09:26:59.126,0.89888,0.89927,1.50,1.00
2015.12.08 09:26:59.545,0.89891,0.89927,1.00,1.00
2015.12.08 09:27:00.115,0.89892,0.89927,1.00,1.00
2015.12.08 09:27:00.345,0.89888,0.89927,1.00,1.00
2015.12.08 09:27:00.546,0.89892,0.89927,1.00,1.00
2015.12.08 09:27:00.797,0.89893,0.89932,1.00,1.12
2015.12.08 09:27:00.848,0.8989,0.89932,1.00,1.12
2015.12.08 09:27:00.949,0.89888,0.89932,1.50,1.00
2015.12.08 09:27:01.148,0.89897,0.89932,1.00,1.00
2015.12.08 09:27:01.248,0.89894,0.89932,1.00,1.00
2015.12.08 09:27:01.411,0.8989,0.89932,1.00,1.00
2015.12.08 09:27:01.463,0.89888,0.89932,1.00,1.00
2015.12.08 09:27:01.588,0.8989,0.89932,1.00,1.00
2015.12.08 09:27:01.649,0.89888,0.89932,1.50,1.00
2015.12.08 09:27:01.857,0.89894,0.89932,1.00,1.00
2015.12.08 09:27:01.962,0.89888,0.89932,1.50,1.00
2015.12.08 09:27:02.087,0.89892,0.89932,1.00,1.00
2015.12.08 09:27:02.188,0.8989,0.89933,1.00,1.00
2015.12.08 09:27:02.250,0.89894,0.89933,1.00,1.00
2015.12.08 09:27:02.651,0.89889,0.89933,1.00,1.00
2015.12.08 09:27:02.753,0.89894,0.89933,1.00,1.00
2015.12.08 09:27:02.952,0.8989,0.89933,1.50,1.00
2015.12.08 09:27:03.153,0.89887,0.89933,1.50,1.00
2015.12.08 09:27:03.253,0.89893,0.89933,1.00,1.00
2015.12.08 09:27:03.354,0.89888,0.89933,1.00,1.00
2015.12.08 09:27:03.807,0.89891,0.89933,1.00,1.00
2015.12.08 09:27:03.858,0.89887,0.89933,1.00,1.00
2015.12.08 09:27:03.955,0.89891,0.89933,1.00,1.00
2015.12.08 09:27:04.287,0.89887,0.89933,1.00,1.00
2015.12.08 09:27:04.356,0.89889,0.89933,1.00,1.00
2015.12.08 09:27:04.459,0.89887,0.89933,1.50,1.00
2015.12.08 09:27:04.560,0.89889,0.89933,1.00,1.00
2015.12.08 09:27:04.657,0.89887,0.89933,1.50,1.00
2015.12.08 09:27:04.757,0.89892,0.89933,1.00,1.00
2015.12.08 09:27:05.175,0.89887,0.89933,1.00,1.00
2015.12.08 09:27:05.358,0.89894,0.89933,1.00,1.00
2015.12.08 09:27:05.506,0.89892,0.89932,1.00,1.00
2015.12.08 09:27:05.860,0.89888,0.89932,1.00,1.00
2015.12.08 09:27:06.165,0.89894,0.89932,1.00,1.00
2015.12.08 09:27:06.267,0.89888,0.89932,1.00,1.00
2015.12.08 09:27:06.461,0.89895,0.89932,1.00,1.00
2015.12.08 09:27:06.712,0.89897,0.89938,1.00,1.00
2015.12.08 09:27:06.812,0.89894,0.89938,1.00,1.50
2015.12.08 09:27:06.863,0.89892,0.89932,1.00,1.00
2015.12.08 09:27:06.962,0.8989,0.89932,1.00,1.00
2015.12.08 09:27:07.062,0.89894,0.89932,1.00,1.00
2015.12.08 09:27:07.164,0.89889,0.89932,1.00,1.00
2015.12.08 09:27:07.488,0.89893,0.89932,1.00,1.00
2015.12.08 09:27:07.743,0.89888,0.89932,1.50,1.00
2015.12.08 09:27:07.794,0.89891,0.89932,1.00,1.00
2015.12.08 09:27:08.179,0.89888,0.89932,1.00,1.00
2015.12.08 09:27:08.291,0.89886,0.89928,1.00,1.00
2015.12.08 09:27:08.567,0.89883,0.89928,1.00,1.00
2015.12.08 09:27:08.686,0.89885,0.89928,1.00,1.00
2015.12.08 09:27:09.069,0.89888,0.89928,1.00,1.00
2015.12.08 09:27:09.300,0.89884,0.89928,1.00,1.00
2015.12.08 09:27:09.569,0.89892,0.89928,1.00,1.00
2015.12.08 09:27:09.797,0.89885,0.89928,1.00,1.00
2015.12.08 09:27:09.898,0.89893,0.89928,1.00,1.00
2015.12.08 09:27:10.007,0.8989,0.89928,1.00,1.00
2015.12.08 09:27:10.149,0.8989,0.89933,1.00,1.00
2015.12.08 09:27:10.371,0.89888,0.89933,1.00,1.00
2015.12.08 09:27:10.672,0.89893,0.89933,1.00,1.00
2015.12.08 09:27:10.777,0.89889,0.89933,1.00,1.00
2015.12.08 09:27:10.877,0.89894,0.89933,1.00,1.00
2015.12.08 09:27:10.997,0.89891,0.89933,1.00,1.00
2015.12.08 09:27:11.101,0.89896,0.89933,1.00,1.00
2015.12.08 09:27:11.202,0.89889,0.89933,1.00,1.00
2015.12.08 09:27:11.273,0.89891,0.89933,1.00,1.00
2015.12.08 09:27:11.724,0.89894,0.89933,1.00,1.00
2015.12.08 09:27:11.775,0.8989,0.89933,1.00,1.00
2015.12.08 09:27:11.988,0.89892,0.89938,1.00,1.00
2015.12.08 09:27:12.097,0.89895,0.89938,1.00,1.00
2015.12.08 09:27:12.198,0.89892,0.89938,1.00,1.00
2015.12.08 09:27:12.307,0.89896,0.89938,1.00,1.00
2015.12.08 09:27:12.488,0.89892,0.89938,1.00,1.00
2015.12.08 09:27:12.578,0.89896,0.89938,1.00,1.00
2015.12.08 09:27:12.879,0.89889,0.89933,1.00,1.00
2015.12.08 09:27:13.313,0.89893,0.89933,1.00,1.00
2015.12.08 09:27:13.515,0.89889,0.89933,1.00,1.00
2015.12.08 09:27:13.580,0.89887,0.89933,1.50,1.00
2015.12.08 09:27:13.681,0.89892,0.89933,1.00,1.00
2015.12.08 09:27:13.981,0.89887,0.89933,1.50,1.00
2015.12.08 09:27:14.217,0.89894,0.89933,1.00,1.00
2015.12.08 09:27:14.383,0.89889,0.89933,1.00,1.00
2015.12.08 09:27:14.484,0.89895,0.89933,1.00,1.00
2015.12.08 09:27:14.633,0.89888,0.89933,1.00,1.00
2015.12.08 09:27:15.185,0.8989,0.89933,1.00,1.00
2015.12.08 09:27:15.572,0.89898,0.89933,1.00,1.00
2015.12.08 09:27:15.686,0.89892,0.89933,1.00,1.00
2015.12.08 09:27:15.803,0.89898,0.89933,1.00,1.00
2015.12.08 09:27:15.887,0.89893,0.89933,1.00,1.00
2015.12.08 09:27:16.277,0.89893,0.89937,1.00,1.00
2015.12.08 09:27:16.588,0.89898,0.89937,1.00,1.00
2015.12.08 09:27:16.889,0.89893,0.89937,1.50,1.00
2015.12.08 09:27:16.990,0.89898,0.89937,1.00,1.00
2015.12.08 09:27:17.091,0.89894,0.89937,1.00,1.00
2015.12.08 09:27:17.191,0.89901,0.89937,1.00,1.00
2015.12.08 09:27:17.290,0.89893,0.89937,1.50,1.00
2015.12.08 09:27:17.438,0.899,0.89937,1.00,1.00
2015.12.08 09:27:17.539,0.89898,0.89937,1.00,1.00
2015.12.08 09:27:17.591,0.89901,0.89937,1.00,1.00
2015.12.08 09:27:17.893,0.89894,0.89937,1.00,1.00
2015.12.08 09:27:17.992,0.899,0.89937,1.00,1.00
2015.12.08 09:27:18.194,0.89898,0.89937,1.00,1.00
2015.12.08 09:27:18.293,0.89893,0.89937,1.50,1.00
2015.12.08 09:27:18.613,0.89893,0.89932,1.00,1.00
2015.12.08 09:27:19.137,0.89894,0.89932,1.00,1.00
2015.12.08 09:27:19.296,0.89891,0.89932,1.00,1.00
2015.12.08 09:27:19.357,0.89891,0.89937,1.00,1.00
2015.12.08 09:27:19.407,0.89896,0.89937,1.00,1.00
2015.12.08 09:27:19.718,0.89902,0.89937,1.00,1.00
2015.12.08 09:27:19.936,0.89898,0.89937,1.00,1.00
2015.12.08 09:27:20.299,0.89903,0.89938,1.00,1.00
2015.12.08 09:27:20.399,0.89896,0.89938,1.00,1.00
2015.12.08 09:27:20.599,0.89898,0.89938,1.00,1.00
2015.12.08 09:27:20.700,0.89896,0.89938,1.00,1.00
2015.12.08 09:27:20.900,0.89902,0.89938,1.00,1.00
2015.12.08 09:27:21.401,0.89896,0.89938,1.00,1.00
2015.12.08 09:27:21.515,0.89902,0.89938,1.00,1.00
2015.12.08 09:27:21.702,0.89897,0.89938,1.00,1.00
2015.12.08 09:27:21.902,0.89895,0.89938,1.50,1.00
2015.12.08 09:27:22.027,0.899,0.89938,1.00,1.00
2015.12.08 09:27:22.223,0.89894,0.89938,1.00,1.00
2015.12.08 09:27:22.705,0.89897,0.89938,1.00,1.00
2015.12.08 09:27:23.007,0.89894,0.89938,1.00,1.00
2015.12.08 09:27:23.306,0.89899,0.89938,1.00,1.00
2015.12.08 09:27:23.533,0.89895,0.89938,1.00,1.00
2015.12.08 09:27:23.808,0.89893,0.89938,1.00,1.00
2015.12.08 09:27:24.304,0.899,0.89938,1.00,1.00
2015.12.08 09:27:24.354,0.89896,0.89938,1.00,1.00
2015.12.08 09:27:24.733,0.89898,0.89937,1.00,1.00
2015.12.08 09:27:25.212,0.89903,0.89937,1.00,1.00
2015.12.08 09:27:25.312,0.89897,0.89937,1.00,1.00
2015.12.08 09:27:25.714,0.89901,0.89937,1.00,1.00
2015.12.08 09:27:25.914,0.89896,0.89937,1.00,1.00
2015.12.08 09:27:26.015,0.89894,0.89937,1.00,1.00
2015.12.08 09:27:26.115,0.89896,0.89937,1.00,1.00
2015.12.08 09:27:26.444,0.89894,0.89937,1.00,1.00
2015.12.08 09:27:27.018,0.89893,0.89937,1.50,1.00
2015.12.08 09:27:27.218,0.89896,0.89937,1.00,1.00
2015.12.08 09:27:27.459,0.89894,0.89937,1.00,1.00
2015.12.08 09:27:27.637,0.89896,0.89937,1.00,1.00
2015.12.08 09:27:27.967,0.89901,0.89937,1.00,1.00
2015.12.08 09:27:28.020,0.89895,0.89937,1.00,1.00
2015.12.08 09:27:28.421,0.89899,0.89937,1.00,1.00
2015.12.08 09:27:28.626,0.89893,0.89937,1.50,1.00
2015.12.08 09:27:29.022,0.89899,0.89937,1.00,1.00
2015.12.08 09:27:29.123,0.89893,0.89937,1.00,1.00
2015.12.08 09:27:29.424,0.89898,0.89937,1.00,1.00
2015.12.08 09:27:29.835,0.89894,0.89937,1.00,1.00
2015.12.08 09:27:30.025,0.89898,0.89937,1.00,1.00
2015.12.08 09:27:30.165,0.89894,0.89937,1.50,1.00
2015.12.08 09:27:30.527,0.89899,0.89937,1.00,1.00
2015.12.08 09:27:30.728,0.89894,0.89937,1.00,1.00
2015.12.08 09:27:31.331,0.89893,0.89937,1.00,1.00
2015.12.08 09:27:31.447,0.89898,0.89937,1.00,1.00
2015.12.08 09:27:31.548,0.89893,0.89937,1.00,1.00
2015.12.08 09:27:31.649,0.89898,0.89937,1.00,1.00
2015.12.08 09:27:31.932,0.89895,0.89937,1.00,1.00
2015.12.08 09:27:32.166,0.89899,0.89937,1.00,1.00
2015.12.08 09:27:32.233,0.89895,0.89937,1.00,1.00
2015.12.08 09:27:32.576,0.89893,0.89937,1.50,1.00
2015.12.08 09:27:32.863,0.89901,0.89937,1.00,1.00
2015.12.08 09:27:33.037,0.89898,0.89937,1.00,1.00
2015.12.08 09:27:33.136,0.89894,0.89937,1.00,1.00
2015.12.08 09:27:33.236,0.89897,0.89937,1.00,1.00
2015.12.08 09:27:33.740,0.89896,0.89937,1.00,1.00
2015.12.08 09:27:34.183,0.89898,0.89937,1.00,1.00
2015.12.08 09:27:34.791,0.89899,0.89937,1.00,1.00
2015.12.08 09:27:34.941,0.89896,0.89937,1.00,1.00
2015.12.08 09:27:35.442,0.899,0.89937,1.00,1.00
2015.12.08 09:27:35.642,0.89896,0.89937,1.00,1.00
2015.12.08 09:27:35.776,0.89894,0.89937,1.00,1.00
2015.12.08 09:27:36.244,0.89897,0.89937,1.00,1.00
2015.12.08 09:27:36.737,0.89897,0.89943,1.00,1.00
2015.12.08 09:27:37.046,0.89895,0.89943,1.00,1.00
2015.12.08 09:27:37.096,0.89895,0.89938,1.00,1.00
2015.12.08 09:27:37.403,0.89899,0.89937,1.00,1.00
2015.12.08 09:27:37.455,0.89894,0.89937,1.00,1.00
2015.12.08 09:27:37.747,0.89898,0.89937,1.00,1.00
2015.12.08 09:27:37.848,0.89895,0.89937,1.00,1.00
2015.12.08 09:27:38.450,0.89896,0.89937,1.00,1.00
2015.12.08 09:27:38.613,0.89891,0.89937,1.00,1.00
2015.12.08 09:27:38.768,0.89899,0.89937,1.00,1.00
2015.12.08 09:27:38.868,0.89894,0.89933,1.00,1.00
2015.12.08 09:27:39.169,0.89897,0.89933,1.00,1.00
2015.12.08 09:27:39.507,0.89897,0.89938,1.00,1.00
2015.12.08 09:27:39.870,0.89899,0.89938,1.00,1.00
2015.12.08 09:27:39.970,0.89897,0.89938,1.00,1.00
2015.12.08 09:27:40.071,0.89895,0.89938,1.00,1.00
2015.12.08 09:27:40.271,0.89899,0.89938,1.00,1.00
2015.12.08 09:27:40.486,0.89895,0.89938,1.00,1.00
2015.12.08 09:27:40.935,0.89897,0.89938,1.00,1.00
2015.12.08 09:27:41.275,0.89892,0.89938,1.00,1.00
2015.12.08 09:27:41.575,0.89894,0.89938,1.00,1.00
2015.12.08 09:27:42.178,0.89893,0.89938,1.00,1.00
2015.12.08 09:27:42.493,0.89897,0.89938,1.00,1.00
2015.12.08 09:27:42.978,0.89892,0.89938,1.50,1.00
2015.12.08 09:27:43.432,0.89894,0.89938,1.00,1.00
2015.12.08 09:27:44.206,0.89893,0.89938,1.00,1.00
2015.12.08 09:27:44.626,0.89892,0.89933,1.00,1.00
2015.12.08 09:27:44.883,0.89888,0.89933,1.00,1.00
2015.12.08 09:27:45.016,0.8989,0.89933,1.00,1.00
2015.12.08 09:27:45.117,0.89888,0.89933,1.00,1.00
2015.12.08 09:27:45.485,0.8989,0.89933,1.00,1.00
2015.12.08 09:27:45.594,0.89887,0.89933,1.50,1.00
2015.12.08 09:27:45.686,0.89889,0.89933,1.00,1.00
2015.12.08 09:27:46.287,0.89888,0.89933,1.00,1.00
2015.12.08 09:27:46.824,0.89895,0.89933,1.00,1.00
2015.12.08 09:27:47.351,0.89894,0.89932,1.00,1.00
2015.12.08 09:27:47.641,0.89896,0.89937,1.00,1.00
2015.12.08 09:27:47.803,0.899,0.89937,1.00,1.00
2015.12.08 09:27:47.891,0.89895,0.89937,1.00,1.00
2015.12.08 09:27:47.991,0.899,0.89937,1.00,1.00
2015.12.08 09:27:48.392,0.89895,0.89937,1.00,1.00
2015.12.08 09:27:49.010,0.89896,0.89937,1.00,1.00
2015.12.08 09:27:49.061,0.89898,0.89937,1.00,1.00
2015.12.08 09:27:49.696,0.89899,0.89937,1.00,1.00
2015.12.08 09:27:50.197,0.89898,0.89937,1.50,1.00
2015.12.08 09:27:50.799,0.89902,0.89937,1.00,1.00
2015.12.08 09:27:50.999,0.899,0.89937,1.00,1.00
2015.12.08 09:27:51.214,0.89898,0.89937,1.00,1.00
2015.12.08 09:27:51.300,0.899,0.89937,1.00,1.00
2015.12.08 09:27:51.520,0.89898,0.89937,1.50,1.00
2015.12.08 09:27:52.003,0.899,0.89937,1.00,1.00
2015.12.08 09:27:52.103,0.89898,0.89937,1.00,1.00
2015.12.08 09:27:52.304,0.89902,0.89938,1.00,1.00
2015.12.08 09:27:52.805,0.89897,0.89938,1.00,1.00
2015.12.08 09:27:52.906,0.89901,0.89938,1.00,1.00
2015.12.08 09:27:53.105,0.89897,0.89938,1.00,1.00
2015.12.08 09:27:53.958,0.89899,0.89938,1.00,1.00
2015.12.08 09:27:54.208,0.89897,0.89938,1.00,1.00
2015.12.08 09:27:54.734,0.89898,0.89937,1.00,1.00
2015.12.08 09:27:55.120,0.899,0.89937,1.00,1.00
2015.12.08 09:27:55.221,0.89898,0.89937,1.00,1.00
2015.12.08 09:27:55.311,0.89901,0.89937,1.00,1.00
2015.12.08 09:27:55.411,0.89898,0.89937,1.00,1.00
2015.12.08 09:27:56.013,0.89901,0.89937,1.00,1.00
2015.12.08 09:27:56.114,0.89898,0.89937,1.00,1.00
2015.12.08 09:27:56.214,0.89903,0.89943,1.50,1.00
2015.12.08 09:27:56.340,0.89906,0.89942,1.00,1.00
2015.12.08 09:27:56.464,0.89907,0.89948,1.00,1.37
2015.12.08 09:27:56.614,0.89905,0.89948,1.00,1.37
2015.12.08 09:27:56.665,0.89905,0.89943,1.00,1.00
2015.12.08 09:27:57.216,0.89906,0.89943,1.00,1.00
2015.12.08 09:27:57.544,0.89902,0.89943,1.00,1.00
2015.12.08 09:27:57.617,0.89905,0.89943,1.00,1.00
2015.12.08 09:27:57.818,0.89902,0.89943,1.50,1.00
2015.12.08 09:27:58.018,0.89906,0.89943,1.00,1.00
2015.12.08 09:27:58.535,0.89905,0.89943,1.00,1.00
2015.12.08 09:27:58.765,0.89903,0.89943,1.00,1.00
2015.12.08 09:27:59.635,0.89902,0.89943,1.50,1.00
2015.12.08 09:27:59.922,0.89904,0.89943,1.00,1.00
2015.12.08 09:28:00.324,0.89908,0.89943,1.00,1.00
2015.12.08 09:28:00.386,0.89908,0.89948,1.00,1.00
2015.12.08 09:28:00.926,0.89908,0.89947,1.50,1.00
2015.12.08 09:28:01.427,0.89912,0.89947,1.00,1.00
2015.12.08 09:28:01.528,0.8991,0.89947,1.00,1.00
2015.12.08 09:28:01.837,0.89908,0.89947,1.00,1.00
2015.12.08 09:28:02.066,0.89914,0.89947,1.00,1.00
2015.12.08 09:28:02.286,0.89914,0.89953,1.00,1.00
2015.12.08 09:28:02.437,0.89907,0.89953,1.00,1.00
2015.12.08 09:28:02.541,0.89912,0.89953,1.00,1.00
2015.12.08 09:28:02.881,0.89912,0.89947,1.00,1.00
2015.12.08 09:28:03.031,0.89908,0.89947,1.00,1.00
2015.12.08 09:28:03.159,0.89916,0.89948,1.00,1.00
2015.12.08 09:28:03.332,0.89909,0.89948,1.00,1.00
2015.12.08 09:28:03.383,0.89909,0.89942,1.00,1.00
2015.12.08 09:28:03.434,0.89905,0.89942,1.00,1.00
2015.12.08 09:28:03.495,0.89905,0.89947,1.00,1.00
2015.12.08 09:28:03.633,0.89903,0.89947,1.50,1.00
2015.12.08 09:28:03.758,0.89903,0.89942,1.00,1.00
2015.12.08 09:28:04.034,0.89904,0.89947,1.00,1.00
2015.12.08 09:28:04.376,0.8991,0.89947,1.00,1.00
2015.12.08 09:28:04.536,0.89903,0.89947,1.50,1.00
2015.12.08 09:28:05.276,0.89909,0.89947,1.00,1.00
2015.12.08 09:28:05.337,0.89907,0.89947,1.00,1.00
2015.12.08 09:28:05.471,0.89905,0.89947,1.00,1.00
2015.12.08 09:28:05.638,0.89903,0.89947,1.50,1.00
2015.12.08 09:28:06.140,0.89905,0.89947,1.00,1.00
2015.12.08 09:28:06.461,0.89907,0.89948,1.00,1.00
2015.12.08 09:28:07.071,0.89906,0.89947,1.00,1.00
2015.12.08 09:28:08.245,0.89908,0.89947,1.00,1.00
2015.12.08 09:28:08.688,0.89906,0.89947,1.50,1.00
2015.12.08 09:28:09.247,0.89905,0.89947,1.00,1.00
2015.12.08 09:28:09.347,0.89907,0.89947,1.00,1.00
2015.12.08 09:28:10.250,0.89908,0.89947,1.00,1.00
2015.12.08 09:28:10.450,0.89906,0.89947,1.00,1.00
2015.12.08 09:28:10.651,0.89909,0.89947,1.00,1.00
2015.12.08 09:28:10.851,0.89906,0.89947,1.00,1.00
2015.12.08 09:28:11.353,0.89907,0.89948,1.00,1.00
2015.12.08 09:28:11.553,0.89905,0.89948,1.00,1.00
2015.12.08 09:28:11.654,0.89907,0.89948,1.00,1.00
2015.12.08 09:28:11.965,0.89909,0.89947,1.00,1.00
2015.12.08 09:28:12.506,0.8991,0.89947,1.50,1.00
2015.12.08 09:28:12.597,0.8991,0.89953,1.50,1.00
2015.12.08 09:28:12.656,0.89907,0.89953,1.50,1.00
2015.12.08 09:28:12.757,0.89903,0.89952,1.00,1.00
2015.12.08 09:28:12.858,0.89906,0.89952,1.00,1.00
2015.12.08 09:28:13.358,0.89903,0.89943,1.00,1.00
2015.12.08 09:28:13.895,0.89902,0.89943,1.00,1.00
2015.12.08 09:28:14.266,0.89904,0.89943,1.00,1.00
2015.12.08 09:28:14.781,0.89904,0.89942,1.00,1.00
2015.12.08 09:28:15.491,0.89903,0.89942,1.00,1.00
2015.12.08 09:28:16.864,0.89902,0.89942,1.00,1.00
2015.12.08 09:28:17.966,0.89903,0.89942,1.50,1.00
2015.12.08 09:28:20.113,0.89902,0.89942,1.00,1.00
2015.12.08 09:28:20.171,0.899,0.89942,1.50,1.00
2015.12.08 09:28:20.272,0.89898,0.89942,1.00,1.00
2015.12.08 09:28:20.400,0.89898,0.89938,1.00,1.00
2015.12.08 09:28:21.056,0.89898,0.89937,1.00,1.00
2015.12.08 09:28:21.279,0.89896,0.89937,1.00,1.00
2015.12.08 09:28:21.880,0.89897,0.89937,1.00,1.00
2015.12.08 09:28:22.576,0.89896,0.89937,1.00,1.00
2015.12.08 09:28:23.086,0.89895,0.89937,1.00,1.00
2015.12.08 09:28:23.614,0.89897,0.89937,1.00,1.00
2015.12.08 09:28:23.779,0.89895,0.89937,1.00,1.00
2015.12.08 09:28:24.117,0.89897,0.89937,1.00,1.00
2015.12.08 09:28:24.167,0.89898,0.89942,1.00,1.00
2015.12.08 09:28:24.491,0.899,0.89942,1.00,1.00
2015.12.08 09:28:25.106,0.89899,0.89942,1.00,1.00
2015.12.08 09:28:25.766,0.89898,0.89942,1.00,1.00
2015.12.08 09:28:26.076,0.899,0.89942,1.00,1.00
2015.12.08 09:28:26.405,0.89905,0.89942,1.00,1.00
2015.12.08 09:28:26.935,0.89906,0.89942,1.00,1.00
2015.12.08 09:28:27.559,0.89905,0.89942,1.00,1.00
2015.12.08 09:28:31.294,0.89906,0.89942,1.00,1.00
2015.12.08 09:28:31.995,0.89908,0.89942,1.00,1.00
2015.12.08 09:28:32.598,0.89907,0.89942,1.00,1.00
2015.12.08 09:28:33.499,0.89906,0.89942,1.00,1.00
2015.12.08 09:28:33.632,0.89904,0.89942,1.00,1.00
2015.12.08 09:28:33.763,0.89907,0.89948,1.00,1.00
2015.12.08 09:28:33.865,0.89904,0.89943,1.00,1.00
2015.12.08 09:28:33.915,0.89902,0.89943,1.00,1.00
2015.12.08 09:28:33.966,0.89902,0.89948,1.00,1.00
2015.12.08 09:28:34.160,0.89899,0.89943,1.00,1.00
2015.12.08 09:28:34.485,0.89903,0.89943,1.00,1.00
2015.12.08 09:28:35.557,0.89904,0.89943,1.00,1.00
2015.12.08 09:28:35.744,0.89902,0.89943,1.00,1.00
2015.12.08 09:28:36.353,0.89901,0.89943,1.00,1.00
2015.12.08 09:28:36.608,0.89905,0.89943,1.00,1.00
2015.12.08 09:28:36.713,0.89901,0.89943,1.00,1.00
2015.12.08 09:28:37.610,0.89902,0.89943,1.50,1.00
2015.12.08 09:28:37.753,0.89907,0.89943,1.00,1.00
2015.12.08 09:28:38.219,0.89905,0.89943,1.00,1.00
2015.12.08 09:28:38.270,0.89905,0.89948,1.00,1.00
2015.12.08 09:28:38.413,0.89907,0.89948,1.00,1.00
2015.12.08 09:28:38.857,0.8991,0.89947,1.00,1.00
2015.12.08 09:28:38.914,0.89908,0.89947,1.00,1.00
2015.12.08 09:28:39.817,0.89909,0.89947,1.00,1.00
2015.12.08 09:28:42.124,0.89908,0.89947,1.50,1.00
2015.12.08 09:28:42.240,0.8991,0.89947,1.00,1.00
2015.12.08 09:28:42.436,0.89908,0.89947,1.00,1.00
2015.12.08 09:28:42.872,0.89904,0.89947,1.00,1.00
2015.12.08 09:28:43.215,0.89902,0.89942,1.50,1.00
2015.12.08 09:28:43.358,0.89899,0.89942,1.00,1.00
2015.12.08 09:28:43.976,0.89901,0.89942,1.00,1.00
2015.12.08 09:28:44.077,0.89905,0.89947,1.00,1.00
2015.12.08 09:28:44.128,0.89903,0.89947,1.00,1.00
2015.12.08 09:28:45.731,0.89902,0.89948,1.50,1.00
2015.12.08 09:28:47.636,0.89904,0.89948,1.00,1.00
2015.12.08 09:28:47.936,0.89902,0.89948,1.00,1.00
2015.12.08 09:28:49.870,0.89898,0.89947,1.00,1.50
2015.12.08 09:28:49.995,0.89899,0.89943,1.00,1.00
2015.12.08 09:28:50.442,0.89901,0.89942,1.00,1.00
2015.12.08 09:28:50.543,0.89899,0.89942,1.00,1.00
2015.12.08 09:28:51.044,0.899,0.89942,1.00,1.00
2015.12.08 09:28:51.244,0.89902,0.89942,1.00,1.00
2015.12.08 09:28:51.645,0.89898,0.89942,1.50,1.00
2015.12.08 09:28:51.946,0.89901,0.89942,1.00,1.00
2015.12.08 09:28:52.305,0.89904,0.89947,1.00,1.00
2015.12.08 09:28:52.859,0.89905,0.89947,1.00,1.00
2015.12.08 09:28:53.050,0.89903,0.89947,1.00,1.00
2015.12.08 09:28:53.188,0.89902,0.89942,1.00,1.00
2015.12.08 09:28:53.698,0.89901,0.89942,1.00,1.00
2015.12.08 09:28:54.252,0.899,0.89942,1.00,1.00
2015.12.08 09:28:54.652,0.89898,0.89942,2.25,1.00
2015.12.08 09:28:55.350,0.89899,0.89942,1.00,1.00
2015.12.08 09:28:56.155,0.899,0.89942,1.00,1.00
2015.12.08 09:28:57.759,0.89899,0.89942,1.50,1.00
2015.12.08 09:28:57.960,0.89901,0.89942,1.00,1.00
2015.12.08 09:28:58.061,0.89904,0.89948,1.00,1.00
2015.12.08 09:28:58.261,0.89901,0.89948,1.00,1.00
2015.12.08 09:28:58.371,0.89901,0.89942,1.00,1.00
2015.12.08 09:28:58.980,0.89902,0.89942,1.00,1.00
2015.12.08 09:28:59.708,0.89901,0.89942,1.00,1.00
2015.12.08 09:29:00.249,0.89902,0.89942,1.00,1.00
2015.12.08 09:29:00.299,0.89899,0.89942,1.12,1.00
2015.12.08 09:29:00.962,0.89898,0.89942,1.50,1.00
2015.12.08 09:29:01.068,0.899,0.89942,1.00,1.00
2015.12.08 09:29:01.622,0.89901,0.89942,1.00,1.00
2015.12.08 09:29:02.099,0.89906,0.89953,1.00,1.00
2015.12.08 09:29:02.270,0.89912,0.89953,1.00,1.00
2015.12.08 09:29:02.372,0.8991,0.89952,1.00,1.00
2015.12.08 09:29:02.476,0.89908,0.89952,1.50,1.00
2015.12.08 09:29:02.535,0.89908,0.89948,1.00,1.00
2015.12.08 09:29:02.845,0.89914,0.89948,1.00,1.00
2015.12.08 09:29:02.896,0.89907,0.89948,1.00,1.00
2015.12.08 09:29:02.996,0.8991,0.89948,1.00,1.00
2015.12.08 09:29:03.072,0.89908,0.89948,1.00,1.00
2015.12.08 09:29:03.173,0.89911,0.89948,1.00,1.00
2015.12.08 09:29:03.521,0.89907,0.89948,1.00,1.00
2015.12.08 09:29:03.622,0.89905,0.89948,1.00,1.00
2015.12.08 09:29:03.884,0.89907,0.89948,1.00,1.00
2015.12.08 09:29:03.985,0.89905,0.89948,1.00,1.00
2015.12.08 09:29:04.576,0.89902,0.89948,1.00,1.00
2015.12.08 09:29:04.677,0.89903,0.89945,1.00,1.00
2015.12.08 09:29:05.044,0.89897,0.89937,1.00,1.00
2015.12.08 09:29:05.374,0.89896,0.89932,1.00,1.00
2015.12.08 09:29:05.879,0.89888,0.89933,1.75,1.00
2015.12.08 09:29:06.055,0.8989,0.89933,1.00,1.00
2015.12.08 09:29:06.680,0.89891,0.89933,1.00,1.00
2015.12.08 09:29:06.981,0.89893,0.89933,1.00,1.00
2015.12.08 09:29:07.629,0.89892,0.89933,1.00,1.00
2015.12.08 09:29:08.083,0.89889,0.89933,1.50,1.00
2015.12.08 09:29:08.584,0.89891,0.89932,1.00,1.00
2015.12.08 09:29:08.785,0.89889,0.89932,1.00,1.00
2015.12.08 09:29:09.488,0.89888,0.89932,1.50,1.00
2015.12.08 09:29:09.687,0.89885,0.89927,1.00,1.00
2015.12.08 09:29:09.875,0.89883,0.89927,1.50,1.00
2015.12.08 09:29:10.089,0.89886,0.89927,1.00,1.00
2015.12.08 09:29:10.240,0.89888,0.89932,1.00,1.00
2015.12.08 09:29:10.348,0.89884,0.89927,1.00,1.00
2015.12.08 09:29:10.818,0.89883,0.89932,1.00,1.12
2015.12.08 09:29:10.925,0.8988,0.89927,1.00,1.00
2015.12.08 09:29:11.229,0.89881,0.89917,1.00,1.00
2015.12.08 09:29:15.205,0.89883,0.89917,1.00,1.00
2015.12.08 09:29:15.306,0.89878,0.89927,1.12,1.00
2015.12.08 09:29:15.514,0.89873,0.89927,1.00,3.00
2015.12.08 09:29:15.877,0.89875,0.89913,1.00,1.00
2015.12.08 09:29:16.007,0.89872,0.89913,1.00,1.00
2015.12.08 09:29:19.287,0.89872,0.89918,1.00,1.12
2015.12.08 09:29:19.619,0.89877,0.89918,1.00,1.12
2015.12.08 09:29:20.694,0.89873,0.89912,1.00,1.00
2015.12.08 09:29:21.727,0.89876,0.89912,1.00,1.00
2015.12.08 09:29:21.795,0.89878,0.89917,1.00,1.00
2015.12.08 09:29:22.474,0.89878,0.89922,1.00,1.00
2015.12.08 09:29:22.527,0.89882,0.89922,1.00,1.00
2015.12.08 09:29:22.804,0.89883,0.89928,1.00,1.00
2015.12.08 09:29:22.945,0.89885,0.89928,1.50,1.00
2015.12.08 09:29:24.257,0.89884,0.89928,1.00,1.00
2015.12.08 09:29:25.137,0.89883,0.89928,1.00,1.00
2015.12.08 09:29:25.641,0.89882,0.89928,1.00,1.00
2015.12.08 09:29:26.252,0.89883,0.89927,1.50,1.00
2015.12.08 09:29:28.745,0.89882,0.89928,1.50,1.00
2015.12.08 09:29:29.496,0.89883,0.89927,1.50,1.00
2015.12.08 09:29:30.084,0.89886,0.89927,1.00,1.00
2015.12.08 09:29:30.253,0.89886,0.89932,1.00,1.00
2015.12.08 09:29:30.505,0.89888,0.89932,1.00,1.00
2015.12.08 09:29:31.034,0.89893,0.89937,1.00,1.37
2015.12.08 09:29:31.566,0.89893,0.89937,1.00,1.00
2015.12.08 09:29:31.933,0.89888,0.89938,1.00,1.00
2015.12.08 09:29:32.151,0.89893,0.89937,1.00,1.00
2015.12.08 09:29:34.693,0.89885,0.89937,1.00,1.00
2015.12.08 09:29:34.794,0.89888,0.89942,1.00,1.00
2015.12.08 09:29:34.923,0.89887,0.89938,1.00,1.00
2015.12.08 09:29:35.232,0.89882,0.89928,1.00,1.00
2015.12.08 09:29:36.013,0.89877,0.89923,1.00,1.00
2015.12.08 09:29:36.490,0.89882,0.89928,1.00,1.00
2015.12.08 09:29:36.834,0.8988,0.89922,1.00,1.00
2015.12.08 09:29:37.169,0.89878,0.89922,2.25,1.00
2015.12.08 09:29:37.713,0.89879,0.89922,1.00,1.00
2015.12.08 09:29:38.402,0.89881,0.89922,1.00,1.00
2015.12.08 09:29:38.746,0.89883,0.89927,1.00,1.00
2015.12.08 09:29:39.297,0.8988,0.89922,1.00,1.00
2015.12.08 09:29:39.726,0.89882,0.89928,1.00,1.00
2015.12.08 09:29:40.275,0.89883,0.89927,1.00,1.00
2015.12.08 09:29:44.611,0.89878,0.89922,1.50,1.00
2015.12.08 09:29:46.035,0.89867,0.89925,1.00,1.12
2015.12.08 09:29:46.157,0.89872,0.89927,1.00,1.37
2015.12.08 09:29:46.513,0.89868,0.89912,1.00,1.00
2015.12.08 09:29:48.566,0.89867,0.89913,1.00,1.00
2015.12.08 09:29:49.074,0.89868,0.89912,1.00,1.00
2015.12.08 09:29:50.285,0.89867,0.89913,1.00,1.00
2015.12.08 09:29:50.945,0.89863,0.89907,1.00,1.00
2015.12.08 09:29:51.178,0.89867,0.89913,1.00,1.00
2015.12.08 09:29:52.388,0.89868,0.89912,1.00,1.00
2015.12.08 09:29:53.217,0.89867,0.89913,1.00,1.00
2015.12.08 09:29:59.847,0.89868,0.89913,1.00,1.00
2015.12.08 09:29:59.898,0.89868,0.89917,1.50,1.00
2015.12.08 09:29:59.948,0.89874,0.89917,1.00,1.00
2015.12.08 09:29:59.999,0.89874,0.89922,1.00,1.00
2015.12.08 09:30:00.158,0.89881,0.89922,1.00,1.00
2015.12.08 09:30:00.268,0.89876,0.89922,1.00,1.00
2015.12.08 09:30:00.319,0.89883,0.89922,1.00,1.00
2015.12.08 09:30:00.419,0.8988,0.89928,1.00,1.00
2015.12.08 09:30:00.470,0.89878,0.89928,1.00,1.00
2015.12.08 09:30:00.520,0.89878,0.89918,1.00,1.00
2015.12.08 09:30:01.151,0.89877,0.89918,1.00,1.00
2015.12.08 09:30:01.202,0.89878,0.89922,1.00,1.00
2015.12.08 09:30:02.078,0.89883,0.89927,1.00,1.00
2015.12.08 09:30:02.452,0.89878,0.89922,1.00,1.00
2015.12.08 09:30:02.947,0.89878,0.89927,1.00,1.00
2015.12.08 09:30:03.175,0.89882,0.89928,1.00,1.00
2015.12.08 09:30:03.596,0.89878,0.89922,1.00,1.00
2015.12.08 09:30:04.370,0.89877,0.89923,1.00,1.00
2015.12.08 09:30:04.954,0.89878,0.89923,1.00,1.00
2015.12.08 09:30:05.055,0.89882,0.89928,1.00,1.00
2015.12.08 09:30:05.485,0.89884,0.89928,1.00,1.00
2015.12.08 09:30:05.716,0.89885,0.89932,1.00,1.00
2015.12.08 09:30:05.949,0.89885,0.89927,1.00,1.00
2015.12.08 09:30:06.000,0.89883,0.89927,1.00,1.00
2015.12.08 09:30:06.100,0.89887,0.89933,1.00,1.00
2015.12.08 09:30:06.151,0.89882,0.89928,1.12,1.00
2015.12.08 09:30:06.473,0.89883,0.89922,1.00,1.00
2015.12.08 09:30:07.557,0.89877,0.89923,1.00,1.00
2015.12.08 09:30:09.986,0.89868,0.89917,1.00,1.00
2015.12.08 09:30:10.327,0.89873,0.89917,1.00,1.00
2015.12.08 09:30:10.639,0.89868,0.89912,1.50,1.00
2015.12.08 09:30:10.967,0.89873,0.89917,1.00,1.00
2015.12.08 09:30:12.520,0.89873,0.89918,1.00,1.00
2015.12.08 09:30:13.193,0.89872,0.89918,1.00,1.00
2015.12.08 09:30:13.294,0.89869,0.89918,1.00,1.00
2015.12.08 09:30:13.624,0.89872,0.89918,1.00,1.00
2015.12.08 09:30:14.285,0.89873,0.89917,1.00,1.00
2015.12.08 09:30:14.386,0.89868,0.8992,1.00,1.37
2015.12.08 09:30:14.487,0.89865,0.89912,1.00,1.00
2015.12.08 09:30:14.896,0.89868,0.89912,1.00,1.00
2015.12.08 09:30:15.048,0.89873,0.89918,1.00,1.00
2015.12.08 09:30:15.661,0.89874,0.89918,1.00,1.00
2015.12.08 09:30:16.008,0.89872,0.89918,1.00,1.00
2015.12.08 09:30:16.254,0.89871,0.89912,1.12,1.00
2015.12.08 09:30:17.445,0.89868,0.89912,1.00,1.00
2015.12.08 09:30:20.333,0.89863,0.89912,1.50,1.00
2015.12.08 09:30:20.445,0.89858,0.89908,1.00,1.00
2015.12.08 09:30:20.665,0.89862,0.89908,1.00,1.00
2015.12.08 09:30:21.204,0.89857,0.89908,1.00,1.00
2015.12.08 09:30:21.437,0.89858,0.89902,1.00,1.00
2015.12.08 09:30:26.166,0.8986,0.89902,1.00,1.00
2015.12.08 09:30:26.284,0.89862,0.89908,1.00,1.00
2015.12.08 09:30:31.427,0.89861,0.89902,1.00,1.00
2015.12.08 09:30:32.002,0.89857,0.89908,1.50,1.00
2015.12.08 09:30:32.215,0.89843,0.89892,1.00,1.00
2015.12.08 09:30:32.599,0.89853,0.89892,1.00,1.00
2015.12.08 09:30:32.941,0.89858,0.89897,1.00,1.00
2015.12.08 09:30:34.835,0.89853,0.89892,1.00,1.00
2015.12.08 09:30:37.153,0.89858,0.89897,1.00,1.00
2015.12.08 09:30:37.416,0.89854,0.89898,1.00,1.00
2015.12.08 09:30:37.516,0.89863,0.89907,1.00,1.00
2015.12.08 09:30:37.821,0.89867,0.89908,1.50,1.00
2015.12.08 09:30:38.472,0.89868,0.89908,1.00,1.00
2015.12.08 09:30:38.605,0.89868,0.89912,1.00,1.12
2015.12.08 09:30:39.675,0.89869,0.89912,1.00,1.00
2015.12.08 09:30:40.477,0.8987,0.89912,1.00,1.00
2015.12.08 09:30:41.015,0.89869,0.89912,1.00,1.00
2015.12.08 09:30:41.281,0.89867,0.89913,1.50,1.00
2015.12.08 09:30:41.382,0.89863,0.89912,1.50,1.00
2015.12.08 09:30:41.676,0.89863,0.89908,1.00,1.00
2015.12.08 09:30:42.035,0.89863,0.89912,1.00,1.00
2015.12.08 09:30:42.086,0.89865,0.89912,1.00,1.00
2015.12.08 09:30:42.498,0.89865,0.89908,1.00,1.00
2015.12.08 09:30:43.054,0.89864,0.89908,1.00,1.00
2015.12.08 09:30:44.095,0.89866,0.89908,1.00,1.00
2015.12.08 09:30:44.824,0.89865,0.89908,1.00,1.00
2015.12.08 09:30:45.793,0.89867,0.89908,1.00,1.00
2015.12.08 09:30:46.094,0.89865,0.89908,1.00,1.00
2015.12.08 09:30:46.695,0.89866,0.89908,1.00,1.00
2015.12.08 09:30:47.843,0.89864,0.89908,1.00,1.00
2015.12.08 09:30:48.232,0.89866,0.89908,1.00,1.00
2015.12.08 09:30:48.800,0.89866,0.89907,1.00,1.00
2015.12.08 09:30:50.103,0.89867,0.89907,1.00,1.00
2015.12.08 09:30:50.605,0.89866,0.89907,1.00,1.00
2015.12.08 09:30:51.145,0.89865,0.89907,1.00,1.00
2015.12.08 09:30:51.650,0.89866,0.89907,1.00,1.00
2015.12.08 09:30:52.238,0.89865,0.89907,1.00,1.00
2015.12.08 09:30:52.559,0.89867,0.89907,1.00,1.00
2015.12.08 09:30:52.710,0.89865,0.89907,1.00,1.00
2015.12.08 09:30:52.810,0.89867,0.89907,1.00,1.00
2015.12.08 09:30:52.911,0.89865,0.89907,1.00,1.00
2015.12.08 09:30:53.812,0.89866,0.89907,1.00,1.00
2015.12.08 09:30:54.715,0.89865,0.89907,1.00,1.00
2015.12.08 09:30:55.216,0.89866,0.89908,1.00,1.00
2015.12.08 09:30:55.818,0.89865,0.89908,1.00,1.00
2015.12.08 09:30:56.320,0.89866,0.89908,1.00,1.00
2015.12.08 09:30:56.854,0.89865,0.89907,1.00,1.00
2015.12.08 09:30:57.021,0.89867,0.89907,1.00,1.00
2015.12.08 09:30:57.322,0.89865,0.89907,1.00,1.00
2015.12.08 09:30:57.422,0.89863,0.89907,1.50,1.00
2015.12.08 09:30:57.623,0.89866,0.89907,1.00,1.00
2015.12.08 09:30:58.024,0.89864,0.89907,1.00,1.00
2015.12.08 09:30:58.426,0.89866,0.89907,1.00,1.00
2015.12.08 09:30:58.760,0.89863,0.89907,1.50,1.00
2015.12.08 09:31:00.494,0.89862,0.89908,1.50,1.00
2015.12.08 09:31:00.734,0.89869,0.89907,1.00,1.00
2015.12.08 09:31:00.794,0.89869,0.89917,1.00,1.00
2015.12.08 09:31:01.017,0.89866,0.89912,1.00,1.00
2015.12.08 09:31:01.326,0.89872,0.89912,1.00,1.00
2015.12.08 09:31:01.377,0.89876,0.89917,1.00,1.00
2015.12.08 09:31:01.970,0.89873,0.89917,1.50,1.00
2015.12.08 09:31:02.579,0.89874,0.89917,1.00,1.00
2015.12.08 09:31:02.883,0.89874,0.89925,1.00,1.00
2015.12.08 09:31:03.151,0.89874,0.89917,1.00,1.00
2015.12.08 09:31:03.656,0.89873,0.89917,1.50,1.00
2015.12.08 09:31:03.996,0.89875,0.89917,1.00,1.00
2015.12.08 09:31:04.314,0.89877,0.89917,1.00,1.00
2015.12.08 09:31:04.858,0.89879,0.89917,1.00,1.00
2015.12.08 09:31:05.361,0.89878,0.89917,1.50,1.00
2015.12.08 09:31:05.416,0.89878,0.89922,1.50,1.00
2015.12.08 09:31:05.761,0.8988,0.89923,1.00,1.00
2015.12.08 09:31:06.273,0.89881,0.89923,1.00,1.00
2015.12.08 09:31:06.814,0.89882,0.89923,1.00,1.00
2015.12.08 09:31:07.507,0.8988,0.89923,1.00,1.00
2015.12.08 09:31:07.723,0.8988,0.89927,1.00,1.00
2015.12.08 09:31:07.911,0.89884,0.89927,1.00,1.00
2015.12.08 09:31:07.966,0.89881,0.89927,1.00,1.00
2015.12.08 09:31:08.084,0.89881,0.89923,1.00,1.00
2015.12.08 09:31:08.769,0.8988,0.89923,1.00,1.00
2015.12.08 09:31:09.275,0.89879,0.89922,1.00,1.00
2015.12.08 09:31:09.893,0.89881,0.89922,1.00,1.00
2015.12.08 09:31:10.580,0.89882,0.89922,1.00,1.00
2015.12.08 09:31:11.276,0.8988,0.89922,1.00,1.00
2015.12.08 09:31:11.641,0.89882,0.89922,1.00,1.00
2015.12.08 09:31:13.281,0.8988,0.89922,1.00,1.00
2015.12.08 09:31:13.381,0.89882,0.89922,1.00,1.00
2015.12.08 09:31:14.132,0.89881,0.89922,1.00,1.00
2015.12.08 09:31:15.009,0.89878,0.89927,1.50,1.00
2015.12.08 09:31:15.086,0.89878,0.89922,1.00,1.00
2015.12.08 09:31:15.136,0.89876,0.89922,1.00,1.00
2015.12.08 09:31:15.187,0.8988,0.89928,1.00,1.00
2015.12.08 09:31:15.297,0.89878,0.89923,1.00,1.00
2015.12.08 09:31:15.687,0.89879,0.89918,1.00,1.00
2015.12.08 09:31:16.188,0.8988,0.89918,1.00,1.00
2015.12.08 09:31:16.289,0.89878,0.89918,1.00,1.00
2015.12.08 09:31:16.690,0.8988,0.89918,1.00,1.00
2015.12.08 09:31:17.296,0.8988,0.89922,1.00,1.00
2015.12.08 09:31:18.870,0.8988,0.89917,1.00,1.00
2015.12.08 09:31:19.412,0.89881,0.89917,1.00,1.00
2015.12.08 09:31:20.602,0.89879,0.89917,1.12,1.00
2015.12.08 09:31:21.605,0.89881,0.89917,1.00,1.00
2015.12.08 09:31:21.724,0.89879,0.89918,1.12,1.00
2015.12.08 09:31:22.291,0.89868,0.89913,1.75,1.00
2015.12.08 09:31:22.835,0.89862,0.89913,1.00,1.12
2015.12.08 09:31:22.905,0.89862,0.89908,1.00,1.00
2015.12.08 09:31:23.009,0.89859,0.89908,1.00,1.00
2015.12.08 09:31:23.270,0.89859,0.89903,1.00,1.00
2015.12.08 09:31:23.511,0.89857,0.89903,1.87,1.00
2015.12.08 09:31:23.611,0.8986,0.89907,1.00,1.00
2015.12.08 09:31:23.711,0.89858,0.89907,1.00,1.00
2015.12.08 09:31:23.812,0.89857,0.89903,1.12,1.00
2015.12.08 09:31:24.124,0.89857,0.89898,1.12,1.00
2015.12.08 09:31:24.375,0.89858,0.89902,1.00,1.00
2015.12.08 09:31:25.441,0.89854,0.89897,1.87,1.00
2015.12.08 09:31:25.777,0.8986,0.89903,1.50,1.00
2015.12.08 09:31:26.324,0.89859,0.89902,1.75,1.00
2015.12.08 09:31:26.453,0.89868,0.89907,1.00,1.00
2015.12.08 09:31:26.753,0.89868,0.89912,1.50,1.00
2015.12.08 09:31:27.283,0.89868,0.89912,1.37,1.00
2015.12.08 09:31:28.092,0.89867,0.89907,1.50,1.00
2015.12.08 09:31:32.143,0.89867,0.89908,1.37,1.00
2015.12.08 09:31:32.758,0.89867,0.89907,1.37,1.00
2015.12.08 09:31:33.139,0.89867,0.89907,1.12,1.00
2015.12.08 09:31:33.737,0.89866,0.89908,1.37,1.00
2015.12.08 09:31:34.789,0.89867,0.89913,1.87,1.00
2015.12.08 09:31:34.894,0.89867,0.89908,1.12,1.00
2015.12.08 09:31:35.812,0.89868,0.89912,1.00,1.00
2015.12.08 09:31:36.769,0.89866,0.89912,1.00,1.00
2015.12.08 09:31:36.996,0.89863,0.89913,1.37,1.50
2015.12.08 09:31:37.205,0.89862,0.89902,1.37,1.00
2015.12.08 09:31:37.682,0.89863,0.89907,1.37,1.00
2015.12.08 09:31:38.309,0.8986,0.89902,1.37,1.00
2015.12.08 09:31:38.531,0.89867,0.89908,1.00,1.00
2015.12.08 09:31:38.661,0.89864,0.89908,1.12,1.00
2015.12.08 09:31:38.812,0.89867,0.89908,1.00,1.00
2015.12.08 09:31:39.191,0.89869,0.89908,1.00,1.00
2015.12.08 09:31:39.266,0.89867,0.89908,1.00,1.00
2015.12.08 09:31:39.410,0.89864,0.89907,1.00,1.00
2015.12.08 09:31:39.624,0.89865,0.89903,1.00,1.00
2015.12.08 09:31:39.775,0.89863,0.89903,1.50,1.00
2015.12.08 09:31:39.868,0.89865,0.89903,1.00,1.00
2015.12.08 09:31:40.204,0.89863,0.89903,1.00,1.00
2015.12.08 09:31:40.573,0.89865,0.89903,1.00,1.00
2015.12.08 09:31:41.175,0.89864,0.89903,1.00,1.00
2015.12.08 09:31:41.304,0.89862,0.89903,1.00,1.00
2015.12.08 09:31:41.405,0.89858,0.8991,1.00,1.00
2015.12.08 09:31:41.526,0.89858,0.89898,1.00,1.00
2015.12.08 09:31:41.724,0.89859,0.89903,1.00,1.00
2015.12.08 09:31:42.078,0.89858,0.89897,1.00,1.00
2015.12.08 09:31:42.294,0.89855,0.89903,1.00,1.00
2015.12.08 09:31:42.509,0.89853,0.89903,1.00,1.00
2015.12.08 09:31:42.610,0.89853,0.89898,1.00,1.00
2015.12.08 09:31:43.113,0.89854,0.89898,1.00,1.00
2015.12.08 09:31:43.444,0.89852,0.89892,1.00,1.00
2015.12.08 09:31:43.609,0.8985,0.89892,1.00,1.00
2015.12.08 09:31:44.291,0.89851,0.89892,1.00,1.00
2015.12.08 09:31:44.793,0.89852,0.89892,1.00,1.00
2015.12.08 09:31:44.970,0.89852,0.89897,1.00,1.00
2015.12.08 09:31:45.559,0.89853,0.89897,1.00,1.00
2015.12.08 09:31:46.253,0.89852,0.89892,1.00,1.00
2015.12.08 09:31:46.778,0.89853,0.89892,1.00,1.00
2015.12.08 09:31:47.011,0.89851,0.89892,1.00,1.00
2015.12.08 09:31:47.813,0.8985,0.89892,1.00,1.00
2015.12.08 09:31:48.001,0.89848,0.89897,1.00,1.00
2015.12.08 09:31:48.233,0.89847,0.89893,1.00,1.00
2015.12.08 09:31:48.615,0.89848,0.89887,1.00,1.00
2015.12.08 09:31:49.317,0.89847,0.89888,1.00,1.00
2015.12.08 09:31:49.553,0.89849,0.89892,1.00,1.00
2015.12.08 09:31:49.763,0.89847,0.89893,1.00,1.00
2015.12.08 09:31:50.292,0.89848,0.89887,1.50,1.00
2015.12.08 09:31:58.341,0.89846,0.89888,1.00,1.00
2015.12.08 09:31:58.682,0.89848,0.89892,1.00,1.00
2015.12.08 09:32:00.655,0.89846,0.89888,1.00,1.00
2015.12.08 09:32:00.885,0.89844,0.89888,1.00,1.00
2015.12.08 09:32:00.986,0.89848,0.89887,1.00,1.00
2015.12.08 09:32:01.087,0.89842,0.89888,1.00,1.00
2015.12.08 09:32:01.599,0.89843,0.89887,1.00,1.00
2015.12.08 09:32:02.775,0.89843,0.89886,1.00,1.00
2015.12.08 09:32:02.985,0.89842,0.89888,1.00,1.00
2015.12.08 09:32:03.086,0.89842,0.89886,1.00,1.00
2015.12.08 09:32:03.193,0.89837,0.89883,1.00,1.00
2015.12.08 09:32:03.296,0.89842,0.89883,1.00,1.00
2015.12.08 09:32:03.561,0.89843,0.89887,1.00,1.00
2015.12.08 09:32:04.073,0.89844,0.89887,1.00,1.00
2015.12.08 09:32:05.204,0.89843,0.89887,1.50,1.00
2015.12.08 09:32:05.760,0.89845,0.89887,1.00,1.00
2015.12.08 09:32:06.361,0.89843,0.89887,1.50,1.00
2015.12.08 09:32:06.863,0.89845,0.89887,1.00,1.00
2015.12.08 09:32:07.063,0.89843,0.89887,1.50,1.00
2015.12.08 09:32:07.599,0.89845,0.89887,1.00,1.00
2015.12.08 09:32:07.813,0.89843,0.89887,1.00,1.00
2015.12.08 09:32:07.929,0.8984,0.89882,1.00,1.00
2015.12.08 09:32:08.268,0.89845,0.89887,1.00,1.00
2015.12.08 09:32:08.439,0.89843,0.89887,1.50,1.00
2015.12.08 09:32:09.070,0.89844,0.89887,1.00,1.00
2015.12.08 09:32:09.902,0.89843,0.89887,1.00,1.00
2015.12.08 09:32:10.122,0.89843,0.89883,1.00,1.00
2015.12.08 09:32:11.325,0.89843,0.89882,1.00,1.00
2015.12.08 09:32:11.868,0.89844,0.89883,1.00,1.00
2015.12.08 09:32:13.423,0.89845,0.89883,1.00,1.00
2015.12.08 09:32:14.177,0.89844,0.89883,1.00,1.00
2015.12.08 09:32:15.485,0.89845,0.89883,1.00,1.00
2015.12.08 09:32:15.822,0.89843,0.89883,1.00,1.00
2015.12.08 09:32:15.886,0.8984,0.89883,1.00,1.00
2015.12.08 09:32:15.988,0.89838,0.89882,1.50,1.00
2015.12.08 09:32:16.039,0.89838,0.89887,1.50,1.50
2015.12.08 09:32:16.089,0.89838,0.89885,1.00,1.00
2015.12.08 09:32:16.194,0.89838,0.89887,1.00,1.50
2015.12.08 09:32:16.362,0.89838,0.89882,1.50,1.00
2015.12.08 09:32:16.689,0.8984,0.89882,1.00,1.00
2015.12.08 09:32:17.262,0.89838,0.89882,1.50,1.00
2015.12.08 09:32:18.264,0.89838,0.89883,1.00,1.00
2015.12.08 09:32:18.925,0.89837,0.89883,1.50,1.00
2015.12.08 09:32:19.534,0.89838,0.89883,1.00,1.00
2015.12.08 09:32:20.198,0.89837,0.89883,1.50,1.00
2015.12.08 09:32:22.405,0.89838,0.89883,1.00,1.00
2015.12.08 09:32:23.508,0.89837,0.89883,1.50,1.50
2015.12.08 09:32:24.766,0.89838,0.89882,1.00,1.00
2015.12.08 09:32:25.715,0.89838,0.8988,1.00,1.00
2015.12.08 09:32:25.766,0.89834,0.89877,1.00,1.00
2015.12.08 09:32:25.826,0.89834,0.8988,1.00,1.00
2015.12.08 09:32:26.043,0.89834,0.89873,1.00,1.00
2015.12.08 09:32:26.450,0.89836,0.89873,1.00,1.00
2015.12.08 09:32:26.617,0.89833,0.89873,1.00,1.00
2015.12.08 09:32:27.082,0.89829,0.89877,1.00,1.00
2015.12.08 09:32:27.183,0.89829,0.89873,1.00,1.00
2015.12.08 09:32:27.514,0.89831,0.89872,1.00,1.00
2015.12.08 09:32:27.915,0.89832,0.89878,1.50,1.00
2015.12.08 09:32:28.072,0.89832,0.89872,1.50,1.00
2015.12.08 09:32:28.323,0.8983,0.89872,1.00,1.00
2015.12.08 09:32:28.374,0.8983,0.89878,1.00,1.00
2015.12.08 09:32:28.424,0.89829,0.89878,1.50,1.37
2015.12.08 09:32:28.734,0.89833,0.89873,1.00,1.00
2015.12.08 09:32:28.859,0.89831,0.89873,1.00,1.00
2015.12.08 09:32:28.909,0.89831,0.89868,1.00,1.00
2015.12.08 09:32:28.960,0.89829,0.89868,1.00,1.00
2015.12.08 09:32:29.504,0.89828,0.89868,1.00,1.00
2015.12.08 09:32:29.814,0.89823,0.89868,1.00,1.00
2015.12.08 09:32:29.915,0.89819,0.89863,1.00,1.00
2015.12.08 09:32:30.066,0.89817,0.89862,1.00,1.00
2015.12.08 09:32:30.117,0.89817,0.89868,1.50,1.00
2015.12.08 09:32:30.167,0.89819,0.89868,1.00,1.00
2015.12.08 09:32:30.510,0.89818,0.89858,1.00,1.00
2015.12.08 09:32:30.822,0.89827,0.89868,1.00,1.00
2015.12.08 09:32:31.042,0.89823,0.89867,1.00,1.00
2015.12.08 09:32:31.985,0.89822,0.89868,1.00,1.00
2015.12.08 09:32:32.555,0.89821,0.89868,1.00,1.00
2015.12.08 09:32:32.885,0.89823,0.89867,1.00,1.00
2015.12.08 09:32:33.545,0.89823,0.89872,1.00,1.50
2015.12.08 09:32:33.664,0.89819,0.89867,1.00,1.00
2015.12.08 09:32:34.141,0.89822,0.89868,1.50,1.00
2015.12.08 09:32:34.734,0.89823,0.89867,1.00,1.00
2015.12.08 09:32:35.145,0.89826,0.89867,1.00,1.00
2015.12.08 09:32:35.746,0.89827,0.89867,1.00,1.00
2015.12.08 09:32:36.449,0.89826,0.89867,1.00,1.00
2015.12.08 09:32:37.162,0.89827,0.89873,1.00,1.00
2015.12.08 09:32:37.703,0.89828,0.89872,1.00,1.00
2015.12.08 09:32:37.955,0.89824,0.89873,1.00,1.00
2015.12.08 09:32:38.062,0.89824,0.89867,1.00,1.00
2015.12.08 09:32:38.446,0.89826,0.89868,1.00,1.00
2015.12.08 09:32:39.001,0.89827,0.89868,1.00,1.00
2015.12.08 09:32:39.557,0.89826,0.89868,1.00,1.00
2015.12.08 09:32:39.869,0.89824,0.89868,1.00,1.00
2015.12.08 09:32:40.071,0.89827,0.89868,1.00,1.00
2015.12.08 09:32:40.702,0.89826,0.89868,1.00,1.00
2015.12.08 09:32:41.264,0.89827,0.89868,1.00,1.00
2015.12.08 09:32:41.567,0.89825,0.89868,1.00,1.00
2015.12.08 09:32:41.803,0.89828,0.89867,1.00,1.00
2015.12.08 09:32:42.312,0.89829,0.89867,1.00,1.00
2015.12.08 09:32:42.663,0.89832,0.89873,1.00,1.00
2015.12.08 09:32:44.173,0.89833,0.89873,1.00,1.00
2015.12.08 09:32:44.676,0.89834,0.89873,1.00,1.00
2015.12.08 09:32:44.777,0.89834,0.89878,1.00,1.37
2015.12.08 09:32:45.077,0.89836,0.89878,1.00,1.37
2015.12.08 09:32:45.618,0.89833,0.89878,1.00,1.37
2015.12.08 09:32:45.917,0.89828,0.89877,1.00,1.12
2015.12.08 09:32:46.092,0.8983,0.89877,1.00,1.12
2015.12.08 09:32:46.423,0.89828,0.89867,1.00,1.00
2015.12.08 09:32:46.524,0.89823,0.89868,1.00,1.00
2015.12.08 09:32:47.028,0.89823,0.89867,1.00,1.00
2015.12.08 09:32:47.930,0.89818,0.89862,1.00,1.00
2015.12.08 09:32:48.387,0.89821,0.89862,1.00,1.00
2015.12.08 09:32:48.506,0.89822,0.89868,1.00,1.00
2015.12.08 09:32:49.038,0.89817,0.89863,1.12,1.00
2015.12.08 09:32:49.392,0.89814,0.89862,1.00,1.00
2015.12.08 09:32:49.503,0.89812,0.89863,1.00,1.00
2015.12.08 09:32:49.690,0.89812,0.89858,1.00,1.00
2015.12.08 09:32:50.314,0.89814,0.89858,1.00,1.00
2015.12.08 09:32:50.365,0.89814,0.89863,1.00,1.00
2015.12.08 09:32:50.593,0.89812,0.89863,1.00,1.00
2015.12.08 09:32:50.693,0.89813,0.89857,1.00,1.00
2015.12.08 09:32:50.821,0.89813,0.89862,1.00,1.00
2015.12.08 09:32:50.931,0.89815,0.89862,1.00,1.00
2015.12.08 09:32:51.316,0.89818,0.89862,1.00,1.00
2015.12.08 09:32:53.799,0.89813,0.89867,1.00,1.50
2015.12.08 09:32:53.849,0.89813,0.89865,1.00,1.37
2015.12.08 09:32:53.900,0.89808,0.89857,1.00,1.00
2015.12.08 09:32:54.001,0.89812,0.89863,1.00,1.37
2015.12.08 09:32:54.337,0.89808,0.89852,1.50,1.00
2015.12.08 09:32:54.655,0.89818,0.89862,1.00,1.37
2015.12.08 09:32:54.756,0.89813,0.89857,1.00,1.00
2015.12.08 09:32:55.008,0.89818,0.89862,1.00,1.37
2015.12.08 09:32:55.108,0.89812,0.89858,1.00,1.00
2015.12.08 09:32:55.556,0.89814,0.89857,1.00,1.00
2015.12.08 09:32:55.659,0.89813,0.89862,1.87,1.00
2015.12.08 09:32:55.771,0.89818,0.89862,1.00,1.00
2015.12.08 09:32:58.170,0.89815,0.89857,1.00,1.00
2015.12.08 09:32:58.220,0.89813,0.89857,1.12,1.00
2015.12.08 09:32:58.271,0.89817,0.89863,1.00,1.00
2015.12.08 09:32:59.624,0.89813,0.89857,1.12,1.00
2015.12.08 09:32:59.952,0.89818,0.89857,1.00,1.00
2015.12.08 09:33:03.577,0.8982,0.89867,1.00,1.12
2015.12.08 09:33:03.628,0.8982,0.89867,1.00,3.00
2015.12.08 09:33:03.740,0.89818,0.89867,1.00,3.00
2015.12.08 09:33:03.892,0.89822,0.89867,1.00,2.25
2015.12.08 09:33:04.043,0.8982,0.89862,1.00,1.37
2015.12.08 09:33:04.764,0.8982,0.89862,1.00,1.00
2015.12.08 09:33:05.040,0.89822,0.89862,1.00,1.00
2015.12.08 09:33:05.141,0.8982,0.89862,1.50,1.00
2015.12.08 09:33:05.242,0.89822,0.89868,1.00,1.00
2015.12.08 09:33:06.347,0.89825,0.89868,1.00,1.00
2015.12.08 09:33:06.555,0.89823,0.89867,1.00,1.00
2015.12.08 09:33:06.645,0.89826,0.89867,1.00,1.00
2015.12.08 09:33:06.754,0.89823,0.89867,1.00,1.00
2015.12.08 09:33:07.047,0.89825,0.89867,1.00,1.00
2015.12.08 09:33:07.209,0.89828,0.89872,1.00,1.37
2015.12.08 09:33:07.549,0.89828,0.89867,1.00,1.00
2015.12.08 09:33:07.731,0.89828,0.89872,1.00,1.37
2015.12.08 09:33:08.200,0.89829,0.89873,1.00,1.00
2015.12.08 09:33:08.530,0.89828,0.89868,1.00,1.00
2015.12.08 09:33:09.053,0.89829,0.89868,1.00,1.00
2015.12.08 09:33:09.597,0.8983,0.89868,1.00,1.00
2015.12.08 09:33:09.755,0.89827,0.89868,1.00,1.00
2015.12.08 09:33:10.256,0.89828,0.89868,1.00,1.00
2015.12.08 09:33:10.959,0.89827,0.89868,1.50,1.00
2015.12.08 09:33:12.437,0.89829,0.89868,1.00,1.00
2015.12.08 09:33:12.964,0.89829,0.89867,1.00,1.00
2015.12.08 09:33:13.234,0.89829,0.89872,1.00,1.00
2015.12.08 09:33:13.284,0.89831,0.89872,1.00,1.00
2015.12.08 09:33:13.592,0.89836,0.89873,1.00,1.00
2015.12.08 09:33:13.881,0.89838,0.89877,1.00,1.00
2015.12.08 09:33:14.237,0.89839,0.89872,1.00,1.00
2015.12.08 09:33:14.287,0.89836,0.89872,1.00,1.00
2015.12.08 09:33:14.338,0.89836,0.89878,1.00,1.00
2015.12.08 09:33:14.541,0.89837,0.89883,1.00,1.00
2015.12.08 09:33:14.688,0.89839,0.89883,1.00,1.00
2015.12.08 09:33:14.989,0.89842,0.89883,1.00,1.00
2015.12.08 09:33:15.520,0.89843,0.89882,1.00,1.00
2015.12.08 09:33:18.760,0.89843,0.89887,1.00,1.00
2015.12.08 09:33:19.213,0.89845,0.89887,1.00,1.00
2015.12.08 09:33:19.530,0.89843,0.89888,1.00,1.00
2015.12.08 09:33:19.600,0.89847,0.89888,1.00,1.00
2015.12.08 09:33:20.263,0.89844,0.89883,1.00,1.00
2015.12.08 09:33:20.604,0.89842,0.89883,1.50,1.00
2015.12.08 09:33:20.704,0.89844,0.89883,1.50,1.00
2015.12.08 09:33:21.013,0.89848,0.89887,1.00,1.00
2015.12.08 09:33:21.064,0.89843,0.89883,1.00,1.00
2015.12.08 09:33:21.165,0.89843,0.89887,1.00,1.00
2015.12.08 09:33:21.511,0.89842,0.89883,1.00,1.00
2015.12.08 09:33:21.622,0.89842,0.89888,1.00,1.00
2015.12.08 09:33:21.695,0.89838,0.89883,1.00,1.00
2015.12.08 09:33:22.009,0.89842,0.89883,1.00,1.00
2015.12.08 09:33:23.324,0.89843,0.89887,1.00,1.00
2015.12.08 09:33:23.891,0.89838,0.89882,1.00,1.00
2015.12.08 09:33:25.355,0.89838,0.89883,1.00,1.00
2015.12.08 09:33:25.418,0.89838,0.89886,1.00,1.00
2015.12.08 09:33:25.518,0.89838,0.89884,1.00,1.00
2015.12.08 09:33:25.884,0.89832,0.89878,1.50,1.00
2015.12.08 09:33:26.202,0.89838,0.89882,1.00,1.00
2015.12.08 09:33:26.537,0.89833,0.89877,1.00,1.00
2015.12.08 09:33:27.725,0.89834,0.89877,1.00,1.00
2015.12.08 09:33:28.226,0.89833,0.89877,2.25,1.00
2015.12.08 09:33:28.641,0.89835,0.89877,1.00,1.00
2015.12.08 09:33:29.160,0.89834,0.89877,1.00,1.00
2015.12.08 09:33:29.730,0.89833,0.89877,1.00,1.00
2015.12.08 09:33:29.871,0.89829,0.89877,1.37,1.00
2015.12.08 09:33:30.182,0.89828,0.89872,1.87,1.00
2015.12.08 09:33:30.901,0.89829,0.89872,1.00,1.00
2015.12.08 09:33:31.435,0.89828,0.89873,1.50,1.00
2015.12.08 09:33:32.001,0.89829,0.89873,1.00,1.00
2015.12.08 09:33:32.162,0.89827,0.89873,1.50,1.00
2015.12.08 09:33:32.537,0.8983,0.89873,1.00,1.00
2015.12.08 09:33:32.738,0.89827,0.89873,1.50,1.00
2015.12.08 09:33:33.131,0.8983,0.89873,1.00,1.00
2015.12.08 09:33:33.239,0.89828,0.89873,1.00,1.00
2015.12.08 09:33:33.742,0.89828,0.89872,1.50,1.00
2015.12.08 09:33:35.245,0.8983,0.89872,1.00,1.00
2015.12.08 09:33:35.633,0.89832,0.89872,1.00,1.00
2015.12.08 09:33:35.683,0.89828,0.89872,1.50,1.00
2015.12.08 09:33:36.100,0.89828,0.89873,1.37,1.00
2015.12.08 09:33:36.631,0.89832,0.89873,1.00,1.00
2015.12.08 09:33:37.105,0.89832,0.89878,1.50,1.00
2015.12.08 09:33:37.235,0.89838,0.89881,1.00,1.00
2015.12.08 09:33:37.340,0.89834,0.89878,1.00,1.00
2015.12.08 09:33:37.571,0.89838,0.89882,1.00,1.00
2015.12.08 09:33:38.344,0.89834,0.89878,1.50,1.00
2015.12.08 09:33:38.560,0.89832,0.89878,1.50,1.00
2015.12.08 09:33:38.759,0.89833,0.89877,1.37,1.00
2015.12.08 09:33:39.261,0.89834,0.89878,1.37,1.00
2015.12.08 09:33:39.830,0.89835,0.89877,1.12,1.00
2015.12.08 09:33:40.362,0.89832,0.89878,1.37,1.00
2015.12.08 09:33:41.271,0.89834,0.89883,1.37,1.00
2015.12.08 09:33:41.371,0.89832,0.89883,1.50,1.00
2015.12.08 09:33:41.531,0.8983,0.89872,1.00,1.00
2015.12.08 09:33:42.082,0.89828,0.89873,1.87,1.00
2015.12.08 09:33:42.518,0.89833,0.89877,1.50,1.00
2015.12.08 09:33:44.884,0.89834,0.89877,1.00,1.00
2015.12.08 09:33:45.644,0.89835,0.89877,1.00,1.00
2015.12.08 09:33:46.190,0.89835,0.89877,1.37,1.00
2015.12.08 09:33:46.241,0.89838,0.89882,1.12,1.00
2015.12.08 09:33:46.702,0.89834,0.89879,1.37,1.00
2015.12.08 09:33:46.810,0.89834,0.89882,1.37,1.00
2015.12.08 09:33:46.861,0.89834,0.89882,1.00,1.00
2015.12.08 09:33:46.911,0.89834,0.89872,1.00,1.00
2015.12.08 09:33:47.015,0.89825,0.89873,1.00,1.00
2015.12.08 09:33:47.142,0.8983,0.89868,1.00,1.00
2015.12.08 09:33:47.197,0.89824,0.89868,1.00,1.00
2015.12.08 09:33:47.370,0.89819,0.89872,1.12,1.50
2015.12.08 09:33:47.498,0.89818,0.89868,1.87,1.50
2015.12.08 09:33:47.800,0.89818,0.89862,1.50,1.00
2015.12.08 09:33:48.751,0.89817,0.89863,1.00,1.00
2015.12.08 09:33:50.071,0.89818,0.89862,1.00,1.00
2015.12.08 09:33:50.621,0.89817,0.89863,1.50,1.00
2015.12.08 09:33:52.091,0.89817,0.89857,1.00,1.00
2015.12.08 09:33:52.707,0.89816,0.89857,1.00,1.00
2015.12.08 09:33:55.169,0.89813,0.89858,1.37,1.00
2015.12.08 09:33:55.371,0.89813,0.89863,1.37,1.00
2015.12.08 09:33:55.729,0.89814,0.89858,1.37,1.00
2015.12.08 09:33:56.250,0.89816,0.89857,1.00,1.00
2015.12.08 09:33:56.566,0.89818,0.89863,1.50,1.00
2015.12.08 09:33:56.617,0.89821,0.89863,1.00,1.00
2015.12.08 09:33:56.999,0.89824,0.89862,1.00,1.00
2015.12.08 09:33:57.049,0.89821,0.89862,1.00,1.00
2015.12.08 09:33:57.150,0.89819,0.89862,1.00,1.00
2015.12.08 09:33:57.261,0.89821,0.89862,1.00,1.00
2015.12.08 09:33:57.596,0.89824,0.89862,1.00,1.00
2015.12.08 09:33:57.853,0.89822,0.89862,1.00,1.00
2015.12.08 09:33:58.040,0.89824,0.89862,1.00,1.00
2015.12.08 09:33:58.430,0.89822,0.89862,1.00,1.00
2015.12.08 09:33:58.731,0.89824,0.89862,1.00,1.00
2015.12.08 09:33:58.896,0.89826,0.89867,1.00,1.00
2015.12.08 09:33:58.946,0.89828,0.89867,1.00,1.00
2015.12.08 09:33:59.131,0.89826,0.89867,1.00,1.00
2015.12.08 09:33:59.570,0.89824,0.89868,1.00,1.00
2015.12.08 09:33:59.632,0.89826,0.89868,1.00,1.00
2015.12.08 09:33:59.834,0.89824,0.89867,1.00,1.00
2015.12.08 09:34:00.561,0.89823,0.89867,1.00,1.00
2015.12.08 09:34:00.666,0.89823,0.89862,1.00,1.00
2015.12.08 09:34:00.737,0.8982,0.89862,1.00,1.00
2015.12.08 09:34:00.841,0.8982,0.89867,1.00,1.00
2015.12.08 09:34:01.050,0.89822,0.89868,1.00,1.00
2015.12.08 09:34:01.432,0.89819,0.89863,1.00,1.00
2015.12.08 09:34:02.341,0.89817,0.89863,1.00,1.00
2015.12.08 09:34:02.542,0.89813,0.89864,1.12,1.00
2015.12.08 09:34:02.752,0.89814,0.89858,1.00,1.00
2015.12.08 09:34:03.282,0.89807,0.89858,1.75,1.00
2015.12.08 09:34:03.481,0.89807,0.89858,1.00,1.12
2015.12.08 09:34:03.536,0.89808,0.89852,1.00,1.00
2015.12.08 09:34:03.860,0.89811,0.89852,1.00,1.00
2015.12.08 09:34:03.985,0.89808,0.89852,1.00,1.00
2015.12.08 09:34:04.245,0.8981,0.89853,1.00,1.00
2015.12.08 09:34:04.446,0.89807,0.89853,1.00,1.00
2015.12.08 09:34:04.888,0.8981,0.89853,1.00,1.00
2015.12.08 09:34:04.938,0.8981,0.89858,1.00,1.00
2015.12.08 09:34:04.989,0.89812,0.89858,1.00,1.00
2015.12.08 09:34:05.343,0.89815,0.89857,1.00,1.00
2015.12.08 09:34:05.594,0.89813,0.89857,1.00,1.00
2015.12.08 09:34:06.904,0.89809,0.89857,1.00,1.00
2015.12.08 09:34:06.955,0.89808,0.89854,1.00,1.00
2015.12.08 09:34:07.390,0.89803,0.89848,1.12,1.00
2015.12.08 09:34:07.855,0.89806,0.89848,1.00,1.00
2015.12.08 09:34:07.906,0.89807,0.89853,1.00,1.50
2015.12.08 09:34:07.957,0.8981,0.89853,1.00,1.00
2015.12.08 09:34:08.057,0.89808,0.89852,1.50,1.00
2015.12.08 09:34:08.113,0.89808,0.89858,1.00,1.00
2015.12.08 09:34:08.164,0.89811,0.89858,1.00,1.00
2015.12.08 09:34:08.487,0.89812,0.89853,1.00,1.00
2015.12.08 09:34:09.058,0.89814,0.89853,1.00,1.00
2015.12.08 09:34:09.470,0.8981,0.89853,1.00,1.00
2015.12.08 09:34:09.542,0.8981,0.89858,1.00,1.00
2015.12.08 09:34:09.699,0.89812,0.89857,1.00,1.00
2015.12.08 09:34:10.062,0.8981,0.89852,1.00,1.00
2015.12.08 09:34:10.704,0.89811,0.89852,1.00,1.00
2015.12.08 09:34:11.467,0.89812,0.89852,1.00,1.00
2015.12.08 09:34:12.469,0.89811,0.89852,1.00,1.00
2015.12.08 09:34:12.620,0.89812,0.89858,1.00,1.00
2015.12.08 09:34:12.671,0.89816,0.89858,1.00,1.00
2015.12.08 09:34:12.999,0.89818,0.89857,1.00,1.00
2015.12.08 09:34:13.086,0.89816,0.89857,1.00,1.00
2015.12.08 09:34:13.671,0.89815,0.89858,1.50,1.00
2015.12.08 09:34:14.173,0.89816,0.89857,1.00,1.00
2015.12.08 09:34:14.380,0.89823,0.89866,1.00,1.00
2015.12.08 09:34:14.930,0.89822,0.89865,1.00,1.00
2015.12.08 09:34:15.168,0.89818,0.89862,1.00,1.00
2015.12.08 09:34:16.140,0.89813,0.89857,1.50,1.00
2015.12.08 09:34:16.880,0.89814,0.89857,1.00,1.00
2015.12.08 09:34:17.248,0.89818,0.89862,1.00,1.00
2015.12.08 09:34:18.234,0.89815,0.89857,1.00,1.00
2015.12.08 09:34:18.422,0.89813,0.89857,1.50,1.00
2015.12.08 09:34:18.885,0.89815,0.89857,1.00,1.00
2015.12.08 09:34:20.088,0.89814,0.89857,1.00,1.00
2015.12.08 09:34:20.591,0.89812,0.89857,1.00,1.00
2015.12.08 09:34:21.077,0.89814,0.89858,1.00,1.00
2015.12.08 09:34:21.456,0.8981,0.89857,1.00,1.00
2015.12.08 09:34:21.592,0.89812,0.89857,1.00,1.00
2015.12.08 09:34:22.094,0.89814,0.89857,1.00,1.00
2015.12.08 09:34:22.595,0.89815,0.89857,1.00,1.00
2015.12.08 09:34:23.119,0.89814,0.89857,1.00,1.00
2015.12.08 09:34:24.300,0.89813,0.89857,1.50,1.00
2015.12.08 09:34:25.074,0.89817,0.89857,1.00,1.00
2015.12.08 09:34:25.175,0.89818,0.89862,1.00,1.00
2015.12.08 09:34:25.226,0.89815,0.89862,1.00,1.00
2015.12.08 09:34:25.404,0.89818,0.89867,1.00,1.50
2015.12.08 09:34:25.530,0.89816,0.89857,1.00,1.00
2015.12.08 09:34:25.740,0.8981,0.89857,1.00,1.00
2015.12.08 09:34:25.855,0.89817,0.89858,1.00,1.00
2015.12.08 09:34:26.387,0.89812,0.89863,1.50,1.12
2015.12.08 09:34:26.538,0.89812,0.89861,1.00,1.00
2015.12.08 09:34:26.974,0.89813,0.89857,1.50,1.00
2015.12.08 09:34:27.376,0.89817,0.89858,1.00,1.00
2015.12.08 09:34:27.581,0.89815,0.89857,1.00,1.00
2015.12.08 09:34:28.084,0.89814,0.89857,1.00,1.00
2015.12.08 09:34:28.629,0.89813,0.89857,1.50,1.00
2015.12.08 09:34:28.831,0.89817,0.89863,1.00,1.00
2015.12.08 09:34:29.497,0.89815,0.89857,1.00,1.00
2015.12.08 09:34:30.039,0.89813,0.89858,1.00,1.00
2015.12.08 09:34:30.660,0.89813,0.89857,1.00,1.00
2015.12.08 09:34:31.588,0.89811,0.89852,1.50,1.00
2015.12.08 09:34:32.435,0.89811,0.89857,1.50,1.00
2015.12.08 09:34:32.680,0.89808,0.89857,1.00,1.00
2015.12.08 09:34:32.741,0.8981,0.89857,1.00,1.00
2015.12.08 09:34:32.993,0.89803,0.89853,1.00,1.00
2015.12.08 09:34:33.301,0.89803,0.89848,1.00,1.00
2015.12.08 09:34:33.838,0.89803,0.89847,1.00,1.00
2015.12.08 09:34:34.381,0.89805,0.89847,1.00,1.00
2015.12.08 09:34:34.532,0.89807,0.89852,1.00,1.00
2015.12.08 09:34:34.785,0.89809,0.89853,1.00,1.00
2015.12.08 09:34:34.886,0.89809,0.89859,1.00,1.37
2015.12.08 09:34:35.098,0.8981,0.89853,1.00,1.00
2015.12.08 09:34:35.149,0.89807,0.89853,1.50,1.00
2015.12.08 09:34:35.530,0.89807,0.89847,1.00,1.00
2015.12.08 09:34:36.040,0.89806,0.89847,1.00,1.00
2015.12.08 09:34:36.352,0.89808,0.89848,1.00,1.00
2015.12.08 09:34:36.707,0.89813,0.89852,1.00,1.00
2015.12.08 09:34:38.077,0.89808,0.89847,1.00,1.00
2015.12.08 09:34:40.339,0.89813,0.89852,1.00,1.00
2015.12.08 09:34:42.115,0.89807,0.89848,1.00,1.00
2015.12.08 09:34:42.539,0.89812,0.89853,1.00,1.00
2015.12.08 09:34:44.999,0.89808,0.89847,1.00,1.00
2015.12.08 09:34:45.321,0.89808,0.89852,1.00,1.00
2015.12.08 09:34:45.619,0.89808,0.89847,1.50,1.00
2015.12.08 09:34:46.512,0.89809,0.89847,1.00,1.00
2015.12.08 09:34:47.522,0.89808,0.89847,1.50,1.00
2015.12.08 09:34:48.097,0.89809,0.89847,1.00,1.00
2015.12.08 09:34:48.409,0.89808,0.89853,1.00,1.00
2015.12.08 09:34:48.731,0.89808,0.89847,1.00,1.00
2015.12.08 09:34:48.942,0.89805,0.89848,1.00,1.00
2015.12.08 09:34:49.093,0.89808,0.89848,1.00,1.00
2015.12.08 09:34:49.680,0.89808,0.89847,1.50,1.00
2015.12.08 09:34:50.239,0.89813,0.89852,1.00,1.00
2015.12.08 09:34:50.721,0.89807,0.89853,2.25,1.00
2015.12.08 09:34:50.968,0.89813,0.89857,1.00,1.37
2015.12.08 09:34:51.593,0.89812,0.89858,1.00,1.37
2015.12.08 09:34:51.894,0.89813,0.89852,1.00,1.00
2015.12.08 09:34:55.190,0.89809,0.89848,1.00,1.00
2015.12.08 09:34:56.778,0.89809,0.89847,1.00,1.00
2015.12.08 09:34:57.431,0.89808,0.89847,1.50,1.00
2015.12.08 09:34:57.975,0.89807,0.89848,1.50,1.00
2015.12.08 09:34:59.371,0.89803,0.89847,1.50,1.00
2015.12.08 09:35:01.126,0.89804,0.89847,1.00,1.00
2015.12.08 09:35:02.133,0.89806,0.89847,1.00,1.00
2015.12.08 09:35:02.232,0.89804,0.89847,1.00,1.00
2015.12.08 09:35:03.136,0.89805,0.89847,1.00,1.00
2015.12.08 09:35:04.043,0.89804,0.89847,1.00,1.00
2015.12.08 09:35:04.664,0.89803,0.89847,1.50,1.00
2015.12.08 09:35:04.840,0.89805,0.89848,1.00,1.00
2015.12.08 09:35:05.019,0.89802,0.89848,1.50,1.00
2015.12.08 09:35:05.563,0.89803,0.89847,1.00,1.00
2015.12.08 09:35:06.083,0.89802,0.89848,1.00,1.00
2015.12.08 09:35:06.560,0.89798,0.89843,1.00,1.00
2015.12.08 09:35:06.872,0.89803,0.89847,1.00,1.00
2015.12.08 09:35:07.403,0.89802,0.89848,1.00,1.00
2015.12.08 09:35:08.657,0.89798,0.89843,1.00,1.00
2015.12.08 09:35:08.974,0.89798,0.89847,1.00,1.37
2015.12.08 09:35:09.205,0.89798,0.89837,1.00,1.00
2015.12.08 09:35:12.570,0.89797,0.89838,1.00,1.00
2015.12.08 09:35:13.125,0.89792,0.89833,1.50,1.00
2015.12.08 09:35:13.270,0.89792,0.89838,1.00,1.00
2015.12.08 09:35:13.381,0.89788,0.89832,1.00,1.00
2015.12.08 09:35:14.971,0.89797,0.89832,1.00,1.00
2015.12.08 09:35:15.021,0.89797,0.89837,1.00,1.00
2015.12.08 09:35:15.411,0.89799,0.89837,1.00,1.00
2015.12.08 09:35:16.022,0.89798,0.89837,1.87,1.00
2015.12.08 09:35:16.683,0.89799,0.89837,1.00,1.00
2015.12.08 09:35:17.881,0.89798,0.89837,1.87,1.00
2015.12.08 09:35:18.622,0.89792,0.89838,1.87,1.00
2015.12.08 09:35:18.952,0.89789,0.89833,3.00,1.00
2015.12.08 09:35:19.192,0.89795,0.89842,1.37,1.00
2015.12.08 09:35:19.466,0.89796,0.89837,1.37,1.00
2015.12.08 09:35:19.517,0.89797,0.89843,1.37,1.00
2015.12.08 09:35:20.083,0.89796,0.89837,1.37,1.00
2015.12.08 09:35:20.596,0.89798,0.89842,1.37,1.00
2015.12.08 09:35:20.948,0.89792,0.89847,1.50,1.12
2015.12.08 09:35:20.999,0.89793,0.89844,1.37,1.00
2015.12.08 09:35:21.312,0.89793,0.89838,1.37,1.00
2015.12.08 09:35:21.654,0.89791,0.89833,2.25,1.00
2015.12.08 09:35:21.705,0.89787,0.89833,1.00,1.00
2015.12.08 09:35:21.810,0.89783,0.89827,1.37,1.00
2015.12.08 09:35:21.943,0.89783,0.89832,1.37,1.00
2015.12.08 09:35:22.094,0.89788,0.89832,1.00,1.00
2015.12.08 09:35:22.474,0.89785,0.89836,1.37,1.37
2015.12.08 09:35:22.529,0.89789,0.89835,1.00,1.12
2015.12.08 09:35:22.897,0.89783,0.89827,1.37,1.00
2015.12.08 09:35:23.941,0.89788,0.89832,1.00,1.00
2015.12.08 09:35:24.042,0.89783,0.89827,1.37,1.00
2015.12.08 09:35:24.600,0.89788,0.89837,1.00,1.00
2015.12.08 09:35:24.700,0.89789,0.89832,1.00,1.00
2015.12.08 09:35:24.801,0.89793,0.89837,1.00,1.00
2015.12.08 09:35:25.706,0.89792,0.89838,1.00,1.00
2015.12.08 09:35:25.811,0.89788,0.89842,1.00,1.00
2015.12.08 09:35:25.907,0.89792,0.89842,1.00,1.00
2015.12.08 09:35:26.208,0.8979,0.89832,1.50,1.00
2015.12.08 09:35:26.701,0.89793,0.89837,1.37,1.00
2015.12.08 09:35:28.132,0.89797,0.89837,1.00,1.00
2015.12.08 09:35:28.241,0.89795,0.89838,1.12,1.00
2015.12.08 09:35:28.815,0.89793,0.89837,1.37,1.00
2015.12.08 09:35:29.399,0.89794,0.89838,1.37,1.00
2015.12.08 09:35:29.927,0.89794,0.89837,1.37,1.00
2015.12.08 09:35:31.322,0.89797,0.89837,1.00,1.00
2015.12.08 09:35:31.850,0.89793,0.89843,1.37,1.00
2015.12.08 09:35:32.077,0.89794,0.89837,1.37,1.00
2015.12.08 09:35:32.480,0.89797,0.89843,1.00,1.00
2015.12.08 09:35:33.501,0.89795,0.89838,1.37,1.00
2015.12.08 09:35:33.911,0.89798,0.89842,1.00,1.00
2015.12.08 09:35:34.431,0.89797,0.89843,1.50,1.00
2015.12.08 09:35:34.588,0.89798,0.89848,1.50,1.00
2015.12.08 09:35:34.639,0.89798,0.89846,1.00,1.00
2015.12.08 09:35:34.732,0.89798,0.89849,1.00,1.00
2015.12.08 09:35:34.899,0.89798,0.89842,1.00,1.00
2015.12.08 09:35:35.434,0.89799,0.89842,1.00,1.00
2015.12.08 09:35:35.988,0.89798,0.89842,1.00,1.00
2015.12.08 09:35:36.570,0.89798,0.89842,1.37,1.00
2015.12.08 09:35:38.719,0.89798,0.89842,1.50,1.00
2015.12.08 09:35:39.130,0.89797,0.89838,1.00,1.00
2015.12.08 09:35:39.243,0.89795,0.89838,1.00,1.00
2015.12.08 09:35:39.381,0.89797,0.89838,1.00,1.00
2015.12.08 09:35:40.002,0.89796,0.89838,1.00,1.00
2015.12.08 09:35:41.850,0.89794,0.89838,1.00,1.00
2015.12.08 09:35:42.370,0.89795,0.89838,1.00,1.00
2015.12.08 09:35:43.052,0.89796,0.89838,1.00,1.00
2015.12.08 09:35:43.591,0.89795,0.89838,1.00,1.00
2015.12.08 09:35:43.809,0.89794,0.89832,1.00,1.00
2015.12.08 09:35:43.923,0.89794,0.89837,1.00,1.00
2015.12.08 09:35:44.450,0.89793,0.89837,1.00,1.00
2015.12.08 09:35:47.163,0.89793,0.89834,1.00,1.00
2015.12.08 09:35:47.263,0.89787,0.89838,1.37,1.00
2015.12.08 09:35:47.364,0.89783,0.89832,3.00,1.00
2015.12.08 09:35:47.700,0.89783,0.89822,2.25,1.00
2015.12.08 09:35:47.880,0.89783,0.89827,3.00,1.50
2015.12.08 09:35:48.132,0.89783,0.89822,3.00,1.00
2015.12.08 09:35:48.404,0.89783,0.89822,1.50,1.00
2015.12.08 09:35:49.167,0.89785,0.89822,1.00,1.00
2015.12.08 09:35:49.368,0.89783,0.89822,1.00,1.00
2015.12.08 09:35:49.529,0.89787,0.89828,1.00,1.00
2015.12.08 09:35:52.829,0.89783,0.89823,1.50,1.00
2015.12.08 09:35:53.339,0.89784,0.89823,1.50,1.00
2015.12.08 09:35:53.389,0.89784,0.89827,1.50,1.00
2015.12.08 09:35:53.930,0.89783,0.89827,1.50,1.00
2015.12.08 09:35:54.179,0.89785,0.89827,1.00,1.00
2015.12.08 09:35:54.515,0.89788,0.89827,1.00,1.00
2015.12.08 09:35:55.399,0.89783,0.89827,1.87,1.00
2015.12.08 09:35:56.030,0.89783,0.89828,1.37,1.00
2015.12.08 09:35:56.573,0.89784,0.89822,1.12,1.00
2015.12.08 09:35:58.290,0.89781,0.89822,1.87,1.00
2015.12.08 09:35:58.341,0.89781,0.89827,1.87,1.00
2015.12.08 09:35:58.537,0.89778,0.89822,1.75,1.00
2015.12.08 09:35:58.638,0.89777,0.89822,1.00,1.00
2015.12.08 09:35:58.792,0.89777,0.89817,1.00,1.00
2015.12.08 09:35:58.919,0.89775,0.89817,1.00,1.00
2015.12.08 09:35:59.111,0.89775,0.89812,1.00,1.00
2015.12.08 09:35:59.739,0.89774,0.89812,1.00,1.00
2015.12.08 09:36:00.241,0.89774,0.89813,1.00,1.00
2015.12.08 09:36:00.831,0.89772,0.89813,1.37,1.00
2015.12.08 09:36:00.887,0.89768,0.89812,1.00,1.00
2015.12.08 09:36:01.229,0.89766,0.89808,1.00,1.00
2015.12.08 09:36:01.750,0.89767,0.89808,1.00,1.00
2015.12.08 09:36:02.301,0.89768,0.89807,1.00,1.00
2015.12.08 09:36:02.501,0.89766,0.89807,1.00,1.00
2015.12.08 09:36:03.042,0.89764,0.89807,1.37,1.00
2015.12.08 09:36:04.105,0.89768,0.89807,1.00,1.00
2015.12.08 09:36:04.617,0.89767,0.89807,1.00,1.00
2015.12.08 09:36:05.384,0.89768,0.89807,1.00,1.00
2015.12.08 09:36:06.017,0.89766,0.89807,1.00,1.00
2015.12.08 09:36:06.705,0.89767,0.89807,1.00,1.00
2015.12.08 09:36:07.516,0.89766,0.89807,1.12,1.00
2015.12.08 09:36:07.916,0.89768,0.89807,1.00,1.00
2015.12.08 09:36:08.652,0.89769,0.89807,1.00,1.00
2015.12.08 09:36:09.219,0.89768,0.89807,1.00,1.00
2015.12.08 09:36:10.540,0.89768,0.89813,1.00,1.00
2015.12.08 09:36:11.046,0.89769,0.89813,1.50,1.00
2015.12.08 09:36:11.656,0.8977,0.89813,1.00,1.00
2015.12.08 09:36:13.291,0.8977,0.89812,1.00,1.00
2015.12.08 09:36:13.828,0.89771,0.89812,1.00,1.00
2015.12.08 09:36:13.879,0.89773,0.89813,1.00,1.00
2015.12.08 09:36:14.181,0.89775,0.89817,1.00,1.00
2015.12.08 09:36:14.232,0.89778,0.89817,1.00,1.00
2015.12.08 09:36:14.564,0.8978,0.89818,1.00,1.00
2015.12.08 09:36:15.288,0.8978,0.89817,1.00,1.00
2015.12.08 09:36:17.439,0.89778,0.89817,1.12,1.00
2015.12.08 09:36:18.034,0.89779,0.89817,1.50,1.00
2015.12.08 09:36:18.441,0.89781,0.89817,1.00,1.00
2015.12.08 09:36:19.009,0.89781,0.89823,1.00,1.00
2015.12.08 09:36:20.349,0.89781,0.89822,1.00,1.00
2015.12.08 09:36:21.049,0.89779,0.89822,1.00,1.00
2015.12.08 09:36:21.850,0.8978,0.89822,1.00,1.00
2015.12.08 09:36:22.351,0.89779,0.89822,1.00,1.00
2015.12.08 09:36:22.953,0.89781,0.89822,1.00,1.00
2015.12.08 09:36:23.254,0.89779,0.89822,1.50,1.00
2015.12.08 09:36:23.554,0.89781,0.89822,1.00,1.00
2015.12.08 09:36:24.158,0.89779,0.89822,1.00,1.00
2015.12.08 09:36:24.691,0.89778,0.89822,1.50,1.00
2015.12.08 09:36:25.270,0.89779,0.89822,1.00,1.00
2015.12.08 09:36:25.865,0.89778,0.89822,1.50,1.00
2015.12.08 09:36:25.993,0.89782,0.89822,1.00,1.00
2015.12.08 09:36:26.526,0.89782,0.89823,1.00,1.00
2015.12.08 09:36:26.667,0.8978,0.89823,1.00,1.00
2015.12.08 09:36:26.978,0.89778,0.89822,1.50,1.00
2015.12.08 09:36:27.989,0.89781,0.89822,1.00,1.00
2015.12.08 09:36:29.720,0.89778,0.89822,1.50,1.00
2015.12.08 09:36:29.855,0.89781,0.89822,1.00,1.00
2015.12.08 09:36:30.145,0.89784,0.89827,1.00,1.00
2015.12.08 09:36:30.395,0.89783,0.89822,1.00,1.00
2015.12.08 09:36:30.601,0.89785,0.89827,1.00,1.00
2015.12.08 09:36:30.840,0.89782,0.89827,1.00,1.00
2015.12.08 09:36:31.047,0.89784,0.89827,1.00,1.00
2015.12.08 09:36:31.250,0.89788,0.89832,1.00,1.00
2015.12.08 09:36:31.401,0.89787,0.89827,1.00,1.00
2015.12.08 09:36:31.469,0.89788,0.89832,1.00,1.00
2015.12.08 09:36:31.590,0.89787,0.89827,1.00,1.00
2015.12.08 09:36:32.804,0.89789,0.89827,1.00,1.00
2015.12.08 09:36:32.904,0.89787,0.89827,1.00,1.00
2015.12.08 09:36:33.105,0.8979,0.89827,1.00,1.00
2015.12.08 09:36:33.356,0.89789,0.89832,1.50,1.00
2015.12.08 09:36:33.739,0.89791,0.89832,1.00,1.00
2015.12.08 09:36:34.049,0.89795,0.89833,1.00,1.00
2015.12.08 09:36:34.359,0.89795,0.89837,1.00,1.00
2015.12.08 09:36:34.830,0.89797,0.89837,1.50,1.00
2015.12.08 09:36:34.880,0.89797,0.89843,1.50,1.00
2015.12.08 09:36:35.039,0.89793,0.89843,1.00,1.00
2015.12.08 09:36:35.099,0.89793,0.89832,1.00,1.00
2015.12.08 09:36:35.311,0.89791,0.89832,1.00,1.00
2015.12.08 09:36:35.530,0.89788,0.89832,1.50,1.00
2015.12.08 09:36:35.580,0.89788,0.89828,1.00,1.00
2015.12.08 09:36:36.050,0.8979,0.89828,1.00,1.00
2015.12.08 09:36:36.414,0.89788,0.89828,1.00,1.00
2015.12.08 09:36:36.539,0.89788,0.89832,1.50,1.00
2015.12.08 09:36:36.752,0.89788,0.89828,1.00,1.00
2015.12.08 09:36:38.162,0.89786,0.89828,1.00,1.00
2015.12.08 09:36:38.219,0.89784,0.89828,1.00,1.00
2015.12.08 09:36:38.508,0.89783,0.89822,1.00,1.00
2015.12.08 09:36:38.871,0.89782,0.89827,1.00,1.00
2015.12.08 09:36:38.921,0.89784,0.89827,1.00,1.00
2015.12.08 09:36:39.227,0.89787,0.89828,1.00,1.00
2015.12.08 09:36:40.174,0.89786,0.89822,1.50,1.00
2015.12.08 09:36:40.279,0.89788,0.89827,1.00,1.00
2015.12.08 09:36:42.230,0.89789,0.89827,1.00,1.00
2015.12.08 09:36:43.888,0.8979,0.89827,1.00,1.00
2015.12.08 09:36:43.939,0.89788,0.89827,1.00,1.00
2015.12.08 09:36:46.240,0.89789,0.89827,1.00,1.00
2015.12.08 09:36:46.741,0.89791,0.89828,1.00,1.00
2015.12.08 09:36:47.246,0.89792,0.89828,1.00,1.00
2015.12.08 09:36:47.947,0.89792,0.89827,1.00,1.00
2015.12.08 09:36:50.828,0.89792,0.89828,1.00,1.00
2015.12.08 09:36:50.879,0.8979,0.89828,1.50,1.00
2015.12.08 09:36:51.151,0.89788,0.89827,1.50,1.00
2015.12.08 09:36:51.695,0.89787,0.89828,1.00,1.00
2015.12.08 09:36:52.619,0.89788,0.89827,1.00,1.00
2015.12.08 09:36:53.280,0.89789,0.89827,1.00,1.00
2015.12.08 09:36:53.860,0.89788,0.89827,1.00,1.00
2015.12.08 09:36:54.579,0.89785,0.89823,1.00,1.00
2015.12.08 09:36:55.210,0.89784,0.89822,1.00,1.00
2015.12.08 09:36:55.672,0.89788,0.89827,1.00,1.00
2015.12.08 09:36:55.819,0.89784,0.89822,1.50,1.00
2015.12.08 09:36:56.473,0.89788,0.89827,1.00,1.00
2015.12.08 09:36:58.641,0.89784,0.89823,1.00,1.00
2015.12.08 09:36:59.189,0.89785,0.89823,1.00,1.00
2015.12.08 09:36:59.328,0.89787,0.89828,1.00,1.00
2015.12.08 09:36:59.428,0.89783,0.89827,1.50,1.00
2015.12.08 09:36:59.529,0.89782,0.89823,1.00,1.00
2015.12.08 09:36:59.580,0.89778,0.89823,1.00,1.00
2015.12.08 09:36:59.630,0.89778,0.89817,1.00,1.00
2015.12.08 09:36:59.748,0.89778,0.89822,1.00,1.00
2015.12.08 09:36:59.849,0.89775,0.89817,1.37,1.00
2015.12.08 09:37:00.265,0.89782,0.89817,1.00,1.00
2015.12.08 09:37:00.629,0.89779,0.89818,1.00,1.00
2015.12.08 09:37:00.683,0.89781,0.89818,1.00,1.00
2015.12.08 09:37:00.839,0.89781,0.89823,1.00,1.00
2015.12.08 09:37:00.990,0.89783,0.89823,1.00,1.00
2015.12.08 09:37:01.172,0.89788,0.89832,1.00,1.00
2015.12.08 09:37:02.061,0.89787,0.89827,1.00,1.00
2015.12.08 09:37:02.889,0.89784,0.89827,1.00,1.00
2015.12.08 09:37:02.940,0.89784,0.89837,1.00,1.50
2015.12.08 09:37:02.990,0.89785,0.89834,1.00,1.00
2015.12.08 09:37:03.089,0.89783,0.89834,2.25,1.50
2015.12.08 09:37:03.147,0.89783,0.89827,2.25,1.00
2015.12.08 09:37:04.488,0.89783,0.89822,1.00,1.00
2015.12.08 09:37:04.539,0.8978,0.89822,1.00,1.00
2015.12.08 09:37:04.640,0.89783,0.89822,1.00,1.00
2015.12.08 09:37:04.845,0.89783,0.89828,1.00,1.00
2015.12.08 09:37:05.999,0.89782,0.89824,1.00,1.00
2015.12.08 09:37:06.049,0.89778,0.89822,1.00,1.00
2015.12.08 09:37:06.100,0.89778,0.8982,1.00,1.00
2015.12.08 09:37:06.230,0.89772,0.8982,2.25,1.00
2015.12.08 09:37:06.348,0.89773,0.89817,1.50,1.00
2015.12.08 09:37:06.914,0.89779,0.89823,1.00,1.37
2015.12.08 09:37:07.533,0.89778,0.89823,1.00,1.37
2015.12.08 09:37:07.835,0.89774,0.89818,1.00,1.00
2015.12.08 09:37:08.218,0.89772,0.89818,1.50,1.00
2015.12.08 09:37:08.999,0.89772,0.89819,1.00,1.50
2015.12.08 09:37:09.199,0.89772,0.89813,1.00,1.00
2015.12.08 09:37:09.408,0.89769,0.89813,1.00,1.00
2015.12.08 09:37:10.019,0.89769,0.89811,1.00,2.25
2015.12.08 09:37:10.511,0.89772,0.89811,1.00,2.25
2015.12.08 09:37:11.535,0.89769,0.89811,1.00,2.25
2015.12.08 09:37:11.738,0.89765,0.89811,1.00,2.25
2015.12.08 09:37:12.054,0.89763,0.89811,1.00,2.25
2015.12.08 09:37:12.105,0.89763,0.89807,1.00,1.00
2015.12.08 09:37:12.532,0.8976,0.89802,1.00,1.00
2015.12.08 09:37:12.642,0.89758,0.89802,1.00,1.00
2015.12.08 09:37:12.743,0.89763,0.89807,1.00,1.00
2015.12.08 09:37:13.059,0.89758,0.89802,1.50,1.00
2015.12.08 09:37:13.386,0.89763,0.89807,1.00,1.00
2015.12.08 09:37:13.715,0.8976,0.89803,1.50,1.00
2015.12.08 09:37:14.124,0.89758,0.89803,1.00,1.00
2015.12.08 09:37:14.217,0.89758,0.898,1.00,2.25
2015.12.08 09:37:14.573,0.8976,0.898,1.00,2.25
2015.12.08 09:37:14.674,0.89758,0.898,1.50,2.25
2015.12.08 09:37:14.774,0.8976,0.898,1.00,2.25
2015.12.08 09:37:15.079,0.89763,0.898,1.00,2.25
2015.12.08 09:37:15.483,0.89761,0.89798,1.00,1.37
2015.12.08 09:37:15.534,0.89759,0.89798,1.00,1.37
2015.12.08 09:37:15.829,0.89757,0.89798,1.00,1.37
2015.12.08 09:37:16.388,0.89756,0.89797,1.00,1.12
2015.12.08 09:37:16.488,0.89753,0.89798,1.00,1.37
2015.12.08 09:37:16.868,0.89753,0.89797,1.00,1.37
2015.12.08 09:37:16.969,0.89747,0.89793,1.50,1.00
2015.12.08 09:37:17.120,0.89747,0.89788,1.50,1.00
2015.12.08 09:37:17.452,0.89748,0.89795,1.00,1.12
2015.12.08 09:37:17.836,0.89748,0.89787,1.00,1.00
2015.12.08 09:37:17.888,0.89745,0.89788,1.00,1.00
2015.12.08 09:37:18.000,0.89748,0.89792,1.00,1.00
2015.12.08 09:37:18.050,0.8975,0.89792,1.00,1.00
2015.12.08 09:37:18.441,0.89758,0.89797,1.00,1.37
2015.12.08 09:37:18.592,0.89753,0.89792,1.50,1.00
2015.12.08 09:37:18.880,0.89758,0.89797,1.00,1.37
2015.12.08 09:37:19.672,0.89753,0.89792,1.50,1.00
2015.12.08 09:37:20.746,0.89754,0.89792,1.00,1.00
2015.12.08 09:37:20.979,0.89757,0.89792,1.00,1.00
2015.12.08 09:37:21.195,0.89756,0.89796,1.00,2.25
2015.12.08 09:37:21.739,0.89757,0.89796,1.00,2.25
2015.12.08 09:37:21.790,0.89757,0.89797,1.00,1.50
2015.12.08 09:37:22.732,0.89756,0.89792,1.00,1.00
2015.12.08 09:37:23.374,0.89757,0.89792,1.00,1.00
2015.12.08 09:37:24.053,0.89756,0.89792,1.00,1.00
2015.12.08 09:37:24.496,0.89757,0.89798,1.00,3.00
2015.12.08 09:37:24.555,0.89759,0.89798,1.00,3.00
2015.12.08 09:37:24.656,0.89763,0.89803,1.00,1.75
2015.12.08 09:37:24.757,0.89761,0.89803,1.00,1.75
2015.12.08 09:37:24.920,0.89761,0.89797,1.00,1.00
2015.12.08 09:37:24.971,0.89761,0.89803,1.00,1.75
2015.12.08 09:37:25.487,0.89762,0.89803,1.00,1.75
2015.12.08 09:37:25.917,0.8976,0.89802,1.00,1.50
2015.12.08 09:37:26.428,0.89761,0.89802,1.00,1.50
2015.12.08 09:37:26.961,0.8976,0.89802,1.00,1.50
2015.12.08 09:37:27.463,0.89759,0.89802,1.00,1.50
2015.12.08 09:37:27.797,0.89759,0.89803,1.00,1.12
2015.12.08 09:37:28.015,0.89757,0.89803,1.00,1.12
2015.12.08 09:37:28.228,0.89757,0.89797,1.00,1.00
2015.12.08 09:37:28.375,0.89758,0.89802,1.00,1.00
2015.12.08 09:37:28.940,0.89759,0.89803,1.00,1.00
2015.12.08 09:37:29.471,0.89758,0.89802,1.00,1.00
2015.12.08 09:37:30.308,0.89759,0.89802,1.00,1.00
2015.12.08 09:37:30.431,0.89759,0.89797,1.00,1.00
2015.12.08 09:37:30.874,0.89757,0.89798,1.00,1.00
2015.12.08 09:37:30.975,0.89754,0.89798,1.00,1.00
2015.12.08 09:37:31.075,0.89752,0.89798,1.00,1.00
2015.12.08 09:37:31.198,0.89752,0.89792,1.00,1.00
2015.12.08 09:37:31.970,0.89752,0.89798,1.50,1.00
2015.12.08 09:37:32.176,0.89755,0.89798,1.00,1.00
2015.12.08 09:37:32.308,0.89752,0.89798,1.00,1.00
2015.12.08 09:37:32.909,0.89753,0.89797,1.00,1.00
2015.12.08 09:37:33.553,0.89752,0.89798,1.00,1.00
2015.12.08 09:37:33.841,0.89751,0.89801,1.00,1.00
2015.12.08 09:37:34.032,0.89748,0.898,1.00,1.00
2015.12.08 09:37:34.133,0.8975,0.89802,1.00,1.50
2015.12.08 09:37:34.436,0.89752,0.89792,1.00,1.00
2015.12.08 09:37:34.737,0.89758,0.89802,1.00,1.00
2015.12.08 09:37:35.756,0.89758,0.89797,1.00,1.00
2015.12.08 09:37:35.906,0.89756,0.89797,1.00,1.00
2015.12.08 09:37:36.007,0.89753,0.89797,1.50,1.00
2015.12.08 09:37:36.241,0.89751,0.89797,1.00,1.00
2015.12.08 09:37:36.392,0.8975,0.898,1.00,1.00
2015.12.08 09:37:36.543,0.89749,0.89798,1.00,1.00
2015.12.08 09:37:36.909,0.89752,0.89793,1.00,1.00
2015.12.08 09:37:37.110,0.89749,0.89792,1.00,1.00
2015.12.08 09:37:37.344,0.89753,0.89798,1.00,1.00
2015.12.08 09:37:37.394,0.89753,0.89793,1.00,1.00
2015.12.08 09:37:37.495,0.89754,0.89802,1.00,1.00
2015.12.08 09:37:37.546,0.89748,0.89802,1.50,1.50
2015.12.08 09:37:37.712,0.8975,0.898,1.00,1.00
2015.12.08 09:37:38.113,0.89747,0.89793,2.25,1.00
2015.12.08 09:37:38.567,0.89748,0.89787,1.00,1.00
2015.12.08 09:37:39.437,0.89751,0.89787,1.00,1.00
2015.12.08 09:37:40.119,0.8975,0.89787,1.00,1.00
2015.12.08 09:37:40.520,0.89748,0.89787,1.00,1.00
2015.12.08 09:37:40.771,0.89747,0.89792,1.00,1.00
2015.12.08 09:37:40.923,0.89748,0.89796,1.00,1.00
2015.12.08 09:37:41.098,0.89748,0.89787,1.00,1.00
2015.12.08 09:37:41.777,0.89748,0.89792,1.00,1.00
2015.12.08 09:37:42.258,0.89753,0.89792,1.00,1.00
2015.12.08 09:37:42.596,0.89758,0.89797,1.00,1.00
2015.12.08 09:37:42.927,0.89753,0.89792,1.00,1.00
2015.12.08 09:37:43.614,0.89753,0.89798,1.00,1.00
2015.12.08 09:37:43.729,0.89752,0.89794,1.00,1.00
2015.12.08 09:37:43.780,0.89748,0.89794,1.00,1.00
2015.12.08 09:37:44.068,0.89744,0.89787,1.00,1.00
2015.12.08 09:37:44.218,0.89748,0.89792,1.00,1.00
2015.12.08 09:37:44.269,0.89746,0.89792,1.00,1.00
2015.12.08 09:37:44.369,0.89751,0.89792,1.00,1.00
2015.12.08 09:37:44.420,0.89751,0.89798,1.00,1.87
2015.12.08 09:37:44.521,0.89753,0.89797,1.00,1.37
2015.12.08 09:37:44.718,0.89748,0.89792,1.50,1.00
2015.12.08 09:37:44.769,0.89753,0.89794,1.00,1.00
2015.12.08 09:37:45.067,0.89753,0.89797,1.00,1.37
2015.12.08 09:37:45.571,0.89753,0.89795,1.00,1.00
2015.12.08 09:37:45.626,0.89748,0.89792,1.00,1.00
2015.12.08 09:37:48.648,0.89754,0.89792,1.00,1.00
2015.12.08 09:37:48.699,0.89754,0.89796,1.00,1.00
2015.12.08 09:37:48.750,0.89756,0.89798,1.00,1.00
2015.12.08 09:37:48.910,0.89758,0.89802,1.00,1.00
2015.12.08 09:37:49.379,0.89758,0.89799,1.00,1.00
2015.12.08 09:37:49.480,0.89758,0.89802,1.00,1.00
2015.12.08 09:37:50.339,0.89757,0.89803,1.00,1.00
2015.12.08 09:37:51.998,0.89759,0.89803,1.00,1.00
2015.12.08 09:37:52.250,0.89761,0.89808,1.00,1.00
2015.12.08 09:37:52.301,0.89766,0.89808,1.00,1.00
2015.12.08 09:37:52.561,0.89767,0.89813,1.00,1.00
2015.12.08 09:37:53.165,0.89771,0.89813,1.00,1.00
2015.12.08 09:37:53.216,0.89771,0.89818,1.00,1.00
2015.12.08 09:37:53.747,0.89769,0.89819,1.00,1.00
2015.12.08 09:37:53.901,0.89768,0.89817,1.50,1.00
2015.12.08 09:37:54.276,0.89767,0.89813,1.00,1.12
2015.12.08 09:37:54.328,0.89758,0.89812,1.00,1.00
2015.12.08 09:37:54.382,0.89757,0.89808,1.12,1.00
2015.12.08 09:37:54.684,0.89758,0.89797,1.00,1.37
2015.12.08 09:37:55.288,0.89752,0.89793,1.00,1.00
2015.12.08 09:37:55.947,0.89752,0.89798,1.00,1.37
2015.12.08 09:37:56.127,0.89752,0.89798,1.00,1.00
2015.12.08 09:37:56.177,0.89757,0.89802,1.00,1.00
2015.12.08 09:37:56.507,0.89763,0.89802,1.00,1.00
2015.12.08 09:38:00.168,0.89758,0.89802,1.50,1.00
2015.12.08 09:38:00.348,0.89762,0.89803,1.00,1.00
2015.12.08 09:38:01.033,0.89758,0.89802,1.00,1.00
2015.12.08 09:38:01.386,0.89758,0.89798,1.00,1.00
2015.12.08 09:38:01.451,0.8975,0.89798,1.00,1.00
2015.12.08 09:38:01.502,0.89747,0.89795,1.00,1.00
2015.12.08 09:38:01.815,0.89748,0.89792,1.00,1.00
2015.12.08 09:38:03.654,0.89747,0.89793,2.25,1.50
2015.12.08 09:38:04.156,0.89748,0.89792,1.50,1.00
2015.12.08 09:38:04.657,0.89748,0.89793,1.50,1.00
2015.12.08 09:38:05.058,0.89753,0.89797,1.50,1.00
2015.12.08 09:38:05.468,0.89758,0.89802,1.00,1.87
2015.12.08 09:38:06.006,0.89757,0.89802,1.00,1.00
2015.12.08 09:38:06.508,0.89756,0.89797,1.00,1.00
2015.12.08 09:38:06.559,0.89753,0.89797,1.00,1.00
2015.12.08 09:38:06.839,0.89752,0.89793,1.00,1.00
2015.12.08 09:38:07.614,0.89751,0.89793,1.00,1.00
2015.12.08 09:38:09.917,0.89751,0.89792,1.00,1.00
2015.12.08 09:38:10.139,0.89754,0.89797,1.00,1.00
2015.12.08 09:38:10.366,0.89752,0.89798,2.25,1.00
2015.12.08 09:38:10.922,0.89754,0.89798,1.00,1.00
2015.12.08 09:38:11.678,0.89754,0.89797,1.00,1.00
2015.12.08 09:38:12.399,0.89755,0.89797,1.00,1.00
2015.12.08 09:38:16.847,0.89755,0.89798,1.00,1.00
2015.12.08 09:38:20.147,0.89755,0.89797,1.00,1.00
2015.12.08 09:38:20.948,0.89754,0.89797,1.00,1.00
2015.12.08 09:38:21.680,0.89755,0.89797,1.00,1.00
2015.12.08 09:38:22.652,0.89754,0.89797,1.00,1.00
2015.12.08 09:38:26.866,0.89753,0.89797,1.00,1.00
2015.12.08 09:38:27.343,0.8975,0.89793,1.00,1.00
2015.12.08 09:38:27.394,0.89748,0.89793,1.00,1.00
2015.12.08 09:38:27.867,0.89753,0.89794,1.00,1.00
2015.12.08 09:38:28.169,0.89753,0.89797,1.00,1.00
2015.12.08 09:38:29.168,0.89753,0.89794,1.00,1.00
2015.12.08 09:38:29.323,0.89746,0.89794,1.00,1.00
2015.12.08 09:38:29.496,0.89745,0.89787,1.00,1.00
2015.12.08 09:38:30.070,0.89745,0.89788,1.00,1.00
2015.12.08 09:38:30.818,0.89745,0.89787,1.00,1.00
2015.12.08 09:38:31.147,0.89748,0.89792,1.00,1.00
2015.12.08 09:38:31.696,0.89745,0.89788,1.00,1.00
2015.12.08 09:38:34.336,0.89747,0.89793,1.00,1.50
2015.12.08 09:38:34.777,0.89745,0.89787,1.00,1.00
2015.12.08 09:38:35.785,0.89746,0.89787,1.00,1.00
2015.12.08 09:38:37.709,0.89744,0.89787,1.00,1.00
2015.12.08 09:38:37.760,0.89747,0.89792,1.00,1.00
2015.12.08 09:38:37.861,0.89742,0.89788,1.00,1.00
2015.12.08 09:38:38.337,0.89744,0.89787,1.00,1.00
2015.12.08 09:38:38.948,0.89744,0.89788,1.00,1.00
2015.12.08 09:38:39.393,0.89746,0.89788,1.00,1.00
2015.12.08 09:38:39.938,0.89746,0.89787,1.00,1.00
2015.12.08 09:38:40.319,0.89748,0.89792,1.00,1.00
2015.12.08 09:38:40.496,0.89746,0.89792,1.00,1.00
2015.12.08 09:38:40.837,0.89748,0.89792,1.00,1.00
2015.12.08 09:38:41.376,0.89748,0.89793,1.12,1.00
2015.12.08 09:38:44.066,0.89747,0.89793,1.87,1.00
2015.12.08 09:38:45.108,0.8975,0.89793,1.00,1.00
2015.12.08 09:38:45.709,0.89747,0.89793,1.37,1.00
2015.12.08 09:38:48.196,0.89752,0.89798,1.00,2.25
2015.12.08 09:38:48.783,0.89747,0.89793,1.50,1.00
2015.12.08 09:38:49.186,0.89748,0.89797,1.00,1.50
2015.12.08 09:38:49.405,0.89747,0.89793,1.50,1.00
2015.12.08 09:38:49.838,0.89749,0.89793,1.00,1.00
2015.12.08 09:38:50.177,0.89746,0.89793,1.00,1.00
2015.12.08 09:38:50.228,0.8975,0.89793,1.00,1.00
2015.12.08 09:38:50.329,0.89744,0.89792,1.00,1.00
2015.12.08 09:38:50.397,0.89752,0.89792,1.00,1.00
2015.12.08 09:38:50.792,0.89758,0.89792,1.00,1.00
2015.12.08 09:38:50.843,0.89753,0.89792,1.00,1.00
2015.12.08 09:38:51.023,0.89752,0.89794,1.00,1.00
2015.12.08 09:38:51.324,0.89747,0.89793,1.00,1.00
2015.12.08 09:38:51.825,0.89748,0.89793,1.00,1.00
2015.12.08 09:38:52.176,0.89753,0.89796,1.00,1.37
2015.12.08 09:38:55.126,0.89748,0.89792,1.50,1.00
2015.12.08 09:38:55.396,0.89748,0.89792,1.87,1.00
2015.12.08 09:38:55.601,0.89752,0.89798,1.00,1.87
2015.12.08 09:38:55.870,0.89759,0.89797,1.00,1.00
2015.12.08 09:38:55.971,0.89755,0.89797,1.00,1.00
2015.12.08 09:38:56.021,0.89758,0.898,1.00,1.37
2015.12.08 09:38:56.262,0.89753,0.89797,1.00,1.00
2015.12.08 09:38:56.773,0.89756,0.89797,1.00,1.00
2015.12.08 09:38:56.942,0.89753,0.89797,1.00,1.00
2015.12.08 09:38:59.575,0.89753,0.89797,1.37,1.00
2015.12.08 09:39:00.172,0.89752,0.89798,1.87,1.00
2015.12.08 09:39:00.695,0.89753,0.89797,1.37,1.00
2015.12.08 09:39:02.557,0.89753,0.89797,1.12,1.00
2015.12.08 09:39:02.862,0.89752,0.898,1.37,1.00
2015.12.08 09:39:03.071,0.89753,0.89797,1.12,1.00
2015.12.08 09:39:03.612,0.89754,0.89798,1.00,1.00
2015.12.08 09:39:04.144,0.8975,0.89798,1.37,1.00
2015.12.08 09:39:04.462,0.89747,0.89793,1.37,1.00
2015.12.08 09:39:04.563,0.89748,0.89793,1.00,1.00
2015.12.08 09:39:04.868,0.89748,0.89792,1.75,1.00
2015.12.08 09:39:05.383,0.89748,0.89793,1.75,1.00
2015.12.08 09:39:06.080,0.89752,0.89798,1.37,1.00
2015.12.08 09:39:06.617,0.89753,0.89797,1.12,1.00
2015.12.08 09:39:07.173,0.89752,0.89798,1.37,1.00
2015.12.08 09:39:07.827,0.89752,0.89798,1.37,1.00
2015.12.08 09:39:08.474,0.89753,0.89797,1.37,1.00
2015.12.08 09:39:08.575,0.89753,0.898,1.37,1.00
2015.12.08 09:39:08.817,0.89753,0.89802,1.37,1.00
2015.12.08 09:39:08.918,0.89753,0.89797,1.37,1.00
2015.12.08 09:39:10.797,0.89754,0.89797,1.50,1.00
2015.12.08 09:39:12.036,0.89757,0.89802,1.37,1.00
2015.12.08 09:39:12.137,0.89752,0.89796,1.75,1.00
2015.12.08 09:39:12.238,0.89753,0.89798,1.75,1.00
2015.12.08 09:39:12.786,0.89753,0.89797,1.75,1.50
2015.12.08 09:39:13.915,0.89752,0.89797,1.12,1.00
2015.12.08 09:39:14.486,0.89753,0.89792,1.00,1.00
2015.12.08 09:39:16.675,0.89753,0.89792,3.00,1.00
2015.12.08 09:39:17.678,0.89753,0.89793,2.25,1.00
2015.12.08 09:39:18.081,0.89757,0.89793,2.25,1.00
2015.12.08 09:39:18.220,0.89757,0.89798,2.25,1.00
2015.12.08 09:39:18.734,0.89757,0.89797,2.25,1.00
2015.12.08 09:39:19.876,0.89757,0.898,3.00,1.00
2015.12.08 09:39:20.097,0.89754,0.89797,2.25,1.00
2015.12.08 09:39:21.947,0.89754,0.89795,2.25,1.00
2015.12.08 09:39:23.250,0.89754,0.89797,2.25,1.50
2015.12.08 09:39:23.859,0.89754,0.89796,2.25,1.00
2015.12.08 09:39:25.957,0.89754,0.89797,3.00,1.00
2015.12.08 09:39:26.057,0.89758,0.89802,1.37,1.00
2015.12.08 09:39:26.199,0.89758,0.89798,1.37,1.00
2015.12.08 09:39:26.516,0.89754,0.89795,2.25,1.00
2015.12.08 09:39:27.035,0.89754,0.89796,2.25,1.00
2015.12.08 09:39:27.865,0.89754,0.89795,2.25,1.00
2015.12.08 09:39:28.364,0.89756,0.89798,1.75,1.00
2015.12.08 09:39:28.465,0.89754,0.89803,3.00,1.50
2015.12.08 09:39:28.516,0.89771,0.89803,1.00,1.50
2015.12.08 09:39:28.894,0.89771,0.89801,1.00,1.00
2015.12.08 09:39:29.466,0.89771,0.89802,1.00,1.00
2015.12.08 09:39:30.519,0.89758,0.89802,1.75,1.00
2015.12.08 09:39:31.024,0.89757,0.89803,3.00,1.50
2015.12.08 09:39:31.566,0.89758,0.89802,1.75,1.00
2015.12.08 09:39:33.454,0.8976,0.89802,2.25,1.00
2015.12.08 09:39:34.065,0.8976,0.89803,2.25,1.00
2015.12.08 09:39:34.727,0.89763,0.89805,1.75,1.00
2015.12.08 09:39:34.846,0.8976,0.89803,2.25,1.00
2015.12.08 09:39:35.285,0.8976,0.898,2.25,1.00
2015.12.08 09:39:35.605,0.89761,0.89797,2.25,1.00
2015.12.08 09:39:35.726,0.89761,0.89803,2.25,1.50
2015.12.08 09:39:36.238,0.89762,0.89802,1.50,1.00
2015.12.08 09:39:36.788,0.89762,0.89803,1.50,1.00
2015.12.08 09:39:37.325,0.89762,0.89802,1.50,1.00
2015.12.08 09:39:38.292,0.89762,0.89803,1.50,1.50
2015.12.08 09:39:38.553,0.89764,0.89803,2.25,1.50
2015.12.08 09:39:41.595,0.89765,0.89803,1.00,1.50
2015.12.08 09:39:42.975,0.89765,0.89802,1.00,1.00
2015.12.08 09:39:43.482,0.89765,0.89801,1.00,1.50
2015.12.08 09:39:44.006,0.89765,0.89802,1.00,1.00
2015.12.08 09:39:44.565,0.89762,0.89802,1.00,1.00
2015.12.08 09:39:45.396,0.89762,0.89803,1.00,1.00
2015.12.08 09:39:46.215,0.89762,0.89797,1.00,1.00
2015.12.08 09:39:46.274,0.89762,0.89802,1.00,1.00
2015.12.08 09:39:46.792,0.89762,0.89803,1.50,1.00
2015.12.08 09:39:47.535,0.89762,0.89803,3.00,1.00
2015.12.08 09:39:48.045,0.89763,0.89807,1.75,1.00
2015.12.08 09:39:48.621,0.89762,0.89808,3.00,1.00
2015.12.08 09:39:50.275,0.89768,0.89811,1.00,1.00
2015.12.08 09:39:50.614,0.89768,0.89809,1.50,1.00
2015.12.08 09:39:52.832,0.89768,0.89808,1.50,1.00
2015.12.08 09:39:53.333,0.89768,0.89809,1.50,1.00
2015.12.08 09:39:53.834,0.89768,0.89808,1.50,1.00
2015.12.08 09:39:54.235,0.89768,0.8981,1.50,1.00
2015.12.08 09:39:54.738,0.89768,0.89809,1.50,1.00
2015.12.08 09:39:54.904,0.89768,0.89811,1.50,1.00
2015.12.08 09:39:54.954,0.89768,0.89809,1.50,1.00
2015.12.08 09:39:55.038,0.89768,0.89811,1.50,1.00
2015.12.08 09:39:55.189,0.89766,0.89807,2.25,1.00
2015.12.08 09:39:55.406,0.89768,0.89811,1.50,1.50
2015.12.08 09:39:55.640,0.89768,0.89809,1.50,1.00
2015.12.08 09:39:56.355,0.89768,0.8981,1.50,1.00
2015.12.08 09:39:56.731,0.89767,0.89807,2.25,1.00
2015.12.08 09:39:56.982,0.89772,0.89812,1.00,1.00
2015.12.08 09:39:57.546,0.89772,0.89813,1.00,1.50
2015.12.08 09:39:58.095,0.89772,0.89812,1.00,1.00
2015.12.08 09:39:58.649,0.89772,0.89813,1.00,1.50
2015.12.08 09:39:59.503,0.89772,0.89812,1.00,1.00
2015.12.08 09:39:59.696,0.89768,0.89807,1.75,1.00
2015.12.08 09:40:01.684,0.89768,0.8981,1.50,1.00
2015.12.08 09:40:02.045,0.89767,0.89808,3.00,1.00
2015.12.08 09:40:02.483,0.89767,0.89804,3.00,1.00
2015.12.08 09:40:02.717,0.89758,0.89802,1.50,1.00
2015.12.08 09:40:03.268,0.89758,0.89803,1.50,1.00
2015.12.08 09:40:03.770,0.89758,0.89802,1.50,1.00
2015.12.08 09:40:05.826,0.89758,0.89802,1.12,1.00
2015.12.08 09:40:06.477,0.89757,0.89801,1.50,1.00
2015.12.08 09:40:06.578,0.89757,0.89799,1.50,1.00
2015.12.08 09:40:06.906,0.89758,0.89797,1.12,1.00
2015.12.08 09:40:10.038,0.89757,0.89798,1.12,1.00
2015.12.08 09:40:10.150,0.89758,0.89802,1.00,1.00
2015.12.08 09:40:10.487,0.89763,0.89802,1.00,1.00
2015.12.08 09:40:10.815,0.89763,0.89802,1.75,1.00
2015.12.08 09:40:16.413,0.89763,0.898,1.75,1.00
2015.12.08 09:40:16.536,0.89762,0.89803,3.00,1.50
2015.12.08 09:40:16.636,0.89761,0.89797,2.25,1.00
2015.12.08 09:40:17.757,0.89763,0.898,1.50,1.00
2015.12.08 09:40:17.807,0.89763,0.89798,1.50,1.00
2015.12.08 09:40:18.328,0.89761,0.89797,2.25,1.00
2015.12.08 09:40:18.748,0.89761,0.89799,2.25,1.00
2015.12.08 09:40:18.810,0.89761,0.89797,2.25,1.00
2015.12.08 09:40:19.546,0.89764,0.89797,2.25,1.00
2015.12.08 09:40:19.813,0.89764,0.89799,2.25,1.00
2015.12.08 09:40:19.914,0.89764,0.89797,2.25,1.00
2015.12.08 09:40:20.728,0.89764,0.89798,2.25,1.00
2015.12.08 09:40:20.936,0.89764,0.898,2.25,1.00
2015.12.08 09:40:21.786,0.89764,0.89803,2.25,1.00
2015.12.08 09:40:22.940,0.89764,0.898,2.25,1.00
2015.12.08 09:40:23.824,0.89764,0.89799,2.25,1.00
2015.12.08 09:40:24.827,0.89764,0.898,2.25,1.00
2015.12.08 09:40:25.529,0.89764,0.89798,2.25,1.00
2015.12.08 09:40:26.031,0.89763,0.89796,2.25,1.00
2015.12.08 09:40:26.433,0.89763,0.89799,2.25,1.00
2015.12.08 09:40:26.950,0.89763,0.89798,2.25,1.00
2015.12.08 09:40:27.783,0.89763,0.89796,2.25,1.00
2015.12.08 09:40:28.338,0.89763,0.89797,3.00,1.00
2015.12.08 09:40:29.440,0.89763,0.89796,3.00,1.00
2015.12.08 09:40:30.743,0.89763,0.89797,3.00,1.00
2015.12.08 09:40:36.336,0.89763,0.89799,2.25,1.00
2015.12.08 09:40:36.437,0.89748,0.89792,1.00,1.87
2015.12.08 09:40:36.806,0.89753,0.89792,1.00,1.12
2015.12.08 09:40:37.606,0.89753,0.89791,1.00,1.00
2015.12.08 09:40:38.216,0.89753,0.89792,1.00,1.12
2015.12.08 09:40:39.011,0.89752,0.89793,1.00,2.25
2015.12.08 09:40:39.636,0.89747,0.89793,1.37,1.50
2015.12.08 09:40:39.690,0.89747,0.89788,1.37,1.00
2015.12.08 09:40:40.281,0.89747,0.89788,1.00,1.00
2015.12.08 09:40:40.668,0.89747,0.8979,1.00,1.00
2015.12.08 09:40:40.876,0.89748,0.89787,1.00,1.00
2015.12.08 09:40:41.380,0.89748,0.89788,1.00,1.00
2015.12.08 09:40:42.275,0.89748,0.89789,1.00,1.00
2015.12.08 09:40:43.017,0.89748,0.89787,1.00,1.00
2015.12.08 09:40:43.375,0.89747,0.89789,1.00,1.50
2015.12.08 09:40:43.975,0.89747,0.8979,1.00,1.50
2015.12.08 09:40:44.476,0.89747,0.89791,1.00,1.00
2015.12.08 09:40:45.090,0.8975,0.89793,1.00,1.00
2015.12.08 09:40:45.140,0.89753,0.89797,1.00,1.12
2015.12.08 09:40:45.241,0.89758,0.89802,1.00,1.12
2015.12.08 09:40:45.687,0.89758,0.89798,1.00,1.00
2015.12.08 09:40:45.797,0.89758,0.89801,1.00,1.00
2015.12.08 09:40:46.080,0.89758,0.89799,1.00,1.00
2015.12.08 09:40:46.624,0.89758,0.89795,1.00,1.00
2015.12.08 09:40:46.674,0.89752,0.89791,1.00,1.00
2015.12.08 09:40:46.725,0.89752,0.89794,1.00,1.00
2015.12.08 09:40:46.779,0.89746,0.89793,1.37,1.00
2015.12.08 09:40:46.934,0.89747,0.89795,1.37,1.00
2015.12.08 09:40:47.035,0.89752,0.89793,1.00,1.00
2015.12.08 09:40:47.236,0.89758,0.89802,1.00,1.00
2015.12.08 09:40:47.337,0.89763,0.89805,1.00,1.00
2015.12.08 09:40:47.388,0.89763,0.89807,1.00,1.50
2015.12.08 09:40:47.705,0.89767,0.89812,1.00,1.00
2015.12.08 09:40:47.876,0.89772,0.89818,1.00,1.87
2015.12.08 09:40:48.215,0.89777,0.89813,1.00,1.00
2015.12.08 09:40:48.287,0.89777,0.89816,1.00,1.00
2015.12.08 09:40:48.830,0.89777,0.89817,1.00,1.12
2015.12.08 09:40:48.881,0.89758,0.89807,1.00,1.00
2015.12.08 09:40:48.982,0.89758,0.89802,1.00,1.00
2015.12.08 09:40:49.315,0.89762,0.89795,1.00,1.00
2015.12.08 09:40:49.391,0.89758,0.89795,1.00,1.00
2015.12.08 09:40:49.536,0.89752,0.89797,1.00,1.50
2015.12.08 09:40:49.636,0.89758,0.89798,1.00,1.00
2015.12.08 09:40:49.912,0.89757,0.89801,1.00,1.00
2015.12.08 09:40:50.013,0.89757,0.89799,1.00,1.00
2015.12.08 09:40:50.241,0.89757,0.89801,1.00,1.00
2015.12.08 09:40:50.825,0.89757,0.89802,1.00,1.00
2015.12.08 09:40:51.336,0.89757,0.898,1.00,1.00
2015.12.08 09:40:51.446,0.89758,0.89802,1.00,1.50
2015.12.08 09:40:51.748,0.89763,0.89803,1.00,1.00
2015.12.08 09:40:51.949,0.89758,0.89802,1.00,1.00
2015.12.08 09:40:52.495,0.89757,0.89802,1.00,1.00
2015.12.08 09:40:52.545,0.89757,0.898,1.00,1.00
2015.12.08 09:40:53.035,0.89757,0.89802,1.00,1.00
2015.12.08 09:40:53.428,0.89758,0.89799,1.00,1.00
2015.12.08 09:40:54.010,0.89757,0.89797,1.00,1.00
2015.12.08 09:40:54.525,0.89758,0.89797,1.00,1.00
2015.12.08 09:40:55.162,0.89758,0.89802,1.00,1.00
2015.12.08 09:40:55.713,0.89757,0.89801,1.00,1.00
2015.12.08 09:40:55.947,0.89763,0.8981,1.00,1.00
2015.12.08 09:40:56.115,0.89763,0.89807,1.00,1.00
2015.12.08 09:40:56.442,0.89768,0.89806,1.00,1.00
2015.12.08 09:40:56.786,0.89763,0.89802,1.00,1.00
2015.12.08 09:40:57.493,0.89762,0.89803,1.12,1.00
2015.12.08 09:40:59.887,0.89757,0.89804,1.50,1.00
2015.12.08 09:40:59.937,0.89757,0.898,1.50,1.00
2015.12.08 09:41:00.038,0.89757,0.89802,1.50,1.00
2015.12.08 09:41:00.089,0.89755,0.89797,2.25,1.00
2015.12.08 09:41:00.240,0.89758,0.89802,1.37,1.50
2015.12.08 09:41:00.815,0.89763,0.89802,1.00,1.50
2015.12.08 09:41:00.866,0.89763,0.89799,1.00,1.00
2015.12.08 09:41:01.191,0.89758,0.89797,1.37,1.00
2015.12.08 09:41:01.675,0.89757,0.89798,1.00,1.00
2015.12.08 09:41:01.782,0.89753,0.89797,1.37,1.00
2015.12.08 09:41:02.058,0.89752,0.89795,1.37,1.00
2015.12.08 09:41:02.460,0.89753,0.89792,1.37,1.00
2015.12.08 09:41:02.769,0.89757,0.89802,1.00,1.00
2015.12.08 09:41:02.870,0.89757,0.89799,1.00,1.00
2015.12.08 09:41:02.977,0.89753,0.89798,1.37,1.00
2015.12.08 09:41:03.290,0.89758,0.89801,1.00,1.00
2015.12.08 09:41:03.837,0.89757,0.898,1.00,1.00
2015.12.08 09:41:04.375,0.89758,0.89801,1.00,1.00
2015.12.08 09:41:04.940,0.89758,0.89802,1.00,2.25
2015.12.08 09:41:05.242,0.89753,0.89797,1.87,1.00
2015.12.08 09:41:05.366,0.89757,0.89802,1.00,1.00
2015.12.08 09:41:05.485,0.89763,0.89802,1.00,1.50
2015.12.08 09:41:05.833,0.89762,0.89797,2.25,1.00
2015.12.08 09:41:06.076,0.89762,0.898,2.25,1.50
2015.12.08 09:41:06.517,0.89758,0.898,1.00,1.00
2015.12.08 09:41:06.695,0.89758,0.89802,1.00,1.00
2015.12.08 09:41:07.797,0.89763,0.89805,1.00,1.00
2015.12.08 09:41:07.900,0.89757,0.89803,1.00,1.00
2015.12.08 09:41:08.100,0.89759,0.89803,1.00,1.00
2015.12.08 09:41:08.405,0.89763,0.89807,1.00,1.00
2015.12.08 09:41:08.785,0.89762,0.89812,1.00,1.00
2015.12.08 09:41:08.896,0.89762,0.89809,1.00,1.00
2015.12.08 09:41:09.215,0.89758,0.89802,1.12,1.00
2015.12.08 09:41:09.687,0.89763,0.89802,1.00,1.00
2015.12.08 09:41:11.126,0.89757,0.89803,1.00,1.00
2015.12.08 09:41:11.557,0.89763,0.89802,1.00,1.00
2015.12.08 09:41:11.658,0.89757,0.89801,1.00,1.00
2015.12.08 09:41:11.758,0.89763,0.89802,1.00,1.00
2015.12.08 09:41:11.809,0.89763,0.89807,1.00,1.00
2015.12.08 09:41:12.014,0.89768,0.89807,1.00,1.00
2015.12.08 09:41:12.076,0.89763,0.89807,1.00,1.50
2015.12.08 09:41:12.227,0.89767,0.89808,1.00,1.00
2015.12.08 09:41:13.765,0.89763,0.89807,1.00,1.00
2015.12.08 09:41:13.951,0.8976,0.89807,1.12,1.00
2015.12.08 09:41:14.055,0.89768,0.89811,1.00,1.00
2015.12.08 09:41:14.217,0.89767,0.89813,1.00,1.50
2015.12.08 09:41:14.372,0.89767,0.89809,1.00,1.00
2015.12.08 09:41:14.473,0.89768,0.89811,1.00,1.00
2015.12.08 09:41:14.976,0.89767,0.89813,1.00,1.00
2015.12.08 09:41:15.375,0.89767,0.89811,1.00,1.00
2015.12.08 09:41:15.730,0.89768,0.89807,1.00,1.00
2015.12.08 09:41:16.059,0.89763,0.89802,1.37,1.00
2015.12.08 09:41:16.366,0.89767,0.89807,1.00,1.00
2015.12.08 09:41:16.805,0.89763,0.89807,1.37,1.00
2015.12.08 09:41:16.925,0.89768,0.89812,1.00,1.00
2015.12.08 09:41:17.030,0.89763,0.89807,1.37,1.00
2015.12.08 09:41:17.246,0.89767,0.89813,1.00,1.00
2015.12.08 09:41:17.519,0.89773,0.89812,1.00,1.00
2015.12.08 09:41:18.168,0.89772,0.89813,1.00,1.00
2015.12.08 09:41:18.684,0.89767,0.89813,1.12,1.00
2015.12.08 09:41:18.785,0.89772,0.89815,1.00,1.00
2015.12.08 09:41:18.836,0.89772,0.89818,1.00,1.50
2015.12.08 09:41:18.988,0.89772,0.89814,1.00,1.00
2015.12.08 09:41:19.038,0.89767,0.89813,1.12,1.00
2015.12.08 09:41:19.238,0.89773,0.89812,1.00,1.00
2015.12.08 09:41:20.241,0.89768,0.89812,1.00,1.00
2015.12.08 09:41:20.436,0.89772,0.89813,1.00,1.00
2015.12.08 09:41:20.654,0.89772,0.89816,1.00,1.00
2015.12.08 09:41:20.705,0.89772,0.89818,1.00,1.00
2015.12.08 09:41:21.243,0.89773,0.89816,1.00,1.00
2015.12.08 09:41:21.594,0.89773,0.89812,1.00,1.00
2015.12.08 09:41:21.755,0.89767,0.89813,1.12,1.00
2015.12.08 09:41:21.906,0.89773,0.89817,1.00,1.00
2015.12.08 09:41:22.330,0.89777,0.89818,1.00,1.00
2015.12.08 09:41:23.041,0.89777,0.89817,1.00,1.00
2015.12.08 09:41:23.297,0.89772,0.89818,1.00,1.00
2015.12.08 09:41:23.904,0.89773,0.89817,1.00,1.00
2015.12.08 09:41:24.407,0.89777,0.89821,1.00,1.50
2015.12.08 09:41:24.508,0.89773,0.89822,1.00,1.00
2015.12.08 09:41:24.761,0.89778,0.89822,1.00,1.00
2015.12.08 09:41:25.608,0.89773,0.89824,1.00,1.00
2015.12.08 09:41:25.659,0.89773,0.89822,1.00,1.00
2015.12.08 09:41:25.813,0.89773,0.89824,1.00,1.00
2015.12.08 09:41:25.864,0.89773,0.89817,1.00,1.00
2015.12.08 09:41:26.365,0.89774,0.89818,1.00,1.00
2015.12.08 09:41:26.971,0.89773,0.89817,1.00,1.00
2015.12.08 09:41:27.602,0.89777,0.89823,1.00,1.00
2015.12.08 09:41:27.804,0.89772,0.89818,2.62,1.00
2015.12.08 09:41:28.794,0.89778,0.89822,1.00,1.00
2015.12.08 09:41:29.723,0.89775,0.89823,1.50,1.00
2015.12.08 09:41:29.773,0.89775,0.89823,1.87,1.00
2015.12.08 09:41:30.294,0.89778,0.89822,1.00,1.00
2015.12.08 09:41:30.469,0.89777,0.89824,1.12,1.00
2015.12.08 09:41:30.526,0.89777,0.89826,1.12,1.00
2015.12.08 09:41:30.776,0.89783,0.89826,1.00,1.00
2015.12.08 09:41:31.664,0.89783,0.89827,1.00,1.50
2015.12.08 09:41:32.229,0.89783,0.89826,1.00,1.00
2015.12.08 09:41:32.864,0.89782,0.89826,1.00,1.00
2015.12.08 09:41:34.298,0.89783,0.89826,1.00,1.00
2015.12.08 09:41:34.804,0.89783,0.89827,1.00,1.00
2015.12.08 09:41:35.185,0.89787,0.89833,1.00,1.50
2015.12.08 09:41:35.633,0.89783,0.89827,1.50,1.00
2015.12.08 09:41:36.649,0.89784,0.89827,1.00,1.00
2015.12.08 09:41:37.176,0.89788,0.89831,1.00,1.50
2015.12.08 09:41:37.713,0.89783,0.89832,1.00,1.50
2015.12.08 09:41:37.934,0.89787,0.89832,1.00,1.00
2015.12.08 09:41:38.355,0.89788,0.8983,1.00,1.00
2015.12.08 09:41:38.595,0.89783,0.89827,1.00,1.00
2015.12.08 09:41:39.656,0.89783,0.89826,1.00,1.00
2015.12.08 09:41:41.688,0.89782,0.89826,1.00,1.00
2015.12.08 09:41:42.562,0.89782,0.89828,1.00,1.00
2015.12.08 09:41:42.863,0.89782,0.89822,1.00,1.00
2015.12.08 09:41:43.014,0.89777,0.89822,1.00,1.00
2015.12.08 09:41:43.115,0.89777,0.89818,1.00,1.00
2015.12.08 09:41:44.223,0.89778,0.89822,1.00,1.00
2015.12.08 09:41:44.424,0.89783,0.89826,1.00,1.00
2015.12.08 09:41:44.947,0.89783,0.89827,1.00,1.00
2015.12.08 09:41:45.988,0.89783,0.89826,1.00,1.00
2015.12.08 09:41:46.597,0.89783,0.89827,1.00,1.00
2015.12.08 09:41:46.928,0.89787,0.89828,1.00,1.00
2015.12.08 09:41:47.735,0.89793,0.89832,1.00,1.00
2015.12.08 09:41:48.600,0.89787,0.89828,1.37,1.00
2015.12.08 09:41:51.124,0.89792,0.89833,1.00,1.00
2015.12.08 09:41:52.017,0.8979,0.89833,1.00,1.00
2015.12.08 09:41:52.317,0.89796,0.89832,1.50,1.00
2015.12.08 09:41:52.368,0.89808,0.89843,1.00,1.00
2015.12.08 09:41:52.419,0.89808,0.89847,1.00,1.00
2015.12.08 09:41:52.470,0.89802,0.89851,1.00,1.00
2015.12.08 09:41:52.520,0.89802,0.89848,1.00,1.00
2015.12.08 09:41:52.869,0.89798,0.89842,1.37,1.00
2015.12.08 09:41:53.260,0.89803,0.89842,1.00,1.00
2015.12.08 09:41:53.361,0.89803,0.89847,1.00,1.00
2015.12.08 09:41:53.693,0.89802,0.89843,1.00,1.00
2015.12.08 09:41:54.008,0.89803,0.89847,1.00,1.00
2015.12.08 09:41:54.209,0.89808,0.89851,1.00,1.00
2015.12.08 09:41:54.360,0.89802,0.89848,1.12,1.00
2015.12.08 09:41:54.582,0.89798,0.89842,1.37,1.00
2015.12.08 09:41:54.683,0.89798,0.89847,1.37,1.00
2015.12.08 09:41:55.212,0.89803,0.89847,1.00,1.00
2015.12.08 09:41:55.313,0.89798,0.89842,1.37,1.00
2015.12.08 09:41:55.464,0.89798,0.89842,1.12,1.00
2015.12.08 09:41:56.014,0.89797,0.89843,1.37,1.50
2015.12.08 09:41:56.634,0.89803,0.89842,1.00,1.00
2015.12.08 09:41:57.604,0.89803,0.89842,1.37,1.00
2015.12.08 09:41:57.654,0.89803,0.89847,1.37,1.00
2015.12.08 09:41:57.873,0.89807,0.89853,1.00,1.00
2015.12.08 09:41:58.384,0.89808,0.89852,1.50,1.00
2015.12.08 09:41:58.918,0.89809,0.89853,1.00,1.00
2015.12.08 09:41:58.969,0.89807,0.89853,1.50,1.00
2015.12.08 09:41:59.024,0.8981,0.89853,1.50,1.00
2015.12.08 09:41:59.484,0.89813,0.89857,1.00,1.00
2015.12.08 09:41:59.704,0.89807,0.89853,1.87,1.00
2015.12.08 09:42:00.034,0.89811,0.89853,1.00,1.00
2015.12.08 09:42:00.085,0.89813,0.89857,1.00,1.00
2015.12.08 09:42:01.664,0.89813,0.89854,1.00,1.00
2015.12.08 09:42:01.734,0.89813,0.89857,1.00,1.00
2015.12.08 09:42:02.034,0.89813,0.89855,1.00,1.00
2015.12.08 09:42:02.134,0.89813,0.89857,1.00,1.50
2015.12.08 09:42:02.464,0.89807,0.89853,1.50,1.00
2015.12.08 09:42:02.654,0.8981,0.89853,1.00,1.00
2015.12.08 09:42:03.176,0.89808,0.89853,1.00,1.00
2015.12.08 09:42:03.735,0.89809,0.89853,1.00,1.00
2015.12.08 09:42:03.904,0.8981,0.89857,2.25,1.00
2015.12.08 09:42:04.253,0.89818,0.89857,1.00,1.00
2015.12.08 09:42:05.025,0.89818,0.89862,1.00,1.00
2015.12.08 09:42:05.203,0.89823,0.89862,1.00,1.00
2015.12.08 09:42:05.443,0.89818,0.89862,1.00,1.37
2015.12.08 09:42:05.544,0.89817,0.89857,1.00,1.00
2015.12.08 09:42:05.645,0.89817,0.89863,1.00,1.37
2015.12.08 09:42:06.086,0.89818,0.89857,1.00,1.00
2015.12.08 09:42:09.284,0.89817,0.89863,1.00,1.50
2015.12.08 09:42:09.503,0.89823,0.89862,1.00,1.00
2015.12.08 09:42:09.760,0.89818,0.89862,1.00,1.00
2015.12.08 09:42:10.359,0.89817,0.89863,1.00,1.00
2015.12.08 09:42:11.280,0.89822,0.89863,1.00,1.00
2015.12.08 09:42:12.903,0.89827,0.89868,1.00,1.37
2015.12.08 09:42:13.250,0.89822,0.89873,1.00,1.00
2015.12.08 09:42:13.563,0.89832,0.89873,1.00,1.00
2015.12.08 09:42:14.224,0.89833,0.89872,1.00,1.00
2015.12.08 09:42:15.637,0.89833,0.89877,1.00,1.50
2015.12.08 09:42:16.214,0.89832,0.89878,1.00,1.00
2015.12.08 09:42:16.424,0.89828,0.89872,1.00,1.00
2015.12.08 09:42:16.737,0.89823,0.89867,1.00,1.00
2015.12.08 09:42:17.081,0.89828,0.89867,1.00,1.00
2015.12.08 09:42:17.683,0.89823,0.89866,1.00,1.00
2015.12.08 09:42:18.226,0.89822,0.89868,1.00,1.00
2015.12.08 09:42:18.524,0.89822,0.89865,1.00,1.50
2015.12.08 09:42:18.733,0.89818,0.89864,1.37,1.50
2015.12.08 09:42:18.784,0.89818,0.89865,1.00,1.12
2015.12.08 09:42:18.981,0.89818,0.89861,1.00,1.00
2015.12.08 09:42:19.282,0.89817,0.89858,1.00,1.00
2015.12.08 09:42:19.970,0.89812,0.89858,1.00,1.00
2015.12.08 09:42:20.426,0.89813,0.89863,1.00,1.00
2015.12.08 09:42:20.476,0.89813,0.89863,1.75,1.00
2015.12.08 09:42:20.527,0.89818,0.89867,1.37,1.00
2015.12.08 09:42:20.751,0.89828,0.89867,1.00,1.00
2015.12.08 09:42:21.016,0.89832,0.89873,1.00,1.50
2015.12.08 09:42:21.544,0.89838,0.89877,1.00,1.00
2015.12.08 09:42:22.067,0.89837,0.89878,1.00,1.12
2015.12.08 09:42:23.275,0.89832,0.89878,1.00,1.12
2015.12.08 09:42:23.483,0.8983,0.89878,1.00,1.12
2015.12.08 09:42:23.534,0.89831,0.89883,1.37,1.00
2015.12.08 09:42:23.719,0.89843,0.89882,1.00,1.00
2015.12.08 09:42:24.238,0.89842,0.89883,1.00,1.00
2015.12.08 09:42:24.637,0.89842,0.89881,1.00,1.00
2015.12.08 09:42:25.140,0.89842,0.89882,1.00,1.00
2015.12.08 09:42:25.676,0.89843,0.89882,1.00,1.00
2015.12.08 09:42:26.207,0.89842,0.89883,1.00,1.00
2015.12.08 09:42:27.993,0.89843,0.89882,1.00,1.00
2015.12.08 09:42:28.765,0.89839,0.89887,1.00,1.00
2015.12.08 09:42:28.816,0.89839,0.89893,1.37,1.00
2015.12.08 09:42:29.133,0.89848,0.89887,1.00,1.00
2015.12.08 09:42:29.601,0.89853,0.89892,1.00,1.00
2015.12.08 09:42:30.136,0.89853,0.89888,1.00,1.00
2015.12.08 09:42:30.556,0.89853,0.8989,1.00,1.00
2015.12.08 09:42:30.923,0.89853,0.89892,1.00,1.00
2015.12.08 09:42:31.407,0.89858,0.89893,1.00,1.00
2015.12.08 09:42:31.725,0.89858,0.89896,1.00,1.00
2015.12.08 09:42:32.227,0.89858,0.89897,1.00,1.00
2015.12.08 09:42:32.756,0.89857,0.89898,1.00,1.12
2015.12.08 09:42:33.330,0.89858,0.89897,1.00,1.00
2015.12.08 09:42:33.723,0.89852,0.89898,1.00,1.87
2015.12.08 09:42:33.824,0.89857,0.89898,1.00,1.87
2015.12.08 09:42:34.133,0.89852,0.89893,1.00,1.00
2015.12.08 09:42:34.458,0.89858,0.89895,1.00,1.00
2015.12.08 09:42:34.657,0.89858,0.89897,1.00,1.50
2015.12.08 09:42:34.834,0.89858,0.89894,1.00,1.00
2015.12.08 09:42:35.035,0.89858,0.89897,1.00,1.87
2015.12.08 09:42:35.186,0.89852,0.89898,1.00,1.87
2015.12.08 09:42:35.791,0.89853,0.89897,1.00,1.12
2015.12.08 09:42:35.913,0.89858,0.89901,1.00,1.37
2015.12.08 09:42:35.964,0.89858,0.89902,1.00,1.00
2015.12.08 09:42:36.487,0.89857,0.89903,1.00,1.00
2015.12.08 09:42:36.689,0.89857,0.89901,1.00,1.00
2015.12.08 09:42:36.903,0.89857,0.89903,1.00,1.50
2015.12.08 09:42:37.041,0.89857,0.89901,1.00,1.00
2015.12.08 09:42:37.122,0.89853,0.89901,1.00,1.00
2015.12.08 09:42:37.453,0.89853,0.89897,1.00,1.00
2015.12.08 09:42:41.780,0.89852,0.89893,1.00,1.00
2015.12.08 09:42:42.105,0.89848,0.8989,1.00,1.00
2015.12.08 09:42:42.657,0.89847,0.89889,1.00,1.00
2015.12.08 09:42:42.958,0.89848,0.89892,1.00,1.50
2015.12.08 09:42:43.204,0.89853,0.89892,1.00,1.50
2015.12.08 09:42:43.624,0.89848,0.89887,1.00,1.00
2015.12.08 09:42:43.935,0.89847,0.89885,1.00,1.00
2015.12.08 09:42:43.986,0.89843,0.89886,1.00,1.00
2015.12.08 09:42:44.161,0.89843,0.89884,1.00,1.50
2015.12.08 09:42:46.575,0.89843,0.89887,1.00,1.00
2015.12.08 09:42:46.675,0.89837,0.89888,1.00,1.50
2015.12.08 09:42:46.726,0.89842,0.89888,1.00,1.50
2015.12.08 09:42:47.028,0.89848,0.8989,1.00,1.00
2015.12.08 09:42:47.134,0.89842,0.89891,1.00,1.00
2015.12.08 09:42:47.304,0.89847,0.8989,1.00,1.00
2015.12.08 09:42:47.842,0.89848,0.89891,1.00,1.00
2015.12.08 09:42:48.380,0.89848,0.8989,1.00,1.00
2015.12.08 09:42:48.431,0.89848,0.89892,1.00,1.50
2015.12.08 09:42:48.613,0.89847,0.89889,1.00,1.00
2015.12.08 09:42:49.113,0.89842,0.89888,1.00,1.00
2015.12.08 09:42:50.653,0.89837,0.89888,1.50,1.00
2015.12.08 09:42:51.188,0.89838,0.89888,1.00,1.00
2015.12.08 09:42:51.413,0.8984,0.89888,1.50,1.00
2015.12.08 09:42:51.782,0.89843,0.89887,1.00,1.00
2015.12.08 09:42:58.463,0.89842,0.89888,1.00,1.00
2015.12.08 09:43:00.119,0.89843,0.89887,1.00,1.00
2015.12.08 09:43:03.977,0.89843,0.89891,1.00,1.00
2015.12.08 09:43:04.028,0.89843,0.89881,1.00,1.00
2015.12.08 09:43:04.079,0.89837,0.89881,1.00,1.00
2015.12.08 09:43:04.514,0.89838,0.89877,1.00,1.00
2015.12.08 09:43:05.022,0.89837,0.89876,1.00,1.00
2015.12.08 09:43:05.073,0.89833,0.89876,1.00,1.00
2015.12.08 09:43:05.134,0.89833,0.89874,1.00,1.00
2015.12.08 09:43:05.285,0.89828,0.89872,1.37,1.00
2015.12.08 09:43:05.336,0.89828,0.8987,1.37,1.00
2015.12.08 09:43:05.532,0.89827,0.89869,1.00,1.00
2015.12.08 09:43:05.583,0.89823,0.89867,1.00,1.00
2015.12.08 09:43:05.734,0.89817,0.89865,1.00,1.00
2015.12.08 09:43:05.832,0.89817,0.89863,1.00,1.00
2015.12.08 09:43:06.285,0.89822,0.89866,1.00,1.00
2015.12.08 09:43:06.836,0.89822,0.89867,1.00,1.00
2015.12.08 09:43:07.138,0.89826,0.89872,1.00,1.00
2015.12.08 09:43:07.239,0.89827,0.89877,1.00,1.00
2015.12.08 09:43:07.379,0.89833,0.89877,1.00,1.00
2015.12.08 09:43:07.680,0.89833,0.89875,1.00,1.00
2015.12.08 09:43:07.730,0.89828,0.89872,1.00,1.00
2015.12.08 09:43:07.939,0.89823,0.8987,1.00,1.00
2015.12.08 09:43:08.290,0.89823,0.89867,1.00,1.00
2015.12.08 09:43:09.141,0.89823,0.89866,1.00,1.00
2015.12.08 09:43:09.679,0.89823,0.89865,1.00,1.00
2015.12.08 09:43:10.144,0.89822,0.89868,1.00,2.25
2015.12.08 09:43:10.444,0.89822,0.89866,1.00,1.00
2015.12.08 09:43:11.060,0.89822,0.89865,1.00,1.00
2015.12.08 09:43:11.647,0.89822,0.89866,1.00,1.00
2015.12.08 09:43:12.150,0.89822,0.89865,1.00,1.00
2015.12.08 09:43:13.053,0.89822,0.89864,1.00,1.00
2015.12.08 09:43:13.856,0.89822,0.89865,1.00,1.00
2015.12.08 09:43:14.628,0.89822,0.89864,1.00,1.00
2015.12.08 09:43:15.260,0.89822,0.89865,1.00,1.00
2015.12.08 09:43:15.731,0.89817,0.89864,1.00,1.00
2015.12.08 09:43:15.998,0.89818,0.89862,1.00,1.00
2015.12.08 09:43:16.415,0.89823,0.89867,1.00,1.00
2015.12.08 09:43:16.516,0.89817,0.89867,1.00,1.00
2015.12.08 09:43:16.723,0.89823,0.89867,1.00,1.00
2015.12.08 09:43:19.084,0.89823,0.89865,1.00,1.00
2015.12.08 09:43:19.643,0.89823,0.89866,1.00,1.00
2015.12.08 09:43:20.160,0.89818,0.89867,1.50,1.00
2015.12.08 09:43:20.210,0.89821,0.89867,1.00,1.00
2015.12.08 09:43:20.261,0.89823,0.8987,1.00,1.00
2015.12.08 09:43:20.312,0.89823,0.89867,1.00,1.00
2015.12.08 09:43:20.727,0.89818,0.89862,1.00,1.00
2015.12.08 09:43:20.878,0.89822,0.89868,1.00,1.50
2015.12.08 09:43:21.379,0.89822,0.89866,1.00,1.50
2015.12.08 09:43:21.881,0.89822,0.89865,1.00,1.00
2015.12.08 09:43:23.323,0.89822,0.89866,1.00,1.00
2015.12.08 09:43:23.887,0.89822,0.89865,1.00,1.50
2015.12.08 09:43:24.488,0.89822,0.89866,1.00,1.50
2015.12.08 09:43:24.682,0.89818,0.89866,1.00,1.00
2015.12.08 09:43:24.733,0.89818,0.89868,1.00,1.00
2015.12.08 09:43:24.834,0.89818,0.89866,1.00,1.00
2015.12.08 09:43:25.190,0.89817,0.89863,1.00,1.00
2015.12.08 09:43:27.296,0.89818,0.89862,1.00,1.00
2015.12.08 09:43:27.697,0.89818,0.8986,1.00,1.00
2015.12.08 09:43:27.869,0.89812,0.89858,1.00,1.00
2015.12.08 09:43:27.970,0.89817,0.8986,1.00,1.00
2015.12.08 09:43:28.071,0.89812,0.89858,1.50,1.00
2015.12.08 09:43:28.164,0.89813,0.89861,1.00,1.00
2015.12.08 09:43:28.214,0.89813,0.89859,1.00,1.00
2015.12.08 09:43:28.382,0.89808,0.89857,1.50,1.00
2015.12.08 09:43:28.492,0.89813,0.89857,1.00,1.50
2015.12.08 09:43:28.604,0.8981,0.89858,1.00,1.00
2015.12.08 09:43:28.813,0.89808,0.89858,1.00,1.00
2015.12.08 09:43:28.933,0.89812,0.89858,1.00,1.00
2015.12.08 09:43:29.922,0.89818,0.89861,1.00,1.00
2015.12.08 09:43:30.582,0.89818,0.8986,1.00,1.00
2015.12.08 09:43:30.907,0.89818,0.89862,1.00,1.00
2015.12.08 09:43:31.451,0.89818,0.89861,1.00,1.00
2015.12.08 09:43:31.953,0.89818,0.89862,1.00,1.50
2015.12.08 09:43:32.511,0.89818,0.89861,1.00,1.00
2015.12.08 09:43:33.113,0.89818,0.89862,1.00,1.50
2015.12.08 09:43:33.414,0.89818,0.8986,1.00,1.00
2015.12.08 09:43:33.566,0.89812,0.89856,1.00,1.00
2015.12.08 09:43:33.902,0.89813,0.89852,1.00,1.00
2015.12.08 09:43:35.420,0.89818,0.89852,1.00,1.00
2015.12.08 09:43:35.471,0.89818,0.89857,1.00,1.00
2015.12.08 09:43:35.572,0.89817,0.8986,1.00,1.00
2015.12.08 09:43:35.622,0.89816,0.89863,1.00,1.00
2015.12.08 09:43:35.821,0.89818,0.89863,1.00,1.00
2015.12.08 09:43:36.339,0.89818,0.89862,1.00,1.00
2015.12.08 09:43:36.524,0.89822,0.89868,1.00,1.50
2015.12.08 09:43:37.827,0.89823,0.89868,1.00,1.00
2015.12.08 09:43:38.329,0.89822,0.89868,1.00,1.00
2015.12.08 09:43:42.613,0.89823,0.89867,1.00,1.00
2015.12.08 09:43:42.791,0.89828,0.89867,1.00,1.00
2015.12.08 09:43:48.648,0.89823,0.89863,1.00,1.00
2015.12.08 09:43:48.749,0.89818,0.8987,1.00,1.12
2015.12.08 09:43:48.967,0.89822,0.89868,1.00,1.00
2015.12.08 09:43:49.291,0.89819,0.89863,1.00,1.00
2015.12.08 09:43:49.407,0.89822,0.89868,1.00,1.00
2015.12.08 09:43:50.372,0.89824,0.89868,1.00,1.00
2015.12.08 09:43:50.673,0.89823,0.89866,1.00,1.00
2015.12.08 09:43:50.724,0.89817,0.89863,1.00,1.00
2015.12.08 09:43:50.823,0.89823,0.89866,1.00,1.00
2015.12.08 09:43:51.179,0.89818,0.89862,1.00,1.00
2015.12.08 09:43:56.075,0.89818,0.89861,1.00,1.00
2015.12.08 09:43:56.581,0.89818,0.89862,1.00,1.50
2015.12.08 09:43:57.079,0.89818,0.8986,1.00,1.00
2015.12.08 09:43:57.480,0.89818,0.89862,1.00,1.50
2015.12.08 09:43:58.094,0.89818,0.89861,1.00,1.00
2015.12.08 09:43:58.232,0.89812,0.89861,1.50,1.00
2015.12.08 09:43:58.432,0.89817,0.89861,1.00,1.00
2015.12.08 09:43:58.783,0.89817,0.89863,1.00,1.00
2015.12.08 09:43:59.384,0.89817,0.89862,1.00,1.00
2015.12.08 09:44:00.086,0.89817,0.89863,1.00,1.50
2015.12.08 09:44:02.800,0.89822,0.89864,1.00,1.00
2015.12.08 09:44:02.951,0.89818,0.89862,1.00,1.00
2015.12.08 09:44:03.035,0.89822,0.89863,1.00,1.00
2015.12.08 09:44:03.372,0.89818,0.89862,1.00,1.00
2015.12.08 09:44:03.828,0.89822,0.89863,1.00,1.00
2015.12.08 09:44:03.933,0.89818,0.89862,1.00,1.00
2015.12.08 09:44:06.586,0.89822,0.89863,1.00,1.00
2015.12.08 09:44:06.904,0.89822,0.89868,1.00,1.00
2015.12.08 09:44:07.305,0.89824,0.89868,1.00,1.00
2015.12.08 09:44:07.907,0.89823,0.89867,1.00,1.00
2015.12.08 09:44:08.670,0.89828,0.89872,1.00,1.00
2015.12.08 09:44:09.992,0.89827,0.89873,1.00,1.00
2015.12.08 09:44:10.293,0.89837,0.89883,1.00,1.87
2015.12.08 09:44:10.409,0.89833,0.89877,1.00,1.37
2015.12.08 09:44:10.931,0.89832,0.8988,1.00,1.37
2015.12.08 09:44:10.982,0.89833,0.89872,1.00,1.00
2015.12.08 09:44:11.407,0.89828,0.89872,1.00,1.00
2015.12.08 09:44:11.509,0.89833,0.89877,1.00,1.87
2015.12.08 09:44:11.817,0.89833,0.89867,1.00,1.00
2015.12.08 09:44:11.868,0.89829,0.89873,1.00,1.00
2015.12.08 09:44:12.069,0.89833,0.89872,1.00,1.00
2015.12.08 09:44:13.921,0.89832,0.89873,1.00,1.00
2015.12.08 09:44:14.964,0.89833,0.89873,1.00,1.00
2015.12.08 09:44:15.627,0.89832,0.89873,1.00,1.00
2015.12.08 09:44:17.761,0.89833,0.89873,1.00,1.00
2015.12.08 09:44:17.812,0.89833,0.89878,1.00,1.00
2015.12.08 09:44:18.996,0.89832,0.89878,1.50,1.00
2015.12.08 09:44:19.047,0.89834,0.89878,1.00,1.00
2015.12.08 09:44:19.586,0.89833,0.89878,1.00,1.00
2015.12.08 09:44:19.790,0.89835,0.89883,1.00,1.50
2015.12.08 09:44:20.050,0.89832,0.89883,1.50,1.37
2015.12.08 09:44:20.100,0.89832,0.89873,1.50,1.00
2015.12.08 09:44:20.449,0.89834,0.89873,1.00,1.00
2015.12.08 09:44:21.043,0.89833,0.89873,1.50,1.00
2015.12.08 09:44:21.580,0.89834,0.89873,1.00,1.00
2015.12.08 09:44:22.047,0.89832,0.89873,1.50,1.00
2015.12.08 09:44:22.098,0.89832,0.89878,1.50,1.00
2015.12.08 09:44:22.149,0.89835,0.89878,1.00,1.00
2015.12.08 09:44:22.291,0.89833,0.89878,1.00,1.00
2015.12.08 09:44:22.649,0.89835,0.89878,1.00,1.00
2015.12.08 09:44:22.887,0.89833,0.89878,1.00,1.00
2015.12.08 09:44:23.550,0.89832,0.89878,1.50,1.00
2015.12.08 09:44:24.052,0.89833,0.89878,1.00,1.00
2015.12.08 09:44:24.648,0.89832,0.89878,1.50,1.00
2015.12.08 09:44:25.056,0.89834,0.89878,1.00,1.00
2015.12.08 09:44:25.357,0.89836,0.89877,1.00,1.00
2015.12.08 09:44:25.407,0.89836,0.89883,1.00,1.00
2015.12.08 09:44:25.458,0.89833,0.89883,1.00,1.00
2015.12.08 09:44:25.508,0.89837,0.89883,1.00,1.00
2015.12.08 09:44:25.842,0.89838,0.89881,1.00,1.00
2015.12.08 09:44:26.132,0.89833,0.89877,1.00,1.00
2015.12.08 09:44:26.259,0.89835,0.89877,1.00,1.00
2015.12.08 09:44:26.402,0.89833,0.89877,1.00,1.00
2015.12.08 09:44:28.142,0.89832,0.89878,1.00,1.00
2015.12.08 09:44:28.345,0.89827,0.89873,1.00,1.00
2015.12.08 09:44:28.661,0.89824,0.89867,1.00,1.00
2015.12.08 09:44:29.195,0.89823,0.89867,1.00,1.00
2015.12.08 09:44:29.820,0.89824,0.89867,1.00,1.00
2015.12.08 09:44:30.201,0.89822,0.89868,1.00,1.00
2015.12.08 09:44:32.401,0.89822,0.89867,1.00,1.00
2015.12.08 09:44:33.388,0.89822,0.89868,1.00,1.00
2015.12.08 09:44:33.723,0.8982,0.89867,1.00,1.00
2015.12.08 09:44:33.824,0.89818,0.89867,1.00,1.00
2015.12.08 09:44:33.874,0.89814,0.89863,1.00,1.00
2015.12.08 09:44:34.176,0.89823,0.89867,1.00,1.00
2015.12.08 09:44:35.424,0.89817,0.89863,1.50,1.00
2015.12.08 09:44:35.993,0.89819,0.89863,1.00,1.00
2015.12.08 09:44:36.294,0.89817,0.89863,2.25,1.00
2015.12.08 09:44:36.895,0.89818,0.89863,1.00,1.00
2015.12.08 09:44:36.996,0.89822,0.89868,1.00,1.00
2015.12.08 09:44:38.048,0.89822,0.89867,1.00,1.00
2015.12.08 09:44:38.099,0.89824,0.89867,1.00,1.00
2015.12.08 09:44:38.241,0.89828,0.89872,1.00,1.00
2015.12.08 09:44:39.250,0.89827,0.89873,1.00,1.00
2015.12.08 09:44:39.675,0.89833,0.89877,1.00,1.87
2015.12.08 09:44:39.776,0.89829,0.89872,1.00,1.00
2015.12.08 09:44:39.827,0.89831,0.89872,1.00,1.00
2015.12.08 09:44:40.102,0.89833,0.89878,1.50,1.00
2015.12.08 09:44:40.665,0.89834,0.89877,1.00,1.00
2015.12.08 09:44:41.200,0.89835,0.89877,1.50,1.00
2015.12.08 09:44:41.706,0.89836,0.89877,1.00,1.00
2015.12.08 09:44:42.307,0.89837,0.89877,1.00,1.00
2015.12.08 09:44:44.916,0.89835,0.89877,1.50,1.00
2015.12.08 09:44:45.017,0.89839,0.89877,1.00,1.00
2015.12.08 09:44:45.528,0.8984,0.89878,1.00,1.00
2015.12.08 09:44:45.978,0.89843,0.89882,1.00,1.00
2015.12.08 09:44:48.390,0.8984,0.89878,1.00,1.00
2015.12.08 09:44:48.930,0.89845,0.89883,1.00,1.00
2015.12.08 09:44:49.031,0.89843,0.89887,1.00,1.37
2015.12.08 09:44:49.577,0.89842,0.89888,1.50,1.37
2015.12.08 09:44:49.701,0.89842,0.89882,1.00,1.00
2015.12.08 09:44:49.752,0.89838,0.89882,1.00,1.00
2015.12.08 09:44:49.829,0.89842,0.89882,1.00,1.00
2015.12.08 09:44:50.030,0.8984,0.89882,1.00,1.00
2015.12.08 09:44:50.115,0.89843,0.89887,1.00,1.37
2015.12.08 09:44:52.033,0.89844,0.89887,1.00,1.37
2015.12.08 09:44:52.568,0.89843,0.89887,2.25,1.37
2015.12.08 09:44:53.737,0.89844,0.89887,1.00,1.37
2015.12.08 09:44:54.100,0.89843,0.89887,1.50,1.00
2015.12.08 09:44:54.768,0.89846,0.89887,1.00,1.00
2015.12.08 09:44:55.720,0.89847,0.89893,1.00,1.50
2015.12.08 09:44:55.830,0.89846,0.89888,1.00,1.00
2015.12.08 09:44:56.380,0.89847,0.89893,1.00,1.50
2015.12.08 09:44:56.820,0.89846,0.89887,1.00,1.00
2015.12.08 09:44:57.386,0.89846,0.89888,1.00,1.00
2015.12.08 09:44:58.550,0.89845,0.89888,1.00,1.00
2015.12.08 09:45:00.342,0.89845,0.89887,1.00,1.00
2015.12.08 09:45:01.012,0.89845,0.89888,1.00,1.00
2015.12.08 09:45:01.507,0.89845,0.89894,1.00,1.00
2015.12.08 09:45:01.558,0.89843,0.89893,1.00,1.37
2015.12.08 09:45:02.002,0.89843,0.89883,1.00,1.00
2015.12.08 09:45:02.419,0.89838,0.89883,1.00,1.00
2015.12.08 09:45:02.625,0.89833,0.89879,1.87,1.00
2015.12.08 09:45:02.763,0.89833,0.89872,1.12,1.00
2015.12.08 09:45:02.991,0.89833,0.89877,1.00,1.50
2015.12.08 09:45:03.096,0.89832,0.89872,1.00,1.00
2015.12.08 09:45:03.313,0.89832,0.89877,1.50,1.00
2015.12.08 09:45:03.834,0.89832,0.89874,1.00,1.00
2015.12.08 09:45:03.884,0.89828,0.89872,1.50,1.00
2015.12.08 09:45:04.414,0.89827,0.89873,1.00,1.00
2015.12.08 09:45:04.642,0.89824,0.89867,1.00,1.00
2015.12.08 09:45:04.963,0.89821,0.89867,1.00,1.00
2015.12.08 09:45:05.014,0.8982,0.89865,1.00,1.00
2015.12.08 09:45:05.352,0.89819,0.89862,1.12,1.00
2015.12.08 09:45:05.875,0.89819,0.89863,1.87,1.00
2015.12.08 09:45:06.401,0.89817,0.89863,2.25,1.00
2015.12.08 09:45:07.217,0.89818,0.89863,1.00,1.00
2015.12.08 09:45:07.745,0.89817,0.89863,2.25,1.00
2015.12.08 09:45:08.348,0.89818,0.89863,1.00,1.00
2015.12.08 09:45:08.934,0.89817,0.89863,1.50,1.00
2015.12.08 09:45:09.533,0.89818,0.89863,1.50,1.00
2015.12.08 09:45:10.062,0.89817,0.89863,1.00,1.00
2015.12.08 09:45:10.789,0.89818,0.89864,1.00,1.37
2015.12.08 09:45:10.901,0.89813,0.89857,1.00,1.00
2015.12.08 09:45:11.131,0.89807,0.89856,1.12,1.00
2015.12.08 09:45:11.231,0.89807,0.89853,1.12,1.00
2015.12.08 09:45:11.951,0.89808,0.89857,1.50,1.00
2015.12.08 09:45:12.152,0.89813,0.89857,1.00,1.00
2015.12.08 09:45:12.657,0.89812,0.89858,1.00,1.00
2015.12.08 09:45:13.254,0.89813,0.89857,1.00,1.00
2015.12.08 09:45:13.920,0.89812,0.89858,1.00,1.00
2015.12.08 09:45:15.851,0.89813,0.89857,1.00,1.00
2015.12.08 09:45:16.627,0.89811,0.89857,1.00,1.00
2015.12.08 09:45:16.729,0.89813,0.89857,1.00,1.00
2015.12.08 09:45:16.852,0.8981,0.89863,1.00,1.00
2015.12.08 09:45:16.952,0.8982,0.89862,1.00,1.00
2015.12.08 09:45:17.072,0.89817,0.89867,1.00,1.12
2015.12.08 09:45:17.186,0.89817,0.89863,1.00,1.00
2015.12.08 09:45:17.501,0.89823,0.89867,1.00,1.00
2015.12.08 09:45:18.270,0.89825,0.89867,1.00,1.00
2015.12.08 09:45:18.431,0.89823,0.89867,1.50,1.00
2015.12.08 09:45:18.964,0.89824,0.89867,1.00,1.00
2015.12.08 09:45:19.511,0.89823,0.89867,1.00,1.00
2015.12.08 09:45:20.270,0.89822,0.89868,1.50,1.00
2015.12.08 09:45:26.565,0.89827,0.89868,1.00,1.00
2015.12.08 09:45:27.281,0.89831,0.89868,1.00,1.00
2015.12.08 09:45:27.382,0.89828,0.89867,1.00,1.00
2015.12.08 09:45:27.936,0.89827,0.89868,1.50,1.00
2015.12.08 09:45:28.451,0.89828,0.89867,1.50,1.00
2015.12.08 09:45:29.736,0.89828,0.89873,1.00,1.00
2015.12.08 09:45:30.246,0.89828,0.89872,1.50,1.00
2015.12.08 09:45:30.871,0.89824,0.89868,1.00,1.00
2015.12.08 09:45:30.922,0.89822,0.89868,1.50,1.00
2015.12.08 09:45:31.022,0.89823,0.89872,1.00,1.00
2015.12.08 09:45:31.151,0.89821,0.89862,1.00,1.00
2015.12.08 09:45:31.201,0.89819,0.89862,1.00,1.00
2015.12.08 09:45:31.389,0.89823,0.89867,1.00,1.00
2015.12.08 09:45:31.878,0.89826,0.89867,1.00,1.00
2015.12.08 09:45:32.479,0.89822,0.89868,1.50,1.00
2015.12.08 09:45:32.580,0.89826,0.89868,1.00,1.00
2015.12.08 09:45:33.274,0.89825,0.89868,1.00,1.00
2015.12.08 09:45:33.882,0.89824,0.89868,1.00,1.00
2015.12.08 09:45:34.784,0.89822,0.89868,1.50,1.00
2015.12.08 09:45:35.185,0.89824,0.89868,1.00,1.00
2015.12.08 09:45:35.686,0.89822,0.89868,1.00,1.00
2015.12.08 09:45:36.982,0.89822,0.89867,1.50,1.00
2015.12.08 09:45:37.509,0.89822,0.89868,1.50,1.00
2015.12.08 09:45:38.192,0.89823,0.89868,1.00,1.00
2015.12.08 09:45:38.644,0.89822,0.89872,1.50,1.00
2015.12.08 09:45:38.961,0.89823,0.89867,1.00,1.00
2015.12.08 09:45:39.706,0.89824,0.89867,1.00,1.00
2015.12.08 09:45:40.208,0.89823,0.89867,1.50,1.00
2015.12.08 09:45:40.391,0.89821,0.89873,1.00,1.50
2015.12.08 09:45:40.441,0.89823,0.89873,1.00,1.00
2015.12.08 09:45:40.865,0.89827,0.89872,1.00,1.00
2015.12.08 09:45:41.196,0.89827,0.89868,1.00,1.00
2015.12.08 09:45:43.691,0.89827,0.89873,1.00,1.37
2015.12.08 09:45:44.217,0.89828,0.89872,1.00,1.00
2015.12.08 09:45:47.231,0.89828,0.89872,1.00,1.37
2015.12.08 09:45:47.469,0.89822,0.89868,1.50,1.00
2015.12.08 09:45:47.621,0.89825,0.89868,1.00,1.00
2015.12.08 09:45:47.961,0.89828,0.89872,1.00,1.37
2015.12.08 09:45:48.112,0.89825,0.89872,1.00,1.37
2015.12.08 09:45:48.163,0.89823,0.89872,1.50,1.87
2015.12.08 09:45:48.213,0.89823,0.89867,1.00,1.00
2015.12.08 09:45:48.781,0.89823,0.89867,1.00,1.87
2015.12.08 09:45:52.160,0.89822,0.89868,1.00,1.87
2015.12.08 09:45:57.294,0.89823,0.89867,1.00,1.37
2015.12.08 09:45:57.344,0.89819,0.89862,1.00,1.00
2015.12.08 09:45:57.880,0.89822,0.89863,1.00,1.00
2015.12.08 09:46:02.542,0.89823,0.89867,1.00,2.62
2015.12.08 09:46:02.593,0.89823,0.89865,1.00,1.00
2015.12.08 09:46:02.940,0.89828,0.89862,1.00,1.00
2015.12.08 09:46:04.375,0.89822,0.89863,1.00,1.00
2015.12.08 09:46:04.707,0.89827,0.89867,1.00,1.37
2015.12.08 09:46:05.581,0.89823,0.89862,1.00,1.00
2015.12.08 09:46:09.760,0.89822,0.89866,1.00,1.00
2015.12.08 09:46:10.204,0.89821,0.89862,1.00,1.00
2015.12.08 09:46:10.530,0.89823,0.89868,1.00,1.37
2015.12.08 09:46:10.860,0.89827,0.89868,1.00,1.37
2015.12.08 09:46:11.891,0.89822,0.89868,1.00,1.37
2015.12.08 09:46:12.777,0.89822,0.89868,1.00,1.87
2015.12.08 09:46:13.173,0.89824,0.89868,1.00,1.37
2015.12.08 09:46:13.481,0.89827,0.89868,1.00,1.37
2015.12.08 09:46:13.942,0.89823,0.89862,1.00,1.00
2015.12.08 09:46:16.250,0.89819,0.89862,1.00,1.00
2015.12.08 09:46:16.360,0.89823,0.89867,1.00,1.00
2015.12.08 09:46:16.579,0.89822,0.89862,1.00,1.00
2015.12.08 09:46:17.370,0.89823,0.89862,1.00,1.00
2015.12.08 09:46:20.656,0.89823,0.89867,1.00,1.50
2015.12.08 09:46:20.871,0.89823,0.89862,1.00,1.00
2015.12.08 09:46:24.284,0.89822,0.89863,1.00,1.00
2015.12.08 09:46:24.634,0.89833,0.89867,1.00,1.37
2015.12.08 09:46:24.797,0.89833,0.89867,1.00,1.00
2015.12.08 09:46:26.195,0.89828,0.89867,1.00,1.00
2015.12.08 09:46:26.870,0.89827,0.89868,1.00,1.12
2015.12.08 09:46:29.711,0.89823,0.89867,1.00,1.00
2015.12.08 09:46:29.761,0.89825,0.89867,1.00,1.00
2015.12.08 09:46:29.812,0.89828,0.89871,1.00,1.00
2015.12.08 09:46:29.964,0.89828,0.89869,1.00,1.00
2015.12.08 09:46:30.271,0.89823,0.89862,1.00,1.00
2015.12.08 09:46:37.500,0.89818,0.89862,1.50,1.00
2015.12.08 09:46:38.842,0.89817,0.89862,1.00,1.12
2015.12.08 09:46:39.628,0.89818,0.89862,1.00,1.12
2015.12.08 09:46:39.946,0.89821,0.89863,1.00,1.37
2015.12.08 09:46:40.470,0.89822,0.89867,1.00,1.37
2015.12.08 09:46:40.890,0.89821,0.89862,1.00,1.00
2015.12.08 09:46:41.526,0.89819,0.89862,1.00,1.00
2015.12.08 09:46:42.154,0.89821,0.89862,1.00,1.00
2015.12.08 09:46:44.825,0.89824,0.89862,1.00,1.00
2015.12.08 09:46:46.969,0.89823,0.89862,1.00,1.00
2015.12.08 09:46:47.170,0.89824,0.89867,1.00,1.12
2015.12.08 09:46:47.972,0.89823,0.89867,1.00,1.87
2015.12.08 09:46:48.699,0.89823,0.89862,1.00,1.00
2015.12.08 09:46:50.239,0.8982,0.89857,1.00,1.00
2015.12.08 09:46:50.379,0.89818,0.89857,1.00,1.00
2015.12.08 09:46:50.899,0.89817,0.89862,1.50,1.12
2015.12.08 09:46:51.000,0.89819,0.89863,1.00,1.37
2015.12.08 09:46:51.339,0.89823,0.89862,1.00,1.12
2015.12.08 09:46:52.219,0.89827,0.89866,1.00,1.00
2015.12.08 09:46:53.074,0.89827,0.89864,1.00,1.00
2015.12.08 09:46:53.210,0.89823,0.89862,1.00,1.00
2015.12.08 09:46:54.969,0.89828,0.89865,1.00,1.00
2015.12.08 09:46:55.020,0.89828,0.89867,1.00,1.12
2015.12.08 09:46:55.570,0.89828,0.89866,1.00,1.00
2015.12.08 09:46:55.850,0.89833,0.89867,1.00,1.12
2015.12.08 09:46:59.712,0.89823,0.89867,1.00,1.12
2015.12.08 09:46:59.763,0.89823,0.89867,1.00,1.37
2015.12.08 09:47:00.103,0.89832,0.89868,1.00,1.37
2015.12.08 09:47:02.709,0.89832,0.89868,1.00,1.87
2015.12.08 09:47:07.729,0.89828,0.89862,1.00,1.00
2015.12.08 09:47:08.719,0.89833,0.89867,1.00,1.12
2015.12.08 09:47:11.919,0.89828,0.89873,1.00,1.00
2015.12.08 09:47:12.133,0.89832,0.89872,1.00,1.00
2015.12.08 09:47:12.283,0.89827,0.8987,1.00,1.00
2015.12.08 09:47:12.349,0.89828,0.89862,1.00,1.00
2015.12.08 09:47:12.875,0.89827,0.89863,1.00,1.00
2015.12.08 09:47:13.585,0.89828,0.89862,1.00,1.00
2015.12.08 09:47:14.769,0.89827,0.89863,1.00,1.00
2015.12.08 09:47:15.319,0.89828,0.89862,1.00,1.00
2015.12.08 09:47:15.845,0.89827,0.89863,1.00,1.00
2015.12.08 09:47:16.421,0.89828,0.89862,1.00,1.00
2015.12.08 09:47:16.970,0.89827,0.89863,1.00,1.00
2015.12.08 09:47:17.639,0.89823,0.89862,1.00,1.00
2015.12.08 09:47:17.849,0.89827,0.89863,1.00,1.00
2015.12.08 09:47:18.619,0.89823,0.89857,1.00,1.00
2015.12.08 09:47:22.719,0.89823,0.89862,1.00,1.00
2015.12.08 09:47:22.819,0.89818,0.89858,1.00,1.00
2015.12.08 09:47:22.870,0.8982,0.89858,1.00,1.00
2015.12.08 09:47:23.019,0.89823,0.89862,1.00,1.00
2015.12.08 09:47:23.238,0.89823,0.89857,1.00,1.00
2015.12.08 09:47:28.536,0.89816,0.89858,1.00,1.00
2015.12.08 09:47:28.851,0.89823,0.89857,1.00,1.00
2015.12.08 09:47:34.268,0.89828,0.89862,1.00,1.00
2015.12.08 09:47:34.511,0.89824,0.89867,1.00,1.00
2015.12.08 09:47:34.612,0.89828,0.89871,1.00,1.12
2015.12.08 09:47:34.927,0.89827,0.89863,1.00,1.00
2015.12.08 09:47:35.613,0.89828,0.89862,1.00,1.00
2015.12.08 09:47:36.769,0.89827,0.89863,1.00,1.00
2015.12.08 09:47:37.411,0.89828,0.89862,1.00,1.00
2015.12.08 09:47:39.629,0.89828,0.89861,1.00,1.00
2015.12.08 09:47:39.680,0.89823,0.89857,1.00,1.00
2015.12.08 09:47:39.775,0.89814,0.89857,1.00,1.00
2015.12.08 09:47:39.958,0.89818,0.89857,1.00,1.00
2015.12.08 09:47:41.170,0.89812,0.89853,1.00,1.00
2015.12.08 09:47:41.390,0.89817,0.89858,1.00,1.00
2015.12.08 09:47:44.182,0.89813,0.89852,1.00,1.00
2015.12.08 09:47:44.953,0.89808,0.89852,1.00,1.00
2015.12.08 09:47:49.950,0.89808,0.89851,1.00,1.00
2015.12.08 09:47:51.299,0.89808,0.89849,1.00,1.00
2015.12.08 09:47:51.806,0.89808,0.8985,1.00,1.00
2015.12.08 09:47:52.458,0.89808,0.89849,1.00,1.00
2015.12.08 09:47:53.260,0.89808,0.8985,1.00,1.00
2015.12.08 09:47:53.520,0.89802,0.89848,1.50,1.00
2015.12.08 09:47:54.708,0.89803,0.89849,1.00,1.50
2015.12.08 09:47:54.759,0.89803,0.89849,1.00,1.87
2015.12.08 09:47:55.121,0.89803,0.89842,1.00,1.00
2015.12.08 09:47:58.658,0.89802,0.89843,1.00,1.00
2015.12.08 09:48:00.309,0.89807,0.89848,1.00,1.87
2015.12.08 09:48:00.428,0.89803,0.89842,1.50,1.00
2015.12.08 09:48:00.879,0.89808,0.89847,1.00,1.37
2015.12.08 09:48:01.960,0.89805,0.89848,1.00,1.37
2015.12.08 09:48:02.336,0.89808,0.89851,1.00,2.25
2015.12.08 09:48:02.869,0.89808,0.89852,1.00,1.00
2015.12.08 09:48:12.512,0.89808,0.8985,1.00,1.00
2015.12.08 09:48:12.742,0.89802,0.89849,1.00,1.00
2015.12.08 09:48:12.792,0.89802,0.89849,1.00,1.37
2015.12.08 09:48:13.120,0.89808,0.89847,1.00,1.37
2015.12.08 09:48:13.329,0.89803,0.89842,1.00,1.00
2015.12.08 09:48:13.884,0.89802,0.89843,1.00,1.00
2015.12.08 09:48:15.162,0.89807,0.89846,1.00,1.37
2015.12.08 09:48:15.645,0.89807,0.89853,1.50,1.00
2015.12.08 09:48:16.323,0.89807,0.89852,1.00,1.00
2015.12.08 09:48:16.906,0.89808,0.89852,1.00,1.00
2015.12.08 09:48:18.728,0.89808,0.89851,1.00,1.00
2015.12.08 09:48:19.335,0.89808,0.89852,1.00,1.50
2015.12.08 09:48:21.334,0.89809,0.89852,1.00,1.00
2015.12.08 09:48:21.577,0.89811,0.89852,1.00,1.00
2015.12.08 09:48:22.098,0.89812,0.89853,1.00,1.00
2015.12.08 09:48:29.348,0.89813,0.89852,1.00,1.00
2015.12.08 09:48:29.855,0.89812,0.89853,1.00,1.00
2015.12.08 09:48:31.162,0.89812,0.89851,1.00,1.00
2015.12.08 09:48:31.764,0.89812,0.89852,1.00,1.00
2015.12.08 09:48:32.309,0.89812,0.89853,1.00,1.00
2015.12.08 09:48:33.748,0.89807,0.89853,1.00,1.00
2015.12.08 09:48:33.798,0.89807,0.8985,1.00,1.00
2015.12.08 09:48:33.908,0.89803,0.89847,1.00,1.00
2015.12.08 09:48:34.009,0.89808,0.89852,1.00,1.50
2015.12.08 09:48:34.427,0.89813,0.89852,1.00,1.00
2015.12.08 09:48:36.648,0.89808,0.89852,1.00,1.00
2015.12.08 09:48:39.088,0.89809,0.89852,1.00,1.00
2015.12.08 09:48:39.358,0.89813,0.89856,1.00,1.37
2015.12.08 09:48:40.060,0.89808,0.89852,1.00,1.00
2015.12.08 09:48:43.706,0.8981,0.89852,1.50,1.12
2015.12.08 09:48:44.008,0.89812,0.89858,1.00,2.25
2015.12.08 09:48:44.109,0.8981,0.89852,1.00,1.12
2015.12.08 09:48:44.410,0.89808,0.89852,1.50,1.12
2015.12.08 09:48:45.112,0.89809,0.89852,1.00,1.12
2015.12.08 09:48:45.654,0.89808,0.89851,1.00,1.00
2015.12.08 09:48:46.212,0.89809,0.89852,1.00,1.12
2015.12.08 09:48:46.318,0.89814,0.89852,1.00,1.12
2015.12.08 09:48:46.820,0.89808,0.89852,1.00,1.12
2015.12.08 09:48:47.321,0.89807,0.89853,1.50,1.37
2015.12.08 09:48:47.422,0.89808,0.89853,1.00,1.37
2015.12.08 09:48:48.022,0.89807,0.89853,1.50,1.37
2015.12.08 09:48:50.377,0.89807,0.89853,1.00,1.37
2015.12.08 09:48:51.619,0.89808,0.89852,1.00,1.12
2015.12.08 09:48:51.827,0.89807,0.89848,1.00,1.00
2015.12.08 09:48:56.248,0.89812,0.89853,1.00,1.37
2015.12.08 09:48:56.899,0.89813,0.89852,1.00,1.37
2015.12.08 09:48:57.447,0.89812,0.89856,1.00,2.25
2015.12.08 09:48:58.288,0.89814,0.89856,1.00,2.25
2015.12.08 09:48:58.338,0.89814,0.89862,1.00,1.37
2015.12.08 09:48:58.489,0.89812,0.89858,1.00,1.12
2015.12.08 09:48:59.000,0.89813,0.89857,1.00,1.50
2015.12.08 09:48:59.803,0.89813,0.89856,1.00,1.00
2015.12.08 09:48:59.946,0.89813,0.89856,1.00,1.37
2015.12.08 09:49:01.192,0.89807,0.89851,1.00,1.00
2015.12.08 09:49:01.508,0.89803,0.89847,1.00,1.00
2015.12.08 09:49:01.767,0.89797,0.89844,1.50,1.00
2015.12.08 09:49:01.997,0.89792,0.8984,1.00,1.00
2015.12.08 09:49:02.057,0.89794,0.89838,1.00,1.00
2015.12.08 09:49:02.157,0.89792,0.89838,1.00,1.00
2015.12.08 09:49:02.609,0.89792,0.89837,1.00,1.37
2015.12.08 09:49:08.874,0.89793,0.89838,1.00,1.37
2015.12.08 09:49:09.361,0.89798,0.8984,1.00,1.37
2015.12.08 09:49:11.723,0.89798,0.89839,1.00,1.00
2015.12.08 09:49:17.787,0.89793,0.89837,1.00,1.00
2015.12.08 09:49:18.347,0.89793,0.89837,1.00,1.37
2015.12.08 09:49:18.448,0.89797,0.8984,1.00,1.37
2015.12.08 09:49:18.564,0.89793,0.89837,1.00,1.37
2015.12.08 09:49:18.667,0.89793,0.89832,1.00,1.00
2015.12.08 09:49:21.746,0.89788,0.89827,1.00,1.00
2015.12.08 09:49:22.217,0.89783,0.89827,1.00,1.00
2015.12.08 09:49:27.378,0.89787,0.89827,1.00,1.00
2015.12.08 09:49:27.889,0.89786,0.89827,1.00,1.00
2015.12.08 09:49:28.436,0.89787,0.89827,1.00,1.00
2015.12.08 09:49:28.644,0.89784,0.89827,1.00,1.00
2015.12.08 09:49:29.148,0.89786,0.89827,1.00,1.00
2015.12.08 09:49:29.337,0.89788,0.89832,1.00,1.00
2015.12.08 09:49:30.051,0.89788,0.8983,1.00,1.00
2015.12.08 09:49:30.151,0.89788,0.89832,1.00,1.50
2015.12.08 09:49:30.216,0.89785,0.89827,1.00,1.00
2015.12.08 09:49:30.953,0.89786,0.89827,1.00,1.00
2015.12.08 09:49:31.355,0.89783,0.89827,1.50,1.00
2015.12.08 09:49:31.677,0.89785,0.89827,1.00,1.00
2015.12.08 09:49:31.806,0.89787,0.89832,1.00,1.00
2015.12.08 09:49:32.090,0.89793,0.89832,1.00,1.00
2015.12.08 09:49:32.666,0.89792,0.89833,1.00,1.00
2015.12.08 09:49:33.186,0.89793,0.89832,1.00,1.00
2015.12.08 09:49:37.636,0.89798,0.89837,1.00,1.00
2015.12.08 09:49:45.176,0.89794,0.89833,1.00,1.00
2015.12.08 09:49:45.226,0.89792,0.89833,1.00,1.00
2015.12.08 09:49:46.291,0.89794,0.89833,1.00,1.00
2015.12.08 09:49:48.696,0.89797,0.89838,1.00,1.37
2015.12.08 09:49:49.666,0.89797,0.89838,1.00,1.12
2015.12.08 09:49:50.202,0.89798,0.89838,1.00,1.12
2015.12.08 09:49:50.565,0.89802,0.89838,1.00,1.12
2015.12.08 09:49:51.103,0.89803,0.89837,1.00,1.00
2015.12.08 09:49:51.630,0.89802,0.89838,1.00,1.12
2015.12.08 09:49:54.673,0.89798,0.89832,1.00,1.00
2015.12.08 09:49:59.478,0.89803,0.89837,1.00,1.00
2015.12.08 09:50:01.587,0.89794,0.89838,1.00,1.00
2015.12.08 09:50:01.638,0.89792,0.89838,1.00,1.00
2015.12.08 09:50:01.901,0.89793,0.89832,1.00,1.00
2015.12.08 09:50:02.174,0.89797,0.8984,1.00,1.00
2015.12.08 09:50:02.451,0.89798,0.89837,1.00,1.00
2015.12.08 09:50:02.695,0.89792,0.89833,1.00,1.00
2015.12.08 09:50:03.635,0.89798,0.89837,1.00,1.00
2015.12.08 09:50:04.930,0.89792,0.89833,1.00,1.00
2015.12.08 09:50:06.124,0.89797,0.89838,1.00,1.12
2015.12.08 09:50:06.606,0.89792,0.89833,1.00,1.00
2015.12.08 09:50:07.664,0.89798,0.89837,1.00,1.00
2015.12.08 09:50:11.864,0.89798,0.89836,1.00,1.00
2015.12.08 09:50:11.965,0.89792,0.89833,1.00,1.00
2015.12.08 09:50:12.516,0.89798,0.89836,1.00,1.00
2015.12.08 09:50:12.967,0.89792,0.89833,1.00,1.00
2015.12.08 09:50:19.436,0.89798,0.89835,1.00,1.00
2015.12.08 09:50:19.651,0.89792,0.89833,1.00,1.00
2015.12.08 09:50:21.512,0.89792,0.89832,1.00,1.00
2015.12.08 09:50:21.751,0.89788,0.89827,1.00,1.00
2015.12.08 09:50:21.903,0.89785,0.89827,1.00,1.00
2015.12.08 09:50:22.012,0.89787,0.89832,1.00,1.00
2015.12.08 09:50:22.606,0.89788,0.89831,1.00,1.00
2015.12.08 09:50:22.696,0.89788,0.89829,1.00,1.00
2015.12.08 09:50:22.746,0.89782,0.89829,1.00,1.00
2015.12.08 09:50:23.261,0.89782,0.89828,1.00,1.50
2015.12.08 09:50:23.312,0.89782,0.89826,1.00,1.00
2015.12.08 09:50:24.051,0.89783,0.89826,1.00,1.00
2015.12.08 09:50:24.727,0.89783,0.89827,1.00,1.50
2015.12.08 09:50:24.968,0.89783,0.89832,1.00,1.00
2015.12.08 09:50:25.192,0.89787,0.89832,1.00,1.00
2015.12.08 09:50:25.751,0.89788,0.89832,1.00,1.00
2015.12.08 09:50:27.290,0.89787,0.89832,1.00,1.00
2015.12.08 09:50:27.710,0.89788,0.89827,1.00,1.00
2015.12.08 09:50:28.134,0.89788,0.89831,1.00,1.37
2015.12.08 09:50:28.606,0.89782,0.89828,1.50,1.00
2015.12.08 09:50:28.656,0.89782,0.89826,1.00,1.00
2015.12.08 09:50:28.807,0.89778,0.89825,1.00,1.00
2015.12.08 09:50:28.908,0.89783,0.89825,1.00,1.00
2015.12.08 09:50:29.247,0.89783,0.89823,1.00,1.00
2015.12.08 09:50:29.466,0.89778,0.89824,1.00,1.00
2015.12.08 09:50:29.620,0.89778,0.89827,1.00,1.50
2015.12.08 09:50:29.773,0.89783,0.89827,1.00,1.50
2015.12.08 09:50:30.921,0.89783,0.89826,1.00,1.00
2015.12.08 09:50:31.470,0.89783,0.89827,1.00,1.50
2015.12.08 09:50:31.923,0.89783,0.89825,1.00,1.00
2015.12.08 09:50:32.573,0.89783,0.89824,1.00,1.00
2015.12.08 09:50:32.625,0.89783,0.89826,1.00,1.00
2015.12.08 09:50:33.126,0.89783,0.89825,1.00,1.00
2015.12.08 09:50:33.326,0.89783,0.89827,1.00,1.50
2015.12.08 09:50:33.427,0.89783,0.89825,1.00,1.00
2015.12.08 09:50:33.928,0.89783,0.89826,1.00,1.00
2015.12.08 09:50:34.448,0.89783,0.89827,1.00,1.50
2015.12.08 09:50:35.432,0.89783,0.89826,1.00,1.00
2015.12.08 09:50:36.263,0.89783,0.89827,1.00,1.00
2015.12.08 09:50:37.588,0.89782,0.89827,1.00,1.00
2015.12.08 09:50:38.173,0.89782,0.89826,1.00,1.50
2015.12.08 09:50:38.738,0.89782,0.89827,1.00,1.00
2015.12.08 09:50:39.542,0.89782,0.89828,1.00,1.50
2015.12.08 09:50:40.645,0.89782,0.89827,1.00,1.00
2015.12.08 09:50:41.378,0.89782,0.89826,1.00,1.00
2015.12.08 09:50:43.755,0.89782,0.89827,1.00,1.00
2015.12.08 09:50:44.350,0.89782,0.89826,1.00,1.00
2015.12.08 09:50:45.001,0.89782,0.89828,1.00,1.50
2015.12.08 09:50:45.210,0.89787,0.89829,1.00,1.00
2015.12.08 09:50:45.761,0.89787,0.89831,1.00,1.00
2015.12.08 09:50:46.270,0.89786,0.89832,1.00,1.00
2015.12.08 09:50:46.864,0.89788,0.89833,1.00,1.00
2015.12.08 09:50:47.265,0.89792,0.89836,1.00,1.00
2015.12.08 09:50:47.465,0.89792,0.89838,1.50,1.00
2015.12.08 09:50:48.167,0.89793,0.89838,1.00,1.00
2015.12.08 09:50:48.732,0.89792,0.89838,1.50,1.00
2015.12.08 09:50:48.869,0.89794,0.89838,1.00,1.00
2015.12.08 09:50:49.010,0.89792,0.89838,1.50,1.00
2015.12.08 09:50:49.471,0.89797,0.89842,1.00,1.00
2015.12.08 09:50:50.089,0.89798,0.89842,1.00,1.00
2015.12.08 09:50:56.642,0.89798,0.89839,1.00,1.00
2015.12.08 09:50:56.743,0.89793,0.89837,1.50,1.00
2015.12.08 09:50:58.043,0.89793,0.89839,1.00,1.12
2015.12.08 09:50:58.590,0.89792,0.89838,1.12,1.00
2015.12.08 09:50:59.118,0.89793,0.89837,1.00,1.00
2015.12.08 09:51:02.381,0.89793,0.89837,1.00,1.37
2015.12.08 09:51:11.452,0.89794,0.89837,1.00,1.37
2015.12.08 09:51:12.062,0.89795,0.89837,1.00,1.37
2015.12.08 09:51:13.637,0.89793,0.89837,1.00,1.37
2015.12.08 09:51:13.738,0.89792,0.89836,1.50,2.25
2015.12.08 09:51:14.089,0.89794,0.89836,1.00,2.25
2015.12.08 09:51:14.681,0.89793,0.89836,1.50,2.25
2015.12.08 09:51:15.582,0.89793,0.89838,1.00,1.37
2015.12.08 09:51:17.231,0.89797,0.8984,1.00,1.37
2015.12.08 09:51:18.004,0.89798,0.89837,1.00,1.37
2015.12.08 09:51:18.549,0.89798,0.89837,1.00,1.87
2015.12.08 09:51:20.264,0.89793,0.89833,1.00,1.12
2015.12.08 09:51:20.975,0.89792,0.89833,1.00,1.12
2015.12.08 09:51:29.389,0.89797,0.89836,1.00,1.37
2015.12.08 09:51:29.751,0.89793,0.89832,1.00,1.00
2015.12.08 09:51:30.514,0.89787,0.89828,1.00,1.00
2015.12.08 09:51:32.071,0.89788,0.89827,1.00,1.00
2015.12.08 09:51:33.721,0.89787,0.89828,1.00,1.00
2015.12.08 09:51:34.237,0.89783,0.89827,1.37,1.50
2015.12.08 09:51:34.451,0.89779,0.89823,1.50,1.00
2015.12.08 09:51:34.849,0.89777,0.89824,1.50,1.00
2015.12.08 09:51:34.899,0.89777,0.89822,1.00,1.00
2015.12.08 09:51:35.239,0.89777,0.89818,1.00,1.00
2015.12.08 09:51:36.690,0.89783,0.89822,1.00,1.37
2015.12.08 09:51:37.703,0.89783,0.89822,1.00,1.00
2015.12.08 09:51:37.904,0.89783,0.89827,1.00,1.37
2015.12.08 09:51:38.009,0.89778,0.89827,1.12,1.37
2015.12.08 09:51:38.156,0.89782,0.89827,1.00,1.37
2015.12.08 09:51:38.497,0.89788,0.8983,1.00,1.50
2015.12.08 09:51:40.803,0.89788,0.89832,1.00,1.37
2015.12.08 09:51:41.304,0.89787,0.89833,1.00,1.37
2015.12.08 09:51:41.380,0.89793,0.89835,1.00,1.37
2015.12.08 09:51:42.908,0.89793,0.89837,1.00,1.00
2015.12.08 09:51:42.959,0.8979,0.89837,1.00,1.00
2015.12.08 09:51:43.161,0.89791,0.89842,1.00,2.25
2015.12.08 09:51:43.262,0.89797,0.89843,1.00,1.00
2015.12.08 09:51:43.570,0.89803,0.89847,1.00,1.87
2015.12.08 09:51:44.229,0.89802,0.89843,1.00,1.00
2015.12.08 09:51:47.039,0.89802,0.89843,1.00,1.37
2015.12.08 09:51:50.119,0.89802,0.89843,1.00,1.12
2015.12.08 09:51:53.088,0.89802,0.89843,1.00,1.37
2015.12.08 09:51:56.665,0.89805,0.89843,1.00,1.37
2015.12.08 09:51:56.966,0.89808,0.89847,1.00,1.37
2015.12.08 09:51:58.479,0.89808,0.89852,1.00,1.00
2015.12.08 09:51:58.590,0.8981,0.89852,1.00,1.00
2015.12.08 09:51:58.978,0.89818,0.89857,1.00,1.00
2015.12.08 09:52:01.874,0.89817,0.89863,1.00,1.50
2015.12.08 09:52:06.069,0.89817,0.89863,1.00,1.37
2015.12.08 09:52:06.265,0.89814,0.89858,1.00,1.00
2015.12.08 09:52:06.466,0.89812,0.89857,1.00,1.00
2015.12.08 09:52:06.622,0.89812,0.89855,1.00,1.00
2015.12.08 09:52:07.141,0.89808,0.89852,1.00,1.00
2015.12.08 09:52:07.242,0.89813,0.89854,1.00,1.00
2015.12.08 09:52:07.701,0.89808,0.89852,1.00,1.00
2015.12.08 09:52:08.660,0.89807,0.89853,1.00,1.50
2015.12.08 09:52:09.797,0.89807,0.89852,1.00,1.00
2015.12.08 09:52:14.510,0.89807,0.89851,1.00,1.00
2015.12.08 09:52:14.921,0.89807,0.89849,1.00,1.00
2015.12.08 09:52:15.469,0.89807,0.89848,1.00,1.00
2015.12.08 09:52:15.859,0.89807,0.8985,1.00,1.00
2015.12.08 09:52:17.119,0.89807,0.89851,1.00,1.00
2015.12.08 09:52:18.229,0.89808,0.89851,1.00,1.00
2015.12.08 09:52:19.524,0.89808,0.89852,1.00,1.50
2015.12.08 09:52:20.084,0.89807,0.89852,1.00,1.00
2015.12.08 09:52:20.655,0.89808,0.89852,1.00,1.50
2015.12.08 09:52:21.127,0.89807,0.8985,1.00,1.00
2015.12.08 09:52:21.198,0.89803,0.89847,1.00,1.00
2015.12.08 09:52:23.728,0.89803,0.89849,1.00,1.00
2015.12.08 09:52:24.058,0.89803,0.89847,1.00,1.00
2015.12.08 09:52:33.053,0.89804,0.89847,1.00,1.00
2015.12.08 09:52:33.554,0.89803,0.89847,1.50,1.00
2015.12.08 09:52:38.158,0.89802,0.89848,2.25,1.00
2015.12.08 09:52:38.670,0.89803,0.89848,1.00,1.00
2015.12.08 09:52:39.331,0.89803,0.89847,1.00,1.00
2015.12.08 09:52:44.283,0.89803,0.89846,1.00,1.00
2015.12.08 09:52:44.434,0.89798,0.89842,1.00,1.50
2015.12.08 09:52:44.678,0.89798,0.89846,1.00,1.00
2015.12.08 09:52:44.848,0.89792,0.89838,1.00,1.00
2015.12.08 09:52:45.179,0.89798,0.89842,1.00,1.50
2015.12.08 09:52:48.480,0.89797,0.89843,1.50,1.00
2015.12.08 09:52:48.794,0.89804,0.89848,1.00,1.00
2015.12.08 09:52:49.318,0.89804,0.89847,1.00,1.00
2015.12.08 09:52:49.697,0.89807,0.89853,1.00,1.87
2015.12.08 09:52:50.307,0.89808,0.89852,1.00,1.37
2015.12.08 09:52:50.398,0.89808,0.89852,1.00,1.00
2015.12.08 09:52:51.348,0.89805,0.89852,1.50,1.00
2015.12.08 09:52:51.401,0.89803,0.89852,1.00,1.50
2015.12.08 09:52:51.703,0.89803,0.89847,1.00,1.00
2015.12.08 09:52:52.287,0.89804,0.89848,1.00,1.00
2015.12.08 09:52:52.605,0.89802,0.89848,2.25,1.00
2015.12.08 09:52:53.278,0.89803,0.89848,1.50,1.00
2015.12.08 09:52:53.328,0.89807,0.89852,1.00,1.00
2015.12.08 09:52:54.335,0.89807,0.89853,1.00,1.87
2015.12.08 09:52:54.672,0.89803,0.89847,1.50,1.00
2015.12.08 09:53:00.172,0.89802,0.89847,1.00,1.00
2015.12.08 09:53:00.677,0.89803,0.89847,1.00,1.00
2015.12.08 09:53:01.143,0.89804,0.8985,1.00,1.00
2015.12.08 09:53:01.438,0.89808,0.89852,1.00,1.37
2015.12.08 09:53:01.928,0.89808,0.89847,1.00,1.00
2015.12.08 09:53:03.219,0.89812,0.89853,1.00,1.37
2015.12.08 09:53:04.148,0.89812,0.89853,1.00,1.50
2015.12.08 09:53:05.689,0.8981,0.89852,1.00,1.37
2015.12.08 09:53:05.858,0.89818,0.89852,1.00,1.37
2015.12.08 09:53:06.457,0.89818,0.89852,1.00,1.00
2015.12.08 09:53:07.293,0.89818,0.89857,1.00,1.37
2015.12.08 09:53:07.510,0.89812,0.89858,1.00,1.37
2015.12.08 09:53:07.838,0.89818,0.89857,1.00,1.37
2015.12.08 09:53:08.548,0.89817,0.89858,1.00,1.87
2015.12.08 09:53:08.608,0.89812,0.89858,1.00,1.87
2015.12.08 09:53:09.158,0.89813,0.89857,1.00,1.87
2015.12.08 09:53:09.450,0.89813,0.89857,1.00,3.00
2015.12.08 09:53:09.751,0.89817,0.89857,1.00,2.25
2015.12.08 09:53:10.351,0.89818,0.89857,1.00,3.00
2015.12.08 09:53:10.939,0.89817,0.89853,1.00,1.37
2015.12.08 09:53:11.806,0.89808,0.89852,1.00,1.37
2015.12.08 09:53:12.061,0.89813,0.89852,1.00,1.87
2015.12.08 09:53:12.127,0.89808,0.89847,1.00,1.00
2015.12.08 09:53:12.911,0.89807,0.89848,1.00,1.37
2015.12.08 09:53:13.498,0.89807,0.89845,1.00,1.00
2015.12.08 09:53:13.643,0.89802,0.89843,1.00,1.00
2015.12.08 09:53:14.171,0.89803,0.89842,1.00,1.00
2015.12.08 09:53:14.372,0.89803,0.89845,1.00,1.00
2015.12.08 09:53:14.548,0.89797,0.89843,1.00,1.00
2015.12.08 09:53:14.598,0.89799,0.89843,1.00,1.00
2015.12.08 09:53:14.976,0.89803,0.89842,1.00,1.00
2015.12.08 09:53:27.299,0.89803,0.89841,1.00,1.00
2015.12.08 09:53:27.450,0.89798,0.89837,1.00,1.00
2015.12.08 09:53:27.500,0.89798,0.89835,1.00,1.00
2015.12.08 09:53:27.858,0.89797,0.89833,1.00,1.50
2015.12.08 09:53:29.416,0.89798,0.89832,1.00,1.00
2015.12.08 09:53:30.167,0.89797,0.89833,1.00,1.00
2015.12.08 09:53:31.955,0.89793,0.89837,1.00,1.00
2015.12.08 09:53:32.063,0.89798,0.8984,1.00,1.87
2015.12.08 09:53:32.414,0.89798,0.89837,1.00,1.00
2015.12.08 09:53:35.667,0.89803,0.89842,1.00,1.50
2015.12.08 09:53:35.970,0.89803,0.8984,1.00,1.00
2015.12.08 09:53:36.021,0.89797,0.89838,1.00,1.00
2015.12.08 09:53:40.557,0.89797,0.89837,1.00,1.00
2015.12.08 09:53:40.939,0.89798,0.89833,1.00,1.00
2015.12.08 09:53:41.271,0.89798,0.89831,1.00,1.00
2015.12.08 09:53:41.321,0.89788,0.89831,1.37,1.00
2015.12.08 09:53:41.372,0.89788,0.8983,1.00,1.00
2015.12.08 09:53:41.497,0.89788,0.89827,1.00,1.00
2015.12.08 09:53:41.837,0.89793,0.89832,1.00,1.50
2015.12.08 09:53:42.097,0.89788,0.8983,1.00,1.00
2015.12.08 09:53:42.147,0.89788,0.89827,1.00,1.00
2015.12.08 09:53:42.394,0.89783,0.89827,1.00,1.00
2015.12.08 09:53:42.927,0.89787,0.89832,1.00,1.00
2015.12.08 09:53:43.293,0.89785,0.89833,1.00,1.50
2015.12.08 09:53:43.508,0.89788,0.89833,1.00,1.50
2015.12.08 09:53:43.842,0.89792,0.89833,1.00,1.00
2015.12.08 09:53:44.177,0.89796,0.89837,1.00,1.37
2015.12.08 09:53:44.228,0.89796,0.89837,1.00,1.00
2015.12.08 09:53:44.357,0.89798,0.89842,1.00,1.00
2015.12.08 09:53:44.860,0.89798,0.89841,1.00,1.00
2015.12.08 09:53:45.522,0.89798,0.89842,1.00,1.50
2015.12.08 09:53:46.182,0.89798,0.89841,1.00,1.00
2015.12.08 09:53:46.233,0.89795,0.89837,1.00,1.00
2015.12.08 09:53:46.283,0.89793,0.89837,1.50,1.00
2015.12.08 09:53:47.327,0.89798,0.89841,1.00,1.00
2015.12.08 09:53:47.840,0.89798,0.8984,1.00,1.00
2015.12.08 09:53:47.895,0.89798,0.89842,1.00,1.00
2015.12.08 09:53:47.996,0.89795,0.89842,1.00,1.00
2015.12.08 09:53:48.060,0.89797,0.89842,1.00,1.00
2015.12.08 09:53:48.426,0.89803,0.89842,1.00,1.00
2015.12.08 09:53:48.477,0.89807,0.89848,1.00,1.87
2015.12.08 09:53:48.647,0.89801,0.89849,1.00,1.37
2015.12.08 09:53:48.697,0.8981,0.89853,1.00,1.00
2015.12.08 09:53:49.087,0.89813,0.89852,1.00,1.00
2015.12.08 09:53:49.415,0.89818,0.89856,1.00,1.37
2015.12.08 09:53:50.194,0.89807,0.89852,1.00,1.00
2015.12.08 09:53:50.245,0.89807,0.89852,1.00,1.37
2015.12.08 09:53:50.566,0.89808,0.89847,1.50,1.00
2015.12.08 09:53:50.888,0.89813,0.89855,1.00,2.25
2015.12.08 09:53:51.225,0.89808,0.89853,1.00,1.37
2015.12.08 09:53:51.349,0.89808,0.89853,1.00,1.00
2015.12.08 09:53:52.027,0.89809,0.89853,1.00,1.00
2015.12.08 09:53:52.877,0.89808,0.89853,1.00,1.00
2015.12.08 09:53:53.673,0.89807,0.89853,1.50,1.00
2015.12.08 09:53:54.306,0.89808,0.89853,1.00,1.00
2015.12.08 09:53:54.976,0.89809,0.89853,1.00,1.00
2015.12.08 09:53:55.177,0.89812,0.89858,1.00,1.50
2015.12.08 09:53:57.035,0.89813,0.89857,1.00,1.00
2015.12.08 09:53:57.338,0.89808,0.89852,1.50,1.00
2015.12.08 09:53:57.788,0.89813,0.89857,1.00,1.00
2015.12.08 09:53:58.987,0.8981,0.89852,1.00,1.00
2015.12.08 09:54:00.193,0.89809,0.89852,1.00,1.00
2015.12.08 09:54:00.412,0.89807,0.89853,1.00,1.00
2015.12.08 09:54:00.644,0.89804,0.89847,1.00,1.00
2015.12.08 09:54:01.496,0.89805,0.89847,1.00,1.00
2015.12.08 09:54:02.799,0.89804,0.89847,1.00,1.00
2015.12.08 09:54:03.058,0.89803,0.89849,1.00,1.00
2015.12.08 09:54:03.358,0.89803,0.89847,1.00,1.00
2015.12.08 09:54:03.719,0.898,0.89842,1.00,1.00
2015.12.08 09:54:04.037,0.89802,0.89843,1.00,1.00
2015.12.08 09:54:04.599,0.89803,0.89842,1.00,1.00
2015.12.08 09:54:05.544,0.89803,0.89841,1.00,1.00
2015.12.08 09:54:06.047,0.89803,0.89842,1.00,1.00
2015.12.08 09:54:06.848,0.89797,0.89841,1.00,1.00
2015.12.08 09:54:07.012,0.89797,0.89843,1.00,1.50
2015.12.08 09:54:07.418,0.89798,0.89841,1.00,1.50
2015.12.08 09:54:08.015,0.89798,0.89842,1.00,1.00
2015.12.08 09:54:15.642,0.89798,0.89839,1.00,1.00
2015.12.08 09:54:16.306,0.89794,0.89837,1.00,1.00
2015.12.08 09:54:16.845,0.89793,0.89834,1.00,1.00
2015.12.08 09:54:17.418,0.89792,0.89833,1.00,1.50
2015.12.08 09:54:21.888,0.89792,0.89832,1.00,1.00
2015.12.08 09:54:23.179,0.89792,0.89831,1.00,1.00
2015.12.08 09:54:23.479,0.89792,0.89833,1.00,1.87
2015.12.08 09:54:23.580,0.89792,0.89831,1.00,1.00
2015.12.08 09:54:24.176,0.89792,0.89832,1.00,1.00
2015.12.08 09:54:24.684,0.89792,0.89831,1.00,1.00
2015.12.08 09:54:24.997,0.89787,0.89828,1.00,1.00
2015.12.08 09:54:25.106,0.89793,0.89831,1.00,1.00
2015.12.08 09:54:26.220,0.89793,0.89832,1.00,1.00
2015.12.08 09:54:26.878,0.89793,0.89831,1.00,1.00
2015.12.08 09:54:27.538,0.89793,0.89832,1.00,1.50
2015.12.08 09:54:28.988,0.89793,0.89831,1.00,1.00
2015.12.08 09:54:29.507,0.89793,0.89832,1.00,1.50
2015.12.08 09:54:29.946,0.89787,0.89832,1.00,1.00
2015.12.08 09:54:30.296,0.89783,0.89829,1.00,2.25
2015.12.08 09:54:30.646,0.89788,0.89829,1.00,2.25
2015.12.08 09:54:31.202,0.89787,0.89829,1.00,2.25
2015.12.08 09:54:31.306,0.89787,0.89828,1.00,1.00
2015.12.08 09:54:31.916,0.89787,0.89827,1.00,1.00
2015.12.08 09:54:32.304,0.89787,0.89829,1.00,1.00
2015.12.08 09:54:32.405,0.89787,0.89831,1.00,1.00
2015.12.08 09:54:32.916,0.89787,0.89833,1.00,1.00
2015.12.08 09:54:33.067,0.89788,0.89835,1.00,1.00
2015.12.08 09:54:33.136,0.89792,0.89835,1.00,1.00
2015.12.08 09:54:34.023,0.89792,0.89836,1.00,1.00
2015.12.08 09:54:34.610,0.89792,0.89835,1.00,1.00
2015.12.08 09:54:35.512,0.89792,0.89836,1.00,1.00
2015.12.08 09:54:36.414,0.89792,0.89837,1.00,1.50
2015.12.08 09:54:37.117,0.89792,0.89838,1.00,1.00
2015.12.08 09:54:37.662,0.89793,0.89837,1.00,1.00
2015.12.08 09:54:38.197,0.89792,0.89838,1.00,1.00
2015.12.08 09:54:38.525,0.89797,0.89838,1.00,1.00
2015.12.08 09:54:43.696,0.89803,0.89842,1.00,1.37
2015.12.08 09:54:45.235,0.89803,0.89842,1.00,1.12
2015.12.08 09:54:47.745,0.89803,0.89841,1.00,1.00
2015.12.08 09:54:48.337,0.89803,0.89841,1.00,1.37
2015.12.08 09:54:49.349,0.89798,0.89842,1.00,1.37
2015.12.08 09:54:49.449,0.89803,0.89845,1.00,1.37
2015.12.08 09:54:49.527,0.89798,0.89842,1.00,1.37
2015.12.08 09:54:49.678,0.89803,0.89842,1.00,1.37
2015.12.08 09:54:50.201,0.89798,0.89837,1.00,1.00
2015.12.08 09:54:50.405,0.89802,0.89841,1.00,1.37
2015.12.08 09:54:50.647,0.89798,0.89837,1.00,1.00
2015.12.08 09:54:51.066,0.89798,0.89841,1.00,1.37
2015.12.08 09:54:51.304,0.89798,0.89841,1.00,1.37
2015.12.08 09:54:51.918,0.89797,0.89841,1.00,1.37
2015.12.08 09:54:52.558,0.89798,0.89841,1.00,1.37
2015.12.08 09:54:53.046,0.89798,0.89841,1.00,1.12
2015.12.08 09:54:53.965,0.89803,0.89847,1.00,1.00
2015.12.08 09:54:54.366,0.89803,0.89844,1.00,1.00
2015.12.08 09:54:54.517,0.89798,0.89844,1.00,1.00
2015.12.08 09:54:54.742,0.89798,0.89837,1.00,1.00
2015.12.08 09:54:55.026,0.89802,0.89843,1.00,1.50
2015.12.08 09:54:55.226,0.89798,0.89837,1.00,1.00
2015.12.08 09:54:55.686,0.89803,0.89842,1.00,1.00
2015.12.08 09:54:56.021,0.89803,0.89847,1.00,1.37
2015.12.08 09:54:56.676,0.89802,0.89848,1.00,1.37
2015.12.08 09:54:56.926,0.89797,0.89843,1.00,1.00
2015.12.08 09:54:57.586,0.89794,0.8984,2.25,1.00
2015.12.08 09:54:57.745,0.89794,0.89842,2.25,1.50
2015.12.08 09:54:58.524,0.89797,0.89841,1.37,1.00
2015.12.08 09:54:59.088,0.89797,0.89842,1.37,1.00
2015.12.08 09:54:59.358,0.89797,0.89841,1.00,1.00
2015.12.08 09:55:00.226,0.89797,0.89842,1.00,1.00
2015.12.08 09:55:00.342,0.89798,0.89845,1.00,1.00
2015.12.08 09:55:00.393,0.89795,0.89847,1.00,1.00
2015.12.08 09:55:00.544,0.89803,0.89847,1.00,1.00
2015.12.08 09:55:01.746,0.89808,0.8985,1.00,1.00
2015.12.08 09:55:01.907,0.89802,0.89848,1.12,1.00
2015.12.08 09:55:06.690,0.89802,0.89848,1.37,1.00
2015.12.08 09:55:07.560,0.89802,0.89847,1.37,1.00
2015.12.08 09:55:08.121,0.89802,0.89848,1.37,1.00
2015.12.08 09:55:08.171,0.89802,0.89845,1.37,1.00
2015.12.08 09:55:08.540,0.89802,0.89842,1.37,1.00
2015.12.08 09:55:08.891,0.89798,0.89842,1.00,1.00
2015.12.08 09:55:09.442,0.89797,0.89842,1.00,1.00
2015.12.08 09:55:09.880,0.89797,0.89847,1.00,1.50
2015.12.08 09:55:10.211,0.89797,0.89847,1.75,1.50
2015.12.08 09:55:15.544,0.89808,0.8985,1.00,1.12
2015.12.08 09:55:15.861,0.89807,0.89851,1.00,1.37
2015.12.08 09:55:18.680,0.89807,0.89851,1.00,1.37
2015.12.08 09:55:21.571,0.89808,0.89852,1.00,2.25
2015.12.08 09:55:21.760,0.89808,0.89851,1.00,1.37
2015.12.08 09:55:24.751,0.89808,0.89852,1.00,1.50
2015.12.08 09:55:27.736,0.89808,0.89847,1.00,1.37
2015.12.08 09:55:28.851,0.89802,0.89847,1.00,1.37
2015.12.08 09:55:36.200,0.89807,0.89849,1.00,1.37
2015.12.08 09:55:42.064,0.89806,0.89847,1.00,1.37
2015.12.08 09:55:42.199,0.8981,0.89856,1.00,1.37
2015.12.08 09:55:42.325,0.89806,0.89852,1.00,1.12
2015.12.08 09:55:42.376,0.89812,0.89852,1.00,1.12
2015.12.08 09:55:42.736,0.89808,0.89848,1.00,1.00
2015.12.08 09:55:42.800,0.89803,0.89848,1.00,1.00
2015.12.08 09:55:42.850,0.89802,0.89843,1.00,1.00
2015.12.08 09:55:43.019,0.89803,0.89848,1.00,1.00
2015.12.08 09:55:43.535,0.89802,0.89848,1.50,1.00
2015.12.08 09:55:44.529,0.89802,0.89848,1.00,1.37
2015.12.08 09:55:47.539,0.89802,0.89848,1.50,1.37
2015.12.08 09:55:48.949,0.89803,0.89848,1.00,1.37
2015.12.08 09:55:49.189,0.89803,0.89851,1.00,1.00
2015.12.08 09:55:49.350,0.89806,0.89851,1.00,1.00
2015.12.08 09:55:49.701,0.89808,0.89851,1.00,1.00
2015.12.08 09:55:50.973,0.89808,0.89852,1.00,1.50
2015.12.08 09:55:52.857,0.89808,0.89851,1.00,1.00
2015.12.08 09:55:53.358,0.89808,0.89852,1.00,1.00
2015.12.08 09:56:05.723,0.89808,0.89849,1.00,1.00
2015.12.08 09:56:07.194,0.89808,0.89852,1.00,1.50
2015.12.08 09:56:07.708,0.89807,0.89853,1.00,1.00
2015.12.08 09:56:09.298,0.89807,0.89852,1.00,1.00
2015.12.08 09:56:09.790,0.89812,0.89854,1.00,1.00
2015.12.08 09:56:09.944,0.89812,0.89856,1.00,1.00
2015.12.08 09:56:09.995,0.89808,0.89856,1.00,1.00
2015.12.08 09:56:10.189,0.89818,0.89855,1.00,1.00
2015.12.08 09:56:10.599,0.89818,0.89856,1.00,1.37
2015.12.08 09:56:11.289,0.89813,0.89852,1.00,1.00
2015.12.08 09:56:12.499,0.89818,0.89857,1.00,1.87
2015.12.08 09:56:12.940,0.89813,0.89852,1.00,1.00
2015.12.08 09:56:17.367,0.89818,0.89857,1.00,1.37
2015.12.08 09:56:18.674,0.89818,0.89857,1.00,1.12
2015.12.08 09:56:19.677,0.89813,0.89853,1.00,1.00
2015.12.08 09:56:19.869,0.89808,0.89852,1.50,1.00
2015.12.08 09:56:19.928,0.89811,0.89852,1.00,1.00
2015.12.08 09:56:20.029,0.89808,0.89852,1.00,1.00
2015.12.08 09:56:22.865,0.8981,0.89852,1.00,1.00
2015.12.08 09:56:22.978,0.89808,0.89852,1.50,1.00
2015.12.08 09:56:23.718,0.89812,0.89856,1.00,1.00
2015.12.08 09:56:23.769,0.89812,0.89858,1.00,1.00
2015.12.08 09:56:23.828,0.89808,0.89857,1.00,1.00
2015.12.08 09:56:23.968,0.8981,0.89857,1.00,1.00
2015.12.08 09:56:24.290,0.89817,0.8986,1.00,1.00
2015.12.08 09:56:24.908,0.89818,0.89862,1.00,1.87
2015.12.08 09:56:25.569,0.89818,0.89861,1.00,1.37
2015.12.08 09:56:28.119,0.89818,0.89862,1.00,1.37
2015.12.08 09:56:29.329,0.89813,0.89857,1.00,1.00
2015.12.08 09:56:32.408,0.89818,0.89862,1.00,1.37
2015.12.08 09:56:33.589,0.89818,0.89862,1.00,1.87
2015.12.08 09:56:34.396,0.8982,0.89867,1.00,3.00
2015.12.08 09:56:34.579,0.8982,0.89867,1.00,1.00
2015.12.08 09:56:34.630,0.89823,0.89867,1.00,1.00
2015.12.08 09:56:35.147,0.89823,0.89868,1.00,1.00
2015.12.08 09:56:35.963,0.89822,0.89868,2.25,1.00
2015.12.08 09:56:36.468,0.89823,0.89868,1.00,1.00
2015.12.08 09:56:37.311,0.89825,0.89868,1.00,1.00
2015.12.08 09:56:37.367,0.89822,0.89868,1.50,1.50
2015.12.08 09:56:38.068,0.89822,0.89867,1.00,1.00
2015.12.08 09:56:38.569,0.89823,0.89867,1.00,1.50
2015.12.08 09:56:41.979,0.89819,0.89863,1.00,1.00
2015.12.08 09:56:46.928,0.89819,0.89867,1.00,1.50
2015.12.08 09:56:46.986,0.89819,0.89865,1.00,1.00
2015.12.08 09:56:47.308,0.89817,0.89861,1.00,1.00
2015.12.08 09:56:47.965,0.89818,0.89861,1.00,1.00
2015.12.08 09:56:48.491,0.89818,0.89862,1.00,1.00
2015.12.08 09:56:48.806,0.89818,0.8986,1.00,1.00
2015.12.08 09:56:48.992,0.89813,0.89857,1.50,1.00
2015.12.08 09:56:49.043,0.89818,0.8986,1.00,1.00
2015.12.08 09:56:49.679,0.89813,0.89859,1.00,1.00
2015.12.08 09:56:50.007,0.89813,0.89852,1.00,1.00
2015.12.08 09:56:55.748,0.89814,0.89857,1.00,1.37
2015.12.08 09:56:55.906,0.89816,0.89857,1.00,1.37
2015.12.08 09:56:56.057,0.89818,0.89862,1.00,1.00
2015.12.08 09:56:56.688,0.89817,0.89863,1.50,1.00
2015.12.08 09:57:02.848,0.89817,0.89859,1.00,1.00
2015.12.08 09:57:02.899,0.89813,0.89857,1.50,1.00
2015.12.08 09:57:03.872,0.89813,0.89858,1.00,1.00
2015.12.08 09:57:05.189,0.89813,0.89857,1.50,1.00
2015.12.08 09:57:05.978,0.89813,0.89858,1.00,1.00
2015.12.08 09:57:06.311,0.89812,0.89853,1.00,1.00
2015.12.08 09:57:08.183,0.89808,0.89847,1.00,1.00
2015.12.08 09:57:10.138,0.89807,0.89848,1.50,1.00
2015.12.08 09:57:10.288,0.89802,0.89846,1.00,1.00
2015.12.08 09:57:10.338,0.89802,0.89843,1.00,1.00
2015.12.08 09:57:10.815,0.89803,0.89842,1.00,1.37
2015.12.08 09:57:13.857,0.89803,0.89842,1.00,1.00
2015.12.08 09:57:16.078,0.89802,0.89843,1.00,1.12
2015.12.08 09:57:16.817,0.89802,0.89843,1.00,1.37
2015.12.08 09:57:17.200,0.89798,0.89842,1.50,1.37
2015.12.08 09:57:17.508,0.89803,0.89847,1.00,2.25
2015.12.08 09:57:18.357,0.89803,0.89847,1.00,1.50
2015.12.08 09:57:20.457,0.89803,0.8984,1.00,1.00
2015.12.08 09:57:20.507,0.89797,0.8984,1.00,1.00
2015.12.08 09:57:20.558,0.89797,0.89838,1.00,1.00
2015.12.08 09:57:20.860,0.89797,0.89836,1.00,1.00
2015.12.08 09:57:20.910,0.89792,0.89833,1.00,1.00
2015.12.08 09:57:21.459,0.89793,0.89832,1.00,1.00
2015.12.08 09:57:21.510,0.89788,0.89832,1.00,1.00
2015.12.08 09:57:22.061,0.89788,0.89831,1.00,1.00
2015.12.08 09:57:22.569,0.89788,0.89832,1.00,1.00
2015.12.08 09:57:23.028,0.89792,0.89838,1.00,1.50
2015.12.08 09:57:23.248,0.8979,0.89838,1.00,1.50
2015.12.08 09:57:23.498,0.89792,0.89838,1.00,1.00
2015.12.08 09:57:23.800,0.89798,0.89842,1.00,1.50
2015.12.08 09:57:24.127,0.89803,0.89843,1.00,2.25
2015.12.08 09:57:24.238,0.898,0.89842,1.00,1.50
2015.12.08 09:57:24.566,0.898,0.89842,1.00,1.00
2015.12.08 09:57:24.617,0.89798,0.89842,1.00,1.00
2015.12.08 09:57:29.076,0.89801,0.89842,1.00,1.00
2015.12.08 09:57:29.127,0.89803,0.89847,1.00,1.00
2015.12.08 09:57:29.756,0.89802,0.89847,1.00,1.00
2015.12.08 09:57:30.229,0.89807,0.89849,1.00,1.00
2015.12.08 09:57:30.381,0.89808,0.89851,1.00,1.00
2015.12.08 09:57:30.431,0.89804,0.89847,1.00,1.00
2015.12.08 09:57:30.827,0.89808,0.89851,1.00,1.00
2015.12.08 09:57:38.146,0.89808,0.89852,1.00,1.50
2015.12.08 09:57:38.606,0.89808,0.8985,1.00,1.00
2015.12.08 09:57:39.136,0.89808,0.89851,1.00,1.00
2015.12.08 09:57:39.706,0.89808,0.8985,1.00,1.00
2015.12.08 09:57:39.909,0.89808,0.89852,1.00,1.50
2015.12.08 09:57:42.516,0.89808,0.8985,1.00,1.00
2015.12.08 09:57:43.427,0.89808,0.89851,1.00,1.00
2015.12.08 09:57:44.037,0.89808,0.8985,1.00,1.00
2015.12.08 09:57:45.224,0.89808,0.89852,1.00,1.00
2015.12.08 09:57:45.324,0.89808,0.8985,1.00,1.00
2015.12.08 09:57:45.889,0.89808,0.89851,1.00,1.00
2015.12.08 09:57:46.426,0.89808,0.8985,1.00,1.00
2015.12.08 09:57:50.735,0.89808,0.89851,1.00,1.00
2015.12.08 09:57:51.092,0.89802,0.89848,1.00,1.00
2015.12.08 09:57:53.342,0.89803,0.89848,1.00,1.00
2015.12.08 09:57:53.846,0.89802,0.89848,1.50,1.00
2015.12.08 09:57:54.267,0.89808,0.89851,1.00,1.00
2015.12.08 09:57:54.598,0.89803,0.89848,1.00,1.00
2015.12.08 09:57:54.749,0.89808,0.89851,1.00,1.00
2015.12.08 09:57:55.147,0.89802,0.89852,1.50,1.00
2015.12.08 09:57:55.198,0.89804,0.89852,1.00,1.00
2015.12.08 09:57:55.500,0.89808,0.89851,1.00,1.00
2015.12.08 09:57:55.808,0.89802,0.89843,1.00,1.00
2015.12.08 09:57:56.309,0.89807,0.89848,1.00,1.50
2015.12.08 09:57:59.125,0.89808,0.89847,1.00,1.00
2015.12.08 09:57:59.547,0.89808,0.89852,1.00,1.37
2015.12.08 09:57:59.647,0.89808,0.89852,1.00,1.00
2015.12.08 09:58:05.115,0.89807,0.89853,1.00,1.00
2015.12.08 09:58:10.134,0.89803,0.89847,1.00,1.00
2015.12.08 09:58:10.869,0.89802,0.89848,1.50,1.00
2015.12.08 09:58:12.334,0.89803,0.89848,1.00,1.00
2015.12.08 09:58:12.992,0.89802,0.89848,1.00,1.00
2015.12.08 09:58:15.167,0.89803,0.89847,1.00,1.00
2015.12.08 09:58:16.156,0.89802,0.89852,1.00,1.00
2015.12.08 09:58:16.207,0.89802,0.8985,1.00,1.00
2015.12.08 09:58:16.575,0.898,0.89847,1.00,1.00
2015.12.08 09:58:16.901,0.89803,0.89847,1.00,1.00
2015.12.08 09:58:23.558,0.89799,0.89842,1.00,1.00
2015.12.08 09:58:23.659,0.89803,0.89847,1.00,1.00
2015.12.08 09:58:27.275,0.89802,0.89848,1.00,1.50
2015.12.08 09:58:27.561,0.89802,0.89844,1.00,1.00
2015.12.08 09:58:27.611,0.89797,0.89844,1.00,1.00
2015.12.08 09:58:27.662,0.89797,0.89846,1.00,1.00
2015.12.08 09:58:27.725,0.89797,0.89843,1.00,1.00
2015.12.08 09:58:28.076,0.89803,0.89842,1.00,1.00
2015.12.08 09:58:31.230,0.89802,0.89843,1.00,1.00
2015.12.08 09:58:31.670,0.89798,0.89842,1.50,1.00
2015.12.08 09:58:32.407,0.89792,0.89843,1.37,1.00
2015.12.08 09:58:32.665,0.89798,0.89842,1.00,1.00
2015.12.08 09:58:34.123,0.89797,0.89843,1.00,1.00
2015.12.08 09:58:37.849,0.89796,0.89842,1.00,1.00
2015.12.08 09:58:37.900,0.89793,0.89842,1.00,1.00
2015.12.08 09:58:37.951,0.89795,0.89842,1.00,1.00
2015.12.08 09:58:38.278,0.89798,0.89842,1.00,1.00
2015.12.08 09:58:39.254,0.89798,0.89844,1.00,2.25
2015.12.08 09:58:39.304,0.89792,0.89838,1.00,1.37
2015.12.08 09:58:39.405,0.89798,0.89842,1.00,1.50
2015.12.08 09:58:39.906,0.89797,0.89838,1.00,1.37
2015.12.08 09:58:42.213,0.89797,0.89838,1.00,1.37
2015.12.08 09:58:43.335,0.89798,0.8984,1.00,2.25
2015.12.08 09:58:43.537,0.89797,0.89846,1.00,1.50
2015.12.08 09:58:43.766,0.89802,0.89846,1.00,1.00
2015.12.08 09:58:44.069,0.89798,0.89842,1.00,1.00
2015.12.08 09:58:44.760,0.89797,0.89843,1.00,1.00
2015.12.08 09:58:45.426,0.89798,0.89842,1.00,1.00
2015.12.08 09:58:47.331,0.89797,0.89845,1.00,1.00
2015.12.08 09:58:47.478,0.89797,0.89843,1.00,1.00
2015.12.08 09:58:47.786,0.89797,0.89841,1.00,1.00
2015.12.08 09:58:48.116,0.89793,0.89837,1.00,1.00
2015.12.08 09:58:56.449,0.89798,0.89842,1.00,1.37
2015.12.08 09:58:57.000,0.89798,0.89842,1.00,1.00
2015.12.08 09:58:57.452,0.89798,0.89847,1.00,1.87
2015.12.08 09:58:57.684,0.89798,0.89842,1.00,1.00
2015.12.08 09:58:58.966,0.89797,0.89843,1.00,1.00
2015.12.08 09:59:00.286,0.89803,0.89846,1.00,1.00
2015.12.08 09:59:00.806,0.89803,0.89847,1.00,1.00
2015.12.08 09:59:01.514,0.89803,0.89846,1.00,1.00
2015.12.08 09:59:02.035,0.89803,0.89845,1.00,1.00
2015.12.08 09:59:02.547,0.89798,0.89843,1.00,1.37
2015.12.08 09:59:03.200,0.89798,0.89841,1.00,1.00
2015.12.08 09:59:03.719,0.89798,0.89842,1.00,1.12
2015.12.08 09:59:04.176,0.89793,0.89837,1.00,1.00
2015.12.08 09:59:05.675,0.89798,0.89841,1.00,1.12
2015.12.08 09:59:06.906,0.89793,0.89841,1.00,1.12
2015.12.08 09:59:07.105,0.89793,0.89837,1.00,1.00
2015.12.08 09:59:11.435,0.89793,0.89837,1.00,1.37
2015.12.08 09:59:14.299,0.89788,0.89832,1.00,1.00
2015.12.08 09:59:15.600,0.89788,0.89835,1.00,1.00
2015.12.08 09:59:15.944,0.89788,0.89832,1.00,1.00
2015.12.08 09:59:20.563,0.89788,0.89825,1.00,1.00
2015.12.08 09:59:20.674,0.89783,0.89824,1.00,1.00
2015.12.08 09:59:20.781,0.89783,0.89822,1.00,1.00
2015.12.08 09:59:21.111,0.89778,0.8982,1.37,1.00
2015.12.08 09:59:21.165,0.89778,0.89822,1.37,1.00
2015.12.08 09:59:21.492,0.89778,0.8982,1.00,1.00
2015.12.08 09:59:21.567,0.89778,0.89822,1.00,1.87
2015.12.08 09:59:22.102,0.89778,0.89821,1.00,1.00
2015.12.08 09:59:23.273,0.89778,0.8982,1.00,1.00
2015.12.08 09:59:23.774,0.89778,0.89822,1.00,1.12
2015.12.08 09:59:25.516,0.89778,0.8981,1.00,1.00
2015.12.08 09:59:25.579,0.89778,0.89817,1.00,1.00
2015.12.08 09:59:25.630,0.89773,0.89817,1.00,1.00
2015.12.08 09:59:26.113,0.89772,0.89814,1.00,1.00
2015.12.08 09:59:26.402,0.89773,0.89816,1.00,1.00
2015.12.08 09:59:27.084,0.89773,0.89815,1.00,1.00
2015.12.08 09:59:27.586,0.89773,0.89816,1.00,1.00
2015.12.08 09:59:27.817,0.89773,0.89812,1.00,1.00
2015.12.08 09:59:28.097,0.89773,0.89815,1.00,1.00
2015.12.08 09:59:28.556,0.89768,0.89812,1.00,1.00
2015.12.08 09:59:30.237,0.89768,0.8981,1.00,1.00
2015.12.08 09:59:30.609,0.89768,0.89807,1.00,1.00
2015.12.08 09:59:32.915,0.89768,0.89806,1.00,1.00
2015.12.08 09:59:33.639,0.89768,0.89807,1.00,1.50
2015.12.08 09:59:34.423,0.89768,0.89805,1.00,1.00
2015.12.08 09:59:35.033,0.89768,0.89806,1.00,1.00
2015.12.08 09:59:35.693,0.89768,0.89807,1.00,1.50
2015.12.08 09:59:36.110,0.89762,0.89803,1.00,1.00
2015.12.08 09:59:36.805,0.89768,0.89807,1.00,1.50
2015.12.08 09:59:37.394,0.89763,0.89802,1.00,1.00
2015.12.08 09:59:37.578,0.89762,0.89806,1.00,1.00
2015.12.08 09:59:37.724,0.89762,0.89808,1.00,1.00
2015.12.08 09:59:37.774,0.89762,0.89805,1.00,1.00
2015.12.08 09:59:38.229,0.89768,0.89807,1.00,1.50
2015.12.08 09:59:38.601,0.89767,0.89803,1.00,1.00
2015.12.08 09:59:39.225,0.89768,0.89802,1.00,1.00
2015.12.08 09:59:42.791,0.89762,0.89804,1.00,1.00
2015.12.08 09:59:42.845,0.89762,0.89797,1.00,1.00
2015.12.08 09:59:42.895,0.89757,0.89797,1.00,1.00
2015.12.08 09:59:42.946,0.89757,0.89795,1.00,1.00
2015.12.08 09:59:42.996,0.89753,0.89795,1.00,1.00
2015.12.08 09:59:43.296,0.89752,0.89793,1.00,1.00
2015.12.08 09:59:43.610,0.89752,0.8979,1.00,1.00
2015.12.08 09:59:43.848,0.89752,0.89793,1.00,1.50
2015.12.08 09:59:44.149,0.89752,0.89791,1.00,1.00
2015.12.08 09:59:44.249,0.89752,0.89793,1.00,1.00
2015.12.08 09:59:44.349,0.89752,0.89791,1.00,1.00
2015.12.08 09:59:44.650,0.89748,0.89787,1.00,1.00
2015.12.08 09:59:46.525,0.89747,0.89788,1.00,1.00
2015.12.08 09:59:46.847,0.89753,0.89792,1.00,1.00
2015.12.08 09:59:47.176,0.89748,0.89787,1.00,1.00
2015.12.08 09:59:47.277,0.89748,0.89792,1.00,1.00
2015.12.08 09:59:47.629,0.89753,0.89798,1.00,1.00
2015.12.08 09:59:47.778,0.89753,0.89794,1.00,1.00
2015.12.08 09:59:48.114,0.89748,0.89787,1.00,1.00
2015.12.08 09:59:49.272,0.89753,0.89792,1.00,1.00
2015.12.08 09:59:50.038,0.89752,0.89798,1.00,1.00
2015.12.08 09:59:51.222,0.89753,0.89797,1.00,1.00
2015.12.08 09:59:52.534,0.89748,0.89797,1.00,1.00
2015.12.08 09:59:52.877,0.89758,0.89797,1.00,1.00
2015.12.08 09:59:54.820,0.89758,0.89794,1.00,1.00
2015.12.08 09:59:54.870,0.89753,0.89792,1.00,1.00
2015.12.08 09:59:55.701,0.89753,0.8979,1.00,1.00
2015.12.08 09:59:55.810,0.89753,0.89792,1.00,1.00
2015.12.08 09:59:56.570,0.89753,0.89791,1.00,1.00
2015.12.08 09:59:57.090,0.89753,0.89792,1.00,1.00
