2017.11.07 09:00:00.100,0.88171,0.88195,1.00,1.00
2017.11.07 09:00:00.684,0.88168,0.88196,1.37,1.00
2017.11.07 09:00:02.029,0.88168,0.88196,1.00,1.00
2017.11.07 09:00:02.207,0.8817,0.88193,1.00,1.00
2017.11.07 09:00:02.519,0.88174,0.88197,1.00,1.00
2017.11.07 09:00:04.853,0.88176,0.88199,1.00,1.00
2017.11.07 09:00:05.368,0.88175,0.88198,1.00,1.00
2017.11.07 09:00:05.747,0.88172,0.88197,1.00,1.00
2017.11.07 09:00:07.046,0.88171,0.88197,1.00,1.00
2017.11.07 09:00:07.534,0.88173,0.88196,1.00,1.00
2017.11.07 09:00:08.011,0.88175,0.88198,1.00,1.00
2017.11.07 09:00:09.065,0.88175,0.88196,1.00,1.00
2017.11.07 09:00:09.166,0.88173,0.88196,1.00,1.00
2017.11.07 09:00:09.221,0.88175,0.88196,1.00,1.00
2017.11.07 09:00:09.733,0.88174,0.88195,1.00,1.00
2017.11.07 09:00:10.171,0.88176,0.88197,1.00,1.00
2017.11.07 09:00:10.701,0.88177,0.88198,1.00,1.00
2017.11.07 09:00:11.832,0.88176,0.88197,1.00,1.00
2017.11.07 09:00:12.066,0.88172,0.88195,1.00,1.00
2017.11.07 09:00:13.996,0.88175,0.88196,1.00,1.00
2017.11.07 09:00:14.646,0.88176,0.88197,1.00,1.00
2017.11.07 09:00:15.734,0.88176,0.88199,1.00,1.00
2017.11.07 09:00:16.147,0.88177,0.88201,1.00,1.00
2017.11.07 09:00:16.248,0.88175,0.88199,1.00,1.00
2017.11.07 09:00:16.850,0.88176,0.882,1.00,1.00
2017.11.07 09:00:18.153,0.88177,0.88201,1.00,1.00
2017.11.07 09:00:18.760,0.88177,0.88202,1.00,1.00
2017.11.07 09:00:20.073,0.88176,0.88201,1.00,1.00
2017.11.07 09:00:20.740,0.88177,0.88202,1.00,1.00
2017.11.07 09:00:21.070,0.88181,0.88202,1.00,1.00
2017.11.07 09:00:21.452,0.88181,0.88204,1.00,1.00
2017.11.07 09:00:23.115,0.88182,0.88205,1.00,1.00
2017.11.07 09:00:25.981,0.88185,0.88208,1.00,1.00
2017.11.07 09:00:26.302,0.88186,0.8821,1.00,1.00
2017.11.07 09:00:28.259,0.88186,0.88207,1.00,1.00
2017.11.07 09:00:28.310,0.88184,0.88208,1.00,1.00
2017.11.07 09:00:28.462,0.88184,0.88205,1.00,1.00
2017.11.07 09:00:28.563,0.88182,0.88205,1.00,1.00
2017.11.07 09:00:28.614,0.88181,0.88202,1.00,1.00
2017.11.07 09:00:28.916,0.88179,0.882,1.00,1.00
2017.11.07 09:00:29.090,0.88179,0.88202,1.00,1.00
2017.11.07 09:00:29.242,0.88181,0.88202,1.00,1.00
2017.11.07 09:00:29.755,0.8818,0.88201,1.00,1.00
2017.11.07 09:00:31.025,0.88179,0.882,1.00,1.00
2017.11.07 09:00:31.732,0.8818,0.88201,1.00,1.00
2017.11.07 09:00:34.622,0.88181,0.88202,1.00,1.00
2017.11.07 09:00:35.307,0.8818,0.88201,1.00,1.00
2017.11.07 09:00:37.541,0.8818,0.88203,1.00,1.00
2017.11.07 09:00:38.096,0.88179,0.882,1.00,1.00
2017.11.07 09:00:42.312,0.88179,0.88202,1.00,1.00
2017.11.07 09:00:43.000,0.88179,0.882,1.00,1.00
2017.11.07 09:00:43.051,0.8818,0.88203,1.00,1.00
2017.11.07 09:00:43.202,0.88181,0.88205,1.00,1.00
2017.11.07 09:00:43.546,0.88183,0.88206,1.00,1.00
2017.11.07 09:00:44.534,0.88185,0.88206,1.00,1.00
2017.11.07 09:00:44.845,0.88187,0.88208,1.00,1.00
2017.11.07 09:00:45.048,0.88184,0.88207,1.00,1.00
2017.11.07 09:00:45.211,0.88186,0.88209,1.00,1.00
2017.11.07 09:00:46.202,0.88187,0.8821,1.00,1.00
2017.11.07 09:00:47.012,0.88189,0.88213,1.00,1.00
2017.11.07 09:00:47.114,0.88191,0.88212,1.00,1.00
2017.11.07 09:00:47.461,0.88189,0.8821,1.00,1.00
2017.11.07 09:00:48.471,0.88192,0.88213,1.00,1.00
2017.11.07 09:00:48.572,0.8819,0.88213,1.00,1.00
2017.11.07 09:00:49.693,0.88192,0.88213,1.00,1.00
2017.11.07 09:00:50.859,0.88192,0.88215,1.00,1.00
2017.11.07 09:00:51.196,0.88187,0.88211,1.00,1.00
2017.11.07 09:00:51.247,0.88189,0.8821,1.00,1.00
2017.11.07 09:00:51.593,0.88187,0.88208,1.00,1.00
2017.11.07 09:00:52.111,0.88188,0.88209,1.00,1.00
2017.11.07 09:00:52.937,0.88187,0.88208,1.00,1.00
2017.11.07 09:00:53.009,0.88187,0.8821,1.00,1.00
2017.11.07 09:00:53.598,0.88188,0.88211,1.00,1.00
2017.11.07 09:00:54.037,0.8819,0.88211,1.00,1.00
2017.11.07 09:00:55.779,0.88191,0.88212,1.00,1.00
2017.11.07 09:01:00.222,0.8819,0.88212,1.00,1.00
2017.11.07 09:01:01.325,0.88188,0.88212,1.00,1.00
2017.11.07 09:01:02.322,0.88189,0.8821,1.00,1.00
2017.11.07 09:01:02.927,0.88188,0.88209,1.00,1.00
2017.11.07 09:01:04.546,0.88187,0.88208,1.00,1.00
2017.11.07 09:01:05.521,0.88188,0.88209,1.00,1.00
2017.11.07 09:01:06.154,0.88187,0.88208,1.00,1.00
2017.11.07 09:01:08.155,0.88186,0.88208,1.00,1.00
2017.11.07 09:01:09.891,0.88185,0.88206,1.00,1.00
2017.11.07 09:01:10.100,0.88188,0.8821,1.00,1.00
2017.11.07 09:01:10.927,0.88188,0.88211,1.00,1.00
2017.11.07 09:01:11.411,0.88188,0.88209,1.00,1.00
2017.11.07 09:01:11.462,0.88186,0.8821,1.00,1.00
2017.11.07 09:01:11.563,0.88186,0.88207,1.00,1.00
2017.11.07 09:01:11.613,0.88184,0.88206,1.00,1.00
2017.11.07 09:01:12.079,0.88183,0.88204,1.00,1.00
2017.11.07 09:01:15.874,0.88183,0.88205,1.00,1.00
2017.11.07 09:01:16.406,0.88182,0.88205,1.00,1.00
2017.11.07 09:01:17.951,0.88181,0.88204,1.00,1.00
2017.11.07 09:01:18.466,0.88181,0.88202,1.00,1.00
2017.11.07 09:01:18.666,0.88179,0.88203,1.00,1.00
2017.11.07 09:01:18.716,0.8818,0.88201,1.00,1.00
2017.11.07 09:01:19.920,0.88178,0.882,1.00,1.00
2017.11.07 09:01:20.459,0.88177,0.88199,1.00,1.00
2017.11.07 09:01:22.602,0.88175,0.88198,1.00,1.00
2017.11.07 09:01:25.208,0.88177,0.88198,1.00,1.00
2017.11.07 09:01:25.752,0.88176,0.88197,1.00,1.00
2017.11.07 09:01:31.236,0.88177,0.88198,1.00,1.00
2017.11.07 09:01:31.766,0.88176,0.88199,1.00,1.00
2017.11.07 09:01:34.331,0.88177,0.882,1.00,1.00
2017.11.07 09:01:34.382,0.88178,0.88203,1.00,1.00
2017.11.07 09:01:34.627,0.88178,0.88201,1.00,1.00
2017.11.07 09:01:34.931,0.88173,0.88195,2.25,1.00
2017.11.07 09:01:34.981,0.88171,0.88195,1.60,1.00
2017.11.07 09:01:37.577,0.88174,0.88195,1.00,1.00
2017.11.07 09:01:38.216,0.88176,0.88197,1.00,1.00
2017.11.07 09:01:41.273,0.88176,0.88199,1.00,1.00
2017.11.07 09:01:41.374,0.88178,0.88199,1.00,1.00
2017.11.07 09:01:46.531,0.88178,0.88201,1.00,1.00
2017.11.07 09:01:46.649,0.8818,0.88201,1.00,1.00
2017.11.07 09:01:49.707,0.88178,0.88201,1.00,1.00
2017.11.07 09:01:49.759,0.8818,0.88203,1.00,1.00
2017.11.07 09:01:50.268,0.88181,0.88204,1.00,1.00
2017.11.07 09:01:53.248,0.88181,0.88203,1.00,1.00
2017.11.07 09:01:54.032,0.88177,0.88201,1.00,1.00
2017.11.07 09:01:54.083,0.88179,0.88201,1.00,1.00
2017.11.07 09:01:55.539,0.8818,0.88202,1.00,1.00
2017.11.07 09:01:56.316,0.88181,0.88203,1.00,1.00
2017.11.07 09:02:01.446,0.88181,0.88205,1.00,1.00
2017.11.07 09:02:01.977,0.88182,0.88205,1.00,1.00
2017.11.07 09:02:07.775,0.88182,0.88206,1.00,1.00
2017.11.07 09:02:08.275,0.88182,0.88204,1.00,1.00
2017.11.07 09:02:09.066,0.88181,0.88203,1.00,1.00
2017.11.07 09:02:09.623,0.8818,0.88202,1.00,1.00
2017.11.07 09:02:20.071,0.88181,0.88204,1.00,1.00
2017.11.07 09:02:20.122,0.88185,0.88206,1.00,1.00
2017.11.07 09:02:20.173,0.88186,0.88208,1.00,1.00
2017.11.07 09:02:20.223,0.88188,0.88209,1.00,1.00
2017.11.07 09:02:20.274,0.88186,0.88209,1.00,1.00
2017.11.07 09:02:20.701,0.88184,0.88207,1.00,1.00
2017.11.07 09:02:21.718,0.88186,0.88209,1.00,1.00
2017.11.07 09:02:22.021,0.88182,0.88203,1.00,1.00
2017.11.07 09:02:22.830,0.8818,0.88203,1.00,1.00
2017.11.07 09:02:22.932,0.88177,0.882,1.00,1.00
2017.11.07 09:02:23.305,0.88176,0.88197,1.00,1.00
2017.11.07 09:02:23.854,0.88175,0.88196,1.00,1.00
2017.11.07 09:02:29.354,0.88175,0.88198,1.00,1.00
2017.11.07 09:02:31.556,0.88176,0.88199,1.00,1.00
2017.11.07 09:02:35.750,0.88175,0.88198,1.00,1.00
2017.11.07 09:02:38.231,0.88177,0.88198,1.00,1.00
2017.11.07 09:02:38.282,0.88175,0.88198,1.00,1.00
2017.11.07 09:02:38.333,0.88173,0.88196,1.00,1.00
2017.11.07 09:02:38.673,0.88176,0.88199,1.00,1.00
2017.11.07 09:02:39.383,0.88175,0.88196,1.00,1.00
2017.11.07 09:02:39.892,0.88174,0.88195,1.00,1.00
2017.11.07 09:02:39.943,0.88172,0.88195,1.00,1.00
2017.11.07 09:02:40.653,0.88171,0.88195,1.00,1.00
2017.11.07 09:02:41.033,0.88169,0.88192,1.00,1.00
2017.11.07 09:02:41.564,0.88168,0.88191,1.00,1.00
2017.11.07 09:02:43.814,0.8817,0.88192,1.00,1.00
2017.11.07 09:02:44.168,0.88168,0.88191,1.00,1.00
2017.11.07 09:02:46.067,0.88167,0.88191,1.00,1.00
2017.11.07 09:02:46.535,0.88169,0.8819,1.00,1.00
2017.11.07 09:02:47.386,0.88169,0.88192,1.00,1.00
2017.11.07 09:02:47.639,0.88169,0.8819,1.00,1.00
2017.11.07 09:02:47.689,0.88169,0.88192,1.00,1.00
2017.11.07 09:02:47.740,0.88169,0.8819,1.00,1.00
2017.11.07 09:02:47.791,0.8817,0.88192,1.00,1.00
2017.11.07 09:02:48.176,0.88171,0.88194,1.00,1.00
2017.11.07 09:02:49.233,0.88173,0.88194,1.00,1.00
2017.11.07 09:02:49.537,0.88171,0.88192,1.00,1.00
2017.11.07 09:02:50.173,0.88172,0.88193,1.00,1.00
2017.11.07 09:02:50.462,0.88174,0.88198,1.00,1.00
2017.11.07 09:02:52.024,0.88176,0.88197,1.00,1.00
2017.11.07 09:02:54.076,0.88175,0.88196,1.00,1.00
2017.11.07 09:02:54.932,0.88174,0.88195,1.00,1.00
2017.11.07 09:02:54.983,0.88171,0.88194,1.00,1.00
2017.11.07 09:02:56.312,0.8817,0.88193,1.00,1.00
2017.11.07 09:03:03.391,0.88169,0.88193,1.00,1.00
2017.11.07 09:03:07.894,0.88171,0.88192,1.00,1.00
2017.11.07 09:03:08.407,0.88172,0.88193,1.00,1.00
2017.11.07 09:03:19.300,0.88168,0.88191,1.00,1.00
2017.11.07 09:03:19.351,0.88169,0.88193,1.00,1.00
2017.11.07 09:03:19.900,0.8817,0.88192,1.00,1.00
2017.11.07 09:03:20.561,0.88168,0.88192,1.00,1.00
2017.11.07 09:03:20.612,0.88168,0.88189,1.00,1.00
2017.11.07 09:03:20.714,0.88165,0.88188,1.00,1.00
2017.11.07 09:03:21.200,0.88165,0.88186,1.00,1.00
2017.11.07 09:03:22.401,0.88165,0.88188,1.00,1.00
2017.11.07 09:03:22.962,0.88164,0.88187,1.35,1.00
2017.11.07 09:03:23.387,0.88166,0.88189,1.00,1.00
2017.11.07 09:03:23.699,0.88166,0.88187,1.00,1.00
2017.11.07 09:03:25.116,0.88167,0.8819,1.00,1.00
2017.11.07 09:03:25.267,0.88167,0.88188,1.00,1.00
2017.11.07 09:03:25.570,0.88169,0.8819,1.00,1.00
2017.11.07 09:03:29.136,0.88167,0.8819,1.00,1.00
2017.11.07 09:03:30.589,0.88165,0.88188,1.00,1.00
2017.11.07 09:03:30.892,0.88164,0.88185,1.00,1.00
2017.11.07 09:03:31.371,0.88166,0.88187,1.00,1.00
2017.11.07 09:03:31.625,0.88164,0.88187,1.00,1.00
2017.11.07 09:03:34.383,0.88166,0.88187,1.00,1.00
2017.11.07 09:03:43.346,0.88164,0.88185,1.00,1.00
2017.11.07 09:03:43.951,0.88163,0.88186,1.00,1.00
2017.11.07 09:03:44.496,0.88163,0.88187,1.00,1.00
2017.11.07 09:03:44.941,0.88165,0.88186,1.00,1.00
2017.11.07 09:03:47.365,0.88163,0.88186,1.00,1.00
2017.11.07 09:03:51.467,0.88163,0.88184,1.00,1.00
2017.11.07 09:03:53.486,0.88164,0.88185,1.00,1.00
2017.11.07 09:03:57.953,0.88163,0.88187,1.00,1.00
2017.11.07 09:03:58.562,0.88163,0.88186,1.00,1.00
2017.11.07 09:03:58.943,0.8816,0.88183,1.00,1.00
2017.11.07 09:03:59.482,0.88162,0.88185,1.00,1.00
2017.11.07 09:03:59.786,0.88161,0.88183,1.00,1.00
2017.11.07 09:04:00.198,0.88165,0.88186,1.00,1.00
2017.11.07 09:04:01.697,0.88163,0.88186,1.00,1.00
2017.11.07 09:04:02.236,0.88162,0.88185,1.00,1.00
2017.11.07 09:04:02.337,0.88161,0.88182,1.00,1.00
2017.11.07 09:04:31.746,0.88159,0.88182,1.00,1.00
2017.11.07 09:04:32.173,0.88157,0.88178,1.00,1.00
2017.11.07 09:04:34.535,0.88156,0.88178,1.00,1.00
2017.11.07 09:04:36.611,0.88156,0.88179,1.00,1.00
2017.11.07 09:04:37.193,0.88156,0.88177,1.00,1.00
2017.11.07 09:04:40.275,0.88155,0.88179,1.00,1.00
2017.11.07 09:04:42.371,0.88155,0.88176,1.00,1.00
2017.11.07 09:04:43.923,0.88152,0.88175,1.00,1.00
2017.11.07 09:04:43.974,0.88149,0.88172,1.00,1.00
2017.11.07 09:04:45.425,0.88152,0.88175,1.00,1.00
2017.11.07 09:04:46.184,0.88153,0.88176,1.00,1.00
2017.11.07 09:04:47.137,0.88155,0.88178,1.00,1.00
2017.11.07 09:04:47.491,0.88157,0.88178,1.00,1.00
2017.11.07 09:04:47.702,0.88154,0.88177,1.00,1.00
2017.11.07 09:04:47.753,0.88154,0.88175,1.00,1.00
2017.11.07 09:04:48.622,0.88155,0.88176,1.00,1.00
2017.11.07 09:04:51.763,0.88155,0.88177,1.00,1.00
2017.11.07 09:04:52.074,0.88157,0.88178,1.00,1.00
2017.11.07 09:04:53.605,0.88156,0.88178,1.00,1.00
2017.11.07 09:04:57.765,0.88156,0.88177,1.00,1.00
2017.11.07 09:04:57.967,0.88158,0.88181,1.00,1.00
2017.11.07 09:04:58.018,0.88158,0.88179,1.00,1.00
2017.11.07 09:04:58.549,0.88159,0.8818,1.00,1.00
2017.11.07 09:05:01.304,0.88157,0.8818,1.00,1.00
2017.11.07 09:05:01.854,0.88157,0.88179,1.00,1.00
2017.11.07 09:05:03.352,0.88157,0.88178,1.00,1.00
2017.11.07 09:05:03.403,0.88155,0.88178,1.00,1.00
2017.11.07 09:05:03.454,0.88157,0.88179,1.00,1.00
2017.11.07 09:05:03.998,0.88158,0.88179,1.00,1.00
2017.11.07 09:05:04.099,0.88158,0.88181,1.00,1.00
2017.11.07 09:05:04.389,0.8816,0.88181,1.00,1.00
2017.11.07 09:05:06.537,0.8816,0.88183,1.00,1.00
2017.11.07 09:05:06.588,0.88163,0.88184,1.00,1.00
2017.11.07 09:05:06.934,0.88161,0.88182,1.00,1.00
2017.11.07 09:05:08.634,0.8816,0.88182,1.00,1.00
2017.11.07 09:05:10.322,0.88161,0.88182,1.00,1.00
2017.11.07 09:05:10.734,0.88158,0.88181,1.00,1.00
2017.11.07 09:05:11.242,0.88157,0.8818,1.00,1.00
2017.11.07 09:05:11.702,0.88155,0.88178,1.00,1.00
2017.11.07 09:05:16.332,0.88157,0.88178,1.00,1.00
2017.11.07 09:05:22.671,0.88159,0.8818,1.00,1.00
2017.11.07 09:05:22.841,0.8816,0.88183,1.00,1.00
2017.11.07 09:05:24.586,0.88162,0.88185,1.00,1.00
2017.11.07 09:05:25.346,0.8816,0.88183,1.00,1.00
2017.11.07 09:05:26.178,0.88161,0.88182,1.00,1.00
2017.11.07 09:05:26.230,0.88159,0.88182,1.00,1.00
2017.11.07 09:05:26.281,0.88161,0.88184,1.00,1.00
2017.11.07 09:05:26.686,0.88163,0.88184,1.00,1.00
2017.11.07 09:05:27.456,0.88163,0.88187,1.00,1.00
2017.11.07 09:05:30.092,0.88163,0.88184,1.00,1.00
2017.11.07 09:05:30.746,0.88164,0.88185,1.00,1.00
2017.11.07 09:05:31.379,0.88164,0.88187,1.00,1.00
2017.11.07 09:05:33.604,0.88165,0.88188,1.00,1.00
2017.11.07 09:05:33.706,0.88167,0.88188,1.00,1.00
2017.11.07 09:05:34.009,0.88169,0.8819,1.00,1.00
2017.11.07 09:05:37.571,0.88167,0.88191,1.00,1.00
2017.11.07 09:05:38.088,0.88168,0.88189,1.00,1.00
2017.11.07 09:05:38.708,0.88169,0.8819,1.00,1.00
2017.11.07 09:05:38.944,0.88169,0.88192,1.00,1.00
2017.11.07 09:05:42.355,0.8817,0.88193,1.00,1.00
2017.11.07 09:05:42.456,0.88172,0.88193,1.00,1.00
2017.11.07 09:05:42.608,0.88169,0.88191,1.00,1.00
2017.11.07 09:05:42.659,0.8817,0.88193,1.00,1.00
2017.11.07 09:05:43.971,0.88169,0.88192,1.00,1.00
2017.11.07 09:05:44.525,0.88168,0.88191,1.00,1.00
2017.11.07 09:05:51.866,0.88167,0.8819,1.00,1.00
2017.11.07 09:05:53.414,0.88169,0.8819,1.00,1.00
2017.11.07 09:05:56.028,0.88168,0.88189,1.00,1.00
2017.11.07 09:06:00.029,0.88167,0.88188,1.00,1.00
2017.11.07 09:06:01.422,0.88167,0.8819,1.00,1.00
2017.11.07 09:06:08.252,0.88166,0.88189,1.00,1.00
2017.11.07 09:06:08.772,0.88167,0.8819,1.00,1.00
2017.11.07 09:06:09.084,0.88167,0.88188,1.00,1.00
2017.11.07 09:06:10.124,0.88166,0.88187,1.00,1.00
2017.11.07 09:06:10.174,0.88164,0.88187,1.00,1.00
2017.11.07 09:06:10.941,0.88164,0.88185,1.00,1.00
2017.11.07 09:06:12.235,0.88163,0.88184,1.00,1.00
2017.11.07 09:06:12.538,0.8816,0.88181,1.00,1.00
2017.11.07 09:06:13.368,0.88158,0.88181,1.35,1.00
2017.11.07 09:06:14.788,0.88157,0.8818,1.00,1.00
2017.11.07 09:06:16.476,0.88158,0.8818,1.00,1.00
2017.11.07 09:06:17.056,0.88158,0.88181,1.00,1.00
2017.11.07 09:06:20.247,0.88158,0.88179,1.00,1.00
2017.11.07 09:06:23.283,0.88158,0.88181,1.00,1.00
2017.11.07 09:06:47.226,0.88158,0.88182,1.00,1.00
2017.11.07 09:06:47.276,0.8816,0.88181,1.00,1.00
2017.11.07 09:06:53.843,0.88158,0.88181,1.00,1.00
2017.11.07 09:07:00.248,0.88158,0.8818,1.00,1.00
2017.11.07 09:07:01.542,0.88158,0.88181,1.00,1.00
2017.11.07 09:07:01.716,0.88154,0.88175,1.00,1.00
2017.11.07 09:07:02.223,0.88153,0.88174,1.00,1.00
2017.11.07 09:07:02.801,0.8815,0.88174,1.35,1.00
2017.11.07 09:07:03.053,0.88151,0.88172,1.00,1.00
2017.11.07 09:07:17.073,0.88152,0.88173,1.00,1.00
2017.11.07 09:07:19.320,0.8815,0.88171,1.00,1.00
2017.11.07 09:07:19.665,0.88148,0.88171,1.00,1.00
2017.11.07 09:07:19.781,0.88147,0.88168,1.00,1.00
2017.11.07 09:07:33.758,0.88149,0.88168,1.00,1.00
2017.11.07 09:07:37.892,0.88151,0.8817,1.00,1.00
2017.11.07 09:07:38.507,0.88151,0.88172,1.00,1.00
2017.11.07 09:07:38.557,0.88155,0.88174,1.00,1.00
2017.11.07 09:07:38.709,0.88152,0.88173,1.00,1.00
2017.11.07 09:07:38.841,0.88154,0.88174,1.00,1.00
2017.11.07 09:07:38.892,0.88149,0.8817,1.00,1.00
2017.11.07 09:07:39.442,0.88149,0.88168,1.00,1.00
2017.11.07 09:07:39.864,0.88146,0.88167,1.00,1.00
2017.11.07 09:07:40.390,0.88146,0.88168,1.00,1.00
2017.11.07 09:07:41.051,0.88144,0.88166,1.00,1.00
2017.11.07 09:07:43.351,0.88145,0.88166,1.00,1.00
2017.11.07 09:07:46.662,0.88146,0.88166,1.00,1.00
2017.11.07 09:07:47.133,0.88144,0.88167,1.00,1.00
2017.11.07 09:07:48.906,0.88149,0.88171,1.00,1.00
2017.11.07 09:07:49.251,0.88145,0.88167,1.50,1.00
2017.11.07 09:07:49.734,0.88147,0.88168,1.00,1.00
2017.11.07 09:07:50.241,0.88146,0.88168,1.00,1.00
2017.11.07 09:07:52.420,0.88148,0.88168,1.00,1.00
2017.11.07 09:07:52.521,0.88146,0.88169,1.00,1.00
2017.11.07 09:07:54.008,0.88146,0.88167,1.00,1.00
2017.11.07 09:07:54.363,0.88146,0.8817,1.00,1.00
2017.11.07 09:07:54.416,0.88148,0.8817,1.00,1.00
2017.11.07 09:07:54.940,0.88148,0.88169,1.00,1.00
2017.11.07 09:07:58.653,0.8815,0.88173,1.00,1.00
2017.11.07 09:08:00.481,0.88147,0.88171,1.00,1.00
2017.11.07 09:08:01.677,0.88147,0.8817,1.00,1.00
2017.11.07 09:08:01.840,0.88146,0.88168,1.00,1.00
2017.11.07 09:08:02.544,0.88148,0.8817,1.00,1.00
2017.11.07 09:08:02.847,0.88158,0.88179,1.00,1.50
2017.11.07 09:08:02.999,0.88159,0.88181,1.00,1.50
2017.11.07 09:08:07.764,0.88161,0.88181,1.00,1.00
2017.11.07 09:08:07.963,0.88162,0.88183,1.00,1.00
2017.11.07 09:08:08.492,0.88163,0.88184,1.00,1.00
2017.11.07 09:08:08.995,0.88163,0.88186,1.00,1.00
2017.11.07 09:08:11.271,0.88162,0.88186,1.00,1.00
2017.11.07 09:08:11.840,0.88163,0.88184,1.00,1.00
2017.11.07 09:08:12.151,0.88162,0.88182,1.00,1.00
2017.11.07 09:08:12.697,0.88161,0.88181,1.00,1.00
2017.11.07 09:08:13.916,0.88161,0.88182,1.00,1.00
2017.11.07 09:08:14.466,0.8816,0.88181,1.00,1.00
2017.11.07 09:08:17.194,0.88158,0.88182,1.00,1.00
2017.11.07 09:08:19.144,0.88161,0.88182,1.00,1.00
2017.11.07 09:08:23.522,0.88161,0.88183,1.00,1.00
2017.11.07 09:08:24.023,0.88161,0.88182,1.00,1.00
2017.11.07 09:08:27.687,0.88162,0.88182,1.00,1.00
2017.11.07 09:08:32.223,0.8816,0.88182,1.00,1.00
2017.11.07 09:08:35.219,0.88162,0.88184,1.00,1.00
2017.11.07 09:08:36.044,0.88164,0.88184,1.00,1.00
2017.11.07 09:08:36.592,0.88165,0.88185,1.00,1.00
2017.11.07 09:08:37.979,0.88166,0.88186,1.00,1.00
2017.11.07 09:08:38.253,0.88168,0.8819,1.00,1.00
2017.11.07 09:08:38.678,0.8817,0.88191,1.00,1.50
2017.11.07 09:08:38.779,0.88168,0.8819,1.00,1.00
2017.11.07 09:08:38.830,0.88166,0.88188,1.00,1.00
2017.11.07 09:08:41.000,0.88168,0.88188,1.00,1.00
2017.11.07 09:08:41.102,0.88168,0.8819,1.00,1.00
2017.11.07 09:08:41.412,0.88171,0.88191,1.00,1.00
2017.11.07 09:08:50.858,0.88171,0.88192,1.00,1.00
2017.11.07 09:08:51.171,0.88175,0.88196,1.00,1.00
2017.11.07 09:08:51.222,0.88176,0.88198,1.00,1.50
2017.11.07 09:08:51.375,0.88178,0.88201,1.00,2.25
2017.11.07 09:08:51.426,0.8818,0.88201,1.00,1.50
2017.11.07 09:08:51.783,0.88182,0.88202,1.00,1.00
2017.11.07 09:08:51.980,0.8818,0.88203,1.00,1.00
2017.11.07 09:08:52.810,0.8818,0.88202,1.00,1.00
2017.11.07 09:08:53.319,0.88181,0.88203,1.00,1.00
2017.11.07 09:08:53.768,0.88183,0.88203,1.00,1.00
2017.11.07 09:08:54.512,0.88181,0.88203,1.00,1.00
2017.11.07 09:08:54.674,0.88181,0.88201,1.00,1.00
2017.11.07 09:08:55.866,0.88179,0.88201,1.00,1.00
2017.11.07 09:09:00.543,0.88182,0.88202,1.00,1.00
2017.11.07 09:09:00.846,0.88188,0.88208,1.00,1.00
2017.11.07 09:09:01.666,0.88185,0.88205,1.00,1.00
2017.11.07 09:09:01.969,0.88183,0.88203,1.00,1.00
2017.11.07 09:09:04.273,0.88183,0.88202,1.00,1.00
2017.11.07 09:09:04.946,0.88185,0.88204,1.00,1.00
2017.11.07 09:09:06.987,0.88185,0.88206,1.00,1.00
2017.11.07 09:09:07.564,0.88185,0.88204,1.00,1.00
2017.11.07 09:09:07.872,0.88183,0.88202,1.00,1.00
2017.11.07 09:09:07.996,0.88182,0.88204,1.00,1.00
2017.11.07 09:09:08.612,0.88183,0.88205,1.00,1.00
2017.11.07 09:09:17.313,0.88184,0.88205,1.00,1.00
2017.11.07 09:09:23.692,0.88183,0.88205,1.00,1.00
2017.11.07 09:09:24.232,0.88183,0.88204,1.00,1.00
2017.11.07 09:09:25.458,0.88183,0.88205,1.00,1.00
2017.11.07 09:09:32.393,0.88183,0.88206,1.00,1.00
2017.11.07 09:09:43.012,0.88184,0.88204,1.00,1.00
2017.11.07 09:09:44.409,0.88184,0.88205,1.00,1.00
2017.11.07 09:09:45.188,0.88181,0.88208,1.00,1.00
2017.11.07 09:09:45.748,0.8818,0.88208,1.00,1.00
2017.11.07 09:09:45.900,0.88178,0.88208,1.00,1.00
2017.11.07 09:09:45.950,0.88176,0.88205,1.00,1.35
2017.11.07 09:09:46.310,0.8818,0.88207,1.00,1.00
2017.11.07 09:09:46.660,0.88184,0.88212,1.00,1.50
2017.11.07 09:09:47.373,0.88182,0.88211,2.25,1.00
2017.11.07 09:09:48.192,0.88182,0.88213,1.00,1.00
2017.11.07 09:09:50.200,0.88182,0.88214,1.50,1.00
2017.11.07 09:09:50.677,0.88181,0.88216,2.10,2.25
2017.11.07 09:09:51.248,0.88182,0.88215,1.00,1.00
2017.11.07 09:09:51.804,0.88181,0.88216,2.10,2.25
2017.11.07 09:09:51.944,0.88182,0.88214,1.00,1.00
2017.11.07 09:09:54.598,0.88182,0.88215,1.50,2.25
2017.11.07 09:09:55.528,0.88185,0.88218,1.50,1.60
2017.11.07 09:09:55.948,0.88182,0.88214,1.12,1.00
2017.11.07 09:09:56.251,0.88184,0.88218,1.00,1.60
2017.11.07 09:09:56.554,0.88183,0.88219,2.10,2.25
2017.11.07 09:09:57.110,0.88184,0.88218,1.00,1.00
2017.11.07 09:09:57.361,0.88187,0.88218,1.00,1.00
2017.11.07 09:10:00.358,0.88184,0.88218,1.12,1.00
2017.11.07 09:10:03.357,0.88187,0.88218,2.25,1.50
2017.11.07 09:10:09.234,0.88192,0.88217,1.00,1.00
2017.11.07 09:10:12.512,0.88196,0.88217,1.00,1.00
2017.11.07 09:10:14.298,0.88195,0.88216,1.00,1.00
2017.11.07 09:10:14.606,0.882,0.88221,1.00,1.00
2017.11.07 09:10:14.929,0.88204,0.88224,1.00,1.00
2017.11.07 09:10:16.612,0.88204,0.88225,1.00,1.00
2017.11.07 09:10:16.969,0.88204,0.88227,1.00,1.00
2017.11.07 09:10:17.572,0.88206,0.88227,1.00,1.00
2017.11.07 09:10:18.185,0.88205,0.88227,1.00,1.00
2017.11.07 09:10:19.125,0.88206,0.88227,1.00,1.00
2017.11.07 09:10:20.175,0.88205,0.88226,1.00,1.00
2017.11.07 09:10:21.292,0.88204,0.88226,1.00,1.00
2017.11.07 09:10:22.268,0.88206,0.88226,1.00,1.00
2017.11.07 09:10:23.026,0.88205,0.88226,1.00,1.00
2017.11.07 09:10:23.679,0.88206,0.88226,1.00,1.00
2017.11.07 09:10:24.262,0.88206,0.88228,1.00,1.00
2017.11.07 09:10:26.261,0.88207,0.88228,1.00,1.00
2017.11.07 09:10:28.316,0.88209,0.88231,1.00,1.50
2017.11.07 09:10:28.927,0.88209,0.88232,1.00,1.00
2017.11.07 09:10:32.333,0.88209,0.8823,1.00,1.00
2017.11.07 09:10:32.536,0.88207,0.8823,1.00,1.00
2017.11.07 09:10:32.638,0.88207,0.88228,1.00,1.35
2017.11.07 09:10:32.688,0.882,0.88222,1.00,1.00
2017.11.07 09:10:32.840,0.882,0.88224,1.00,1.00
2017.11.07 09:10:32.941,0.88203,0.88224,1.00,1.00
2017.11.07 09:10:35.590,0.88203,0.88225,1.00,1.00
2017.11.07 09:10:35.901,0.88207,0.88227,1.00,1.50
2017.11.07 09:10:36.336,0.88207,0.88229,1.00,1.00
2017.11.07 09:10:38.443,0.88206,0.88229,1.00,1.00
2017.11.07 09:10:38.493,0.88205,0.88227,1.00,1.00
2017.11.07 09:10:39.029,0.88205,0.88226,1.00,1.00
2017.11.07 09:10:39.292,0.88204,0.88228,1.00,1.00
2017.11.07 09:10:40.039,0.88204,0.88226,1.00,1.00
2017.11.07 09:10:45.038,0.88205,0.88228,1.00,1.00
2017.11.07 09:10:45.140,0.88207,0.88229,1.00,1.00
2017.11.07 09:10:47.195,0.88208,0.8823,1.00,1.00
2017.11.07 09:10:50.532,0.88208,0.88229,1.00,1.00
2017.11.07 09:10:50.583,0.88209,0.88231,1.00,1.00
2017.11.07 09:10:50.634,0.88211,0.88234,1.00,1.50
2017.11.07 09:10:50.836,0.88213,0.88236,1.00,1.00
2017.11.07 09:10:51.248,0.88214,0.88238,1.00,1.00
2017.11.07 09:10:51.719,0.88216,0.88237,1.00,1.00
2017.11.07 09:10:52.240,0.88216,0.88236,1.00,1.00
2017.11.07 09:10:52.949,0.88217,0.88239,1.00,1.00
2017.11.07 09:10:53.283,0.88219,0.88239,1.00,1.00
2017.11.07 09:10:53.596,0.88221,0.88241,1.00,1.00
2017.11.07 09:10:54.220,0.88222,0.88242,1.00,1.00
2017.11.07 09:11:01.043,0.88219,0.88241,1.00,1.00
2017.11.07 09:11:01.195,0.88215,0.88235,1.00,1.00
2017.11.07 09:11:01.512,0.88213,0.88233,1.00,1.00
2017.11.07 09:11:02.033,0.88214,0.88233,1.00,1.00
2017.11.07 09:11:02.354,0.8821,0.8823,1.00,1.00
2017.11.07 09:11:02.748,0.88209,0.88228,1.00,1.00
2017.11.07 09:11:09.352,0.88208,0.88227,1.00,1.00
2017.11.07 09:11:17.552,0.88207,0.88227,1.00,1.00
2017.11.07 09:11:18.073,0.88206,0.88225,1.00,1.00
2017.11.07 09:11:18.124,0.88203,0.88225,1.00,1.00
2017.11.07 09:11:18.951,0.88206,0.88226,1.00,1.50
2017.11.07 09:11:19.154,0.88209,0.8823,1.00,1.50
2017.11.07 09:11:21.239,0.88207,0.88228,1.00,1.00
2017.11.07 09:11:21.589,0.88207,0.88226,1.00,1.00
2017.11.07 09:11:21.842,0.88208,0.8823,1.00,1.50
2017.11.07 09:11:21.893,0.88208,0.88227,1.00,1.00
2017.11.07 09:11:22.051,0.88209,0.8823,1.00,1.00
2017.11.07 09:11:22.102,0.88207,0.88228,1.00,1.00
2017.11.07 09:11:22.638,0.88209,0.88229,1.00,1.00
2017.11.07 09:11:23.620,0.88211,0.8823,1.00,1.00
2017.11.07 09:11:32.125,0.88211,0.88231,1.00,1.00
2017.11.07 09:11:32.634,0.88212,0.88231,1.00,1.00
2017.11.07 09:11:35.202,0.88213,0.88231,1.00,1.00
2017.11.07 09:11:37.734,0.88209,0.88232,1.00,1.00
2017.11.07 09:11:37.785,0.88208,0.88229,1.00,1.00
2017.11.07 09:11:38.065,0.88205,0.88228,1.00,1.00
2017.11.07 09:11:38.911,0.88207,0.88227,1.00,1.00
2017.11.07 09:11:39.412,0.88206,0.88229,1.00,1.00
2017.11.07 09:11:48.755,0.88208,0.88229,1.00,1.00
2017.11.07 09:11:49.354,0.88209,0.88229,1.00,1.00
2017.11.07 09:11:50.731,0.88207,0.88228,1.00,1.00
2017.11.07 09:11:50.782,0.88205,0.88228,1.00,1.00
2017.11.07 09:11:51.467,0.88206,0.88228,1.00,1.00
2017.11.07 09:11:52.156,0.88205,0.88226,1.00,1.00
2017.11.07 09:11:53.979,0.88205,0.88225,1.00,1.00
2017.11.07 09:11:54.442,0.88204,0.88227,1.00,1.00
2017.11.07 09:12:00.652,0.88206,0.88226,1.00,1.00
2017.11.07 09:12:02.170,0.88206,0.88227,1.00,1.00
2017.11.07 09:12:02.796,0.88206,0.88228,1.00,1.00
2017.11.07 09:12:03.329,0.88207,0.88228,1.00,1.00
2017.11.07 09:12:03.871,0.88208,0.88228,1.00,1.00
2017.11.07 09:12:04.439,0.88207,0.88227,1.00,1.00
2017.11.07 09:12:07.790,0.88198,0.88221,1.00,1.00
2017.11.07 09:12:08.322,0.88199,0.88221,1.00,1.00
2017.11.07 09:12:13.691,0.88201,0.88223,1.00,1.00
2017.11.07 09:12:14.230,0.88202,0.88223,1.00,1.00
2017.11.07 09:12:16.305,0.88202,0.88225,1.00,2.25
2017.11.07 09:12:16.407,0.88204,0.88225,1.00,1.50
2017.11.07 09:12:17.672,0.88203,0.88225,1.00,2.25
2017.11.07 09:12:26.985,0.88203,0.88223,1.00,1.00
2017.11.07 09:12:27.036,0.882,0.88222,1.00,1.00
2017.11.07 09:12:27.137,0.88198,0.88221,1.00,1.00
2017.11.07 09:12:29.097,0.88192,0.88215,1.00,1.00
2017.11.07 09:12:29.478,0.88192,0.88212,1.00,1.00
2017.11.07 09:12:32.703,0.88191,0.88211,1.00,1.00
2017.11.07 09:12:34.595,0.8819,0.8821,1.00,1.00
2017.11.07 09:12:34.646,0.88187,0.8821,1.00,1.00
2017.11.07 09:12:35.404,0.88191,0.8821,1.00,1.00
2017.11.07 09:12:35.506,0.8819,0.88212,1.00,1.00
2017.11.07 09:12:39.235,0.88189,0.88211,1.00,1.00
2017.11.07 09:12:44.916,0.8819,0.88212,1.00,1.00
2017.11.07 09:12:47.251,0.88191,0.88213,1.00,1.50
2017.11.07 09:12:49.414,0.88192,0.88214,1.00,1.00
2017.11.07 09:12:54.562,0.88194,0.88214,1.00,1.00
2017.11.07 09:13:01.380,0.88194,0.88216,1.00,1.00
2017.11.07 09:13:07.188,0.88194,0.88213,1.00,1.00
2017.11.07 09:13:12.687,0.88195,0.88215,1.00,1.00
2017.11.07 09:13:13.229,0.88194,0.88214,1.00,1.00
2017.11.07 09:13:17.792,0.88194,0.88215,1.00,1.00
2017.11.07 09:13:18.844,0.88192,0.88214,1.00,1.00
2017.11.07 09:13:19.347,0.88193,0.88215,1.00,1.00
2017.11.07 09:13:24.623,0.88194,0.88215,1.00,1.00
2017.11.07 09:13:32.822,0.88192,0.88215,1.00,1.00
2017.11.07 09:13:39.662,0.88194,0.88215,1.00,1.00
2017.11.07 09:13:42.852,0.88197,0.88217,1.00,1.00
2017.11.07 09:13:43.416,0.88198,0.88218,1.00,1.00
2017.11.07 09:13:44.642,0.88196,0.88216,1.00,1.00
2017.11.07 09:13:44.694,0.88194,0.88216,1.00,1.00
2017.11.07 09:13:47.401,0.88194,0.88214,1.00,1.00
2017.11.07 09:13:52.847,0.88198,0.88218,1.00,1.00
2017.11.07 09:13:52.898,0.88196,0.88219,1.00,1.00
2017.11.07 09:13:53.234,0.88193,0.88218,1.00,1.00
2017.11.07 09:13:53.285,0.88191,0.88217,1.00,1.00
2017.11.07 09:13:53.336,0.88192,0.88215,1.00,1.00
2017.11.07 09:13:53.848,0.88194,0.88217,1.00,1.00
2017.11.07 09:13:56.507,0.88193,0.88214,1.00,1.00
2017.11.07 09:13:56.558,0.88189,0.88212,1.00,1.00
2017.11.07 09:13:56.661,0.88191,0.88214,1.00,1.00
2017.11.07 09:13:57.008,0.88189,0.88211,1.00,1.00
2017.11.07 09:13:58.002,0.88189,0.88209,1.00,1.00
2017.11.07 09:14:00.436,0.88185,0.8821,1.00,1.00
2017.11.07 09:14:02.381,0.88185,0.88209,1.00,1.00
2017.11.07 09:14:02.882,0.88187,0.88209,1.00,1.00
2017.11.07 09:14:10.812,0.88186,0.88208,1.00,1.00
2017.11.07 09:14:11.600,0.88185,0.88207,1.00,1.00
2017.11.07 09:14:15.671,0.88187,0.88207,1.00,1.00
2017.11.07 09:14:16.187,0.88189,0.88209,1.00,1.00
2017.11.07 09:14:16.238,0.8819,0.88212,1.00,1.50
2017.11.07 09:14:16.390,0.88191,0.88215,1.00,1.50
2017.11.07 09:14:16.845,0.88192,0.88217,1.00,1.00
2017.11.07 09:14:17.412,0.88191,0.88216,1.00,1.00
2017.11.07 09:14:17.912,0.88192,0.88214,1.00,1.00
2017.11.07 09:14:19.421,0.88193,0.88215,1.00,1.00
2017.11.07 09:14:19.587,0.88191,0.88214,1.00,1.00
2017.11.07 09:14:19.738,0.88193,0.88214,1.00,1.00
2017.11.07 09:14:23.626,0.88192,0.88214,1.00,1.00
2017.11.07 09:14:25.173,0.88194,0.88214,1.00,1.00
2017.11.07 09:14:25.822,0.88195,0.88214,1.00,1.00
2017.11.07 09:14:27.331,0.88194,0.88216,1.00,1.00
2017.11.07 09:14:32.942,0.88196,0.88216,1.00,1.00
2017.11.07 09:14:35.271,0.88196,0.88218,1.00,1.00
2017.11.07 09:14:35.550,0.88196,0.88216,1.00,1.00
2017.11.07 09:14:35.817,0.88193,0.88215,1.00,1.00
2017.11.07 09:14:36.273,0.88195,0.88215,1.00,1.00
2017.11.07 09:14:39.773,0.88196,0.88217,1.00,1.00
2017.11.07 09:14:47.979,0.88194,0.88216,1.00,1.00
2017.11.07 09:14:53.098,0.88188,0.8821,1.00,1.00
2017.11.07 09:14:53.656,0.88189,0.88211,1.00,1.00
2017.11.07 09:14:54.802,0.88189,0.88209,1.00,1.00
2017.11.07 09:15:03.951,0.88188,0.88208,1.00,1.00
2017.11.07 09:15:04.457,0.88189,0.88208,1.00,1.00
2017.11.07 09:15:06.322,0.88193,0.88213,1.00,1.00
2017.11.07 09:15:06.484,0.88193,0.88215,1.00,1.00
2017.11.07 09:15:06.585,0.88195,0.88214,1.00,1.00
2017.11.07 09:15:08.055,0.88193,0.88214,1.00,1.00
2017.11.07 09:15:08.156,0.88195,0.88215,1.00,1.00
2017.11.07 09:15:11.515,0.88191,0.88213,1.00,1.00
2017.11.07 09:15:11.566,0.88193,0.88214,1.00,1.00
2017.11.07 09:15:11.887,0.88191,0.88211,1.00,1.00
2017.11.07 09:15:12.177,0.88189,0.88211,1.00,1.00
2017.11.07 09:15:12.228,0.88187,0.88209,1.00,1.00
2017.11.07 09:15:17.126,0.88189,0.88209,1.00,1.00
2017.11.07 09:15:17.682,0.8819,0.88209,1.00,1.00
2017.11.07 09:15:24.385,0.88188,0.8821,1.00,1.00
2017.11.07 09:15:24.859,0.8819,0.88209,1.00,1.00
2017.11.07 09:15:28.600,0.8819,0.8821,1.00,1.00
2017.11.07 09:15:29.218,0.88188,0.8821,1.00,1.00
2017.11.07 09:15:29.937,0.8819,0.8821,1.00,1.00
2017.11.07 09:15:31.639,0.88187,0.88209,1.00,1.00
2017.11.07 09:15:33.059,0.88189,0.88208,1.00,1.00
2017.11.07 09:15:34.598,0.88187,0.88207,1.00,1.00
2017.11.07 09:15:45.919,0.88188,0.88208,1.00,1.00
2017.11.07 09:15:46.020,0.88185,0.88207,1.00,1.00
2017.11.07 09:15:46.568,0.88184,0.88206,1.00,1.00
2017.11.07 09:15:46.758,0.88186,0.88208,1.00,1.00
2017.11.07 09:15:47.242,0.88188,0.88208,1.00,1.00
2017.11.07 09:15:48.089,0.88188,0.88207,1.00,1.00
2017.11.07 09:15:54.919,0.88188,0.88208,1.00,1.00
2017.11.07 09:15:56.866,0.88188,0.8821,1.00,1.00
2017.11.07 09:15:56.967,0.88194,0.88212,1.00,1.00
2017.11.07 09:15:57.018,0.88195,0.88216,1.00,1.00
2017.11.07 09:15:57.069,0.88196,0.88218,1.00,1.50
2017.11.07 09:15:57.119,0.88198,0.88217,1.00,1.00
2017.11.07 09:15:59.798,0.88196,0.88216,1.00,1.00
2017.11.07 09:16:02.140,0.88197,0.88219,1.00,1.00
2017.11.07 09:16:02.712,0.88199,0.88219,1.00,1.00
2017.11.07 09:16:05.988,0.88197,0.88218,1.00,1.00
2017.11.07 09:16:06.039,0.88199,0.88218,1.00,1.00
2017.11.07 09:16:07.453,0.88198,0.88218,1.00,1.00
2017.11.07 09:16:09.448,0.88198,0.8822,1.00,1.00
2017.11.07 09:16:09.949,0.88198,0.88218,1.00,1.00
2017.11.07 09:16:10.434,0.88198,0.8822,1.00,1.00
2017.11.07 09:16:11.112,0.88199,0.88221,1.00,1.00
2017.11.07 09:16:15.858,0.88198,0.8822,1.00,1.00
2017.11.07 09:16:17.652,0.88199,0.8822,1.00,1.00
2017.11.07 09:16:18.198,0.882,0.8822,1.00,1.00
2017.11.07 09:16:20.072,0.88199,0.88219,1.00,1.00
2017.11.07 09:16:21.505,0.882,0.8822,1.00,1.00
2017.11.07 09:16:32.116,0.88202,0.88222,1.00,1.00
2017.11.07 09:16:32.168,0.88202,0.88224,1.00,1.00
2017.11.07 09:16:32.390,0.88202,0.88222,1.00,1.00
2017.11.07 09:16:33.871,0.88201,0.88222,1.00,1.00
2017.11.07 09:16:34.209,0.88203,0.88223,1.00,1.00
2017.11.07 09:16:39.394,0.88203,0.88224,1.00,1.00
2017.11.07 09:16:49.715,0.88205,0.88224,1.00,1.00
2017.11.07 09:16:57.298,0.88202,0.88224,1.00,1.00
2017.11.07 09:16:58.532,0.88204,0.88226,1.00,1.00
2017.11.07 09:16:59.230,0.88205,0.88227,1.12,1.00
2017.11.07 09:17:00.571,0.88203,0.88225,3.00,1.00
2017.11.07 09:17:00.672,0.88202,0.88226,1.00,1.00
2017.11.07 09:17:01.885,0.88204,0.88226,1.00,1.00
2017.11.07 09:17:04.134,0.88204,0.88228,1.00,1.00
2017.11.07 09:17:05.223,0.88206,0.88228,1.00,1.00
2017.11.07 09:17:07.567,0.88205,0.88229,1.00,1.00
2017.11.07 09:17:09.618,0.88205,0.88227,1.00,1.00
2017.11.07 09:17:18.270,0.88206,0.88228,1.00,1.00
2017.11.07 09:17:25.740,0.88206,0.8823,1.00,1.00
2017.11.07 09:17:26.267,0.88205,0.88229,1.00,1.00
2017.11.07 09:17:27.119,0.88204,0.88225,1.50,1.00
2017.11.07 09:17:27.540,0.88205,0.88227,1.00,1.00
2017.11.07 09:17:27.903,0.88207,0.88229,1.00,1.00
2017.11.07 09:17:28.514,0.88207,0.8823,1.00,1.00
2017.11.07 09:17:32.798,0.88208,0.8823,1.00,1.00
2017.11.07 09:17:42.269,0.88209,0.88231,1.00,1.00
2017.11.07 09:17:42.320,0.8821,0.88234,1.00,1.00
2017.11.07 09:17:42.480,0.88212,0.88234,1.00,1.00
2017.11.07 09:17:43.266,0.88213,0.88234,1.00,1.00
2017.11.07 09:17:46.038,0.88213,0.88235,1.00,1.00
2017.11.07 09:17:48.345,0.88213,0.88234,1.00,1.00
2017.11.07 09:18:02.875,0.88211,0.88235,1.00,1.00
2017.11.07 09:18:10.189,0.88212,0.88235,1.00,1.00
2017.11.07 09:18:15.972,0.88209,0.88234,1.00,1.00
2017.11.07 09:18:16.882,0.88211,0.88234,1.00,1.00
2017.11.07 09:18:17.402,0.88212,0.88236,1.00,1.00
2017.11.07 09:18:18.435,0.88213,0.88234,1.00,1.00
2017.11.07 09:18:19.307,0.88211,0.88234,1.00,1.00
2017.11.07 09:18:21.721,0.8821,0.88232,1.00,1.00
2017.11.07 09:18:33.468,0.88208,0.88232,1.00,1.00
2017.11.07 09:18:39.636,0.8821,0.88232,1.00,1.00
2017.11.07 09:18:40.287,0.88209,0.88232,1.00,1.00
2017.11.07 09:18:47.948,0.88208,0.88232,1.00,1.00
2017.11.07 09:18:48.450,0.88207,0.88232,1.00,1.00
2017.11.07 09:18:48.838,0.8821,0.88232,1.00,1.00
2017.11.07 09:18:49.587,0.88211,0.88233,1.00,1.00
2017.11.07 09:18:54.779,0.88211,0.88235,1.00,1.00
2017.11.07 09:18:55.316,0.8821,0.88234,1.00,1.00
2017.11.07 09:18:58.778,0.88212,0.88234,1.00,1.00
2017.11.07 09:19:02.354,0.88212,0.88235,1.00,1.00
2017.11.07 09:19:02.970,0.88212,0.88234,1.00,1.00
2017.11.07 09:19:03.723,0.88212,0.88233,1.00,1.00
2017.11.07 09:19:05.388,0.88212,0.88234,1.00,1.00
2017.11.07 09:19:06.015,0.88211,0.88234,1.00,1.00
2017.11.07 09:19:07.919,0.88212,0.88235,1.00,1.00
2017.11.07 09:19:08.121,0.88213,0.88238,1.00,1.00
2017.11.07 09:19:08.172,0.88215,0.88237,1.00,1.00
2017.11.07 09:19:08.223,0.88215,0.88239,1.00,1.00
2017.11.07 09:19:08.274,0.88217,0.88239,1.00,1.00
2017.11.07 09:19:17.565,0.88208,0.88231,1.00,1.00
2017.11.07 09:19:17.616,0.88207,0.88228,1.00,1.00
2017.11.07 09:19:17.667,0.88208,0.8823,1.00,1.00
2017.11.07 09:19:17.718,0.8821,0.88231,1.00,1.00
2017.11.07 09:19:17.819,0.88211,0.88233,1.00,1.00
2017.11.07 09:19:18.013,0.88211,0.88235,1.00,1.00
2017.11.07 09:19:18.509,0.88211,0.88233,1.00,1.00
2017.11.07 09:19:19.338,0.88214,0.88236,1.00,1.00
2017.11.07 09:19:19.859,0.88212,0.88236,1.00,1.00
2017.11.07 09:19:19.960,0.88212,0.88234,1.00,1.00
2017.11.07 09:19:20.263,0.8821,0.88232,1.00,1.00
2017.11.07 09:19:21.040,0.88212,0.88234,1.00,1.00
2017.11.07 09:19:21.489,0.8821,0.88234,1.00,1.00
2017.11.07 09:19:21.540,0.8821,0.88232,1.00,1.00
2017.11.07 09:19:22.456,0.8821,0.88233,1.00,1.00
2017.11.07 09:19:23.127,0.8821,0.88234,1.00,1.00
2017.11.07 09:19:24.057,0.88211,0.88232,1.00,1.00
2017.11.07 09:19:24.158,0.88209,0.88231,1.00,1.00
2017.11.07 09:19:25.339,0.8821,0.88231,1.00,1.00
2017.11.07 09:19:26.402,0.88211,0.88233,1.00,1.00
2017.11.07 09:19:26.553,0.88214,0.88235,1.00,1.00
2017.11.07 09:19:27.575,0.88213,0.88235,1.00,1.00
2017.11.07 09:19:28.803,0.88214,0.88236,1.00,1.00
2017.11.07 09:19:28.854,0.88213,0.88238,1.00,1.00
2017.11.07 09:19:29.569,0.88215,0.88238,1.00,1.00
2017.11.07 09:19:32.514,0.88217,0.88241,1.00,1.00
2017.11.07 09:19:32.640,0.8822,0.88243,1.00,2.25
2017.11.07 09:19:32.943,0.88243,0.88264,1.00,1.12
2017.11.07 09:19:32.994,0.88241,0.88264,1.00,1.12
2017.11.07 09:19:33.146,0.88243,0.88264,1.00,1.12
2017.11.07 09:19:33.196,0.88241,0.88265,1.00,1.50
2017.11.07 09:19:33.298,0.88242,0.88261,1.00,1.00
2017.11.07 09:19:33.456,0.88242,0.88264,1.00,1.12
2017.11.07 09:19:34.019,0.88243,0.88264,1.00,1.00
2017.11.07 09:19:37.168,0.88239,0.8826,1.00,1.00
2017.11.07 09:19:37.311,0.88235,0.88259,1.00,1.00
2017.11.07 09:19:37.363,0.88234,0.88256,1.00,1.00
2017.11.07 09:19:37.414,0.88235,0.88259,1.00,1.00
2017.11.07 09:19:37.616,0.88235,0.88257,1.00,1.00
2017.11.07 09:19:38.323,0.88234,0.88257,1.00,1.00
2017.11.07 09:19:38.666,0.88233,0.88255,1.00,1.00
2017.11.07 09:19:40.369,0.88232,0.88255,1.00,1.00
2017.11.07 09:19:41.191,0.88232,0.88256,1.00,1.00
2017.11.07 09:19:49.596,0.88233,0.88256,1.00,1.00
2017.11.07 09:19:51.091,0.88235,0.88257,1.00,1.00
2017.11.07 09:19:51.715,0.88236,0.88258,1.00,1.00
2017.11.07 09:19:54.121,0.88238,0.88259,1.00,1.00
2017.11.07 09:19:54.223,0.88237,0.88261,1.00,1.00
2017.11.07 09:19:54.898,0.88239,0.8826,1.00,1.00
2017.11.07 09:19:55.420,0.88238,0.88262,1.00,1.00
2017.11.07 09:19:55.521,0.88238,0.8826,1.00,1.00
2017.11.07 09:19:55.622,0.88235,0.88259,1.00,1.00
2017.11.07 09:20:00.152,0.88234,0.88257,1.00,1.00
2017.11.07 09:20:00.257,0.88232,0.88256,1.00,1.00
2017.11.07 09:20:00.308,0.88232,0.88254,1.00,1.00
2017.11.07 09:20:00.704,0.8823,0.88254,1.00,1.00
2017.11.07 09:20:00.755,0.8823,0.88252,1.00,1.00
2017.11.07 09:20:01.061,0.88225,0.88249,1.00,1.00
2017.11.07 09:20:01.162,0.88225,0.88246,1.00,1.00
2017.11.07 09:20:01.264,0.88225,0.88248,1.00,1.00
2017.11.07 09:20:01.315,0.88226,0.8825,1.00,1.00
2017.11.07 09:20:01.763,0.88227,0.88248,1.00,1.00
2017.11.07 09:20:03.143,0.88227,0.88249,1.00,1.00
2017.11.07 09:20:03.648,0.88227,0.88248,1.00,1.00
2017.11.07 09:20:05.869,0.88226,0.88248,1.00,1.00
2017.11.07 09:20:09.724,0.88225,0.88247,1.00,1.00
2017.11.07 09:20:18.151,0.88225,0.88248,1.00,1.00
2017.11.07 09:20:27.718,0.88225,0.88246,1.00,1.00
2017.11.07 09:20:28.792,0.88225,0.88247,1.00,1.00
2017.11.07 09:20:32.314,0.88223,0.88245,1.00,1.00
2017.11.07 09:20:32.686,0.88221,0.88244,1.00,1.00
2017.11.07 09:20:33.207,0.88222,0.88244,1.00,1.00
2017.11.07 09:20:33.807,0.88221,0.88243,1.00,1.00
2017.11.07 09:20:35.141,0.88217,0.88238,1.00,1.00
2017.11.07 09:20:35.192,0.88215,0.88237,1.50,1.00
2017.11.07 09:20:36.316,0.88215,0.88239,1.00,1.00
2017.11.07 09:20:36.417,0.88218,0.88239,1.00,1.00
2017.11.07 09:20:39.988,0.88216,0.8824,1.00,1.00
2017.11.07 09:20:40.487,0.88217,0.88238,1.00,1.00
2017.11.07 09:20:47.087,0.88217,0.8824,1.00,1.00
2017.11.07 09:20:48.187,0.88216,0.8824,1.00,1.00
2017.11.07 09:20:48.716,0.88217,0.8824,1.00,1.00
2017.11.07 09:20:49.813,0.88217,0.88239,1.00,1.00
2017.11.07 09:20:49.914,0.88214,0.88236,1.00,1.00
2017.11.07 09:20:55.043,0.88212,0.88236,1.00,1.00
2017.11.07 09:20:59.731,0.88215,0.88236,1.00,1.00
2017.11.07 09:21:00.515,0.88215,0.88239,1.00,1.00
2017.11.07 09:21:00.566,0.88218,0.8824,1.00,1.00
2017.11.07 09:21:00.667,0.88219,0.88242,1.00,1.00
2017.11.07 09:21:01.515,0.88219,0.88243,1.00,1.00
2017.11.07 09:21:02.721,0.88219,0.88241,1.00,1.00
2017.11.07 09:21:19.510,0.8822,0.88241,1.00,1.00
2017.11.07 09:21:20.086,0.8822,0.88242,1.00,1.00
2017.11.07 09:21:20.187,0.88216,0.8824,1.00,1.00
2017.11.07 09:21:20.390,0.88215,0.88237,1.00,1.00
2017.11.07 09:21:21.945,0.88213,0.88236,1.00,1.00
2017.11.07 09:21:23.450,0.88212,0.88234,1.00,1.00
2017.11.07 09:21:24.256,0.88213,0.88234,1.00,1.00
2017.11.07 09:21:25.123,0.88212,0.88234,1.00,1.00
2017.11.07 09:21:31.380,0.88212,0.88236,1.00,1.00
2017.11.07 09:21:33.778,0.88212,0.88234,1.00,1.00
2017.11.07 09:21:48.307,0.88213,0.88234,1.00,1.00
2017.11.07 09:21:48.808,0.88214,0.88235,1.00,1.00
2017.11.07 09:21:49.525,0.88214,0.88236,1.00,1.00
2017.11.07 09:21:55.439,0.88212,0.88236,1.00,1.00
2017.11.07 09:21:56.077,0.88213,0.88236,1.00,1.00
2017.11.07 09:21:59.562,0.88214,0.88236,1.00,1.00
2017.11.07 09:22:02.455,0.88213,0.88235,1.00,1.00
2017.11.07 09:22:03.384,0.88213,0.88237,1.00,1.00
2017.11.07 09:22:06.834,0.88212,0.88236,1.00,1.00
2017.11.07 09:22:07.815,0.88214,0.88238,1.00,1.00
2017.11.07 09:22:08.210,0.8821,0.88234,1.00,1.00
2017.11.07 09:22:08.576,0.88208,0.8823,1.00,1.00
2017.11.07 09:22:08.627,0.88209,0.88233,1.00,1.50
2017.11.07 09:22:08.728,0.88211,0.88233,1.00,1.00
2017.11.07 09:22:09.096,0.88213,0.88235,1.00,1.00
2017.11.07 09:22:10.717,0.88214,0.88236,1.00,1.00
2017.11.07 09:22:11.058,0.88216,0.8824,1.00,1.00
2017.11.07 09:22:11.923,0.88216,0.88238,1.00,1.00
2017.11.07 09:22:12.117,0.88211,0.88235,1.00,1.00
2017.11.07 09:22:12.711,0.8821,0.88234,1.00,1.00
2017.11.07 09:22:13.149,0.88214,0.88238,1.00,1.00
2017.11.07 09:22:13.707,0.88216,0.88238,1.00,1.00
2017.11.07 09:22:13.860,0.88216,0.8824,1.00,1.00
2017.11.07 09:22:15.054,0.88213,0.88235,1.00,1.00
2017.11.07 09:22:16.071,0.88214,0.88236,1.00,1.00
2017.11.07 09:22:17.139,0.88217,0.88239,1.00,1.00
2017.11.07 09:22:18.868,0.88218,0.8824,1.00,1.00
2017.11.07 09:22:21.511,0.88219,0.88241,1.00,1.00
2017.11.07 09:22:22.190,0.8822,0.88242,1.00,1.00
2017.11.07 09:22:24.667,0.88218,0.88241,1.00,1.00
2017.11.07 09:22:27.007,0.8822,0.88245,1.00,1.00
2017.11.07 09:22:27.820,0.8822,0.88246,1.00,1.00
2017.11.07 09:22:33.907,0.88221,0.88244,1.00,1.00
2017.11.07 09:22:36.463,0.88221,0.88246,1.00,1.00
2017.11.07 09:22:37.258,0.88219,0.88245,1.00,1.00
2017.11.07 09:22:37.308,0.88218,0.88242,1.00,1.00
2017.11.07 09:22:37.643,0.88218,0.8824,1.00,1.00
2017.11.07 09:22:40.743,0.88217,0.88239,1.00,1.00
2017.11.07 09:22:41.011,0.88215,0.88239,1.00,1.00
2017.11.07 09:22:41.112,0.88214,0.88236,1.00,1.00
2017.11.07 09:22:42.531,0.88215,0.88239,1.00,1.00
2017.11.07 09:22:44.065,0.88217,0.88242,1.00,2.25
2017.11.07 09:22:44.166,0.88219,0.88242,1.00,1.00
2017.11.07 09:22:44.723,0.88221,0.88243,1.00,1.00
2017.11.07 09:22:44.774,0.88219,0.88243,1.00,1.00
2017.11.07 09:22:44.875,0.88222,0.88244,1.00,1.00
2017.11.07 09:22:44.977,0.8822,0.88244,1.00,1.00
2017.11.07 09:22:45.078,0.88218,0.88242,1.00,1.00
2017.11.07 09:22:47.935,0.88221,0.88243,1.00,1.00
2017.11.07 09:22:48.928,0.88221,0.88245,1.00,1.00
2017.11.07 09:22:49.290,0.88219,0.88241,1.00,1.00
2017.11.07 09:22:49.341,0.88216,0.8824,1.50,1.00
2017.11.07 09:22:49.614,0.88216,0.88238,1.00,1.00
2017.11.07 09:22:55.257,0.88217,0.88239,1.00,1.00
2017.11.07 09:23:02.754,0.88218,0.88242,1.00,1.00
2017.11.07 09:23:03.365,0.88217,0.88241,1.00,1.00
2017.11.07 09:23:03.917,0.88218,0.88242,1.00,1.00
2017.11.07 09:23:04.328,0.88216,0.8824,1.00,1.00
2017.11.07 09:23:05.014,0.88217,0.88241,1.00,1.00
2017.11.07 09:23:07.048,0.88219,0.88241,1.00,1.00
2017.11.07 09:23:07.744,0.88216,0.8824,1.00,1.00
2017.11.07 09:23:07.846,0.88216,0.88238,1.00,1.00
2017.11.07 09:23:09.458,0.88215,0.88239,1.00,1.00
2017.11.07 09:23:09.893,0.88217,0.88239,1.00,1.00
2017.11.07 09:23:11.101,0.88217,0.88241,1.00,1.00
2017.11.07 09:23:11.711,0.88218,0.88242,1.00,1.00
2017.11.07 09:23:16.826,0.88217,0.88241,1.00,1.00
2017.11.07 09:23:24.405,0.88217,0.88239,1.00,1.00
2017.11.07 09:23:25.818,0.88216,0.88238,1.00,1.00
2017.11.07 09:23:26.556,0.88214,0.88236,1.00,1.00
2017.11.07 09:23:29.269,0.88211,0.88235,1.00,1.00
2017.11.07 09:23:30.603,0.88212,0.88236,1.00,1.00
2017.11.07 09:23:30.654,0.88215,0.88238,1.00,2.25
2017.11.07 09:23:30.907,0.88218,0.88242,1.00,1.00
2017.11.07 09:23:31.497,0.88219,0.88242,1.00,1.00
2017.11.07 09:23:33.062,0.88221,0.88243,1.00,1.00
2017.11.07 09:23:34.020,0.88222,0.88243,1.00,1.00
2017.11.07 09:23:37.093,0.8822,0.88243,1.00,1.00
2017.11.07 09:23:37.571,0.8822,0.88241,1.00,1.00
2017.11.07 09:23:46.507,0.88221,0.88242,1.00,1.00
2017.11.07 09:23:58.594,0.88223,0.88244,1.00,1.00
2017.11.07 09:23:58.645,0.88224,0.88247,1.00,1.00
2017.11.07 09:23:59.664,0.88225,0.88247,1.00,1.00
2017.11.07 09:24:00.025,0.88223,0.88246,1.00,1.00
2017.11.07 09:24:02.138,0.88225,0.88246,1.00,1.00
2017.11.07 09:24:04.224,0.88226,0.88247,1.00,1.00
2017.11.07 09:24:04.394,0.88226,0.88249,1.00,1.00
2017.11.07 09:24:04.814,0.88228,0.88249,1.00,1.00
2017.11.07 09:24:07.075,0.88227,0.88248,1.00,1.00
2017.11.07 09:24:07.938,0.88227,0.8825,1.00,1.00
2017.11.07 09:24:08.141,0.88228,0.88252,1.00,1.00
2017.11.07 09:24:08.192,0.88232,0.88255,1.00,1.00
2017.11.07 09:24:08.922,0.88231,0.88252,1.00,1.00
2017.11.07 09:24:10.248,0.88229,0.8825,1.00,1.00
2017.11.07 09:24:11.030,0.88229,0.88252,1.00,1.00
2017.11.07 09:24:11.132,0.88231,0.88254,1.00,1.00
2017.11.07 09:24:12.849,0.88232,0.88254,1.00,1.00
2017.11.07 09:24:13.377,0.88234,0.88255,1.00,1.00
2017.11.07 09:24:14.736,0.88234,0.88257,1.00,1.00
2017.11.07 09:24:19.107,0.88233,0.88256,1.00,1.00
2017.11.07 09:24:20.168,0.88232,0.88253,1.00,1.00
2017.11.07 09:24:20.220,0.88229,0.88252,1.50,1.00
2017.11.07 09:24:21.020,0.88228,0.88251,1.00,1.00
2017.11.07 09:24:24.329,0.8823,0.88251,1.00,1.00
2017.11.07 09:24:25.923,0.88231,0.88252,1.00,1.00
2017.11.07 09:24:26.354,0.88234,0.88255,1.00,1.00
2017.11.07 09:24:32.373,0.88232,0.88255,1.00,1.00
2017.11.07 09:24:32.964,0.88233,0.88254,1.00,1.00
2017.11.07 09:24:33.015,0.88229,0.8825,1.00,1.00
2017.11.07 09:24:35.276,0.88227,0.88248,1.00,1.00
2017.11.07 09:24:35.786,0.88226,0.88247,1.00,1.00
2017.11.07 09:24:36.821,0.88224,0.88247,1.00,1.00
2017.11.07 09:24:40.071,0.88223,0.88246,1.00,1.00
2017.11.07 09:24:46.643,0.88225,0.88246,1.00,1.00
2017.11.07 09:24:48.528,0.88224,0.88245,1.00,1.00
2017.11.07 09:24:53.971,0.88226,0.88247,1.00,1.00
2017.11.07 09:24:54.769,0.88227,0.88248,1.00,1.00
2017.11.07 09:24:55.551,0.88226,0.88247,1.00,1.00
2017.11.07 09:24:55.603,0.88223,0.88246,1.00,1.00
2017.11.07 09:24:55.998,0.88223,0.88244,1.00,1.00
2017.11.07 09:24:59.316,0.88224,0.88247,1.00,1.00
2017.11.07 09:24:59.417,0.88226,0.88247,1.00,1.00
2017.11.07 09:24:59.923,0.88225,0.88247,1.00,1.00
2017.11.07 09:25:00.533,0.88226,0.88247,1.00,1.00
2017.11.07 09:25:01.212,0.88224,0.88246,1.00,1.00
2017.11.07 09:25:01.313,0.88226,0.88247,1.00,1.00
2017.11.07 09:25:05.079,0.88224,0.88247,1.00,1.00
2017.11.07 09:25:05.129,0.88227,0.88248,1.00,1.00
2017.11.07 09:25:05.591,0.88231,0.88252,1.00,1.00
2017.11.07 09:25:06.145,0.88228,0.88251,1.00,1.00
2017.11.07 09:25:06.340,0.8823,0.88251,1.00,1.00
2017.11.07 09:25:06.442,0.88231,0.88254,1.00,1.00
2017.11.07 09:25:08.159,0.88234,0.88257,1.00,1.00
2017.11.07 09:25:08.666,0.88235,0.88256,1.00,1.00
2017.11.07 09:25:09.028,0.88237,0.88258,1.00,1.00
2017.11.07 09:25:10.529,0.88235,0.88258,1.00,1.00
2017.11.07 09:25:14.697,0.88237,0.88258,1.00,1.00
2017.11.07 09:25:14.898,0.88241,0.88264,1.00,1.00
2017.11.07 09:25:15.000,0.88244,0.88266,1.00,1.00
2017.11.07 09:25:15.526,0.88246,0.88268,1.00,1.00
2017.11.07 09:25:16.130,0.88247,0.88268,1.00,1.00
2017.11.07 09:25:16.180,0.88247,0.8827,1.00,1.00
2017.11.07 09:25:18.341,0.88249,0.8827,1.00,1.00
2017.11.07 09:25:19.229,0.8825,0.88271,1.00,1.00
2017.11.07 09:25:20.816,0.88252,0.88273,1.00,1.00
2017.11.07 09:25:21.967,0.88252,0.88275,1.00,1.00
2017.11.07 09:25:22.363,0.88252,0.88273,1.00,1.00
2017.11.07 09:25:23.565,0.88252,0.88273,1.00,1.60
2017.11.07 09:25:23.717,0.88245,0.88268,1.00,1.00
2017.11.07 09:25:26.993,0.88245,0.88266,1.00,1.00
2017.11.07 09:25:28.187,0.88246,0.88267,1.00,1.00
2017.11.07 09:25:29.773,0.88247,0.88268,1.00,1.00
2017.11.07 09:25:29.975,0.88245,0.88269,1.00,1.00
2017.11.07 09:25:30.076,0.88249,0.88272,1.00,1.00
2017.11.07 09:25:30.717,0.88248,0.8827,1.00,1.00
2017.11.07 09:25:34.012,0.88246,0.8827,1.00,1.00
2017.11.07 09:25:34.113,0.8825,0.88273,1.00,1.00
2017.11.07 09:25:34.632,0.88251,0.88272,1.00,1.00
2017.11.07 09:25:35.290,0.88249,0.8827,1.00,1.00
2017.11.07 09:25:35.442,0.88246,0.88269,1.00,1.00
2017.11.07 09:25:35.493,0.88249,0.8827,1.00,1.00
2017.11.07 09:25:36.458,0.88249,0.88272,1.00,1.00
2017.11.07 09:25:39.116,0.88248,0.88271,1.00,1.00
2017.11.07 09:25:48.284,0.88249,0.88268,1.00,1.00
2017.11.07 09:25:48.335,0.88249,0.8827,1.00,1.00
2017.11.07 09:25:49.290,0.88248,0.88269,1.00,1.00
2017.11.07 09:25:51.007,0.88247,0.88268,1.00,1.00
2017.11.07 09:25:53.032,0.88248,0.88269,1.00,1.00
2017.11.07 09:25:58.070,0.88248,0.88271,1.00,1.00
2017.11.07 09:26:00.188,0.88247,0.88268,1.00,1.00
2017.11.07 09:26:00.290,0.88242,0.88266,1.50,1.00
2017.11.07 09:26:00.341,0.88243,0.88264,1.00,1.00
2017.11.07 09:26:09.916,0.88241,0.88262,1.00,1.00
2017.11.07 09:26:09.967,0.88239,0.88263,1.00,1.00
2017.11.07 09:26:10.678,0.88239,0.88262,1.00,1.00
2017.11.07 09:26:10.779,0.88238,0.88259,1.00,1.00
2017.11.07 09:26:10.830,0.88236,0.88259,1.00,1.00
2017.11.07 09:26:11.372,0.88235,0.88258,1.00,1.00
2017.11.07 09:26:19.242,0.88237,0.88258,1.00,1.00
2017.11.07 09:26:19.411,0.88238,0.88262,1.00,1.00
2017.11.07 09:26:19.563,0.8824,0.88261,1.00,1.00
2017.11.07 09:26:19.900,0.88238,0.88261,1.00,1.00
2017.11.07 09:26:23.290,0.88239,0.88262,1.00,1.00
2017.11.07 09:26:29.008,0.88241,0.88262,1.00,1.00
2017.11.07 09:26:30.185,0.88239,0.88262,1.00,1.00
2017.11.07 09:26:34.040,0.88238,0.88259,1.00,1.00
2017.11.07 09:26:34.192,0.8823,0.88253,1.12,1.00
2017.11.07 09:26:34.242,0.8823,0.88251,1.12,1.00
2017.11.07 09:26:35.601,0.88228,0.88249,1.75,1.00
2017.11.07 09:26:35.803,0.88228,0.88249,1.00,1.00
2017.11.07 09:26:41.645,0.8823,0.88253,1.00,1.00
2017.11.07 09:26:41.696,0.88234,0.88255,1.00,1.00
2017.11.07 09:26:42.300,0.88235,0.88256,1.00,1.00
2017.11.07 09:26:44.464,0.88236,0.88257,1.00,1.00
2017.11.07 09:26:44.515,0.88233,0.88256,1.00,1.00
2017.11.07 09:26:48.909,0.88234,0.88257,1.00,1.00
2017.11.07 09:26:49.559,0.88232,0.88255,1.00,1.00
2017.11.07 09:26:51.164,0.88231,0.88254,1.00,1.00
2017.11.07 09:26:53.813,0.8823,0.88253,1.00,1.00
2017.11.07 09:26:55.739,0.88232,0.88253,1.00,1.00
2017.11.07 09:26:56.240,0.8823,0.88253,1.00,1.00
2017.11.07 09:27:00.583,0.88232,0.88253,1.00,1.00
2017.11.07 09:27:10.770,0.88231,0.88252,1.00,1.00
2017.11.07 09:27:12.851,0.88229,0.88252,1.00,1.00
2017.11.07 09:27:12.902,0.88225,0.88246,1.00,1.00
2017.11.07 09:27:13.410,0.88224,0.88245,1.00,1.00
2017.11.07 09:27:14.423,0.88222,0.88243,1.00,1.00
2017.11.07 09:27:16.340,0.88221,0.88245,1.00,1.00
2017.11.07 09:27:16.391,0.88225,0.88248,1.00,1.00
2017.11.07 09:27:16.727,0.88227,0.88248,1.00,1.00
2017.11.07 09:27:17.338,0.88228,0.88249,1.00,1.00
2017.11.07 09:27:18.664,0.88226,0.88249,1.00,1.00
2017.11.07 09:27:19.470,0.88226,0.88247,1.00,1.00
2017.11.07 09:27:20.649,0.88226,0.88249,1.00,1.00
2017.11.07 09:27:22.847,0.88226,0.88247,1.00,1.00
2017.11.07 09:27:23.831,0.88223,0.88246,1.00,1.00
2017.11.07 09:27:24.340,0.88223,0.88245,1.00,1.00
2017.11.07 09:27:26.300,0.88223,0.88246,1.00,1.00
2017.11.07 09:27:26.567,0.88221,0.88244,1.00,1.00
2017.11.07 09:27:26.984,0.88224,0.88245,1.00,1.00
2017.11.07 09:27:27.616,0.88224,0.88247,1.00,1.00
2017.11.07 09:27:28.015,0.8823,0.88251,1.00,1.00
2017.11.07 09:27:28.117,0.8823,0.88253,1.00,1.00
2017.11.07 09:27:28.218,0.88229,0.8825,1.00,1.00
2017.11.07 09:27:28.530,0.88227,0.8825,1.00,1.00
2017.11.07 09:27:28.581,0.88227,0.88248,1.00,1.00
2017.11.07 09:27:28.682,0.88227,0.8825,1.00,1.00
2017.11.07 09:27:28.733,0.88229,0.8825,1.00,1.00
2017.11.07 09:27:29.294,0.88228,0.88249,1.00,1.00
2017.11.07 09:27:32.231,0.88227,0.88249,1.00,1.00
2017.11.07 09:27:33.549,0.88225,0.88248,1.00,1.00
2017.11.07 09:27:34.500,0.88227,0.88248,1.00,1.00
2017.11.07 09:27:39.344,0.88227,0.8825,1.00,1.00
2017.11.07 09:27:41.331,0.88226,0.88249,1.00,1.00
2017.11.07 09:27:47.569,0.88226,0.88247,1.00,1.00
2017.11.07 09:27:47.671,0.88224,0.88247,1.00,1.00
2017.11.07 09:27:49.580,0.88224,0.88245,1.00,1.00
2017.11.07 09:27:50.226,0.88223,0.88244,1.00,1.00
2017.11.07 09:27:55.517,0.88224,0.88245,1.00,1.00
2017.11.07 09:27:56.837,0.88227,0.88248,1.00,1.00
2017.11.07 09:27:57.039,0.88227,0.8825,1.00,1.00
2017.11.07 09:27:57.190,0.88224,0.88247,1.00,1.00
2017.11.07 09:27:57.530,0.88226,0.88247,1.00,1.00
2017.11.07 09:27:58.104,0.88225,0.88246,1.00,1.00
2017.11.07 09:28:02.518,0.88224,0.88245,1.00,1.00
2017.11.07 09:28:03.139,0.88225,0.88246,1.00,1.00
2017.11.07 09:28:03.655,0.88223,0.88244,1.00,1.00
2017.11.07 09:28:04.087,0.88221,0.88244,1.00,1.00
2017.11.07 09:28:04.645,0.8822,0.88243,1.00,1.00
2017.11.07 09:28:04.696,0.88222,0.88243,1.00,1.00
2017.11.07 09:28:04.748,0.8822,0.88243,1.00,1.00
2017.11.07 09:28:07.776,0.88229,0.8825,1.00,1.00
2017.11.07 09:28:08.230,0.88227,0.8825,1.00,1.00
2017.11.07 09:28:10.207,0.88226,0.88249,1.00,1.00
2017.11.07 09:28:12.319,0.88227,0.8825,1.00,1.00
2017.11.07 09:28:12.791,0.88225,0.88248,1.00,1.00
2017.11.07 09:28:13.112,0.88234,0.88255,1.00,1.00
2017.11.07 09:28:14.758,0.88233,0.88254,1.00,1.00
2017.11.07 09:28:17.255,0.88234,0.88255,1.00,1.00
2017.11.07 09:28:18.905,0.88233,0.88254,1.00,1.00
2017.11.07 09:28:19.056,0.88233,0.88256,1.00,1.00
2017.11.07 09:28:19.606,0.88235,0.88256,1.00,1.00
2017.11.07 09:28:19.806,0.88235,0.88258,1.00,1.00
2017.11.07 09:28:20.062,0.8824,0.88261,1.00,1.00
2017.11.07 09:28:20.539,0.88239,0.88263,1.00,1.00
2017.11.07 09:28:20.601,0.8824,0.88261,1.00,1.00
2017.11.07 09:28:20.945,0.8824,0.88263,1.00,1.00
2017.11.07 09:28:20.997,0.88244,0.88267,1.00,1.00
2017.11.07 09:28:21.671,0.88243,0.88266,1.00,1.00
2017.11.07 09:28:22.182,0.88244,0.88265,1.00,1.00
2017.11.07 09:28:22.546,0.88246,0.88267,1.00,1.00
2017.11.07 09:28:23.093,0.88246,0.88268,1.00,1.00
2017.11.07 09:28:23.961,0.88246,0.88267,1.00,1.00
2017.11.07 09:28:24.562,0.88246,0.88268,1.00,1.00
2017.11.07 09:28:24.904,0.88245,0.88266,1.00,1.00
2017.11.07 09:28:25.519,0.88246,0.88267,1.00,1.00
2017.11.07 09:28:26.132,0.88244,0.88267,1.00,1.00
2017.11.07 09:28:26.182,0.88246,0.88268,1.00,1.00
2017.11.07 09:28:26.805,0.88246,0.88269,1.00,1.00
2017.11.07 09:28:27.171,0.88248,0.88269,1.00,1.00
2017.11.07 09:28:27.547,0.88246,0.88269,1.00,1.00
2017.11.07 09:28:27.911,0.88248,0.88269,1.00,1.00
2017.11.07 09:28:28.224,0.88249,0.88272,1.00,1.00
2017.11.07 09:28:32.362,0.88249,0.88273,1.00,1.00
2017.11.07 09:28:36.354,0.88249,0.8827,1.00,1.00
2017.11.07 09:28:36.993,0.8825,0.88271,1.00,1.00
2017.11.07 09:28:37.478,0.88249,0.88273,1.00,1.00
2017.11.07 09:28:37.536,0.88249,0.88271,1.00,1.00
2017.11.07 09:28:37.587,0.88249,0.88273,1.00,1.00
2017.11.07 09:28:37.638,0.88251,0.88272,1.00,1.00
2017.11.07 09:28:37.790,0.88252,0.88275,1.00,1.00
2017.11.07 09:28:40.949,0.88252,0.88274,1.00,1.00
2017.11.07 09:28:41.556,0.88253,0.88275,1.00,1.00
2017.11.07 09:28:41.810,0.88251,0.88274,1.00,1.00
2017.11.07 09:28:42.012,0.88249,0.88273,1.00,1.00
2017.11.07 09:28:42.063,0.88251,0.88274,1.00,1.00
2017.11.07 09:28:43.984,0.88249,0.88274,1.00,1.00
2017.11.07 09:28:44.798,0.88252,0.88274,1.00,1.00
2017.11.07 09:28:47.671,0.88249,0.8827,1.00,1.00
2017.11.07 09:28:47.772,0.88249,0.88272,1.00,1.00
2017.11.07 09:28:48.057,0.8825,0.88274,1.00,1.50
2017.11.07 09:28:49.149,0.8825,0.88273,1.00,1.00
2017.11.07 09:28:49.650,0.88249,0.88272,1.00,1.00
2017.11.07 09:28:51.338,0.8825,0.88273,1.00,1.00
2017.11.07 09:28:51.884,0.8825,0.88272,1.00,1.00
2017.11.07 09:28:52.585,0.88249,0.88272,1.00,1.00
2017.11.07 09:28:52.687,0.88249,0.8827,1.00,1.00
2017.11.07 09:28:53.308,0.88247,0.88269,1.00,1.00
2017.11.07 09:28:54.004,0.88248,0.88271,1.00,1.00
2017.11.07 09:28:54.105,0.88251,0.88272,1.00,1.00
2017.11.07 09:28:54.206,0.88251,0.88274,1.00,1.00
2017.11.07 09:28:56.479,0.8825,0.88274,1.00,1.00
2017.11.07 09:29:00.571,0.88252,0.88273,1.00,1.00
2017.11.07 09:29:01.183,0.88253,0.88274,1.00,1.00
2017.11.07 09:29:06.315,0.88252,0.88273,1.00,1.00
2017.11.07 09:29:06.923,0.8825,0.88272,1.00,1.00
2017.11.07 09:29:10.733,0.88251,0.88275,1.00,1.00
2017.11.07 09:29:13.637,0.88249,0.8827,1.00,1.00
2017.11.07 09:29:13.738,0.8825,0.88273,1.00,1.00
2017.11.07 09:29:13.789,0.8825,0.88271,1.00,1.00
2017.11.07 09:29:13.940,0.8825,0.88273,1.00,1.50
2017.11.07 09:29:15.404,0.8825,0.88271,1.00,1.00
2017.11.07 09:29:22.151,0.88252,0.88273,1.00,1.00
2017.11.07 09:29:22.252,0.88253,0.88276,1.00,1.00
2017.11.07 09:29:22.902,0.88254,0.88277,1.00,1.00
2017.11.07 09:29:23.928,0.88254,0.88275,1.00,1.00
2017.11.07 09:29:24.029,0.8825,0.88273,1.50,1.00
2017.11.07 09:29:24.192,0.88253,0.88274,1.00,1.00
2017.11.07 09:29:26.039,0.88251,0.88276,1.00,1.00
2017.11.07 09:29:26.540,0.88253,0.88275,1.00,1.00
2017.11.07 09:29:30.366,0.88255,0.88278,1.00,1.00
2017.11.07 09:29:32.028,0.88254,0.88276,1.00,1.00
2017.11.07 09:29:32.129,0.88255,0.88279,1.00,1.00
2017.11.07 09:29:32.231,0.88259,0.88282,1.00,1.00
2017.11.07 09:29:32.837,0.88261,0.88282,1.00,1.00
2017.11.07 09:29:33.168,0.88264,0.88285,1.00,1.00
2017.11.07 09:29:33.482,0.88267,0.88288,1.00,1.00
2017.11.07 09:29:34.385,0.88266,0.88288,1.00,1.00
2017.11.07 09:29:34.643,0.88264,0.88287,1.00,1.00
2017.11.07 09:29:34.745,0.88264,0.88285,1.00,1.00
2017.11.07 09:29:35.116,0.88266,0.88287,1.00,1.00
2017.11.07 09:29:35.810,0.88267,0.88288,1.00,1.00
2017.11.07 09:29:37.067,0.88269,0.88292,1.00,1.00
2017.11.07 09:29:37.511,0.88267,0.8829,1.00,1.00
2017.11.07 09:29:38.730,0.88269,0.8829,1.00,1.00
2017.11.07 09:29:38.831,0.88269,0.88292,1.00,1.00
2017.11.07 09:29:40.311,0.88269,0.8829,1.00,1.00
2017.11.07 09:29:41.932,0.88265,0.88288,1.00,1.00
2017.11.07 09:29:42.828,0.88264,0.88287,1.00,1.00
2017.11.07 09:29:43.682,0.88266,0.88287,1.00,1.00
2017.11.07 09:29:43.985,0.88264,0.88285,1.00,1.00
2017.11.07 09:29:44.036,0.88262,0.88285,1.00,1.00
2017.11.07 09:29:44.351,0.88262,0.88283,1.00,1.00
2017.11.07 09:29:45.410,0.88263,0.88284,1.00,1.00
2017.11.07 09:29:45.866,0.88264,0.88286,1.00,1.00
2017.11.07 09:29:49.802,0.88263,0.88285,1.00,1.00
2017.11.07 09:29:50.016,0.88266,0.88287,1.00,1.00
2017.11.07 09:29:50.380,0.88262,0.88283,1.00,1.00
2017.11.07 09:29:50.741,0.8826,0.88281,1.00,1.00
2017.11.07 09:29:50.979,0.88258,0.88281,1.00,1.00
2017.11.07 09:29:51.192,0.8826,0.88281,1.00,1.00
2017.11.07 09:29:51.344,0.88261,0.88284,1.00,1.00
2017.11.07 09:29:51.996,0.88259,0.88282,1.00,1.00
2017.11.07 09:29:52.366,0.88258,0.88279,1.00,1.00
2017.11.07 09:29:53.269,0.88259,0.8828,1.00,1.00
2017.11.07 09:29:56.602,0.88258,0.8828,1.00,1.00
2017.11.07 09:29:58.340,0.88258,0.88279,1.00,1.00
2017.11.07 09:29:59.620,0.88258,0.88281,1.00,1.00
2017.11.07 09:29:59.671,0.88261,0.88282,1.00,1.00
2017.11.07 09:30:03.641,0.88258,0.88281,1.00,1.00
2017.11.07 09:30:03.692,0.88258,0.88279,1.00,1.00
2017.11.07 09:30:05.071,0.88256,0.88279,1.00,1.00
2017.11.07 09:30:05.600,0.88257,0.88278,1.00,1.00
2017.11.07 09:30:08.804,0.88257,0.8828,1.00,1.00
2017.11.07 09:30:11.780,0.88256,0.8828,1.00,1.00
2017.11.07 09:30:15.019,0.88259,0.8828,1.00,1.00
2017.11.07 09:30:15.070,0.88259,0.88282,1.00,1.00
2017.11.07 09:30:16.105,0.88261,0.88282,1.00,1.00
2017.11.07 09:30:17.109,0.8826,0.88281,1.00,1.00
2017.11.07 09:30:20.039,0.88258,0.88281,1.00,1.00
2017.11.07 09:30:20.140,0.88258,0.88279,1.00,1.00
2017.11.07 09:30:20.642,0.88259,0.8828,1.00,1.00
2017.11.07 09:30:24.241,0.8826,0.88283,1.00,1.00
2017.11.07 09:30:29.586,0.88259,0.8828,1.00,1.00
2017.11.07 09:30:29.688,0.8826,0.88284,1.00,1.00
2017.11.07 09:30:31.570,0.88258,0.88279,1.00,1.00
2017.11.07 09:30:31.788,0.88263,0.88285,1.00,1.00
2017.11.07 09:30:32.568,0.88262,0.88283,1.00,1.00
2017.11.07 09:30:33.082,0.88261,0.88283,1.00,1.00
2017.11.07 09:30:34.378,0.88261,0.88282,1.00,1.00
2017.11.07 09:30:38.944,0.88262,0.88283,1.00,1.00
2017.11.07 09:30:41.201,0.88261,0.88285,1.00,1.00
2017.11.07 09:30:43.876,0.8826,0.88284,1.00,1.00
2017.11.07 09:30:43.926,0.88262,0.88284,1.00,1.00
2017.11.07 09:30:44.443,0.88261,0.88283,1.00,1.00
2017.11.07 09:30:45.049,0.88261,0.88287,1.00,1.00
2017.11.07 09:30:45.100,0.88264,0.88286,1.00,1.00
2017.11.07 09:30:45.151,0.88264,0.88288,1.00,1.00
2017.11.07 09:30:45.331,0.88266,0.88289,1.00,1.00
2017.11.07 09:30:46.292,0.88267,0.8829,1.00,1.00
2017.11.07 09:30:49.442,0.88267,0.88289,1.00,1.00
2017.11.07 09:30:51.534,0.88257,0.8828,2.25,1.00
2017.11.07 09:30:51.635,0.88259,0.8828,1.00,1.00
2017.11.07 09:30:51.686,0.88257,0.88279,1.00,1.00
2017.11.07 09:30:53.754,0.88258,0.88281,1.00,1.00
2017.11.07 09:30:56.231,0.88258,0.8828,1.00,1.00
2017.11.07 09:30:56.782,0.88258,0.88279,1.00,1.00
2017.11.07 09:30:58.046,0.88258,0.8828,1.00,1.00
2017.11.07 09:31:00.751,0.88259,0.88281,1.00,1.00
2017.11.07 09:31:01.831,0.88262,0.88284,1.00,1.00
2017.11.07 09:31:02.133,0.88264,0.88285,1.00,1.00
2017.11.07 09:31:02.453,0.88261,0.88284,1.00,1.00
2017.11.07 09:31:02.992,0.88261,0.88285,1.00,1.00
2017.11.07 09:31:03.043,0.88262,0.88283,1.00,1.00
2017.11.07 09:31:03.784,0.88261,0.88282,1.00,1.00
2017.11.07 09:31:08.464,0.88259,0.88282,1.00,1.00
2017.11.07 09:31:08.852,0.88264,0.88285,1.00,1.00
2017.11.07 09:31:11.813,0.88262,0.88285,1.00,1.00
2017.11.07 09:31:15.427,0.88262,0.88284,1.00,1.00
2017.11.07 09:31:17.012,0.88261,0.88284,1.00,1.00
2017.11.07 09:31:23.167,0.8826,0.88282,1.00,1.00
2017.11.07 09:31:23.556,0.88259,0.8828,1.00,1.00
2017.11.07 09:31:23.608,0.8826,0.88282,1.00,1.00
2017.11.07 09:31:23.659,0.8826,0.88284,1.00,1.00
2017.11.07 09:31:29.100,0.88261,0.88285,1.00,1.00
2017.11.07 09:31:31.463,0.88261,0.88283,1.00,1.00
2017.11.07 09:31:31.696,0.88262,0.88286,1.00,1.00
2017.11.07 09:31:34.992,0.88264,0.88286,1.00,1.00
2017.11.07 09:31:38.979,0.88265,0.88288,1.00,1.00
2017.11.07 09:31:39.081,0.88267,0.88289,1.00,1.00
2017.11.07 09:31:41.321,0.88268,0.88289,1.00,1.00
2017.11.07 09:31:45.132,0.88267,0.8829,1.00,1.00
2017.11.07 09:31:45.589,0.88271,0.88294,1.00,1.00
2017.11.07 09:31:45.640,0.88272,0.88296,1.00,1.00
2017.11.07 09:31:45.692,0.88271,0.88294,1.00,1.00
2017.11.07 09:31:45.995,0.88266,0.8829,1.00,1.00
2017.11.07 09:31:46.096,0.88269,0.8829,1.00,1.00
2017.11.07 09:31:46.147,0.88269,0.88293,1.00,1.00
2017.11.07 09:31:46.349,0.88272,0.88293,1.00,1.00
2017.11.07 09:31:47.197,0.88274,0.88297,1.00,1.00
2017.11.07 09:31:48.718,0.88276,0.88299,1.00,1.00
2017.11.07 09:31:49.249,0.88278,0.88299,1.00,1.00
2017.11.07 09:31:53.063,0.88275,0.88299,1.00,1.00
2017.11.07 09:31:53.648,0.88276,0.883,1.00,1.00
2017.11.07 09:31:56.162,0.88279,0.883,1.00,1.00
2017.11.07 09:31:57.942,0.88277,0.88298,1.00,1.00
2017.11.07 09:31:57.993,0.88279,0.88302,1.00,1.00
2017.11.07 09:31:58.044,0.88278,0.88299,1.00,1.00
2017.11.07 09:31:58.095,0.88276,0.88299,1.00,1.00
2017.11.07 09:31:58.668,0.88275,0.88298,1.00,1.00
2017.11.07 09:32:05.052,0.88277,0.88298,1.00,1.00
2017.11.07 09:32:22.268,0.88274,0.88298,1.00,1.00
2017.11.07 09:32:22.807,0.88275,0.88299,1.00,1.00
2017.11.07 09:32:25.628,0.88277,0.88298,1.00,1.00
2017.11.07 09:32:28.020,0.88275,0.88296,1.00,1.00
2017.11.07 09:32:28.358,0.88277,0.883,1.00,1.50
2017.11.07 09:32:28.409,0.88279,0.883,1.00,2.25
2017.11.07 09:32:28.510,0.88279,0.88302,1.00,1.00
2017.11.07 09:32:33.922,0.88281,0.88302,1.00,1.00
2017.11.07 09:32:34.661,0.8828,0.88302,1.00,1.00
2017.11.07 09:32:35.162,0.8828,0.88303,1.00,1.00
2017.11.07 09:32:36.934,0.88279,0.88303,1.00,1.00
2017.11.07 09:32:37.477,0.8828,0.88303,1.00,1.00
2017.11.07 09:32:37.811,0.88285,0.88307,1.00,1.50
2017.11.07 09:32:38.357,0.88285,0.88308,1.00,1.00
2017.11.07 09:32:38.958,0.88285,0.88306,1.00,1.00
2017.11.07 09:32:39.008,0.88283,0.88306,1.00,1.00
2017.11.07 09:32:39.059,0.88286,0.88307,1.00,1.00
2017.11.07 09:32:40.082,0.88284,0.88307,1.00,1.00
2017.11.07 09:32:40.395,0.88286,0.88309,1.00,1.00
2017.11.07 09:32:40.708,0.88286,0.88307,1.00,1.00
2017.11.07 09:32:41.011,0.88283,0.88304,1.00,1.00
2017.11.07 09:32:41.978,0.88281,0.88305,1.00,1.00
2017.11.07 09:32:42.754,0.88281,0.88304,1.00,1.00
2017.11.07 09:32:47.758,0.88283,0.88304,1.00,1.00
2017.11.07 09:32:49.024,0.88282,0.88303,1.00,1.00
2017.11.07 09:32:49.684,0.88281,0.88302,1.00,1.00
2017.11.07 09:32:50.141,0.8828,0.88304,1.00,1.00
2017.11.07 09:32:56.470,0.88282,0.88303,1.00,1.00
2017.11.07 09:32:56.972,0.88281,0.88302,1.00,1.00
2017.11.07 09:33:01.062,0.8828,0.88301,1.00,1.00
2017.11.07 09:33:03.603,0.88279,0.883,1.00,1.00
2017.11.07 09:33:04.222,0.88281,0.88302,1.00,1.00
2017.11.07 09:33:04.275,0.88283,0.88305,1.00,1.00
2017.11.07 09:33:04.871,0.88283,0.88304,1.00,1.00
2017.11.07 09:33:05.122,0.88281,0.88302,1.00,1.00
2017.11.07 09:33:06.668,0.88278,0.88301,1.00,1.00
2017.11.07 09:33:07.854,0.8828,0.88301,1.00,1.00
2017.11.07 09:33:08.397,0.88272,0.88295,1.00,1.00
2017.11.07 09:33:08.931,0.88273,0.88296,1.00,1.00
2017.11.07 09:33:17.893,0.88275,0.88296,1.00,1.00
2017.11.07 09:33:18.502,0.88275,0.88297,1.00,1.00
2017.11.07 09:33:18.603,0.88279,0.88302,1.00,2.25
2017.11.07 09:33:19.117,0.88278,0.88301,1.00,1.00
2017.11.07 09:33:19.618,0.88277,0.883,1.00,1.00
2017.11.07 09:33:20.065,0.88279,0.883,1.00,1.00
2017.11.07 09:33:21.558,0.88277,0.883,1.00,1.00
2017.11.07 09:33:27.030,0.88277,0.88298,1.00,1.00
2017.11.07 09:33:27.999,0.88277,0.88299,1.00,1.00
2017.11.07 09:33:30.261,0.88278,0.88299,1.00,1.00
2017.11.07 09:33:30.582,0.88276,0.88297,1.00,1.00
2017.11.07 09:33:30.751,0.88277,0.883,1.00,1.00
2017.11.07 09:33:30.802,0.88279,0.88304,1.00,1.00
2017.11.07 09:33:30.854,0.88282,0.88304,1.00,1.00
2017.11.07 09:33:31.758,0.88284,0.88305,1.00,1.00
2017.11.07 09:33:34.620,0.88285,0.88305,1.00,1.00
2017.11.07 09:33:42.062,0.88284,0.88305,1.00,1.00
2017.11.07 09:33:50.262,0.88285,0.88305,1.00,1.00
2017.11.07 09:33:50.839,0.88284,0.88304,1.00,1.00
2017.11.07 09:33:57.092,0.88282,0.88305,1.00,1.00
2017.11.07 09:33:58.292,0.88284,0.88306,1.00,1.00
2017.11.07 09:33:59.327,0.88286,0.88307,1.00,1.00
2017.11.07 09:34:09.458,0.88284,0.88305,1.00,1.00
2017.11.07 09:34:09.841,0.88283,0.88303,1.00,1.00
2017.11.07 09:34:10.152,0.88281,0.88302,1.00,1.00
2017.11.07 09:34:10.253,0.88279,0.88299,1.00,1.00
2017.11.07 09:34:10.939,0.88273,0.88293,1.00,1.00
2017.11.07 09:34:11.647,0.88273,0.88294,1.00,1.00
2017.11.07 09:34:12.256,0.88273,0.88293,1.00,1.00
2017.11.07 09:34:12.816,0.88272,0.88292,1.00,1.00
2017.11.07 09:34:12.867,0.8827,0.88293,1.00,1.00
2017.11.07 09:34:18.546,0.88271,0.88291,1.00,1.00
2017.11.07 09:34:27.152,0.8827,0.88291,1.00,1.00
2017.11.07 09:34:28.085,0.88272,0.88292,1.00,1.00
2017.11.07 09:34:35.488,0.88271,0.88291,1.00,1.00
2017.11.07 09:34:36.022,0.88272,0.88294,1.00,1.00
2017.11.07 09:34:37.579,0.88273,0.88294,1.00,1.00
2017.11.07 09:34:44.191,0.88271,0.88294,1.00,1.00
2017.11.07 09:35:03.793,0.88274,0.88297,1.00,1.00
2017.11.07 09:35:04.654,0.88275,0.88299,1.00,1.00
2017.11.07 09:35:04.756,0.88278,0.88299,1.00,1.00
2017.11.07 09:35:05.455,0.88278,0.88301,1.00,1.00
2017.11.07 09:35:09.257,0.8828,0.88301,1.00,1.00
2017.11.07 09:35:11.734,0.88279,0.883,1.00,1.00
2017.11.07 09:35:13.977,0.8828,0.883,1.00,1.00
2017.11.07 09:35:19.950,0.88281,0.88301,1.00,1.00
2017.11.07 09:35:20.532,0.88281,0.88302,1.00,1.00
2017.11.07 09:35:27.265,0.88281,0.88303,1.00,1.00
2017.11.07 09:35:27.472,0.88274,0.88297,1.00,1.00
2017.11.07 09:35:27.523,0.88273,0.88295,1.00,1.00
2017.11.07 09:35:27.838,0.8828,0.883,1.00,1.00
2017.11.07 09:35:34.162,0.88275,0.88295,1.00,1.00
2017.11.07 09:35:34.213,0.88273,0.88294,1.00,1.00
2017.11.07 09:35:35.481,0.88273,0.88293,1.00,1.00
2017.11.07 09:35:37.120,0.88273,0.88294,1.00,1.00
2017.11.07 09:35:37.171,0.88275,0.88296,1.00,1.00
2017.11.07 09:35:41.796,0.88274,0.88295,1.00,1.00
2017.11.07 09:35:50.005,0.88274,0.88296,1.00,1.00
2017.11.07 09:35:56.348,0.88275,0.88298,1.00,1.00
2017.11.07 09:35:57.620,0.88278,0.88299,1.00,1.00
2017.11.07 09:36:01.117,0.88276,0.88298,1.00,1.00
2017.11.07 09:36:04.978,0.88277,0.883,1.00,1.00
2017.11.07 09:36:05.193,0.88282,0.88303,1.00,1.00
2017.11.07 09:36:12.376,0.8828,0.88304,1.00,1.00
2017.11.07 09:36:14.276,0.88282,0.88304,1.00,1.00
2017.11.07 09:36:16.398,0.88281,0.88302,1.00,1.00
2017.11.07 09:36:17.327,0.88274,0.88297,1.00,1.00
2017.11.07 09:36:17.851,0.88276,0.88299,1.00,1.00
2017.11.07 09:36:22.886,0.88278,0.88299,1.00,1.00
2017.11.07 09:36:24.195,0.88279,0.883,1.00,1.00
2017.11.07 09:36:24.297,0.88283,0.88305,1.00,1.00
2017.11.07 09:36:24.805,0.88283,0.88306,1.00,1.00
2017.11.07 09:36:27.385,0.88285,0.88306,1.00,1.00
2017.11.07 09:36:37.814,0.88287,0.88308,1.00,1.00
2017.11.07 09:36:38.016,0.88289,0.88311,1.00,1.00
2017.11.07 09:36:38.587,0.8829,0.88313,1.00,1.00
2017.11.07 09:36:38.638,0.88292,0.88314,1.00,1.00
2017.11.07 09:36:41.914,0.8829,0.88315,1.00,1.00
2017.11.07 09:36:42.415,0.88293,0.88314,1.00,1.00
2017.11.07 09:36:44.746,0.88293,0.88315,1.00,1.00
2017.11.07 09:36:50.114,0.88293,0.88316,1.00,1.00
2017.11.07 09:36:50.615,0.88293,0.88317,1.00,1.00
2017.11.07 09:36:54.896,0.88295,0.88316,1.00,1.00
2017.11.07 09:36:56.944,0.88294,0.88316,1.00,1.00
2017.11.07 09:36:57.445,0.88294,0.88315,1.00,1.00
2017.11.07 09:37:01.862,0.88293,0.88314,1.00,1.00
2017.11.07 09:37:05.645,0.88293,0.88315,1.00,1.00
2017.11.07 09:37:11.974,0.88293,0.88314,1.00,1.00
2017.11.07 09:37:12.503,0.88291,0.88314,1.00,1.00
2017.11.07 09:37:14.813,0.88286,0.88307,1.00,1.00
2017.11.07 09:37:27.505,0.88284,0.88307,1.00,1.00
2017.11.07 09:37:28.252,0.88284,0.88305,1.00,1.00
2017.11.07 09:37:31.660,0.88279,0.88302,1.00,1.00
2017.11.07 09:37:37.045,0.8828,0.88303,1.00,1.00
2017.11.07 09:37:37.096,0.88282,0.88303,1.00,1.00
2017.11.07 09:37:37.909,0.88283,0.88306,1.00,1.00
2017.11.07 09:37:37.959,0.88286,0.88307,1.00,1.00
2017.11.07 09:37:41.703,0.88279,0.883,1.50,1.00
2017.11.07 09:37:42.333,0.8828,0.88301,1.00,1.00
2017.11.07 09:37:47.321,0.88283,0.88306,1.00,2.25
2017.11.07 09:37:47.824,0.88284,0.88307,1.00,1.00
2017.11.07 09:37:50.735,0.88284,0.88305,1.00,1.00
2017.11.07 09:37:55.085,0.88285,0.88306,1.00,1.00
2017.11.07 09:37:55.616,0.88286,0.88307,1.00,1.00
2017.11.07 09:37:57.114,0.88287,0.88308,1.00,1.00
2017.11.07 09:37:59.457,0.88286,0.88307,1.00,1.00
2017.11.07 09:38:00.219,0.88285,0.88306,1.00,1.00
2017.11.07 09:38:03.775,0.88285,0.88308,1.00,1.00
2017.11.07 09:38:05.220,0.88285,0.88306,1.00,1.00
2017.11.07 09:38:05.765,0.88284,0.88305,1.00,1.00
2017.11.07 09:38:06.556,0.88285,0.88306,1.00,1.00
2017.11.07 09:38:06.862,0.88283,0.88304,1.00,1.00
2017.11.07 09:38:07.185,0.88281,0.88302,1.00,1.00
2017.11.07 09:38:07.287,0.88279,0.88302,1.00,1.00
2017.11.07 09:38:07.337,0.88284,0.88306,1.00,1.00
2017.11.07 09:38:07.439,0.88285,0.88308,1.00,1.00
2017.11.07 09:38:07.590,0.88285,0.88306,1.00,1.00
2017.11.07 09:38:08.240,0.88279,0.883,1.00,1.00
2017.11.07 09:38:08.673,0.88276,0.88299,1.00,1.00
2017.11.07 09:38:09.472,0.88272,0.88293,1.00,1.00
2017.11.07 09:38:09.523,0.8827,0.88293,1.00,1.00
2017.11.07 09:38:09.574,0.88268,0.88291,1.50,1.00
2017.11.07 09:38:09.949,0.88276,0.88297,1.00,1.50
2017.11.07 09:38:10.253,0.88278,0.88299,1.00,1.00
2017.11.07 09:38:10.660,0.8828,0.88301,1.00,1.00
2017.11.07 09:38:11.256,0.88281,0.88302,1.00,1.00
2017.11.07 09:38:11.637,0.88284,0.88305,1.00,1.00
2017.11.07 09:38:11.996,0.88287,0.88308,1.00,1.00
2017.11.07 09:38:12.628,0.88288,0.88309,1.00,1.00
2017.11.07 09:38:13.570,0.88289,0.88312,1.00,1.00
2017.11.07 09:38:14.853,0.88289,0.8831,1.00,1.00
2017.11.07 09:38:20.326,0.88287,0.88311,1.00,1.00
2017.11.07 09:38:20.795,0.88289,0.8831,1.00,1.00
2017.11.07 09:38:22.455,0.8829,0.88311,1.00,1.00
2017.11.07 09:38:26.062,0.88287,0.8831,1.00,1.00
2017.11.07 09:38:26.213,0.88287,0.88308,1.00,1.00
2017.11.07 09:38:27.125,0.88287,0.8831,1.00,1.00
2017.11.07 09:38:33.265,0.88286,0.88309,1.00,1.00
2017.11.07 09:38:33.316,0.88283,0.88304,1.00,1.00
2017.11.07 09:38:33.468,0.88286,0.88308,1.00,1.00
2017.11.07 09:38:33.646,0.88289,0.88309,1.00,1.00
2017.11.07 09:38:34.216,0.8829,0.88309,1.00,1.00
2017.11.07 09:38:34.728,0.8829,0.88311,1.00,1.50
2017.11.07 09:38:37.312,0.88289,0.88311,1.00,1.00
2017.11.07 09:38:37.363,0.8829,0.88309,1.00,1.00
2017.11.07 09:38:44.540,0.88291,0.88311,1.00,1.00
2017.11.07 09:38:47.408,0.88292,0.88313,1.00,1.50
2017.11.07 09:38:47.509,0.88294,0.88313,1.00,1.50
2017.11.07 09:38:50.229,0.88293,0.88312,1.00,1.00
2017.11.07 09:38:50.855,0.88292,0.88312,1.00,1.00
2017.11.07 09:38:57.184,0.88291,0.88312,1.00,1.00
2017.11.07 09:39:02.229,0.8829,0.88312,1.00,1.00
2017.11.07 09:39:02.545,0.88292,0.88313,1.00,1.00
2017.11.07 09:39:05.178,0.88292,0.88314,1.00,1.00
2017.11.07 09:39:05.888,0.88293,0.88312,1.00,1.00
2017.11.07 09:39:06.404,0.88292,0.88312,1.00,1.00
2017.11.07 09:39:06.620,0.88293,0.88314,1.00,1.00
2017.11.07 09:39:06.671,0.88297,0.88315,1.00,1.50
2017.11.07 09:39:06.772,0.88296,0.88317,1.00,1.00
2017.11.07 09:39:10.349,0.88298,0.88317,1.00,1.00
2017.11.07 09:39:20.414,0.88297,0.88317,1.00,1.00
2017.11.07 09:39:20.916,0.88298,0.88317,1.00,1.00
2017.11.07 09:39:27.267,0.88298,0.88318,1.00,1.00
2017.11.07 09:39:27.656,0.88295,0.88317,1.00,1.00
2017.11.07 09:39:27.808,0.88294,0.88314,1.00,1.00
2017.11.07 09:39:36.919,0.88296,0.88315,1.00,1.00
2017.11.07 09:39:36.969,0.88295,0.88317,1.00,1.50
2017.11.07 09:39:38.016,0.88296,0.88317,1.00,1.00
2017.11.07 09:39:42.775,0.88297,0.88317,1.00,1.00
2017.11.07 09:39:57.304,0.88298,0.88317,1.00,1.00
2017.11.07 09:39:58.552,0.88299,0.88319,1.00,1.00
2017.11.07 09:40:05.498,0.883,0.88319,1.00,1.00
2017.11.07 09:40:06.000,0.883,0.8832,1.00,1.00
2017.11.07 09:40:10.948,0.883,0.88319,1.00,1.00
2017.11.07 09:40:20.864,0.88298,0.88318,1.00,1.00
2017.11.07 09:40:20.966,0.88295,0.88317,1.00,1.00
2017.11.07 09:40:27.859,0.88296,0.88315,1.00,1.00
2017.11.07 09:40:33.935,0.88295,0.88315,1.00,1.00
2017.11.07 09:40:37.519,0.88295,0.88313,1.00,1.00
2017.11.07 09:40:42.890,0.88295,0.88314,1.00,1.00
2017.11.07 09:40:44.998,0.88296,0.88314,1.00,1.00
2017.11.07 09:40:45.590,0.88297,0.88315,1.00,1.00
2017.11.07 09:40:48.096,0.88299,0.88317,1.00,1.00
2017.11.07 09:40:50.589,0.88299,0.88318,1.00,1.00
2017.11.07 09:40:51.140,0.88299,0.88317,1.00,1.00
2017.11.07 09:40:57.919,0.88298,0.88319,1.00,1.00
2017.11.07 09:41:01.543,0.88297,0.88317,1.00,1.00
2017.11.07 09:41:03.691,0.88296,0.88314,1.00,1.00
2017.11.07 09:41:04.126,0.88299,0.88317,1.00,1.00
2017.11.07 09:41:05.620,0.88298,0.88317,1.00,1.00
2017.11.07 09:41:06.170,0.88299,0.88318,1.00,1.00
2017.11.07 09:41:07.016,0.88299,0.8832,1.00,1.50
2017.11.07 09:41:08.407,0.88301,0.88321,1.00,1.00
2017.11.07 09:41:08.963,0.88305,0.88323,1.00,1.00
2017.11.07 09:41:09.563,0.88305,0.88325,1.00,1.00
2017.11.07 09:41:14.567,0.88307,0.88325,1.00,1.00
2017.11.07 09:41:19.967,0.88307,0.88327,1.00,1.00
2017.11.07 09:41:20.068,0.88309,0.88329,1.00,1.50
2017.11.07 09:41:20.654,0.8831,0.8833,1.00,1.00
2017.11.07 09:41:21.150,0.88308,0.8833,1.00,1.00
2017.11.07 09:41:21.805,0.8831,0.8833,1.00,1.00
2017.11.07 09:41:27.980,0.88311,0.8833,1.00,1.00
2017.11.07 09:41:28.503,0.88313,0.88332,1.00,1.00
2017.11.07 09:41:28.976,0.88316,0.88336,1.00,1.50
2017.11.07 09:41:29.636,0.88316,0.88336,1.00,1.00
2017.11.07 09:41:33.405,0.88313,0.88332,1.00,1.00
2017.11.07 09:41:33.939,0.88312,0.88331,1.00,1.00
2017.11.07 09:41:35.207,0.88311,0.88333,1.00,2.25
2017.11.07 09:41:35.257,0.88313,0.88335,1.00,2.25
2017.11.07 09:41:36.230,0.88312,0.88334,1.00,1.00
2017.11.07 09:41:37.241,0.88311,0.88333,1.00,1.00
2017.11.07 09:41:37.545,0.88309,0.8833,1.00,1.00
2017.11.07 09:41:42.937,0.88309,0.88328,1.00,1.00
2017.11.07 09:41:43.505,0.88309,0.88329,1.00,1.00
2017.11.07 09:41:48.172,0.8831,0.8833,1.00,1.00
2017.11.07 09:41:50.708,0.88311,0.8833,1.00,1.00
2017.11.07 09:41:58.090,0.8831,0.88329,1.00,1.00
2017.11.07 09:42:06.239,0.88308,0.8833,1.00,1.00
2017.11.07 09:42:06.831,0.88309,0.88331,1.00,1.00
2017.11.07 09:42:07.658,0.88308,0.8833,1.00,1.00
2017.11.07 09:42:08.371,0.88308,0.88329,1.00,1.00
2017.11.07 09:42:08.422,0.88305,0.88324,1.00,1.00
2017.11.07 09:42:12.569,0.88304,0.88324,1.00,1.00
2017.11.07 09:42:16.998,0.88309,0.88329,1.00,1.37
2017.11.07 09:42:17.301,0.88312,0.8833,1.00,2.25
2017.11.07 09:42:17.416,0.8831,0.8833,1.00,2.25
2017.11.07 09:42:17.517,0.88307,0.88328,1.00,1.37
2017.11.07 09:42:17.668,0.88309,0.8833,1.00,1.00
2017.11.07 09:42:18.103,0.88309,0.88328,1.00,1.00
2017.11.07 09:42:20.534,0.88309,0.88327,1.00,1.00
2017.11.07 09:42:23.535,0.88309,0.88328,1.00,1.00
2017.11.07 09:42:26.883,0.88305,0.88327,1.00,1.00
2017.11.07 09:42:28.169,0.88308,0.88328,1.00,1.12
2017.11.07 09:42:29.536,0.88308,0.88327,1.00,2.25
2017.11.07 09:42:30.757,0.8831,0.88327,1.00,2.25
2017.11.07 09:42:32.536,0.8831,0.8833,1.00,3.00
2017.11.07 09:42:33.429,0.88309,0.8833,1.00,2.25
2017.11.07 09:42:35.536,0.88309,0.8833,1.00,3.00
2017.11.07 09:42:38.654,0.88309,0.88327,1.00,1.00
2017.11.07 09:42:40.441,0.88307,0.88327,1.00,1.50
2017.11.07 09:42:41.094,0.88307,0.88322,1.00,1.00
2017.11.07 09:42:41.195,0.88303,0.88322,1.00,1.00
2017.11.07 09:42:41.246,0.88307,0.88322,1.00,1.00
2017.11.07 09:42:41.905,0.88306,0.88322,1.00,1.00
2017.11.07 09:42:43.129,0.88307,0.88322,1.00,1.00
2017.11.07 09:42:44.094,0.88307,0.88326,1.00,1.50
2017.11.07 09:42:44.566,0.88309,0.88326,1.00,1.00
2017.11.07 09:42:45.041,0.88311,0.88326,1.00,1.00
2017.11.07 09:42:47.094,0.88311,0.8833,1.00,2.25
2017.11.07 09:42:47.608,0.88313,0.8833,1.00,2.25
2017.11.07 09:42:50.118,0.88313,0.8833,1.00,1.00
2017.11.07 09:42:50.879,0.88312,0.8833,1.00,1.00
2017.11.07 09:42:51.426,0.88311,0.8833,1.00,1.00
2017.11.07 09:42:52.091,0.8831,0.8833,1.00,1.00
2017.11.07 09:42:53.132,0.8831,0.88329,1.00,1.00
2017.11.07 09:42:54.451,0.88311,0.88329,1.00,1.00
2017.11.07 09:42:55.711,0.88311,0.8833,1.00,1.00
2017.11.07 09:42:56.044,0.88307,0.88329,1.00,1.00
2017.11.07 09:42:56.712,0.88308,0.88329,1.00,1.00
2017.11.07 09:42:58.160,0.88308,0.88328,1.00,1.00
2017.11.07 09:43:02.488,0.88307,0.88326,1.00,1.00
2017.11.07 09:43:02.640,0.88305,0.88327,1.00,1.00
2017.11.07 09:43:02.690,0.88305,0.88324,1.00,1.00
2017.11.07 09:43:02.892,0.88308,0.88329,1.00,1.50
2017.11.07 09:43:03.935,0.88308,0.88327,1.00,1.00
2017.11.07 09:43:04.567,0.88308,0.88328,1.00,1.00
2017.11.07 09:43:05.119,0.88308,0.88329,1.00,1.50
2017.11.07 09:43:07.746,0.88308,0.88329,1.00,1.50
2017.11.07 09:43:08.316,0.8831,0.8833,1.00,2.25
2017.11.07 09:43:10.716,0.8831,0.88329,1.00,1.00
2017.11.07 09:43:14.136,0.88308,0.88328,1.00,1.00
2017.11.07 09:43:14.957,0.88307,0.88328,1.00,1.00
2017.11.07 09:43:15.724,0.88306,0.88328,1.00,1.50
2017.11.07 09:43:17.044,0.88306,0.88327,1.00,2.25
2017.11.07 09:43:20.890,0.88305,0.88326,1.00,2.25
2017.11.07 09:43:22.190,0.88308,0.88326,1.00,2.25
2017.11.07 09:43:22.576,0.8831,0.88326,1.00,2.25
2017.11.07 09:43:23.235,0.88309,0.88326,1.00,2.25
2017.11.07 09:43:28.239,0.88308,0.88327,1.00,2.25
2017.11.07 09:43:29.045,0.88308,0.88328,1.00,3.00
2017.11.07 09:43:32.045,0.88308,0.88328,1.00,1.12
2017.11.07 09:43:35.919,0.88309,0.88328,1.00,1.00
2017.11.07 09:43:36.470,0.88308,0.8833,1.00,1.50
2017.11.07 09:43:38.736,0.88311,0.88331,1.00,2.25
2017.11.07 09:43:40.885,0.88311,0.88331,1.00,1.00
2017.11.07 09:43:42.749,0.88312,0.88331,1.00,1.50
2017.11.07 09:43:43.250,0.88311,0.88331,1.00,1.00
2017.11.07 09:43:43.616,0.88313,0.88331,1.00,1.00
2017.11.07 09:43:44.142,0.88313,0.8833,1.00,1.00
2017.11.07 09:43:45.287,0.88314,0.8833,1.00,1.00
2017.11.07 09:43:46.688,0.88314,0.88335,1.00,3.00
2017.11.07 09:43:49.643,0.88314,0.88332,1.00,1.00
2017.11.07 09:43:50.949,0.88315,0.88332,1.00,1.00
2017.11.07 09:43:51.450,0.88314,0.88332,1.00,1.00
2017.11.07 09:43:52.643,0.88314,0.88334,1.00,1.00
2017.11.07 09:43:56.419,0.88318,0.88334,1.00,1.00
2017.11.07 09:43:58.289,0.88315,0.88334,1.00,1.50
2017.11.07 09:43:58.390,0.88317,0.88336,1.00,1.00
2017.11.07 09:43:58.441,0.88318,0.88338,1.00,1.00
2017.11.07 09:43:58.542,0.88322,0.88344,1.00,1.35
2017.11.07 09:43:59.256,0.88321,0.88343,1.00,1.00
2017.11.07 09:44:00.557,0.88324,0.88346,1.00,1.60
2017.11.07 09:44:00.813,0.88319,0.88341,1.00,1.00
2017.11.07 09:44:00.864,0.88318,0.88339,1.00,1.00
2017.11.07 09:44:01.563,0.88317,0.88339,1.00,1.00
2017.11.07 09:44:02.934,0.88316,0.88338,1.00,1.00
2017.11.07 09:44:03.387,0.88318,0.8834,1.00,1.00
2017.11.07 09:44:06.530,0.88316,0.8834,1.00,1.00
2017.11.07 09:44:07.067,0.88315,0.88339,1.00,1.00
2017.11.07 09:44:07.504,0.88314,0.88336,1.00,1.00
2017.11.07 09:44:12.554,0.88313,0.88335,1.00,1.00
2017.11.07 09:44:17.480,0.88314,0.88336,1.00,1.00
2017.11.07 09:44:18.180,0.88315,0.88337,1.00,1.00
2017.11.07 09:44:19.551,0.88312,0.88336,1.00,1.00
2017.11.07 09:44:37.998,0.88314,0.88336,1.00,1.00
2017.11.07 09:44:43.369,0.88315,0.88337,1.00,1.00
2017.11.07 09:44:45.379,0.88316,0.88338,1.00,1.00
2017.11.07 09:44:45.581,0.88318,0.88342,1.00,1.00
2017.11.07 09:44:50.070,0.88317,0.88341,1.00,1.00
2017.11.07 09:44:51.024,0.88315,0.88339,1.00,1.00
2017.11.07 09:44:51.721,0.88317,0.88339,1.00,1.00
2017.11.07 09:44:52.245,0.88316,0.88338,1.00,1.00
2017.11.07 09:44:53.185,0.88316,0.8834,1.00,1.00
2017.11.07 09:44:53.371,0.88318,0.8834,1.00,1.00
2017.11.07 09:44:54.252,0.88319,0.88341,1.00,1.50
2017.11.07 09:44:54.520,0.88319,0.88343,1.00,1.00
2017.11.07 09:44:55.303,0.8832,0.88344,1.00,1.00
2017.11.07 09:45:02.109,0.88319,0.88343,1.00,1.00
2017.11.07 09:45:02.384,0.88319,0.88341,1.00,1.00
2017.11.07 09:45:04.418,0.8832,0.88342,1.00,1.00
2017.11.07 09:45:06.456,0.88321,0.88343,1.00,1.00
2017.11.07 09:45:13.440,0.88319,0.88343,1.00,1.00
2017.11.07 09:45:17.351,0.8832,0.88347,1.00,1.00
2017.11.07 09:45:17.453,0.88326,0.88347,1.00,2.25
2017.11.07 09:45:17.554,0.88326,0.88349,1.00,1.00
2017.11.07 09:45:21.639,0.88326,0.88348,1.00,1.00
2017.11.07 09:45:23.804,0.88325,0.88347,1.00,1.00
2017.11.07 09:45:40.451,0.88324,0.88345,1.00,1.00
2017.11.07 09:45:40.602,0.88322,0.88344,1.00,1.00
2017.11.07 09:45:41.143,0.88316,0.88339,1.00,1.00
2017.11.07 09:45:41.295,0.88314,0.88338,1.00,1.00
2017.11.07 09:45:43.499,0.88317,0.88338,1.00,1.00
2017.11.07 09:45:44.876,0.88318,0.88339,1.00,1.00
2017.11.07 09:45:46.068,0.88319,0.88341,1.00,1.00
2017.11.07 09:45:46.169,0.88326,0.88348,1.00,1.00
2017.11.07 09:45:46.485,0.88331,0.88354,1.00,1.75
2017.11.07 09:45:46.719,0.88331,0.88354,1.00,1.00
2017.11.07 09:45:48.025,0.88332,0.88355,1.00,1.00
2017.11.07 09:45:51.527,0.88333,0.88355,1.00,1.00
2017.11.07 09:45:58.529,0.88332,0.88354,1.00,1.00
2017.11.07 09:46:03.336,0.88332,0.88353,1.00,1.00
2017.11.07 09:46:06.228,0.88331,0.88353,1.00,1.00
2017.11.07 09:46:06.570,0.88329,0.88353,1.00,1.00
2017.11.07 09:46:12.629,0.88329,0.88351,1.00,1.00
2017.11.07 09:46:12.680,0.88327,0.88351,1.00,1.00
2017.11.07 09:46:12.731,0.88325,0.88346,1.00,1.00
2017.11.07 09:46:13.478,0.88324,0.88345,1.00,1.00
2017.11.07 09:46:13.654,0.88324,0.88347,1.00,1.00
2017.11.07 09:46:15.255,0.88326,0.88348,1.00,1.00
2017.11.07 09:46:16.373,0.88326,0.8835,1.00,1.00
2017.11.07 09:46:16.424,0.88329,0.88351,1.00,1.00
2017.11.07 09:46:18.730,0.88326,0.88347,1.00,1.00
2017.11.07 09:46:18.881,0.88323,0.88345,1.00,1.00
2017.11.07 09:46:19.193,0.88325,0.88347,1.00,1.00
2017.11.07 09:46:19.721,0.88326,0.88348,1.00,1.00
2017.11.07 09:46:21.759,0.88327,0.88348,1.00,1.00
2017.11.07 09:46:28.589,0.88327,0.88349,1.00,1.00
2017.11.07 09:46:39.659,0.88327,0.88351,1.00,1.00
2017.11.07 09:46:39.710,0.88331,0.88355,1.00,1.00
2017.11.07 09:46:40.082,0.88333,0.88355,1.00,1.00
2017.11.07 09:46:40.548,0.88332,0.88353,1.00,1.00
2017.11.07 09:46:40.828,0.88329,0.88353,1.00,1.00
2017.11.07 09:46:49.153,0.88332,0.88353,1.00,1.00
2017.11.07 09:46:50.480,0.88331,0.88353,1.00,1.00
2017.11.07 09:46:55.104,0.88329,0.88351,1.00,1.00
2017.11.07 09:46:55.155,0.88326,0.8835,1.00,1.00
2017.11.07 09:46:55.206,0.88328,0.8835,1.00,1.00
2017.11.07 09:46:55.732,0.88327,0.88349,1.00,1.00
2017.11.07 09:46:58.149,0.88326,0.88348,1.00,1.00
2017.11.07 09:47:00.045,0.88327,0.88349,1.00,1.00
2017.11.07 09:47:17.815,0.88326,0.88349,1.00,1.00
2017.11.07 09:47:19.020,0.88326,0.88347,1.00,1.00
2017.11.07 09:47:21.173,0.88327,0.88348,1.00,1.00
2017.11.07 09:47:21.879,0.88326,0.88348,1.00,1.00
2017.11.07 09:47:27.837,0.88325,0.88347,1.00,1.00
2017.11.07 09:47:28.730,0.88325,0.88348,1.00,1.00
2017.11.07 09:47:31.503,0.88319,0.88342,1.00,1.00
2017.11.07 09:47:31.806,0.88324,0.88346,1.00,1.00
2017.11.07 09:47:36.909,0.88325,0.88347,1.00,1.00
2017.11.07 09:47:40.842,0.88325,0.88349,1.00,1.00
2017.11.07 09:47:43.270,0.88326,0.8835,1.00,1.00
2017.11.07 09:47:44.978,0.88327,0.88349,1.00,1.00
2017.11.07 09:47:48.005,0.88328,0.8835,1.00,1.00
2017.11.07 09:47:48.056,0.8833,0.88354,1.00,1.00
2017.11.07 09:47:48.527,0.88327,0.88349,1.00,1.00
2017.11.07 09:47:48.780,0.88327,0.88351,1.00,1.50
2017.11.07 09:47:51.940,0.88326,0.8835,1.00,1.00
2017.11.07 09:47:52.825,0.88325,0.88347,1.00,1.00
2017.11.07 09:47:52.875,0.88323,0.88347,1.00,1.00
2017.11.07 09:47:53.128,0.88323,0.88345,1.00,1.00
2017.11.07 09:47:53.817,0.88323,0.88344,1.00,1.00
2017.11.07 09:47:55.526,0.88321,0.88343,1.00,1.00
2017.11.07 09:47:56.136,0.8832,0.88342,1.00,1.00
2017.11.07 09:47:56.786,0.8832,0.88344,1.00,1.00
2017.11.07 09:48:02.216,0.8832,0.88342,1.00,1.00
2017.11.07 09:48:07.344,0.8832,0.88343,1.00,1.00
2017.11.07 09:48:07.547,0.88318,0.88342,1.00,1.00
2017.11.07 09:48:08.151,0.88317,0.88341,1.00,1.00
2017.11.07 09:48:21.499,0.88319,0.8834,1.00,1.00
2017.11.07 09:48:22.000,0.88318,0.88342,1.00,1.00
2017.11.07 09:48:23.082,0.88317,0.88341,1.00,1.00
2017.11.07 09:48:23.133,0.88318,0.88339,1.00,1.00
2017.11.07 09:48:23.519,0.88318,0.88341,1.00,1.00
2017.11.07 09:48:24.022,0.88319,0.88341,1.00,1.00
2017.11.07 09:48:25.586,0.88317,0.88339,1.00,1.00
2017.11.07 09:48:26.235,0.88316,0.88338,1.00,1.00
2017.11.07 09:48:28.876,0.88317,0.88338,1.00,1.00
2017.11.07 09:48:37.029,0.88316,0.8834,1.00,1.00
2017.11.07 09:48:42.564,0.88314,0.88338,1.00,1.00
2017.11.07 09:48:43.872,0.8831,0.88334,1.00,1.00
2017.11.07 09:48:44.972,0.88308,0.88332,1.00,1.00
2017.11.07 09:48:45.516,0.88308,0.88329,1.00,1.00
2017.11.07 09:48:46.446,0.88306,0.88329,1.00,1.00
2017.11.07 09:48:51.066,0.88308,0.8833,1.00,1.00
2017.11.07 09:48:52.716,0.88309,0.88331,1.00,1.00
2017.11.07 09:48:53.056,0.88312,0.88334,1.00,1.00
2017.11.07 09:48:58.388,0.88311,0.88333,1.00,1.00
2017.11.07 09:49:04.690,0.88312,0.88334,1.00,1.00
2017.11.07 09:49:06.618,0.88311,0.88333,1.00,1.00
2017.11.07 09:49:07.089,0.88311,0.88335,1.00,1.00
2017.11.07 09:49:13.920,0.88311,0.88333,1.00,1.00
2017.11.07 09:49:18.124,0.88311,0.88332,1.00,1.00
2017.11.07 09:49:18.225,0.88309,0.88333,1.00,1.00
2017.11.07 09:49:18.625,0.88313,0.88334,1.00,1.00
2017.11.07 09:49:18.678,0.88313,0.88336,1.00,1.00
2017.11.07 09:49:19.609,0.88311,0.88336,1.00,1.00
2017.11.07 09:49:23.207,0.88311,0.88333,1.00,1.00
2017.11.07 09:49:23.258,0.88311,0.88335,1.00,1.00
2017.11.07 09:49:23.308,0.88314,0.88336,1.00,1.00
2017.11.07 09:49:24.302,0.88312,0.88339,1.00,1.00
2017.11.07 09:49:26.134,0.88317,0.88339,1.00,1.00
2017.11.07 09:49:26.184,0.88317,0.88341,1.00,1.50
2017.11.07 09:49:28.484,0.88317,0.88339,1.00,1.00
2017.11.07 09:49:29.000,0.88316,0.88339,1.00,1.00
2017.11.07 09:49:34.369,0.88317,0.88339,1.00,1.00
2017.11.07 09:49:36.175,0.88317,0.88341,1.00,1.00
2017.11.07 09:49:37.190,0.88317,0.88339,1.00,1.00
2017.11.07 09:49:41.045,0.88315,0.88339,1.00,1.00
2017.11.07 09:49:43.631,0.88316,0.8834,1.00,1.00
2017.11.07 09:49:49.728,0.88313,0.88337,1.00,1.00
2017.11.07 09:49:50.253,0.88312,0.88336,1.00,1.00
2017.11.07 09:49:51.678,0.88312,0.88334,1.00,1.00
2017.11.07 09:49:52.216,0.88311,0.88334,1.00,1.00
2017.11.07 09:49:58.051,0.88309,0.88334,1.00,1.00
2017.11.07 09:49:58.102,0.88309,0.88331,1.00,1.00
2017.11.07 09:49:58.609,0.88308,0.8833,1.00,1.00
2017.11.07 09:49:59.464,0.88307,0.8833,1.00,1.00
2017.11.07 09:49:59.517,0.88309,0.88333,1.00,1.00
2017.11.07 09:49:59.773,0.88308,0.8833,1.00,1.00
2017.11.07 09:50:01.079,0.88305,0.88327,1.00,1.00
2017.11.07 09:50:02.379,0.88303,0.88325,1.00,1.00
2017.11.07 09:50:02.933,0.88303,0.88326,1.00,1.00
2017.11.07 09:50:03.244,0.88308,0.88329,1.00,1.00
2017.11.07 09:50:03.295,0.88308,0.88332,1.00,1.00
2017.11.07 09:50:07.206,0.88308,0.8833,1.00,1.00
2017.11.07 09:50:12.225,0.88305,0.88327,1.00,1.00
2017.11.07 09:50:12.733,0.88305,0.88326,1.00,1.00
2017.11.07 09:50:13.529,0.88305,0.88328,1.00,1.00
2017.11.07 09:50:13.680,0.88307,0.88328,1.00,1.00
2017.11.07 09:50:13.731,0.88306,0.8833,1.00,2.25
2017.11.07 09:50:14.524,0.88306,0.88329,1.00,1.00
2017.11.07 09:50:19.055,0.88308,0.8833,1.00,1.00
2017.11.07 09:50:19.156,0.8831,0.88333,1.00,1.00
2017.11.07 09:50:19.660,0.8831,0.88334,1.00,1.00
2017.11.07 09:50:25.769,0.88309,0.88331,1.00,1.00
2017.11.07 09:50:28.565,0.8831,0.88331,1.00,1.00
2017.11.07 09:50:29.066,0.88309,0.88333,1.00,1.00
2017.11.07 09:50:33.818,0.8831,0.88333,1.00,1.00
2017.11.07 09:50:33.970,0.88312,0.88333,1.00,1.00
2017.11.07 09:50:37.266,0.88311,0.88333,1.00,1.00
2017.11.07 09:50:44.096,0.8831,0.88333,1.00,1.00
2017.11.07 09:50:52.296,0.88311,0.88333,1.00,1.00
2017.11.07 09:50:57.102,0.88309,0.88332,1.00,1.00
2017.11.07 09:50:57.553,0.88304,0.88326,1.00,1.00
2017.11.07 09:50:57.857,0.88301,0.88323,1.00,1.00
2017.11.07 09:50:58.625,0.88301,0.88324,1.00,1.00
2017.11.07 09:50:59.065,0.883,0.88322,1.00,1.00
2017.11.07 09:50:59.802,0.88303,0.88325,1.00,1.00
2017.11.07 09:51:00.149,0.88306,0.88327,1.00,1.00
2017.11.07 09:51:07.326,0.88304,0.88328,1.00,1.00
2017.11.07 09:51:09.032,0.88305,0.88326,1.00,1.00
2017.11.07 09:51:14.736,0.88303,0.88326,1.00,1.00
2017.11.07 09:51:15.481,0.88303,0.88325,1.00,1.00
2017.11.07 09:51:21.869,0.88304,0.88325,1.00,1.00
2017.11.07 09:51:22.018,0.88301,0.88325,1.00,1.00
2017.11.07 09:51:23.123,0.88302,0.88326,1.00,1.00
2017.11.07 09:51:23.174,0.88306,0.88328,1.00,2.25
2017.11.07 09:51:23.798,0.88307,0.88329,1.00,1.00
2017.11.07 09:51:27.855,0.88309,0.8833,1.00,1.00
2017.11.07 09:51:29.186,0.88308,0.8833,1.00,1.00
2017.11.07 09:51:35.022,0.88306,0.8833,1.00,1.00
2017.11.07 09:51:35.073,0.88308,0.8833,1.00,1.00
2017.11.07 09:51:35.542,0.88305,0.88328,1.00,1.00
2017.11.07 09:51:36.101,0.883,0.88322,1.00,1.00
2017.11.07 09:51:36.404,0.88296,0.88318,1.00,1.00
2017.11.07 09:51:37.421,0.88295,0.88317,1.00,1.00
2017.11.07 09:51:42.424,0.88294,0.88315,1.00,1.00
2017.11.07 09:51:42.526,0.88292,0.88316,1.00,1.00
2017.11.07 09:51:43.716,0.88294,0.88315,1.00,1.00
2017.11.07 09:51:45.842,0.88291,0.88315,1.00,1.00
2017.11.07 09:51:50.267,0.88289,0.88313,1.00,1.00
2017.11.07 09:51:50.856,0.88287,0.88311,1.00,1.00
2017.11.07 09:51:51.165,0.88288,0.88309,1.00,1.00
2017.11.07 09:51:51.683,0.88287,0.8831,1.00,1.00
2017.11.07 09:51:51.784,0.88289,0.88313,1.00,1.00
2017.11.07 09:51:52.555,0.88292,0.88314,1.00,1.00
2017.11.07 09:51:52.606,0.88292,0.88316,1.00,1.00
2017.11.07 09:51:52.657,0.88294,0.88315,1.00,1.00
2017.11.07 09:51:52.708,0.88293,0.88317,1.00,1.00
2017.11.07 09:51:54.068,0.88293,0.88315,1.00,1.00
2017.11.07 09:51:54.677,0.88292,0.88314,1.00,1.00
2017.11.07 09:51:56.213,0.88291,0.88316,1.00,1.00
2017.11.07 09:51:56.264,0.88289,0.88314,1.00,1.00
2017.11.07 09:51:57.325,0.88289,0.88317,1.00,1.00
2017.11.07 09:51:57.743,0.88288,0.8831,1.00,1.00
2017.11.07 09:51:57.845,0.88286,0.8831,1.00,1.00
2017.11.07 09:51:58.354,0.88287,0.88311,1.00,1.00
2017.11.07 09:52:02.249,0.8829,0.88311,1.00,1.00
2017.11.07 09:52:02.350,0.88292,0.88318,1.00,1.00
2017.11.07 09:52:04.497,0.88294,0.88318,1.00,1.00
2017.11.07 09:52:04.799,0.88296,0.88318,1.00,1.00
2017.11.07 09:52:07.446,0.88295,0.88317,1.00,1.00
2017.11.07 09:52:09.621,0.88294,0.88316,1.00,1.00
2017.11.07 09:52:10.023,0.88291,0.88313,1.00,1.00
2017.11.07 09:52:10.871,0.88289,0.88313,1.00,1.00
2017.11.07 09:52:14.276,0.88288,0.88313,1.00,1.00
2017.11.07 09:52:17.628,0.8829,0.88312,1.00,1.00
2017.11.07 09:52:31.099,0.88292,0.88314,1.00,1.00
2017.11.07 09:52:36.622,0.88292,0.88316,1.00,1.00
2017.11.07 09:52:36.673,0.88295,0.88318,1.00,1.00
2017.11.07 09:52:37.248,0.88297,0.88319,1.00,1.00
2017.11.07 09:52:37.908,0.88298,0.88319,1.00,1.00
2017.11.07 09:52:38.010,0.88299,0.88321,1.00,1.00
2017.11.07 09:52:42.720,0.88298,0.88319,1.00,1.00
2017.11.07 09:52:43.153,0.88296,0.88317,1.00,1.00
2017.11.07 09:52:43.835,0.88296,0.88318,1.00,1.00
2017.11.07 09:52:44.530,0.88295,0.88317,1.00,1.00
2017.11.07 09:52:52.035,0.88294,0.88316,1.00,1.00
2017.11.07 09:52:52.246,0.88297,0.88321,1.00,1.00
2017.11.07 09:52:52.297,0.883,0.88322,1.00,1.50
2017.11.07 09:52:52.348,0.883,0.88325,1.00,1.87
2017.11.07 09:52:59.367,0.883,0.88322,1.00,1.00
2017.11.07 09:53:02.841,0.88297,0.88321,1.00,1.00
2017.11.07 09:53:02.892,0.88296,0.88319,1.00,1.00
2017.11.07 09:53:03.336,0.88298,0.8832,1.00,1.00
2017.11.07 09:53:03.885,0.88297,0.88322,1.00,1.00
2017.11.07 09:53:04.114,0.883,0.88322,1.00,2.25
2017.11.07 09:53:07.566,0.88301,0.88322,1.00,1.50
2017.11.07 09:53:09.563,0.88297,0.88321,1.00,1.00
2017.11.07 09:53:09.664,0.88297,0.88319,1.00,1.00
2017.11.07 09:53:10.454,0.88296,0.88318,1.00,1.00
2017.11.07 09:53:14.421,0.88296,0.88319,1.00,1.00
2017.11.07 09:53:15.206,0.88295,0.88317,1.00,1.00
2017.11.07 09:53:37.133,0.88293,0.88317,1.00,1.00
2017.11.07 09:53:44.481,0.88295,0.88317,1.00,1.00
2017.11.07 09:53:51.185,0.88293,0.88317,1.00,1.00
2017.11.07 09:53:51.287,0.88293,0.88315,1.00,1.00
2017.11.07 09:53:51.388,0.88293,0.88317,1.00,1.00
2017.11.07 09:53:51.439,0.88293,0.88315,1.00,1.00
2017.11.07 09:53:51.771,0.88297,0.88319,1.00,1.00
2017.11.07 09:53:52.200,0.88295,0.88317,1.00,1.00
2017.11.07 09:53:52.551,0.88296,0.8832,1.00,1.00
2017.11.07 09:53:52.652,0.88298,0.88322,1.00,1.00
2017.11.07 09:53:56.300,0.88297,0.88321,1.00,1.00
2017.11.07 09:53:58.985,0.88299,0.88321,1.00,1.00
2017.11.07 09:53:59.494,0.88298,0.88321,1.00,1.00
2017.11.07 09:54:00.007,0.88297,0.88321,1.00,1.00
2017.11.07 09:54:00.310,0.883,0.88323,1.00,1.00
2017.11.07 09:54:02.749,0.88299,0.88322,1.00,1.00
2017.11.07 09:54:05.645,0.88298,0.88324,1.00,1.00
2017.11.07 09:54:05.746,0.883,0.88324,1.00,1.00
2017.11.07 09:54:05.972,0.883,0.88326,1.00,1.00
2017.11.07 09:54:06.124,0.883,0.88323,1.00,1.00
2017.11.07 09:54:07.689,0.88301,0.88324,1.00,1.00
2017.11.07 09:54:12.764,0.88306,0.88328,1.00,1.00
2017.11.07 09:54:12.959,0.88307,0.88331,1.00,1.00
2017.11.07 09:54:13.010,0.88306,0.88328,1.00,1.00
2017.11.07 09:54:13.771,0.88305,0.88327,1.00,1.00
2017.11.07 09:54:14.119,0.88307,0.88329,1.00,1.00
2017.11.07 09:54:14.516,0.88305,0.8833,1.00,1.00
2017.11.07 09:54:15.160,0.88303,0.88329,1.00,1.00
2017.11.07 09:54:16.479,0.88303,0.88325,1.00,1.00
2017.11.07 09:54:18.094,0.88301,0.88323,1.00,1.00
2017.11.07 09:54:21.448,0.883,0.88322,1.00,1.00
2017.11.07 09:54:24.815,0.88301,0.88323,1.00,1.00
2017.11.07 09:54:29.679,0.883,0.88322,1.00,1.00
2017.11.07 09:54:30.221,0.88299,0.88321,1.00,1.00
2017.11.07 09:54:30.654,0.88301,0.88323,1.00,1.00
2017.11.07 09:54:37.236,0.88299,0.88323,1.00,1.00
2017.11.07 09:54:37.287,0.88303,0.88325,1.00,1.00
2017.11.07 09:54:37.973,0.88302,0.88325,1.00,1.00
2017.11.07 09:54:39.324,0.88302,0.88324,1.00,1.00
2017.11.07 09:54:39.856,0.88303,0.88325,1.00,1.00
2017.11.07 09:54:40.547,0.88303,0.88326,1.00,1.00
2017.11.07 09:54:40.815,0.88301,0.88326,1.00,1.00
2017.11.07 09:54:48.037,0.88303,0.88326,1.00,1.00
2017.11.07 09:54:50.745,0.88304,0.88326,1.00,1.00
2017.11.07 09:54:50.846,0.88309,0.88332,1.00,1.00
2017.11.07 09:54:51.617,0.8831,0.88332,1.00,1.00
2017.11.07 09:54:52.776,0.88308,0.88333,1.00,2.25
2017.11.07 09:54:57.535,0.88312,0.88336,1.00,1.00
2017.11.07 09:54:57.838,0.88314,0.88336,1.00,1.00
2017.11.07 09:54:57.889,0.88312,0.88336,1.00,1.00
2017.11.07 09:54:59.105,0.88311,0.88335,1.00,1.00
2017.11.07 09:55:00.406,0.88313,0.88335,1.00,1.00
2017.11.07 09:55:00.737,0.88311,0.88333,1.00,1.00
2017.11.07 09:55:01.358,0.88312,0.88334,1.00,1.00
2017.11.07 09:55:02.034,0.88309,0.88333,1.00,1.00
2017.11.07 09:55:02.962,0.88312,0.88334,1.00,1.00
2017.11.07 09:55:03.598,0.88313,0.88335,1.00,1.00
2017.11.07 09:55:06.113,0.88311,0.88335,1.00,1.00
2017.11.07 09:55:06.315,0.88309,0.88333,1.00,1.00
2017.11.07 09:55:06.909,0.88312,0.88334,1.00,1.00
2017.11.07 09:55:12.090,0.8831,0.88334,1.00,1.00
2017.11.07 09:55:12.242,0.88309,0.88331,1.00,1.00
2017.11.07 09:55:14.332,0.88303,0.88325,1.00,1.00
2017.11.07 09:55:14.383,0.88303,0.88327,1.00,1.00
2017.11.07 09:55:14.498,0.88303,0.88325,1.00,1.00
2017.11.07 09:55:14.802,0.88303,0.88327,1.00,1.00
2017.11.07 09:55:14.853,0.88305,0.88327,1.00,1.00
2017.11.07 09:55:17.252,0.88303,0.8833,1.00,1.00
2017.11.07 09:55:20.646,0.88303,0.88329,1.00,1.00
2017.11.07 09:55:22.201,0.88302,0.88325,1.00,1.00
2017.11.07 09:55:22.732,0.88302,0.88324,1.00,1.00
2017.11.07 09:55:23.140,0.883,0.88322,1.00,1.00
2017.11.07 09:55:29.668,0.88299,0.88321,1.00,1.00
2017.11.07 09:55:30.421,0.88301,0.88322,1.00,1.00
2017.11.07 09:55:30.471,0.88302,0.88326,1.00,1.00
2017.11.07 09:55:37.860,0.88303,0.88327,1.00,1.00
2017.11.07 09:55:41.353,0.88304,0.88328,1.00,1.00
2017.11.07 09:55:52.890,0.88306,0.88328,1.00,1.00
2017.11.07 09:55:54.084,0.88304,0.88326,1.00,1.00
2017.11.07 09:55:59.720,0.88304,0.88328,1.00,1.00
2017.11.07 09:56:04.378,0.88307,0.88329,1.00,1.00
2017.11.07 09:56:04.681,0.88314,0.88336,1.00,1.00
2017.11.07 09:56:07.920,0.88313,0.88334,1.00,1.00
2017.11.07 09:56:13.806,0.88315,0.88335,1.00,1.00
2017.11.07 09:56:15.174,0.88315,0.88338,1.00,1.00
2017.11.07 09:56:15.225,0.88318,0.88339,1.00,1.00
2017.11.07 09:56:22.949,0.88319,0.8834,1.00,1.00
2017.11.07 09:56:29.076,0.88318,0.8834,1.00,1.00
2017.11.07 09:56:32.412,0.88316,0.88339,1.00,1.00
2017.11.07 09:56:32.617,0.88315,0.88337,1.00,1.00
2017.11.07 09:56:32.919,0.88314,0.88334,1.00,1.00
2017.11.07 09:56:37.980,0.88313,0.88333,1.00,1.00
2017.11.07 09:56:42.257,0.88311,0.88331,1.00,1.00
2017.11.07 09:56:42.307,0.88308,0.8833,1.00,1.00
2017.11.07 09:56:42.459,0.88307,0.88327,1.00,1.00
2017.11.07 09:56:43.546,0.88305,0.88327,1.00,1.00
2017.11.07 09:56:44.827,0.88304,0.88327,1.00,1.00
2017.11.07 09:56:45.302,0.88303,0.88325,1.00,1.00
2017.11.07 09:56:59.890,0.88304,0.88325,1.00,1.00
2017.11.07 09:57:01.542,0.88306,0.88326,1.00,1.00
2017.11.07 09:57:08.040,0.88305,0.88325,1.00,1.00
2017.11.07 09:57:14.869,0.88304,0.88327,1.00,1.00
2017.11.07 09:57:15.867,0.88302,0.88325,1.00,1.00
2017.11.07 09:57:23.071,0.88301,0.88324,1.00,1.00
2017.11.07 09:57:29.399,0.88303,0.88323,1.00,1.00
2017.11.07 09:57:30.099,0.88302,0.88323,1.00,1.00
2017.11.07 09:57:30.762,0.88305,0.88325,1.00,1.00
2017.11.07 09:57:30.813,0.88299,0.88321,1.50,1.00
2017.11.07 09:57:37.599,0.88299,0.88319,1.00,1.00
2017.11.07 09:57:38.174,0.88298,0.88318,1.00,1.00
2017.11.07 09:57:41.114,0.88296,0.88319,1.00,1.00
2017.11.07 09:57:44.613,0.88293,0.88314,1.00,1.00
2017.11.07 09:57:44.765,0.88293,0.88316,1.00,1.00
2017.11.07 09:57:44.967,0.88295,0.88316,1.00,1.00
2017.11.07 09:57:46.073,0.88295,0.88315,1.00,1.00
2017.11.07 09:57:46.864,0.88294,0.88314,1.00,1.00
2017.11.07 09:57:52.628,0.88292,0.88315,1.00,1.00
2017.11.07 09:57:53.130,0.88291,0.88314,1.00,1.00
2017.11.07 09:57:54.234,0.88292,0.88312,1.00,1.00
2017.11.07 09:57:57.351,0.88289,0.88311,1.00,1.00
2017.11.07 09:57:57.402,0.88286,0.88309,1.00,1.00
2017.11.07 09:57:57.453,0.88286,0.88307,1.00,1.00
2017.11.07 09:57:57.503,0.88286,0.8831,1.00,1.00
2017.11.07 09:57:57.604,0.88288,0.8831,1.00,1.00
2017.11.07 09:57:57.655,0.88289,0.88312,1.00,1.00
2017.11.07 09:57:59.960,0.8829,0.88313,1.00,1.00
2017.11.07 09:58:03.157,0.88292,0.88313,1.00,1.00
2017.11.07 09:58:03.258,0.88294,0.88316,1.00,1.00
2017.11.07 09:58:07.466,0.88297,0.88318,1.00,1.00
2017.11.07 09:58:07.568,0.88297,0.88321,1.00,1.00
2017.11.07 09:58:07.720,0.88299,0.88321,1.00,1.00
2017.11.07 09:58:10.134,0.883,0.88322,1.00,1.00
2017.11.07 09:58:15.649,0.88298,0.88323,1.00,1.00
2017.11.07 09:58:15.750,0.88296,0.88321,1.00,1.00
2017.11.07 09:58:16.115,0.88297,0.88319,1.00,1.50
2017.11.07 09:58:17.062,0.88297,0.8832,1.00,2.25
2017.11.07 09:58:17.714,0.88297,0.88319,1.00,1.00
2017.11.07 09:58:19.607,0.88296,0.88317,1.00,1.00
2017.11.07 09:58:19.658,0.88293,0.88315,1.00,1.00
2017.11.07 09:58:19.830,0.88292,0.88317,1.00,1.50
2017.11.07 09:58:21.097,0.88292,0.88316,1.00,1.00
2017.11.07 09:58:22.784,0.88293,0.88315,1.00,1.00
2017.11.07 09:58:38.631,0.88292,0.88314,1.00,1.00
2017.11.07 09:58:38.833,0.88289,0.88314,1.00,2.25
2017.11.07 09:58:40.400,0.88289,0.88313,1.00,1.00
2017.11.07 09:58:44.549,0.8829,0.88313,1.00,1.00
2017.11.07 09:58:45.686,0.8829,0.88314,1.00,2.25
2017.11.07 09:58:52.749,0.8829,0.88312,1.00,1.00
2017.11.07 09:58:53.250,0.88289,0.88312,1.00,1.00
2017.11.07 09:58:54.040,0.88289,0.8831,1.00,1.00
2017.11.07 09:58:59.616,0.88289,0.88312,1.00,1.50
2017.11.07 09:58:59.667,0.88291,0.88312,1.00,2.25
2017.11.07 09:59:00.085,0.88291,0.88314,1.00,1.00
2017.11.07 09:59:00.192,0.88291,0.88312,1.00,1.00
2017.11.07 09:59:01.040,0.88291,0.88314,1.00,1.00
2017.11.07 09:59:02.386,0.88291,0.88312,1.00,1.00
2017.11.07 09:59:03.727,0.88292,0.88313,1.00,1.00
2017.11.07 09:59:07.609,0.88295,0.88315,1.00,1.50
2017.11.07 09:59:08.219,0.88295,0.88316,1.00,1.00
2017.11.07 09:59:12.126,0.88298,0.88319,1.00,1.50
2017.11.07 09:59:12.613,0.883,0.88321,1.00,1.00
2017.11.07 09:59:15.365,0.88301,0.88322,1.00,1.00
2017.11.07 09:59:18.656,0.88301,0.88323,1.00,1.00
2017.11.07 09:59:19.596,0.88302,0.88325,1.00,1.50
2017.11.07 09:59:19.646,0.88305,0.88326,1.00,3.00
2017.11.07 09:59:26.742,0.88305,0.88328,1.00,1.00
2017.11.07 09:59:27.356,0.88305,0.88329,1.00,1.00
2017.11.07 09:59:31.260,0.88305,0.88328,1.00,1.00
2017.11.07 09:59:31.798,0.88305,0.88327,1.00,1.00
2017.11.07 09:59:34.936,0.88305,0.88329,1.00,1.50
2017.11.07 09:59:38.339,0.88307,0.88328,1.00,1.00
2017.11.07 09:59:41.056,0.883,0.88325,1.00,1.00
2017.11.07 09:59:42.157,0.88298,0.88323,1.00,1.00
2017.11.07 09:59:44.675,0.88299,0.88323,1.00,1.00
2017.11.07 09:59:45.220,0.88298,0.88322,1.00,1.00
2017.11.07 09:59:45.804,0.88298,0.88321,1.00,1.00
2017.11.07 09:59:47.298,0.88297,0.8832,1.00,1.00
2017.11.07 09:59:47.760,0.88297,0.88322,1.00,1.50
2017.11.07 09:59:47.811,0.883,0.88322,1.00,1.00
2017.11.07 09:59:47.862,0.883,0.88325,1.00,1.12
2017.11.07 09:59:50.224,0.88298,0.88325,1.00,1.00
2017.11.07 09:59:53.186,0.88293,0.88325,1.50,1.00
2017.11.07 09:59:53.957,0.88293,0.88326,1.50,1.50
2017.11.07 09:59:55.444,0.88291,0.88325,1.00,1.00
2017.11.07 09:59:55.919,0.8829,0.88322,1.00,1.00
2017.11.07 09:59:55.970,0.88288,0.88322,1.50,1.00
2017.11.07 09:59:58.171,0.88287,0.88323,2.85,1.50
2017.11.07 09:59:58.716,0.88288,0.88322,1.00,1.00
