2017.04.05 12:00:00.290,0.9336,0.93384,1.00,1.00
2017.04.05 12:00:00.341,0.93358,0.93384,1.00,1.00
2017.04.05 12:00:00.621,0.9336,0.93384,1.00,1.00
2017.04.05 12:00:01.145,0.93361,0.93385,1.00,1.00
2017.04.05 12:00:01.861,0.93361,0.93387,1.00,1.50
2017.04.05 12:00:04.808,0.93362,0.93385,1.00,1.00
2017.04.05 12:00:05.682,0.93361,0.93385,1.00,1.00
2017.04.05 12:00:07.095,0.93361,0.93383,1.00,1.00
2017.04.05 12:00:07.196,0.93361,0.93385,1.00,1.00
2017.04.05 12:00:07.520,0.93363,0.93385,1.00,1.00
2017.04.05 12:00:08.312,0.93364,0.93386,1.00,1.00
2017.04.05 12:00:09.119,0.93364,0.93388,1.00,1.00
2017.04.05 12:00:14.470,0.93362,0.93386,1.00,1.00
2017.04.05 12:00:15.402,0.93364,0.93386,1.00,1.00
2017.04.05 12:00:17.026,0.93362,0.93386,1.00,1.00
2017.04.05 12:00:17.126,0.93362,0.93384,1.00,1.00
2017.04.05 12:00:17.328,0.9336,0.93384,1.00,1.00
2017.04.05 12:00:17.994,0.93362,0.93384,1.00,1.00
2017.04.05 12:00:18.507,0.93361,0.93383,1.00,1.00
2017.04.05 12:00:19.715,0.93362,0.93384,1.00,1.00
2017.04.05 12:00:22.158,0.93363,0.93385,1.00,1.00
2017.04.05 12:00:23.336,0.9336,0.93384,1.00,1.00
2017.04.05 12:00:24.216,0.93362,0.93384,1.00,1.00
2017.04.05 12:00:25.793,0.93363,0.93385,1.00,1.00
2017.04.05 12:00:26.342,0.93362,0.93384,1.00,1.00
2017.04.05 12:00:26.674,0.93362,0.93386,1.00,1.00
2017.04.05 12:00:27.274,0.93364,0.93386,1.00,1.00
2017.04.05 12:00:27.789,0.93363,0.93385,1.00,1.00
2017.04.05 12:00:27.839,0.93361,0.93385,1.00,1.00
2017.04.05 12:00:28.994,0.93362,0.93386,1.00,1.00
2017.04.05 12:00:31.164,0.93363,0.93388,1.00,1.00
2017.04.05 12:00:31.742,0.93365,0.93387,1.00,1.00
2017.04.05 12:00:37.860,0.93365,0.93386,1.00,1.00
2017.04.05 12:00:38.861,0.93365,0.93387,1.00,1.00
2017.04.05 12:00:40.031,0.93364,0.93386,1.00,1.00
2017.04.05 12:00:40.233,0.93365,0.93389,1.00,1.50
2017.04.05 12:00:42.355,0.93365,0.93387,1.00,1.00
2017.04.05 12:00:42.575,0.93365,0.93389,1.00,1.00
2017.04.05 12:00:46.293,0.93366,0.9339,1.00,1.00
2017.04.05 12:00:47.800,0.93367,0.9339,1.00,1.00
2017.04.05 12:00:49.430,0.93368,0.9339,1.00,1.00
2017.04.05 12:00:49.481,0.93365,0.93389,1.00,1.00
2017.04.05 12:00:53.102,0.93367,0.93389,1.00,1.00
2017.04.05 12:00:53.809,0.93367,0.9339,1.00,1.00
2017.04.05 12:00:54.341,0.93367,0.93389,1.00,1.00
2017.04.05 12:00:57.052,0.93369,0.93391,1.00,1.00
2017.04.05 12:00:57.103,0.93371,0.93395,1.00,1.00
2017.04.05 12:00:57.606,0.93373,0.93396,1.00,1.00
2017.04.05 12:00:57.808,0.93371,0.93395,1.00,1.00
2017.04.05 12:00:58.309,0.9337,0.93394,1.00,1.00
2017.04.05 12:00:58.821,0.9337,0.93395,1.00,1.00
2017.04.05 12:00:59.330,0.93369,0.93394,1.00,1.00
2017.04.05 12:00:59.431,0.93371,0.93395,1.00,1.00
2017.04.05 12:01:00.379,0.93372,0.93396,1.00,1.00
2017.04.05 12:01:02.011,0.93373,0.93394,1.00,1.00
2017.04.05 12:01:02.061,0.93371,0.93395,1.00,1.00
2017.04.05 12:01:03.005,0.93372,0.93396,1.00,1.00
2017.04.05 12:01:03.446,0.93369,0.93393,1.00,1.00
2017.04.05 12:01:03.759,0.93365,0.93387,1.00,1.00
2017.04.05 12:01:06.684,0.93365,0.93389,1.00,1.00
2017.04.05 12:01:06.735,0.93364,0.93387,1.00,1.00
2017.04.05 12:01:07.517,0.93364,0.93386,1.00,1.00
2017.04.05 12:01:08.058,0.93363,0.93385,1.00,1.00
2017.04.05 12:01:08.398,0.93361,0.93383,1.00,1.00
2017.04.05 12:01:08.498,0.93362,0.93386,1.00,1.00
2017.04.05 12:01:08.649,0.93362,0.93383,1.00,1.00
2017.04.05 12:01:10.031,0.9336,0.93384,1.00,1.00
2017.04.05 12:01:14.985,0.93361,0.93385,1.00,1.00
2017.04.05 12:01:15.136,0.93356,0.9338,1.00,1.00
2017.04.05 12:01:15.438,0.93347,0.93371,1.00,1.00
2017.04.05 12:01:16.143,0.9335,0.93372,1.00,1.00
2017.04.05 12:01:18.663,0.93349,0.93371,1.00,1.00
2017.04.05 12:01:19.340,0.93346,0.93368,1.00,1.00
2017.04.05 12:01:19.641,0.93347,0.93371,1.00,1.00
2017.04.05 12:01:20.156,0.93348,0.93372,1.00,1.00
2017.04.05 12:01:20.769,0.9335,0.93372,1.00,1.00
2017.04.05 12:01:22.431,0.9336,0.93373,1.00,1.00
2017.04.05 12:01:22.533,0.9336,0.9338,1.00,1.00
2017.04.05 12:01:22.867,0.9336,0.93382,1.00,1.00
2017.04.05 12:01:23.297,0.9336,0.93384,1.00,1.00
2017.04.05 12:01:24.297,0.93362,0.93383,1.00,1.00
2017.04.05 12:01:25.838,0.9336,0.93384,1.00,1.00
2017.04.05 12:01:25.998,0.9336,0.93382,1.00,1.00
2017.04.05 12:01:26.048,0.93355,0.9338,1.00,1.00
2017.04.05 12:01:26.199,0.93359,0.93381,1.00,1.00
2017.04.05 12:01:27.832,0.93358,0.9338,1.00,1.00
2017.04.05 12:01:27.882,0.93356,0.9338,1.00,1.00
2017.04.05 12:01:27.933,0.93358,0.93379,1.00,1.00
2017.04.05 12:01:27.983,0.93358,0.93382,1.00,1.12
2017.04.05 12:01:28.737,0.93356,0.93378,1.00,1.00
2017.04.05 12:01:30.498,0.93355,0.93377,1.00,1.00
2017.04.05 12:01:31.024,0.93356,0.93378,1.00,1.00
2017.04.05 12:01:36.090,0.93357,0.93381,1.00,1.00
2017.04.05 12:01:38.633,0.93356,0.9338,1.00,1.00
2017.04.05 12:01:38.951,0.93359,0.93381,1.00,1.00
2017.04.05 12:01:39.002,0.9336,0.93384,1.00,1.50
2017.04.05 12:01:41.490,0.93362,0.93384,1.00,1.00
2017.04.05 12:01:41.541,0.93362,0.93386,1.00,1.00
2017.04.05 12:01:42.102,0.93361,0.93383,1.00,1.00
2017.04.05 12:01:43.418,0.9336,0.93382,1.00,1.00
2017.04.05 12:01:47.526,0.93362,0.93384,1.00,1.00
2017.04.05 12:01:50.109,0.93362,0.93386,1.00,1.00
2017.04.05 12:01:50.655,0.9336,0.93384,1.00,1.00
2017.04.05 12:01:52.827,0.93359,0.93381,1.00,1.00
2017.04.05 12:01:53.028,0.93359,0.93383,1.00,1.50
2017.04.05 12:01:53.109,0.93362,0.93383,1.00,1.00
2017.04.05 12:01:53.160,0.93362,0.93386,1.00,1.50
2017.04.05 12:01:54.013,0.93363,0.93387,1.00,1.00
2017.04.05 12:01:54.165,0.93365,0.93387,1.00,1.00
2017.04.05 12:01:54.494,0.93367,0.93389,1.00,1.50
2017.04.05 12:01:54.717,0.93369,0.93393,1.00,1.50
2017.04.05 12:01:54.969,0.93372,0.93395,1.00,1.00
2017.04.05 12:01:55.278,0.93374,0.93399,1.00,3.00
2017.04.05 12:01:56.319,0.93374,0.93399,1.00,1.00
2017.04.05 12:01:56.473,0.93374,0.93397,1.00,1.00
2017.04.05 12:01:57.046,0.93373,0.93397,1.00,1.00
2017.04.05 12:01:58.056,0.93371,0.93397,1.00,1.00
2017.04.05 12:01:58.106,0.93371,0.93395,1.00,1.00
2017.04.05 12:01:59.459,0.93365,0.93395,1.00,1.00
2017.04.05 12:01:59.509,0.93367,0.93392,1.00,1.00
2017.04.05 12:01:59.560,0.93368,0.93394,1.00,1.00
2017.04.05 12:01:59.660,0.9337,0.93395,1.00,1.00
2017.04.05 12:02:01.411,0.93369,0.93392,1.00,1.00
2017.04.05 12:02:01.462,0.93363,0.93392,1.00,1.75
2017.04.05 12:02:01.563,0.93367,0.9339,1.00,1.12
2017.04.05 12:02:02.133,0.93368,0.93391,1.00,1.50
2017.04.05 12:02:03.736,0.93367,0.9339,1.00,1.12
2017.04.05 12:02:04.844,0.93365,0.9339,1.00,1.00
2017.04.05 12:02:05.920,0.93365,0.93389,1.00,1.00
2017.04.05 12:02:07.565,0.93364,0.93388,1.00,1.00
2017.04.05 12:02:07.615,0.93366,0.93389,1.00,1.00
2017.04.05 12:02:08.578,0.93365,0.93391,1.00,1.00
2017.04.05 12:02:10.945,0.93366,0.9339,1.00,1.00
2017.04.05 12:02:12.263,0.93366,0.93388,1.00,1.00
2017.04.05 12:02:15.864,0.93364,0.93388,1.00,1.00
2017.04.05 12:02:16.367,0.93365,0.93389,1.00,1.00
2017.04.05 12:02:16.888,0.93366,0.9339,1.00,1.00
2017.04.05 12:02:21.984,0.93366,0.93388,1.00,1.00
2017.04.05 12:02:22.135,0.93366,0.9339,1.00,1.00
2017.04.05 12:02:22.236,0.9337,0.93392,1.00,1.00
2017.04.05 12:02:23.071,0.93371,0.93393,1.00,1.00
2017.04.05 12:02:23.580,0.9337,0.93392,1.00,1.00
2017.04.05 12:02:23.881,0.93368,0.9339,1.00,1.00
2017.04.05 12:02:24.637,0.9337,0.93391,1.00,1.00
2017.04.05 12:02:24.738,0.93367,0.93393,1.00,1.00
2017.04.05 12:02:24.788,0.93369,0.93393,1.00,1.00
2017.04.05 12:02:25.143,0.93368,0.93391,1.00,1.00
2017.04.05 12:02:25.809,0.93367,0.9339,1.00,1.00
2017.04.05 12:02:26.778,0.93367,0.93392,1.00,1.00
2017.04.05 12:02:28.182,0.93369,0.9339,1.00,1.00
2017.04.05 12:02:28.809,0.93368,0.9339,1.00,1.00
2017.04.05 12:02:31.335,0.93368,0.93392,1.00,1.00
2017.04.05 12:02:32.312,0.9337,0.93392,1.00,1.00
2017.04.05 12:02:36.145,0.93373,0.93397,1.00,1.12
2017.04.05 12:02:36.652,0.93372,0.93396,1.00,1.00
2017.04.05 12:02:37.109,0.93372,0.93394,1.00,1.00
2017.04.05 12:02:37.159,0.93369,0.93393,1.00,1.00
2017.04.05 12:02:37.690,0.93368,0.93392,1.00,1.00
2017.04.05 12:02:38.443,0.93367,0.93391,1.00,1.00
2017.04.05 12:02:38.998,0.93369,0.93393,1.00,1.00
2017.04.05 12:02:39.333,0.93368,0.93391,1.00,1.00
2017.04.05 12:02:39.383,0.93368,0.93394,1.00,1.00
2017.04.05 12:02:41.009,0.93368,0.93392,1.00,1.00
2017.04.05 12:02:47.386,0.93368,0.9339,1.00,1.00
2017.04.05 12:02:48.701,0.93366,0.9339,1.00,1.00
2017.04.05 12:02:49.052,0.93365,0.93387,1.00,1.00
2017.04.05 12:02:49.203,0.93366,0.93391,1.00,1.00
2017.04.05 12:02:50.007,0.93365,0.93389,1.00,1.00
2017.04.05 12:02:51.572,0.93364,0.93388,1.00,1.00
2017.04.05 12:02:52.839,0.93363,0.93388,1.00,1.00
2017.04.05 12:02:53.692,0.93363,0.93387,1.00,1.00
2017.04.05 12:02:54.995,0.93364,0.93388,1.00,1.00
2017.04.05 12:02:56.201,0.93365,0.93389,1.00,1.00
2017.04.05 12:02:57.021,0.93365,0.93387,1.00,1.00
2017.04.05 12:02:57.302,0.93362,0.93388,1.00,1.00
2017.04.05 12:02:57.352,0.93364,0.93388,1.00,1.00
2017.04.05 12:02:58.086,0.93361,0.93387,1.00,1.00
2017.04.05 12:02:58.783,0.93363,0.93386,1.00,1.00
2017.04.05 12:02:59.662,0.93364,0.93386,1.00,1.00
2017.04.05 12:03:00.416,0.93361,0.93385,1.00,1.00
2017.04.05 12:03:00.467,0.93361,0.93383,1.00,1.00
2017.04.05 12:03:00.987,0.9336,0.93382,1.00,1.00
2017.04.05 12:03:03.448,0.93359,0.93381,1.00,1.00
2017.04.05 12:03:04.015,0.93358,0.9338,1.00,1.00
2017.04.05 12:03:04.173,0.93359,0.93382,1.00,1.00
2017.04.05 12:03:04.915,0.93359,0.93383,1.00,1.00
2017.04.05 12:03:05.195,0.93361,0.93383,1.00,1.00
2017.04.05 12:03:05.393,0.93361,0.93387,1.00,1.00
2017.04.05 12:03:05.444,0.93363,0.93388,1.00,1.00
2017.04.05 12:03:06.431,0.93363,0.93389,1.00,1.00
2017.04.05 12:03:07.288,0.93365,0.93389,1.00,1.00
2017.04.05 12:03:10.741,0.93365,0.93388,1.00,1.00
2017.04.05 12:03:11.292,0.93364,0.93387,1.00,1.00
2017.04.05 12:03:12.510,0.93364,0.93386,1.00,1.00
2017.04.05 12:03:12.679,0.93363,0.93388,1.00,1.00
2017.04.05 12:03:13.227,0.93363,0.93387,1.00,1.00
2017.04.05 12:03:13.757,0.93365,0.93387,1.00,1.00
2017.04.05 12:03:14.265,0.93364,0.93386,1.00,1.00
2017.04.05 12:03:15.712,0.93362,0.93388,1.00,1.00
2017.04.05 12:03:15.813,0.93364,0.93388,1.00,1.00
2017.04.05 12:03:16.357,0.93364,0.93387,1.00,1.00
2017.04.05 12:03:17.263,0.93365,0.93388,1.00,1.00
2017.04.05 12:03:17.453,0.93363,0.93388,1.00,1.00
2017.04.05 12:03:17.960,0.93364,0.93388,1.00,1.00
2017.04.05 12:03:18.497,0.93364,0.93387,1.00,1.00
2017.04.05 12:03:20.198,0.93364,0.93388,1.00,1.00
2017.04.05 12:03:20.332,0.93361,0.93387,1.00,1.00
2017.04.05 12:03:20.382,0.93363,0.93387,1.00,1.00
2017.04.05 12:03:20.684,0.93361,0.93384,1.00,1.00
2017.04.05 12:03:21.378,0.9336,0.93384,1.00,1.00
2017.04.05 12:03:23.229,0.93361,0.93383,1.00,1.00
2017.04.05 12:03:27.372,0.93363,0.93385,1.00,1.00
2017.04.05 12:03:33.111,0.93364,0.93386,1.00,1.00
2017.04.05 12:03:33.470,0.93365,0.93389,1.00,1.00
2017.04.05 12:03:33.621,0.93367,0.9339,1.00,1.00
2017.04.05 12:03:34.644,0.93365,0.93389,1.00,1.00
2017.04.05 12:03:35.311,0.93365,0.93387,1.00,1.00
2017.04.05 12:03:35.412,0.93363,0.93387,1.00,1.00
2017.04.05 12:03:36.815,0.93365,0.93387,1.00,1.00
2017.04.05 12:03:37.784,0.93367,0.93389,1.00,1.00
2017.04.05 12:03:39.107,0.93366,0.93388,1.00,1.00
2017.04.05 12:03:39.904,0.93364,0.93388,1.00,1.00
2017.04.05 12:03:40.915,0.93364,0.93386,1.00,1.00
2017.04.05 12:03:43.743,0.93363,0.93385,1.00,1.00
2017.04.05 12:03:44.770,0.93365,0.93387,1.00,1.00
2017.04.05 12:03:49.787,0.93364,0.93386,1.00,1.00
2017.04.05 12:03:50.760,0.93365,0.93387,1.00,1.00
2017.04.05 12:03:51.303,0.93364,0.93386,1.00,1.00
2017.04.05 12:03:51.690,0.93362,0.93384,1.00,1.00
2017.04.05 12:03:52.630,0.93361,0.93383,1.00,1.00
2017.04.05 12:03:53.679,0.9336,0.93382,1.00,1.00
2017.04.05 12:03:54.183,0.93362,0.93384,1.00,1.00
2017.04.05 12:03:56.053,0.93361,0.93383,1.00,1.00
2017.04.05 12:04:00.096,0.93359,0.93383,1.00,1.00
2017.04.05 12:04:03.192,0.9336,0.93384,1.00,1.00
2017.04.05 12:04:04.788,0.93362,0.93383,1.00,1.00
2017.04.05 12:04:05.356,0.93361,0.93385,1.00,1.00
2017.04.05 12:04:08.783,0.9336,0.93384,1.00,1.00
2017.04.05 12:04:16.220,0.93362,0.93384,1.00,1.00
2017.04.05 12:04:19.056,0.9336,0.93384,1.00,1.00
2017.04.05 12:04:19.660,0.93363,0.93385,1.00,1.00
2017.04.05 12:04:20.212,0.93362,0.93386,1.00,1.00
2017.04.05 12:04:20.313,0.9336,0.93385,1.00,1.00
2017.04.05 12:04:20.364,0.93363,0.93385,1.00,1.00
2017.04.05 12:04:20.414,0.93359,0.93383,1.00,1.00
2017.04.05 12:04:20.465,0.93357,0.93379,1.00,1.00
2017.04.05 12:04:20.667,0.93355,0.93379,1.00,1.00
2017.04.05 12:04:23.861,0.93357,0.93379,1.00,1.00
2017.04.05 12:04:28.770,0.93359,0.93381,1.00,1.00
2017.04.05 12:04:29.449,0.93358,0.9338,1.00,1.00
2017.04.05 12:04:35.348,0.93357,0.93379,1.00,1.00
2017.04.05 12:04:38.348,0.93359,0.93381,1.00,1.00
2017.04.05 12:04:39.350,0.93358,0.9338,1.00,1.00
2017.04.05 12:04:43.976,0.9336,0.93382,1.00,1.00
2017.04.05 12:04:44.279,0.93357,0.93379,1.00,1.00
2017.04.05 12:04:44.636,0.93355,0.93377,1.00,1.00
2017.04.05 12:04:45.219,0.93356,0.93378,1.00,1.00
2017.04.05 12:04:46.481,0.93357,0.93378,1.00,1.00
2017.04.05 12:04:46.876,0.93354,0.93378,1.00,1.00
2017.04.05 12:04:47.527,0.93357,0.93381,1.00,1.00
2017.04.05 12:04:47.831,0.93359,0.93381,1.00,1.00
2017.04.05 12:04:48.363,0.93358,0.9338,1.00,1.00
2017.04.05 12:04:49.878,0.93359,0.9338,1.00,1.00
2017.04.05 12:04:50.379,0.93359,0.93383,1.00,1.00
2017.04.05 12:04:53.100,0.93358,0.93382,1.00,1.00
2017.04.05 12:04:53.764,0.9336,0.93382,1.00,1.00
2017.04.05 12:04:55.328,0.9336,0.93384,1.00,1.00
2017.04.05 12:04:55.932,0.9336,0.93382,1.00,1.00
2017.04.05 12:04:56.992,0.9336,0.93381,1.00,1.00
2017.04.05 12:05:01.793,0.93359,0.93381,1.00,1.00
2017.04.05 12:05:02.774,0.9336,0.93382,1.00,1.00
2017.04.05 12:05:03.297,0.93361,0.93383,1.00,1.00
2017.04.05 12:05:03.660,0.93359,0.93381,1.00,1.00
2017.04.05 12:05:04.657,0.93357,0.93381,1.00,1.00
2017.04.05 12:05:04.920,0.93359,0.93381,1.00,1.00
2017.04.05 12:05:06.898,0.93358,0.9338,1.00,1.00
2017.04.05 12:05:07.475,0.93358,0.93379,1.00,1.00
2017.04.05 12:05:07.576,0.93355,0.93379,1.00,1.00
2017.04.05 12:05:09.898,0.93355,0.93378,1.00,1.00
2017.04.05 12:05:10.420,0.93356,0.93377,1.00,1.00
2017.04.05 12:05:11.757,0.93358,0.9338,1.00,1.00
2017.04.05 12:05:14.105,0.93358,0.93381,1.00,1.00
2017.04.05 12:05:19.893,0.93358,0.9338,1.00,1.00
2017.04.05 12:05:23.024,0.93359,0.9338,1.00,1.00
2017.04.05 12:05:23.684,0.93358,0.93379,1.00,1.00
2017.04.05 12:05:24.243,0.93357,0.93379,1.00,1.00
2017.04.05 12:05:28.673,0.93356,0.93378,1.00,1.00
2017.04.05 12:05:30.067,0.93356,0.9338,1.00,1.00
2017.04.05 12:05:33.724,0.93354,0.93375,1.00,1.00
2017.04.05 12:05:33.890,0.93355,0.93377,1.00,1.00
2017.04.05 12:05:34.967,0.93355,0.93378,1.00,1.00
2017.04.05 12:05:35.969,0.93356,0.93378,1.00,1.00
2017.04.05 12:05:36.792,0.9336,0.93382,1.00,1.00
2017.04.05 12:05:38.041,0.93359,0.9338,1.00,1.00
2017.04.05 12:05:39.562,0.93357,0.93379,1.00,1.00
2017.04.05 12:05:39.613,0.93356,0.93377,1.00,1.00
2017.04.05 12:05:40.424,0.93355,0.93378,1.00,1.00
2017.04.05 12:05:43.542,0.93354,0.93377,1.00,1.00
2017.04.05 12:05:43.642,0.93351,0.93377,1.00,1.00
2017.04.05 12:05:44.528,0.93352,0.93376,1.00,1.00
2017.04.05 12:05:44.763,0.93354,0.93376,1.00,1.00
2017.04.05 12:05:45.409,0.93353,0.93377,1.00,1.00
2017.04.05 12:05:46.764,0.93354,0.93377,1.00,1.00
2017.04.05 12:05:47.427,0.93354,0.93376,1.00,1.00
2017.04.05 12:05:48.804,0.93352,0.93374,1.00,1.00
2017.04.05 12:05:48.990,0.93352,0.93376,1.00,1.00
2017.04.05 12:05:49.342,0.93354,0.93376,1.00,1.00
2017.04.05 12:05:49.973,0.93354,0.93378,1.00,1.00
2017.04.05 12:05:55.551,0.93352,0.93374,1.00,1.00
2017.04.05 12:05:55.853,0.9335,0.93372,1.00,1.00
2017.04.05 12:05:56.004,0.93351,0.93375,1.00,1.00
2017.04.05 12:05:56.105,0.93354,0.93377,1.00,1.50
2017.04.05 12:05:56.609,0.93356,0.93379,1.00,1.00
2017.04.05 12:05:57.089,0.93354,0.93379,1.00,1.00
2017.04.05 12:05:57.896,0.93353,0.93376,1.00,1.00
2017.04.05 12:05:59.502,0.93354,0.93377,1.00,1.00
2017.04.05 12:06:00.454,0.93353,0.93376,1.00,1.00
2017.04.05 12:06:00.775,0.93351,0.93374,1.00,1.00
2017.04.05 12:06:01.171,0.93352,0.93378,1.00,1.50
2017.04.05 12:06:01.221,0.93355,0.93378,1.00,1.50
2017.04.05 12:06:01.475,0.93353,0.93378,1.00,1.00
2017.04.05 12:06:03.454,0.93355,0.93378,1.00,1.00
2017.04.05 12:06:04.664,0.93356,0.93379,1.00,1.00
2017.04.05 12:06:06.790,0.93356,0.93381,1.00,1.00
2017.04.05 12:06:07.044,0.93356,0.93379,1.00,1.00
2017.04.05 12:06:08.137,0.93356,0.9338,1.00,1.00
2017.04.05 12:06:13.239,0.93355,0.93379,1.00,1.00
2017.04.05 12:06:15.077,0.93354,0.93378,1.00,1.00
2017.04.05 12:06:20.559,0.93353,0.93377,1.00,1.00
2017.04.05 12:06:22.490,0.93355,0.93377,1.00,1.00
2017.04.05 12:06:25.805,0.93356,0.93378,1.00,1.00
2017.04.05 12:06:25.906,0.93356,0.9338,1.00,1.00
2017.04.05 12:06:35.098,0.93356,0.93378,1.00,1.00
2017.04.05 12:06:36.091,0.93357,0.93378,1.00,1.00
2017.04.05 12:06:38.601,0.93356,0.93378,1.00,1.00
2017.04.05 12:06:39.624,0.93356,0.93379,1.00,1.00
2017.04.05 12:06:40.373,0.93358,0.9338,1.00,1.00
2017.04.05 12:06:50.118,0.93359,0.9338,1.00,1.00
2017.04.05 12:06:51.119,0.93357,0.93381,1.00,1.00
2017.04.05 12:06:55.615,0.9336,0.93383,1.00,1.00
2017.04.05 12:06:55.917,0.93364,0.93385,1.00,1.00
2017.04.05 12:06:56.120,0.93362,0.93388,1.00,1.00
2017.04.05 12:06:56.171,0.93364,0.93387,1.00,1.00
2017.04.05 12:06:57.900,0.93363,0.93385,1.00,1.00
2017.04.05 12:06:57.951,0.93361,0.93384,1.00,1.00
2017.04.05 12:06:58.052,0.93358,0.93383,1.00,1.00
2017.04.05 12:06:58.694,0.9336,0.93382,1.00,1.00
2017.04.05 12:06:59.192,0.93357,0.93381,1.00,1.00
2017.04.05 12:06:59.729,0.93358,0.93382,1.00,1.00
2017.04.05 12:07:02.260,0.93357,0.93381,1.00,1.00
2017.04.05 12:07:02.311,0.93357,0.93379,1.00,1.00
2017.04.05 12:07:02.866,0.93358,0.9338,1.00,1.00
2017.04.05 12:07:03.912,0.93358,0.93382,1.00,1.00
2017.04.05 12:07:04.505,0.93359,0.93383,1.00,1.00
2017.04.05 12:07:05.148,0.93361,0.93383,1.00,1.00
2017.04.05 12:07:06.151,0.93361,0.93382,1.00,1.00
2017.04.05 12:07:07.204,0.9336,0.93382,1.00,1.00
2017.04.05 12:07:08.188,0.93359,0.93381,1.00,1.00
2017.04.05 12:07:09.096,0.9336,0.93382,1.00,1.00
2017.04.05 12:07:09.147,0.9336,0.93384,1.00,1.00
2017.04.05 12:07:14.148,0.9336,0.93382,1.00,1.00
2017.04.05 12:07:20.679,0.93359,0.93382,1.00,1.00
2017.04.05 12:07:23.671,0.93359,0.93383,1.00,1.00
2017.04.05 12:07:24.672,0.93359,0.93381,1.00,1.00
2017.04.05 12:07:25.371,0.93358,0.9338,1.00,1.00
2017.04.05 12:07:25.952,0.93359,0.93381,1.00,1.00
2017.04.05 12:07:27.313,0.93359,0.93383,1.00,1.00
2017.04.05 12:07:32.655,0.93362,0.93383,1.00,1.00
2017.04.05 12:07:33.796,0.93362,0.93384,1.00,1.00
2017.04.05 12:07:50.311,0.93361,0.93384,1.00,1.00
2017.04.05 12:07:51.281,0.93362,0.93384,1.00,1.00
2017.04.05 12:07:52.775,0.93363,0.93385,1.00,1.00
2017.04.05 12:07:53.463,0.93364,0.93386,1.00,1.00
2017.04.05 12:07:53.983,0.93366,0.93387,1.00,1.00
2017.04.05 12:07:56.237,0.93365,0.93389,1.00,1.00
2017.04.05 12:08:00.324,0.93364,0.93386,1.00,1.00
2017.04.05 12:08:01.581,0.93363,0.93385,1.00,1.00
2017.04.05 12:08:02.147,0.93361,0.93385,1.00,1.00
2017.04.05 12:08:03.032,0.93359,0.93381,1.00,1.00
2017.04.05 12:08:03.291,0.93356,0.9338,1.00,1.00
2017.04.05 12:08:03.439,0.93354,0.93378,1.00,1.00
2017.04.05 12:08:04.760,0.93354,0.93376,1.00,1.00
2017.04.05 12:08:05.091,0.93351,0.93373,1.00,1.00
2017.04.05 12:08:06.760,0.9335,0.93373,1.00,1.00
2017.04.05 12:08:07.331,0.93351,0.93373,1.00,1.00
2017.04.05 12:08:08.761,0.9335,0.93375,1.00,1.00
2017.04.05 12:08:09.263,0.9335,0.93374,1.00,1.00
2017.04.05 12:08:10.443,0.93352,0.93376,1.00,1.00
2017.04.05 12:08:10.797,0.93351,0.93374,1.00,1.00
2017.04.05 12:08:11.094,0.9335,0.93376,1.00,1.00
2017.04.05 12:08:11.171,0.93352,0.93374,1.00,1.00
2017.04.05 12:08:11.431,0.93352,0.93376,1.00,1.00
2017.04.05 12:08:12.223,0.93351,0.93375,1.00,1.00
2017.04.05 12:08:12.655,0.93348,0.93371,1.50,1.00
2017.04.05 12:08:12.889,0.93345,0.93369,1.00,1.00
2017.04.05 12:08:13.441,0.93344,0.93369,1.00,1.00
2017.04.05 12:08:14.990,0.93343,0.93368,1.00,1.00
2017.04.05 12:08:16.040,0.93345,0.93368,1.00,1.00
2017.04.05 12:08:16.090,0.93344,0.9337,1.00,1.00
2017.04.05 12:08:16.729,0.93344,0.93369,1.00,1.00
2017.04.05 12:08:20.306,0.93344,0.93368,1.00,1.00
2017.04.05 12:08:20.749,0.93343,0.93365,1.00,1.00
2017.04.05 12:08:21.327,0.93343,0.93364,1.00,1.00
2017.04.05 12:08:21.378,0.93341,0.93366,1.00,1.00
2017.04.05 12:08:21.683,0.93338,0.93363,1.00,1.00
2017.04.05 12:08:22.283,0.93339,0.93363,1.00,1.00
2017.04.05 12:08:23.045,0.93338,0.93363,1.50,1.00
2017.04.05 12:08:24.293,0.93338,0.93364,1.50,1.00
2017.04.05 12:08:24.812,0.93339,0.93363,1.00,1.00
2017.04.05 12:08:27.728,0.93341,0.93363,1.00,1.00
2017.04.05 12:08:30.011,0.93342,0.93364,1.00,1.00
2017.04.05 12:08:35.328,0.93341,0.93364,1.00,1.00
2017.04.05 12:08:36.330,0.93341,0.93363,1.00,1.00
2017.04.05 12:08:38.828,0.93342,0.93364,1.00,1.00
2017.04.05 12:08:39.853,0.93341,0.93363,1.00,1.00
2017.04.05 12:08:43.005,0.93345,0.93367,1.00,1.00
2017.04.05 12:08:43.307,0.93347,0.93369,1.00,1.00
2017.04.05 12:08:43.547,0.93342,0.93366,1.50,1.00
2017.04.05 12:08:43.698,0.93342,0.93364,1.00,1.00
2017.04.05 12:08:43.749,0.9334,0.93364,1.00,1.00
2017.04.05 12:08:50.358,0.93342,0.93364,1.00,1.00
2017.04.05 12:09:04.869,0.93342,0.93366,1.00,1.00
2017.04.05 12:09:08.739,0.93345,0.93369,1.00,1.00
2017.04.05 12:09:09.467,0.93347,0.93369,1.00,1.00
2017.04.05 12:09:09.774,0.93347,0.93371,1.00,1.00
2017.04.05 12:09:14.363,0.93345,0.93369,1.00,1.00
2017.04.05 12:09:16.723,0.93347,0.93369,1.00,1.00
2017.04.05 12:09:19.966,0.93346,0.93368,1.00,1.00
2017.04.05 12:09:20.241,0.9334,0.93364,1.00,1.00
2017.04.05 12:09:20.637,0.93344,0.93365,1.00,1.00
2017.04.05 12:09:21.651,0.93344,0.93366,1.00,1.00
2017.04.05 12:09:22.640,0.93343,0.93367,1.00,1.00
2017.04.05 12:09:23.451,0.93344,0.93368,1.00,1.00
2017.04.05 12:09:24.952,0.93345,0.93369,1.00,1.00
2017.04.05 12:09:27.663,0.93351,0.93373,1.00,1.00
2017.04.05 12:09:27.970,0.93353,0.93377,1.00,1.00
2017.04.05 12:09:28.071,0.93351,0.93375,1.00,1.00
2017.04.05 12:09:28.444,0.93349,0.93371,1.00,1.00
2017.04.05 12:09:28.771,0.93349,0.93373,1.00,1.00
2017.04.05 12:09:29.736,0.9335,0.93375,1.00,1.00
2017.04.05 12:09:32.167,0.93351,0.93373,1.00,1.00
2017.04.05 12:09:35.376,0.93349,0.93371,1.00,1.00
2017.04.05 12:09:36.628,0.93348,0.9337,1.00,1.00
2017.04.05 12:09:38.857,0.93347,0.93369,1.00,1.00
2017.04.05 12:09:40.011,0.93348,0.93372,1.00,1.00
2017.04.05 12:09:41.362,0.93348,0.93371,1.00,1.00
2017.04.05 12:09:46.072,0.93347,0.93371,1.00,1.00
2017.04.05 12:09:48.702,0.93347,0.93369,1.00,1.00
2017.04.05 12:09:50.478,0.93347,0.93371,1.00,1.00
2017.04.05 12:09:50.579,0.93345,0.93369,1.00,1.00
2017.04.05 12:09:52.070,0.93345,0.93367,1.00,1.00
2017.04.05 12:09:53.997,0.93344,0.93366,1.00,1.00
2017.04.05 12:09:57.841,0.93343,0.93365,1.00,1.00
2017.04.05 12:09:58.121,0.93341,0.93365,1.00,1.00
2017.04.05 12:09:58.662,0.93339,0.93363,1.00,1.00
2017.04.05 12:10:00.115,0.93338,0.9336,1.00,1.00
2017.04.05 12:10:00.820,0.93333,0.93366,1.00,1.00
2017.04.05 12:10:01.153,0.93338,0.9336,1.00,1.00
2017.04.05 12:10:01.466,0.93336,0.9336,1.00,1.00
2017.04.05 12:10:05.511,0.93335,0.93359,1.00,1.00
2017.04.05 12:10:06.475,0.93334,0.93358,1.00,1.00
2017.04.05 12:10:14.178,0.93333,0.93357,1.00,1.00
2017.04.05 12:10:16.012,0.93334,0.93358,1.00,1.00
2017.04.05 12:10:17.248,0.93334,0.93356,1.00,1.00
2017.04.05 12:10:19.872,0.93334,0.93357,1.00,1.00
2017.04.05 12:10:20.847,0.93334,0.93356,1.00,1.00
2017.04.05 12:10:20.898,0.93334,0.93358,1.00,1.00
2017.04.05 12:10:22.978,0.93336,0.93358,1.00,1.00
2017.04.05 12:10:24.489,0.93336,0.9336,1.00,1.00
2017.04.05 12:10:24.539,0.93338,0.9336,1.00,1.00
2017.04.05 12:10:24.741,0.93339,0.93362,1.00,1.00
2017.04.05 12:10:25.490,0.9334,0.93362,1.00,1.00
2017.04.05 12:10:26.081,0.93338,0.93362,1.00,1.00
2017.04.05 12:10:28.609,0.9334,0.93364,1.00,1.00
2017.04.05 12:10:30.998,0.9334,0.93361,1.00,1.00
2017.04.05 12:10:31.341,0.9334,0.93364,1.00,1.00
2017.04.05 12:10:35.196,0.93339,0.93363,1.00,1.00
2017.04.05 12:10:35.710,0.93339,0.93361,1.00,1.00
2017.04.05 12:10:36.532,0.93345,0.93367,1.00,1.50
2017.04.05 12:10:36.733,0.93345,0.93369,1.00,1.00
2017.04.05 12:10:38.425,0.93347,0.93368,1.00,1.00
2017.04.05 12:10:39.093,0.93347,0.93369,1.00,1.00
2017.04.05 12:10:39.843,0.93346,0.93368,1.00,1.00
2017.04.05 12:10:41.969,0.93347,0.93369,1.00,1.00
2017.04.05 12:10:47.791,0.93346,0.93368,1.00,1.00
2017.04.05 12:10:49.034,0.93348,0.9337,1.00,1.00
2017.04.05 12:10:51.737,0.93347,0.93369,1.00,1.00
2017.04.05 12:10:52.326,0.93346,0.93368,1.00,1.00
2017.04.05 12:10:55.544,0.93344,0.93368,1.00,1.00
2017.04.05 12:10:56.186,0.93346,0.93368,1.00,1.00
2017.04.05 12:11:02.410,0.93345,0.93367,1.00,1.00
2017.04.05 12:11:05.492,0.93345,0.93369,1.00,1.00
2017.04.05 12:11:07.156,0.93347,0.93369,1.00,1.00
2017.04.05 12:11:07.257,0.9335,0.93374,1.00,1.00
2017.04.05 12:11:07.307,0.93349,0.93371,1.00,1.00
2017.04.05 12:11:08.294,0.93349,0.93372,1.00,1.00
2017.04.05 12:11:08.729,0.93352,0.93374,1.00,1.00
2017.04.05 12:11:09.432,0.93351,0.93373,1.00,1.00
2017.04.05 12:11:09.902,0.93349,0.93373,1.00,1.00
2017.04.05 12:11:10.053,0.93351,0.93373,1.00,1.00
2017.04.05 12:11:10.205,0.93352,0.93376,1.00,1.00
2017.04.05 12:11:10.306,0.93354,0.93378,1.00,1.00
2017.04.05 12:11:10.635,0.93353,0.93375,1.00,1.00
2017.04.05 12:11:11.447,0.93351,0.93375,1.00,1.00
2017.04.05 12:11:13.733,0.93351,0.93373,1.00,1.00
2017.04.05 12:11:14.046,0.93352,0.93375,1.00,1.00
2017.04.05 12:11:14.862,0.93352,0.93374,1.00,1.00
2017.04.05 12:11:15.715,0.93353,0.93375,1.00,1.00
2017.04.05 12:11:16.492,0.93351,0.93374,1.00,1.00
2017.04.05 12:11:16.543,0.93351,0.93376,1.00,1.00
2017.04.05 12:11:17.464,0.93353,0.93379,1.00,1.00
2017.04.05 12:11:17.565,0.93355,0.93379,1.00,1.00
2017.04.05 12:11:19.126,0.93351,0.93375,1.00,1.00
2017.04.05 12:11:19.634,0.9335,0.93373,1.00,1.00
2017.04.05 12:11:20.457,0.93351,0.93374,1.00,1.00
2017.04.05 12:11:20.659,0.93351,0.93376,1.00,1.00
2017.04.05 12:11:25.960,0.93352,0.93374,1.00,1.00
2017.04.05 12:11:33.001,0.93351,0.93376,1.00,1.00
2017.04.05 12:11:33.536,0.93353,0.93375,1.00,1.00
2017.04.05 12:11:33.838,0.93354,0.93378,1.00,1.00
2017.04.05 12:11:35.199,0.93354,0.93376,1.00,1.00
2017.04.05 12:11:36.189,0.93353,0.93376,1.00,1.00
2017.04.05 12:11:39.206,0.93353,0.93375,1.00,1.00
2017.04.05 12:11:40.036,0.93354,0.93376,1.00,1.00
2017.04.05 12:11:42.863,0.93355,0.93377,1.00,1.00
2017.04.05 12:11:43.064,0.93353,0.93377,1.00,1.00
2017.04.05 12:11:43.860,0.93354,0.93375,1.00,1.00
2017.04.05 12:11:47.727,0.93358,0.93379,1.00,1.00
2017.04.05 12:11:47.828,0.93359,0.93381,1.00,1.00
2017.04.05 12:11:48.751,0.93359,0.93383,1.00,1.00
2017.04.05 12:11:48.970,0.93359,0.93381,1.00,1.00
2017.04.05 12:11:49.687,0.93356,0.93378,1.00,1.00
2017.04.05 12:11:49.737,0.93356,0.9338,1.00,1.00
2017.04.05 12:11:50.535,0.93357,0.93381,1.00,1.00
2017.04.05 12:11:52.027,0.93357,0.93379,1.00,1.00
2017.04.05 12:11:54.378,0.93356,0.93379,1.00,1.00
2017.04.05 12:11:54.716,0.93358,0.9338,1.00,1.00
2017.04.05 12:11:55.782,0.93359,0.93381,1.00,1.00
2017.04.05 12:11:58.734,0.93358,0.9338,1.00,1.00
2017.04.05 12:11:59.538,0.93357,0.93379,1.00,1.00
2017.04.05 12:11:59.786,0.93355,0.93379,1.50,1.00
2017.04.05 12:12:00.321,0.93356,0.93378,1.00,1.00
2017.04.05 12:12:01.210,0.93357,0.93379,1.00,1.00
2017.04.05 12:12:01.824,0.93358,0.93382,1.00,1.50
2017.04.05 12:12:03.721,0.93357,0.93379,1.00,1.00
2017.04.05 12:12:06.252,0.93358,0.9338,1.00,1.00
2017.04.05 12:12:07.114,0.93356,0.93381,1.00,1.00
2017.04.05 12:12:07.658,0.93355,0.9338,1.00,1.00
2017.04.05 12:12:08.246,0.93355,0.93381,1.00,1.00
2017.04.05 12:12:09.242,0.93356,0.93379,1.00,1.00
2017.04.05 12:12:10.256,0.93355,0.93381,1.00,1.00
2017.04.05 12:12:12.876,0.93357,0.9338,1.00,1.00
2017.04.05 12:12:13.750,0.93355,0.93379,1.00,1.00
2017.04.05 12:12:14.028,0.93357,0.93379,1.00,1.00
2017.04.05 12:12:15.383,0.93357,0.9338,1.00,1.00
2017.04.05 12:12:18.148,0.93357,0.93381,1.00,1.00
2017.04.05 12:12:19.209,0.93358,0.93381,1.00,1.00
2017.04.05 12:12:19.544,0.9336,0.93382,1.00,1.00
2017.04.05 12:12:19.595,0.9336,0.93384,1.00,1.00
2017.04.05 12:12:20.190,0.93361,0.93385,1.00,1.00
2017.04.05 12:12:20.779,0.93362,0.93385,1.00,1.00
2017.04.05 12:12:21.585,0.93362,0.93386,1.00,1.00
2017.04.05 12:12:21.635,0.93361,0.93383,1.00,1.00
2017.04.05 12:12:22.087,0.93359,0.93384,1.00,1.00
2017.04.05 12:12:24.020,0.9336,0.93382,1.00,1.00
2017.04.05 12:12:30.066,0.93361,0.93383,1.00,1.00
2017.04.05 12:12:30.511,0.93363,0.93384,1.00,1.00
2017.04.05 12:12:33.684,0.93363,0.93385,1.00,1.00
2017.04.05 12:12:34.295,0.9336,0.93384,1.00,1.00
2017.04.05 12:12:35.187,0.93359,0.93383,1.00,1.00
2017.04.05 12:12:36.239,0.93361,0.93383,1.00,1.00
2017.04.05 12:12:36.365,0.93358,0.93384,1.00,1.00
2017.04.05 12:12:37.287,0.93361,0.93383,1.00,1.00
2017.04.05 12:12:39.302,0.93359,0.93384,1.00,1.00
2017.04.05 12:12:39.803,0.93358,0.93384,1.00,1.00
2017.04.05 12:12:42.022,0.93361,0.93384,1.00,1.00
2017.04.05 12:12:45.503,0.93359,0.93382,1.00,1.00
2017.04.05 12:12:50.839,0.93358,0.93384,1.00,1.00
2017.04.05 12:12:51.842,0.9336,0.93383,1.00,1.00
2017.04.05 12:12:52.712,0.93361,0.93383,1.00,1.00
2017.04.05 12:12:53.756,0.9336,0.93382,1.00,1.00
2017.04.05 12:12:54.332,0.93361,0.93383,1.00,1.00
2017.04.05 12:12:54.891,0.93362,0.93384,1.00,1.00
2017.04.05 12:12:55.906,0.93361,0.93384,1.00,1.00
2017.04.05 12:12:56.196,0.93362,0.93386,1.00,1.00
2017.04.05 12:12:59.902,0.9336,0.93382,1.00,1.00
2017.04.05 12:13:00.106,0.93362,0.93385,1.00,1.00
2017.04.05 12:13:04.696,0.93362,0.93386,1.00,1.00
2017.04.05 12:13:07.569,0.93361,0.93383,1.00,1.00
2017.04.05 12:13:12.622,0.93359,0.93383,1.00,1.00
2017.04.05 12:13:16.219,0.93356,0.9338,1.00,1.00
2017.04.05 12:13:16.544,0.93355,0.93377,1.00,1.00
2017.04.05 12:13:17.248,0.93357,0.93379,1.00,1.00
2017.04.05 12:13:17.298,0.93355,0.9338,1.00,1.00
2017.04.05 12:13:17.399,0.93357,0.93379,1.00,1.00
2017.04.05 12:13:17.450,0.93358,0.93382,1.00,1.00
2017.04.05 12:13:18.773,0.93361,0.93383,1.00,1.00
2017.04.05 12:13:21.137,0.93363,0.93385,1.00,1.00
2017.04.05 12:13:22.267,0.93362,0.93384,1.00,1.00
2017.04.05 12:13:22.421,0.93359,0.93384,1.00,1.00
2017.04.05 12:13:23.314,0.93361,0.93385,1.00,1.00
2017.04.05 12:13:24.893,0.93361,0.93384,1.00,1.00
2017.04.05 12:13:33.817,0.9336,0.93382,1.00,1.00
2017.04.05 12:13:34.148,0.93357,0.93379,1.00,1.00
2017.04.05 12:13:34.378,0.93355,0.93379,1.00,1.00
2017.04.05 12:13:38.772,0.93356,0.93381,1.00,1.00
2017.04.05 12:13:38.823,0.93357,0.93383,1.00,1.00
2017.04.05 12:13:38.874,0.93359,0.93381,1.00,1.00
2017.04.05 12:13:40.224,0.9336,0.93382,1.00,1.00
2017.04.05 12:13:42.689,0.93358,0.93383,1.00,1.00
2017.04.05 12:13:43.212,0.93359,0.93383,1.00,1.00
2017.04.05 12:13:43.403,0.93358,0.93381,1.00,1.00
2017.04.05 12:13:43.677,0.93355,0.93379,1.00,1.00
2017.04.05 12:13:44.784,0.93355,0.9338,1.00,1.00
2017.04.05 12:13:45.160,0.93357,0.93379,1.00,1.00
2017.04.05 12:13:45.762,0.93358,0.9338,1.00,1.00
2017.04.05 12:13:46.287,0.93357,0.93381,1.00,1.00
2017.04.05 12:13:46.776,0.93359,0.93382,1.00,1.00
2017.04.05 12:13:47.237,0.93359,0.9338,1.00,1.00
2017.04.05 12:13:47.442,0.93359,0.93382,1.00,1.00
2017.04.05 12:13:48.084,0.9336,0.93383,1.00,1.00
2017.04.05 12:13:49.550,0.93362,0.93387,1.00,1.00
2017.04.05 12:13:49.866,0.93366,0.9339,1.00,1.00
2017.04.05 12:13:50.227,0.93364,0.93387,1.00,1.00
2017.04.05 12:13:50.278,0.93361,0.93386,1.12,1.00
2017.04.05 12:13:50.731,0.9336,0.93383,1.00,1.00
2017.04.05 12:13:53.389,0.93358,0.93383,1.00,1.00
2017.04.05 12:13:53.818,0.93358,0.93381,1.00,1.00
2017.04.05 12:13:53.869,0.93358,0.93383,1.00,1.00
2017.04.05 12:13:53.998,0.9336,0.93383,1.00,1.00
2017.04.05 12:13:54.378,0.93358,0.93383,1.00,1.00
2017.04.05 12:13:54.660,0.9336,0.93383,1.00,1.00
2017.04.05 12:13:55.669,0.93361,0.93384,1.00,1.00
2017.04.05 12:13:58.139,0.93359,0.93385,1.00,1.00
2017.04.05 12:13:58.800,0.9336,0.93386,1.00,1.00
2017.04.05 12:14:00.117,0.93361,0.93385,1.00,1.00
2017.04.05 12:14:00.478,0.93357,0.93381,1.00,1.00
2017.04.05 12:14:00.529,0.93355,0.93381,1.00,1.00
2017.04.05 12:14:00.630,0.93352,0.93376,1.12,1.00
2017.04.05 12:14:00.731,0.93354,0.93379,1.00,1.00
2017.04.05 12:14:01.376,0.93356,0.93379,1.00,1.00
2017.04.05 12:14:02.465,0.93354,0.93378,1.00,1.00
2017.04.05 12:14:02.569,0.93352,0.93378,1.00,1.00
2017.04.05 12:14:03.222,0.93353,0.93378,1.00,1.00
2017.04.05 12:14:03.736,0.93352,0.93379,1.00,1.00
2017.04.05 12:14:04.337,0.93355,0.93378,1.00,1.00
2017.04.05 12:14:05.035,0.93355,0.93379,1.00,1.00
2017.04.05 12:14:05.086,0.93355,0.93385,1.00,1.00
2017.04.05 12:14:05.834,0.93355,0.93384,1.00,1.00
2017.04.05 12:14:06.121,0.93354,0.93387,1.00,1.00
2017.04.05 12:14:06.171,0.93354,0.93382,1.00,1.00
2017.04.05 12:14:07.366,0.93355,0.93385,1.00,1.00
2017.04.05 12:14:07.650,0.9335,0.93376,1.00,1.00
2017.04.05 12:14:07.700,0.93351,0.93379,1.00,1.00
2017.04.05 12:14:08.557,0.93349,0.93378,1.00,1.00
2017.04.05 12:14:09.583,0.93349,0.93377,1.00,1.00
2017.04.05 12:14:09.790,0.93351,0.93378,1.00,1.00
2017.04.05 12:14:10.110,0.93352,0.93375,1.00,1.00
2017.04.05 12:14:10.716,0.93352,0.93377,1.00,1.00
2017.04.05 12:14:15.972,0.93351,0.93374,1.00,1.00
2017.04.05 12:14:17.015,0.9335,0.93374,1.00,1.00
2017.04.05 12:14:18.015,0.93353,0.93377,1.00,1.00
2017.04.05 12:14:20.271,0.93354,0.9338,1.00,1.00
2017.04.05 12:14:20.322,0.93357,0.93381,1.00,1.00
2017.04.05 12:14:20.372,0.93356,0.93384,1.00,1.00
2017.04.05 12:14:20.473,0.93354,0.93381,1.00,1.00
2017.04.05 12:14:20.624,0.93354,0.93384,1.00,1.00
2017.04.05 12:14:20.725,0.93353,0.93382,1.00,1.00
2017.04.05 12:14:20.912,0.93355,0.93385,1.00,1.00
2017.04.05 12:14:25.013,0.93355,0.93386,1.00,1.00
2017.04.05 12:14:26.107,0.93355,0.93383,1.00,1.00
2017.04.05 12:14:29.860,0.93354,0.93382,1.00,1.00
2017.04.05 12:14:30.068,0.93355,0.93384,1.00,1.00
2017.04.05 12:14:30.509,0.93353,0.93385,1.00,1.00
2017.04.05 12:14:31.057,0.93354,0.93385,1.00,1.00
2017.04.05 12:14:32.440,0.93353,0.93384,1.00,1.00
2017.04.05 12:14:32.542,0.93353,0.93386,1.00,1.00
2017.04.05 12:14:33.231,0.93355,0.93385,1.00,1.00
2017.04.05 12:14:33.613,0.93356,0.93382,1.00,1.00
2017.04.05 12:14:33.664,0.93359,0.93388,1.00,1.00
2017.04.05 12:14:33.715,0.93361,0.93389,1.00,1.00
2017.04.05 12:14:34.016,0.93363,0.9339,1.00,1.00
2017.04.05 12:14:35.268,0.93361,0.9339,1.00,1.00
2017.04.05 12:14:35.322,0.93363,0.9339,1.00,1.00
2017.04.05 12:14:35.373,0.9336,0.9339,1.00,1.00
2017.04.05 12:14:36.280,0.93364,0.93389,1.00,1.00
2017.04.05 12:14:36.615,0.93367,0.93391,1.00,1.00
2017.04.05 12:14:40.043,0.93365,0.93391,1.00,1.00
2017.04.05 12:14:40.321,0.93363,0.9339,1.00,1.00
2017.04.05 12:14:40.520,0.93364,0.93394,1.00,1.00
2017.04.05 12:14:40.621,0.93364,0.93397,1.00,1.00
2017.04.05 12:14:40.772,0.93362,0.93394,1.00,1.00
2017.04.05 12:14:41.295,0.93363,0.93394,1.00,1.00
2017.04.05 12:14:41.622,0.93362,0.93392,1.00,1.00
2017.04.05 12:14:41.727,0.93363,0.93395,1.00,1.00
2017.04.05 12:14:41.867,0.93362,0.93392,1.00,1.00
2017.04.05 12:14:42.207,0.93358,0.93393,1.00,1.00
2017.04.05 12:14:42.744,0.93359,0.93392,1.00,1.00
2017.04.05 12:14:44.042,0.93361,0.93392,1.00,1.00
2017.04.05 12:14:44.093,0.93359,0.93395,1.00,1.12
2017.04.05 12:14:45.050,0.93359,0.93393,1.00,1.00
2017.04.05 12:14:45.100,0.93351,0.93397,1.00,1.50
2017.04.05 12:14:45.201,0.93353,0.93402,1.00,1.75
2017.04.05 12:14:45.252,0.93348,0.93406,1.75,1.75
2017.04.05 12:14:45.681,0.93341,0.93403,1.00,1.37
2017.04.05 12:14:45.867,0.93344,0.93406,1.00,1.37
2017.04.05 12:14:46.269,0.93345,0.93407,1.00,1.00
2017.04.05 12:14:46.801,0.93341,0.93405,1.00,1.00
2017.04.05 12:14:47.053,0.93344,0.93408,1.00,1.00
2017.04.05 12:14:47.355,0.9334,0.93404,1.50,1.00
2017.04.05 12:14:47.692,0.93338,0.934,1.00,1.00
2017.04.05 12:14:47.742,0.93343,0.93408,1.00,1.50
2017.04.05 12:14:47.793,0.93347,0.93408,1.00,1.00
2017.04.05 12:14:48.340,0.93347,0.93409,1.00,1.00
2017.04.05 12:14:50.410,0.93341,0.93403,1.00,1.00
2017.04.05 12:14:50.813,0.93344,0.93406,1.00,1.00
2017.04.05 12:14:51.461,0.93346,0.93409,1.00,1.00
2017.04.05 12:14:54.215,0.93344,0.93406,1.00,1.00
2017.04.05 12:14:54.276,0.93346,0.9341,1.00,1.00
2017.04.05 12:14:57.864,0.93343,0.93407,1.00,1.00
2017.04.05 12:14:58.595,0.93349,0.93411,1.00,1.50
2017.04.05 12:14:59.018,0.93343,0.93405,1.00,1.00
2017.04.05 12:14:59.366,0.9334,0.93402,1.00,1.00
2017.04.05 12:15:00.150,0.93253,0.93412,1.00,0.75
2017.04.05 12:15:00.202,0.93247,0.93408,1.00,0.75
2017.04.05 12:15:00.253,0.93324,0.93354,0.75,0.30
2017.04.05 12:15:00.682,0.93322,0.93347,0.75,1.00
2017.04.05 12:15:00.733,0.93263,0.93347,1.00,1.00
2017.04.05 12:15:00.834,0.93257,0.93351,1.00,1.00
2017.04.05 12:15:01.022,0.93278,0.93346,1.00,1.00
2017.04.05 12:15:01.123,0.93268,0.93357,1.00,1.00
2017.04.05 12:15:01.339,0.93273,0.93359,1.00,1.00
2017.04.05 12:15:01.390,0.93273,0.93362,1.00,1.00
2017.04.05 12:15:01.499,0.93268,0.93347,1.00,1.00
2017.04.05 12:15:01.841,0.93274,0.93354,1.00,1.00
2017.04.05 12:15:01.889,0.9329,0.93354,1.00,1.00
2017.04.05 12:15:02.040,0.93294,0.93363,1.00,1.00
2017.04.05 12:15:02.141,0.93292,0.93358,1.00,1.00
2017.04.05 12:15:02.413,0.93293,0.93362,1.00,1.50
2017.04.05 12:15:02.464,0.9329,0.93366,1.00,1.00
2017.04.05 12:15:02.567,0.9329,0.93362,1.00,1.00
2017.04.05 12:15:02.902,0.93297,0.93361,1.00,1.00
2017.04.05 12:15:03.003,0.93289,0.93355,1.00,1.00
2017.04.05 12:15:03.165,0.93289,0.93352,1.50,1.00
2017.04.05 12:15:03.481,0.93284,0.9334,1.00,1.00
2017.04.05 12:15:03.633,0.93287,0.93344,1.00,1.00
2017.04.05 12:15:03.683,0.93284,0.93341,1.00,1.00
2017.04.05 12:15:04.120,0.93291,0.93346,1.00,1.00
2017.04.05 12:15:04.170,0.93291,0.93351,1.00,1.50
2017.04.05 12:15:04.372,0.93287,0.93347,1.50,1.00
2017.04.05 12:15:04.804,0.933,0.93351,1.00,1.00
2017.04.05 12:15:04.854,0.93295,0.93351,1.00,1.00
2017.04.05 12:15:04.905,0.93297,0.93349,1.00,1.00
2017.04.05 12:15:05.315,0.93293,0.93348,1.00,1.00
2017.04.05 12:15:05.516,0.93289,0.93349,1.00,1.00
2017.04.05 12:15:05.567,0.93295,0.93351,1.00,1.50
2017.04.05 12:15:05.908,0.93305,0.93351,1.00,1.00
2017.04.05 12:15:06.213,0.93311,0.93351,1.00,1.00
2017.04.05 12:15:06.422,0.93302,0.93351,1.00,1.00
2017.04.05 12:15:06.523,0.93304,0.93351,1.00,1.00
2017.04.05 12:15:06.573,0.93302,0.93351,1.00,1.00
2017.04.05 12:15:06.624,0.9331,0.93351,1.00,1.00
2017.04.05 12:15:06.724,0.93307,0.93351,1.00,1.00
2017.04.05 12:15:06.775,0.93311,0.93351,1.00,1.00
2017.04.05 12:15:06.976,0.93308,0.93351,1.00,1.00
2017.04.05 12:15:07.185,0.93304,0.93351,1.00,1.00
2017.04.05 12:15:07.236,0.93314,0.93351,1.00,1.00
2017.04.05 12:15:07.338,0.93307,0.93351,1.00,1.00
2017.04.05 12:15:07.389,0.93311,0.93351,1.00,1.00
2017.04.05 12:15:07.440,0.93293,0.93342,1.00,1.00
2017.04.05 12:15:07.545,0.93292,0.93347,1.00,1.00
2017.04.05 12:15:07.595,0.93317,0.93344,1.00,1.00
2017.04.05 12:15:07.646,0.93301,0.93351,1.00,1.00
2017.04.05 12:15:07.696,0.93314,0.93359,1.00,1.00
2017.04.05 12:15:07.931,0.93315,0.93366,1.00,1.00
2017.04.05 12:15:07.981,0.93325,0.93367,1.00,1.00
2017.04.05 12:15:08.333,0.9332,0.93368,1.00,1.00
2017.04.05 12:15:08.384,0.9331,0.93355,1.00,1.00
2017.04.05 12:15:08.485,0.93308,0.93355,1.00,1.00
2017.04.05 12:15:08.636,0.93305,0.93355,1.00,1.00
2017.04.05 12:15:08.918,0.933,0.93354,1.00,1.00
2017.04.05 12:15:09.349,0.93308,0.93362,1.00,1.00
2017.04.05 12:15:09.400,0.93305,0.93361,1.00,1.00
2017.04.05 12:15:09.500,0.93303,0.93359,1.00,1.00
2017.04.05 12:15:09.638,0.93304,0.93363,1.00,2.25
2017.04.05 12:15:09.790,0.93316,0.93366,1.00,1.00
2017.04.05 12:15:09.941,0.93316,0.93368,1.00,1.00
2017.04.05 12:15:10.092,0.93322,0.93368,1.00,1.00
2017.04.05 12:15:10.457,0.93331,0.93376,1.00,1.00
2017.04.05 12:15:10.543,0.93327,0.93373,1.00,1.00
2017.04.05 12:15:10.708,0.9333,0.93377,1.00,1.00
2017.04.05 12:15:10.759,0.93329,0.93369,1.00,1.00
2017.04.05 12:15:10.846,0.93327,0.93377,1.00,1.00
2017.04.05 12:15:11.459,0.93328,0.93377,1.00,1.00
2017.04.05 12:15:11.803,0.93321,0.93364,1.00,1.00
2017.04.05 12:15:12.138,0.93312,0.93356,1.00,1.00
2017.04.05 12:15:12.189,0.93313,0.93353,1.00,1.00
2017.04.05 12:15:12.404,0.93308,0.93355,1.00,1.00
2017.04.05 12:15:12.505,0.93306,0.9335,1.00,1.00
2017.04.05 12:15:13.099,0.93304,0.93349,1.00,1.00
2017.04.05 12:15:13.151,0.93307,0.93348,1.00,1.00
2017.04.05 12:15:13.382,0.93311,0.93353,1.00,1.00
2017.04.05 12:15:13.483,0.93305,0.9335,1.00,1.00
2017.04.05 12:15:14.014,0.93312,0.93352,1.00,1.00
2017.04.05 12:15:14.064,0.93313,0.93355,1.00,1.00
2017.04.05 12:15:14.115,0.93309,0.93352,1.00,1.00
2017.04.05 12:15:14.266,0.93312,0.93356,1.00,1.00
2017.04.05 12:15:14.367,0.93317,0.93359,1.00,1.00
2017.04.05 12:15:14.671,0.93319,0.93359,1.00,1.00
2017.04.05 12:15:15.140,0.93312,0.93354,1.00,1.00
2017.04.05 12:15:15.241,0.93312,0.93352,1.00,1.00
2017.04.05 12:15:15.342,0.93308,0.93351,1.00,1.00
2017.04.05 12:15:15.496,0.93305,0.93346,1.00,1.00
2017.04.05 12:15:15.826,0.9331,0.93349,1.00,1.00
2017.04.05 12:15:16.136,0.93312,0.9335,1.00,1.00
2017.04.05 12:15:16.529,0.93312,0.93348,1.00,1.00
2017.04.05 12:15:16.580,0.93314,0.93353,1.00,1.00
2017.04.05 12:15:16.731,0.93314,0.93348,1.50,1.00
2017.04.05 12:15:17.043,0.93318,0.93351,1.00,1.00
2017.04.05 12:15:17.576,0.93322,0.93356,1.00,1.50
2017.04.05 12:15:18.060,0.93319,0.93354,1.00,1.00
2017.04.05 12:15:18.545,0.93317,0.9335,1.00,1.00
2017.04.05 12:15:18.797,0.93311,0.93346,1.00,1.00
2017.04.05 12:15:18.948,0.93311,0.93343,1.00,1.50
2017.04.05 12:15:19.273,0.93306,0.93331,1.00,1.00
2017.04.05 12:15:19.323,0.933,0.93331,1.00,1.00
2017.04.05 12:15:19.375,0.93299,0.93325,1.00,1.00
2017.04.05 12:15:19.426,0.93295,0.93325,1.00,1.00
2017.04.05 12:15:19.527,0.93292,0.93325,1.00,1.00
2017.04.05 12:15:19.628,0.93294,0.93328,1.50,1.00
2017.04.05 12:15:19.730,0.93297,0.93331,1.00,1.50
2017.04.05 12:15:20.215,0.93301,0.93335,1.00,1.00
2017.04.05 12:15:20.859,0.93301,0.93333,1.00,1.00
2017.04.05 12:15:20.985,0.93301,0.93335,1.00,1.00
2017.04.05 12:15:21.262,0.93303,0.93339,1.00,1.50
2017.04.05 12:15:21.413,0.933,0.93336,1.00,1.00
2017.04.05 12:15:21.864,0.93303,0.93336,1.00,1.00
2017.04.05 12:15:22.015,0.933,0.93336,1.50,1.50
2017.04.05 12:15:22.737,0.93306,0.93336,1.00,1.00
2017.04.05 12:15:22.870,0.93309,0.93341,1.00,1.00
2017.04.05 12:15:23.216,0.93306,0.9334,1.00,1.00
2017.04.05 12:15:25.593,0.93306,0.93338,1.00,1.00
2017.04.05 12:15:26.298,0.93306,0.93339,1.00,1.00
2017.04.05 12:15:26.837,0.93307,0.9334,1.00,1.00
2017.04.05 12:15:27.139,0.93309,0.93343,1.00,1.50
2017.04.05 12:15:27.189,0.93312,0.93343,1.00,1.00
2017.04.05 12:15:27.550,0.93312,0.93345,1.00,1.00
2017.04.05 12:15:27.601,0.93312,0.93343,1.00,1.00
2017.04.05 12:15:27.652,0.93313,0.93347,1.00,1.50
2017.04.05 12:15:27.702,0.93315,0.93347,1.00,1.00
2017.04.05 12:15:28.205,0.93315,0.93346,1.00,1.00
2017.04.05 12:15:28.746,0.93315,0.93348,1.00,1.00
2017.04.05 12:15:29.443,0.93318,0.9335,1.00,1.00
2017.04.05 12:15:29.775,0.93324,0.93354,1.00,1.00
2017.04.05 12:15:29.976,0.93324,0.93356,1.00,1.50
2017.04.05 12:15:30.259,0.93325,0.93358,1.00,1.00
2017.04.05 12:15:30.360,0.93323,0.93357,1.00,1.00
2017.04.05 12:15:30.410,0.93325,0.93357,1.00,1.00
2017.04.05 12:15:30.511,0.93326,0.93359,1.00,1.50
2017.04.05 12:15:31.270,0.93327,0.93359,1.00,1.00
2017.04.05 12:15:31.810,0.93326,0.93359,1.50,1.50
2017.04.05 12:15:31.861,0.93329,0.93362,1.00,2.25
2017.04.05 12:15:32.264,0.93329,0.9336,1.00,1.00
2017.04.05 12:15:32.426,0.93325,0.9336,1.50,1.00
2017.04.05 12:15:32.856,0.93327,0.9336,1.00,1.00
2017.04.05 12:15:33.158,0.93324,0.93352,1.00,1.00
2017.04.05 12:15:33.209,0.9332,0.93351,1.00,1.00
2017.04.05 12:15:33.310,0.93321,0.93353,1.00,1.00
2017.04.05 12:15:33.411,0.93321,0.93355,1.00,1.00
2017.04.05 12:15:33.512,0.93321,0.93352,1.00,1.00
2017.04.05 12:15:33.731,0.93318,0.9335,1.00,1.50
2017.04.05 12:15:34.033,0.93321,0.9335,1.00,1.00
2017.04.05 12:15:34.083,0.93321,0.93353,1.00,1.00
2017.04.05 12:15:34.134,0.93324,0.93353,1.00,1.00
2017.04.05 12:15:34.456,0.93328,0.93353,1.00,1.00
2017.04.05 12:15:34.507,0.93328,0.9336,1.00,1.50
2017.04.05 12:15:34.852,0.93327,0.93358,1.00,1.00
2017.04.05 12:15:34.953,0.93323,0.93358,1.50,1.00
2017.04.05 12:15:35.542,0.93323,0.93353,1.00,1.00
2017.04.05 12:15:35.593,0.9332,0.93353,1.00,1.50
2017.04.05 12:15:35.694,0.93318,0.93351,1.00,1.00
2017.04.05 12:15:35.996,0.93315,0.93347,1.00,1.50
2017.04.05 12:15:36.463,0.93313,0.93346,1.00,1.50
2017.04.05 12:15:36.664,0.93315,0.93346,1.00,1.00
2017.04.05 12:15:37.071,0.93316,0.93349,1.00,1.00
2017.04.05 12:15:37.623,0.93317,0.93349,1.00,1.00
2017.04.05 12:15:38.441,0.9332,0.93352,1.00,1.00
2017.04.05 12:15:38.745,0.93322,0.93355,1.00,1.00
2017.04.05 12:15:39.480,0.93323,0.93355,1.00,1.00
2017.04.05 12:15:39.581,0.93323,0.93357,1.00,1.00
2017.04.05 12:15:39.942,0.93325,0.93359,1.00,1.50
2017.04.05 12:15:40.518,0.93326,0.93359,1.00,1.00
2017.04.05 12:15:41.067,0.93326,0.9336,1.00,2.25
2017.04.05 12:15:41.619,0.93328,0.9336,1.00,1.00
2017.04.05 12:15:42.213,0.93336,0.9336,1.00,1.00
2017.04.05 12:15:42.314,0.93337,0.93369,1.00,1.50
2017.04.05 12:15:42.365,0.93337,0.93373,1.00,1.50
2017.04.05 12:15:44.303,0.9334,0.93373,1.00,1.00
2017.04.05 12:15:44.948,0.93342,0.93372,1.00,1.00
2017.04.05 12:15:45.252,0.9334,0.9337,1.00,1.00
2017.04.05 12:15:46.063,0.9334,0.93369,1.00,1.00
2017.04.05 12:15:46.216,0.93332,0.93362,1.00,1.00
2017.04.05 12:15:46.418,0.93331,0.9336,1.00,1.00
2017.04.05 12:15:46.742,0.93335,0.93362,1.00,1.00
2017.04.05 12:15:46.793,0.93336,0.93364,1.00,1.00
2017.04.05 12:15:46.893,0.93336,0.93366,1.00,1.00
2017.04.05 12:15:47.339,0.93334,0.93363,1.00,1.00
2017.04.05 12:15:47.490,0.93321,0.93351,1.50,1.00
2017.04.05 12:15:47.541,0.93321,0.93348,1.00,1.00
2017.04.05 12:15:47.742,0.93319,0.93348,1.00,1.00
2017.04.05 12:15:48.092,0.93317,0.93347,1.00,1.00
2017.04.05 12:15:48.573,0.93319,0.93348,1.00,1.00
2017.04.05 12:15:48.624,0.93317,0.93347,1.00,1.00
2017.04.05 12:15:48.725,0.93319,0.93348,1.00,1.00
2017.04.05 12:15:48.775,0.93316,0.93348,1.00,1.50
2017.04.05 12:15:49.128,0.93315,0.93345,1.00,1.00
2017.04.05 12:15:49.658,0.93314,0.93344,1.00,1.00
2017.04.05 12:15:50.092,0.93312,0.93342,1.00,1.00
2017.04.05 12:15:50.408,0.93309,0.93341,1.00,1.00
2017.04.05 12:15:50.599,0.93308,0.93338,1.00,1.00
2017.04.05 12:15:50.750,0.93304,0.93337,1.00,1.00
2017.04.05 12:15:50.800,0.93302,0.93335,1.60,1.00
2017.04.05 12:15:51.310,0.9331,0.93338,1.00,1.00
2017.04.05 12:15:51.360,0.9331,0.93341,1.00,1.00
2017.04.05 12:15:51.411,0.9331,0.93344,1.00,1.00
2017.04.05 12:15:51.562,0.9331,0.93344,1.60,1.00
2017.04.05 12:15:51.612,0.93312,0.93347,1.35,1.00
2017.04.05 12:15:52.116,0.93314,0.93347,1.00,1.00
2017.04.05 12:15:52.513,0.93317,0.93347,1.00,1.50
2017.04.05 12:15:53.111,0.93317,0.93349,1.00,1.00
2017.04.05 12:15:54.691,0.93317,0.93348,1.00,1.00
2017.04.05 12:15:55.191,0.93318,0.93346,1.00,1.00
2017.04.05 12:15:55.982,0.93314,0.93346,1.00,1.00
2017.04.05 12:15:56.033,0.93311,0.9334,1.00,1.00
2017.04.05 12:15:56.134,0.93306,0.93336,1.50,1.00
2017.04.05 12:15:57.006,0.93306,0.93338,1.00,1.00
2017.04.05 12:15:57.057,0.93307,0.93335,1.00,1.00
2017.04.05 12:15:57.516,0.93304,0.93333,1.00,1.00
2017.04.05 12:15:58.513,0.93303,0.93334,1.00,1.00
2017.04.05 12:15:58.683,0.93308,0.93339,1.00,1.50
2017.04.05 12:15:59.348,0.93307,0.93339,1.00,1.00
2017.04.05 12:15:59.879,0.93305,0.93337,1.00,1.00
2017.04.05 12:16:00.211,0.93307,0.93339,1.00,1.00
2017.04.05 12:16:00.513,0.93307,0.93337,1.00,1.00
2017.04.05 12:16:00.884,0.93307,0.93335,1.00,1.00
2017.04.05 12:16:00.935,0.93305,0.93335,1.00,1.00
2017.04.05 12:16:01.136,0.93303,0.93335,1.00,1.00
2017.04.05 12:16:01.582,0.93303,0.93332,1.00,1.00
2017.04.05 12:16:01.885,0.93298,0.93327,1.50,1.00
2017.04.05 12:16:01.935,0.93296,0.93326,1.00,1.00
2017.04.05 12:16:01.986,0.93294,0.93324,1.00,1.00
2017.04.05 12:16:02.339,0.93291,0.93322,1.37,1.00
2017.04.05 12:16:02.390,0.93294,0.93324,1.00,1.00
2017.04.05 12:16:02.958,0.93292,0.93321,1.00,1.00
2017.04.05 12:16:03.398,0.93293,0.93323,1.00,1.00
2017.04.05 12:16:03.837,0.93296,0.93328,1.00,1.50
2017.04.05 12:16:03.888,0.93295,0.93324,1.00,1.00
2017.04.05 12:16:04.549,0.9329,0.9332,1.00,1.00
2017.04.05 12:16:04.600,0.9329,0.93322,1.35,1.00
2017.04.05 12:16:04.883,0.9329,0.9332,1.00,1.00
2017.04.05 12:16:05.879,0.9329,0.93319,1.00,1.00
2017.04.05 12:16:06.253,0.93291,0.93317,1.00,1.00
2017.04.05 12:16:07.048,0.93294,0.9332,1.00,1.00
2017.04.05 12:16:07.098,0.93295,0.93322,1.00,1.00
2017.04.05 12:16:07.200,0.93295,0.9332,1.00,1.00
2017.04.05 12:16:07.301,0.93292,0.93319,1.00,1.00
2017.04.05 12:16:07.815,0.93291,0.93318,1.00,1.00
2017.04.05 12:16:08.378,0.93293,0.93318,1.00,1.00
2017.04.05 12:16:08.479,0.93291,0.93317,1.00,1.00
2017.04.05 12:16:08.580,0.93281,0.93313,1.00,1.00
2017.04.05 12:16:08.630,0.93281,0.93311,1.00,1.00
2017.04.05 12:16:08.932,0.93276,0.93306,1.00,1.00
2017.04.05 12:16:09.918,0.93278,0.93308,1.00,1.00
2017.04.05 12:16:09.972,0.93276,0.93308,1.00,1.00
2017.04.05 12:16:10.073,0.93276,0.93306,1.00,1.00
2017.04.05 12:16:10.380,0.93277,0.93309,1.00,1.00
2017.04.05 12:16:12.215,0.93276,0.93308,1.00,1.00
2017.04.05 12:16:12.859,0.93276,0.93305,1.00,1.00
2017.04.05 12:16:13.010,0.93274,0.93304,1.00,1.00
2017.04.05 12:16:13.513,0.93272,0.93302,1.00,1.00
2017.04.05 12:16:13.563,0.93268,0.93299,1.50,1.00
2017.04.05 12:16:13.800,0.93277,0.93302,1.00,1.00
2017.04.05 12:16:13.851,0.93274,0.93304,1.00,1.00
2017.04.05 12:16:13.901,0.93272,0.93302,1.00,1.00
2017.04.05 12:16:14.203,0.93276,0.93306,1.00,1.00
2017.04.05 12:16:14.672,0.93274,0.93306,1.00,1.00
2017.04.05 12:16:14.823,0.93277,0.93307,1.00,1.00
2017.04.05 12:16:15.333,0.93276,0.93307,1.00,1.00
2017.04.05 12:16:15.584,0.93278,0.9331,1.00,1.50
2017.04.05 12:16:16.113,0.93284,0.93313,1.00,1.50
2017.04.05 12:16:16.364,0.93286,0.93318,1.00,1.00
2017.04.05 12:16:16.465,0.9329,0.93319,1.00,1.50
2017.04.05 12:16:17.458,0.93291,0.9332,1.00,1.00
2017.04.05 12:16:17.609,0.93291,0.93323,1.00,1.00
2017.04.05 12:16:18.403,0.93294,0.93324,1.00,1.00
2017.04.05 12:16:19.047,0.93293,0.93323,1.00,1.00
2017.04.05 12:16:19.961,0.93291,0.93321,1.00,1.00
2017.04.05 12:16:21.189,0.93289,0.93319,1.00,1.00
2017.04.05 12:16:21.769,0.93287,0.93319,1.00,1.00
2017.04.05 12:16:21.820,0.93289,0.93319,1.00,1.00
2017.04.05 12:16:22.183,0.93291,0.9332,1.00,1.00
2017.04.05 12:16:22.234,0.93291,0.93323,1.00,1.50
2017.04.05 12:16:22.285,0.93289,0.93321,1.00,1.00
2017.04.05 12:16:22.968,0.93292,0.93322,1.00,1.00
2017.04.05 12:16:23.180,0.93289,0.93321,1.00,1.00
2017.04.05 12:16:23.788,0.93295,0.93325,1.00,2.25
2017.04.05 12:16:24.090,0.93297,0.93325,1.00,1.00
2017.04.05 12:16:24.192,0.93297,0.93327,1.00,1.00
2017.04.05 12:16:24.243,0.93302,0.93331,1.00,1.00
2017.04.05 12:16:24.571,0.93306,0.93332,1.00,1.00
2017.04.05 12:16:24.842,0.93307,0.93339,1.35,1.00
2017.04.05 12:16:25.349,0.93306,0.93338,1.00,1.00
2017.04.05 12:16:25.400,0.93308,0.93338,1.00,1.00
2017.04.05 12:16:25.717,0.93306,0.93338,1.00,1.00
2017.04.05 12:16:26.275,0.93307,0.93339,1.00,1.00
2017.04.05 12:16:26.985,0.93308,0.9334,1.00,1.00
2017.04.05 12:16:27.628,0.93308,0.93338,1.00,1.00
2017.04.05 12:16:28.158,0.93305,0.93336,1.00,1.00
2017.04.05 12:16:28.685,0.93308,0.93337,1.00,1.00
2017.04.05 12:16:29.037,0.93309,0.93341,1.00,1.37
2017.04.05 12:16:29.625,0.9331,0.93341,1.00,1.37
2017.04.05 12:16:30.130,0.9331,0.93341,1.00,1.00
2017.04.05 12:16:31.040,0.93308,0.9334,1.50,1.00
2017.04.05 12:16:32.274,0.9331,0.93338,1.00,1.00
2017.04.05 12:16:33.285,0.93313,0.93338,1.00,1.00
2017.04.05 12:16:33.336,0.93314,0.93341,1.00,1.00
2017.04.05 12:16:33.437,0.93316,0.93342,1.00,1.00
2017.04.05 12:16:33.951,0.9331,0.9334,1.00,1.00
2017.04.05 12:16:34.001,0.93309,0.93337,1.00,1.00
2017.04.05 12:16:34.303,0.93312,0.93339,1.00,1.00
2017.04.05 12:16:34.642,0.93315,0.93341,1.00,1.00
2017.04.05 12:16:35.581,0.93317,0.93342,1.00,1.00
2017.04.05 12:16:36.038,0.93319,0.93345,1.00,1.00
2017.04.05 12:16:36.583,0.9332,0.93345,1.00,1.00
2017.04.05 12:16:36.788,0.93318,0.93345,1.00,1.00
2017.04.05 12:16:37.048,0.93321,0.93348,1.00,1.00
2017.04.05 12:16:37.769,0.93322,0.93349,1.00,1.00
2017.04.05 12:16:38.071,0.93326,0.93351,1.00,1.00
2017.04.05 12:16:38.172,0.93323,0.93349,1.00,1.00
2017.04.05 12:16:38.374,0.93323,0.93351,1.00,1.00
2017.04.05 12:16:38.833,0.93323,0.93349,1.00,1.00
2017.04.05 12:16:39.186,0.93322,0.93347,1.00,1.00
2017.04.05 12:16:39.545,0.93324,0.93349,1.00,1.00
2017.04.05 12:16:40.222,0.93322,0.93349,1.00,1.00
2017.04.05 12:16:40.458,0.93314,0.93348,1.00,1.00
2017.04.05 12:16:40.509,0.93315,0.9334,1.00,1.00
2017.04.05 12:16:40.824,0.93313,0.93338,1.00,1.00
2017.04.05 12:16:41.076,0.93315,0.93341,1.00,1.00
2017.04.05 12:16:42.054,0.93316,0.93341,1.00,1.00
2017.04.05 12:16:42.105,0.93318,0.93343,1.00,1.00
2017.04.05 12:16:42.206,0.93318,0.93345,1.00,1.00
2017.04.05 12:16:42.257,0.93319,0.93347,1.00,1.00
2017.04.05 12:16:42.769,0.93319,0.93346,1.00,1.00
2017.04.05 12:16:43.061,0.93318,0.93344,1.00,1.00
2017.04.05 12:16:43.574,0.93317,0.93344,1.00,1.00
2017.04.05 12:16:43.927,0.93319,0.93346,1.00,1.00
2017.04.05 12:16:44.232,0.93321,0.93347,1.00,1.00
2017.04.05 12:16:44.534,0.93318,0.93347,1.00,1.00
2017.04.05 12:16:45.502,0.93318,0.93346,1.00,1.00
2017.04.05 12:16:45.653,0.93317,0.93344,1.00,1.00
2017.04.05 12:16:46.367,0.93316,0.93342,1.00,1.00
2017.04.05 12:16:46.670,0.93313,0.93341,1.00,1.00
2017.04.05 12:16:46.721,0.93315,0.93343,1.00,1.00
2017.04.05 12:16:46.788,0.93313,0.93345,1.00,1.00
2017.04.05 12:16:46.839,0.93315,0.93343,1.00,1.00
2017.04.05 12:16:46.940,0.93313,0.93346,1.00,1.00
2017.04.05 12:16:46.993,0.93315,0.93342,1.00,1.00
2017.04.05 12:16:47.861,0.93313,0.9334,1.00,1.00
2017.04.05 12:16:48.063,0.93311,0.93339,1.00,1.00
2017.04.05 12:16:48.266,0.93313,0.93339,1.00,1.00
2017.04.05 12:16:48.470,0.93313,0.93345,1.00,1.00
2017.04.05 12:16:48.723,0.93315,0.93346,1.00,1.00
2017.04.05 12:16:49.119,0.93313,0.93346,1.00,1.00
2017.04.05 12:16:49.587,0.93314,0.93343,1.00,1.00
2017.04.05 12:16:49.738,0.93313,0.93346,1.00,1.00
2017.04.05 12:16:49.908,0.93314,0.93341,1.00,1.00
2017.04.05 12:16:50.675,0.93314,0.93343,1.00,1.00
2017.04.05 12:16:51.731,0.93315,0.93342,1.00,1.00
2017.04.05 12:16:52.695,0.93314,0.93341,1.00,1.00
2017.04.05 12:16:53.134,0.93316,0.93343,1.00,1.00
2017.04.05 12:16:53.444,0.93316,0.93341,1.00,1.00
2017.04.05 12:16:53.715,0.93314,0.93341,1.00,1.00
2017.04.05 12:16:53.988,0.93313,0.93338,1.00,1.00
2017.04.05 12:16:54.311,0.93315,0.9334,1.00,1.00
2017.04.05 12:16:54.361,0.93314,0.93346,1.00,1.00
2017.04.05 12:16:54.412,0.93318,0.93349,1.00,1.00
2017.04.05 12:16:54.714,0.93314,0.93343,1.00,1.00
2017.04.05 12:16:54.933,0.93313,0.93346,1.00,1.00
2017.04.05 12:16:55.311,0.93313,0.93343,1.00,1.00
2017.04.05 12:16:55.512,0.93312,0.93345,1.00,1.00
2017.04.05 12:16:55.563,0.93315,0.93345,1.00,1.00
2017.04.05 12:16:55.934,0.93313,0.93345,1.00,1.00
2017.04.05 12:16:55.984,0.93318,0.93345,1.00,1.00
2017.04.05 12:16:56.035,0.93318,0.93348,1.00,1.12
2017.04.05 12:16:56.136,0.93318,0.9335,1.00,1.00
2017.04.05 12:16:56.647,0.93318,0.93349,1.00,1.00
2017.04.05 12:16:56.975,0.93318,0.93347,1.00,1.00
2017.04.05 12:16:57.201,0.93315,0.93346,1.00,1.00
2017.04.05 12:16:57.705,0.93315,0.93345,1.00,1.00
2017.04.05 12:16:58.222,0.93316,0.93346,1.00,1.00
2017.04.05 12:16:58.359,0.93314,0.93345,1.00,1.00
2017.04.05 12:16:58.621,0.93315,0.93342,1.00,1.00
2017.04.05 12:16:59.057,0.93315,0.9334,1.00,1.00
2017.04.05 12:16:59.309,0.93313,0.93343,1.50,1.00
2017.04.05 12:16:59.574,0.93315,0.93341,1.00,1.00
2017.04.05 12:17:00.293,0.93316,0.93341,1.00,1.00
2017.04.05 12:17:00.830,0.93313,0.93339,1.00,1.00
2017.04.05 12:17:01.039,0.93311,0.93337,1.00,1.00
2017.04.05 12:17:01.822,0.93311,0.93339,1.00,1.00
2017.04.05 12:17:02.005,0.93313,0.93337,1.00,1.00
2017.04.05 12:17:02.260,0.93313,0.93339,1.00,1.00
2017.04.05 12:17:02.311,0.93315,0.93341,1.00,1.00
2017.04.05 12:17:02.614,0.93321,0.93347,1.00,1.00
2017.04.05 12:17:02.917,0.93323,0.93349,1.00,1.00
2017.04.05 12:17:03.358,0.93326,0.93352,1.00,1.00
2017.04.05 12:17:03.522,0.93322,0.9335,1.00,1.00
2017.04.05 12:17:03.673,0.93325,0.93351,1.00,1.00
2017.04.05 12:17:04.297,0.93326,0.93352,1.00,1.00
2017.04.05 12:17:04.862,0.93325,0.93351,1.00,1.00
2017.04.05 12:17:05.338,0.93327,0.93353,1.00,1.00
2017.04.05 12:17:05.540,0.93327,0.93355,1.00,1.00
2017.04.05 12:17:05.741,0.9333,0.93356,1.00,1.00
2017.04.05 12:17:06.099,0.93332,0.93358,1.00,1.00
2017.04.05 12:17:06.430,0.93329,0.93355,1.00,1.00
2017.04.05 12:17:06.982,0.93328,0.93354,1.00,1.00
2017.04.05 12:17:07.305,0.93326,0.93352,1.00,1.00
2017.04.05 12:17:07.606,0.93324,0.9335,1.00,1.00
2017.04.05 12:17:08.314,0.93323,0.9335,1.00,1.00
2017.04.05 12:17:08.480,0.93326,0.93354,1.00,1.35
2017.04.05 12:17:08.531,0.93324,0.93352,1.00,1.00
2017.04.05 12:17:08.833,0.93311,0.93339,1.00,1.00
2017.04.05 12:17:09.157,0.93309,0.93337,1.50,1.00
2017.04.05 12:17:09.308,0.93311,0.93339,1.00,1.00
2017.04.05 12:17:09.546,0.93314,0.9334,1.00,1.00
2017.04.05 12:17:09.959,0.93312,0.93338,1.00,1.00
2017.04.05 12:17:11.161,0.9331,0.93338,1.00,1.00
2017.04.05 12:17:11.626,0.93312,0.93338,1.00,1.00
2017.04.05 12:17:12.210,0.93314,0.9334,1.00,1.00
2017.04.05 12:17:13.241,0.9331,0.93336,1.00,1.00
2017.04.05 12:17:13.754,0.93309,0.93335,1.00,1.00
2017.04.05 12:17:14.265,0.93306,0.93334,1.00,1.00
2017.04.05 12:17:15.077,0.93305,0.93331,1.00,1.00
2017.04.05 12:17:15.279,0.93306,0.93333,1.00,1.00
2017.04.05 12:17:15.430,0.93305,0.93331,1.00,1.00
2017.04.05 12:17:16.257,0.93303,0.93331,1.00,1.00
2017.04.05 12:17:16.308,0.93306,0.93332,1.00,1.00
2017.04.05 12:17:16.610,0.93308,0.93334,1.00,1.00
2017.04.05 12:17:17.543,0.93307,0.93333,1.00,1.00
2017.04.05 12:17:18.195,0.93309,0.93337,1.00,1.00
2017.04.05 12:17:18.246,0.93308,0.93334,1.00,1.00
2017.04.05 12:17:18.409,0.93305,0.93338,1.00,1.75
2017.04.05 12:17:18.943,0.93304,0.93335,1.00,1.12
2017.04.05 12:17:19.602,0.93307,0.93333,1.00,1.00
2017.04.05 12:17:20.136,0.93306,0.93334,1.00,1.00
2017.04.05 12:17:20.517,0.93305,0.93331,1.00,1.00
2017.04.05 12:17:20.669,0.93303,0.93334,1.00,1.00
2017.04.05 12:17:20.719,0.93301,0.93332,1.00,1.00
2017.04.05 12:17:21.047,0.93297,0.93328,1.00,1.00
2017.04.05 12:17:21.350,0.93291,0.93322,1.00,1.75
2017.04.05 12:17:21.652,0.93293,0.93324,1.00,1.75
2017.04.05 12:17:22.046,0.93293,0.93324,1.00,1.00
2017.04.05 12:17:22.414,0.93295,0.93326,1.00,1.12
2017.04.05 12:17:22.716,0.93299,0.93327,1.00,1.50
2017.04.05 12:17:22.817,0.93299,0.9333,1.00,1.50
2017.04.05 12:17:23.051,0.93302,0.9333,1.00,1.00
2017.04.05 12:17:23.152,0.93302,0.93333,1.00,1.00
2017.04.05 12:17:23.659,0.93303,0.93334,1.00,1.00
2017.04.05 12:17:23.911,0.933,0.93332,1.00,1.00
2017.04.05 12:17:24.165,0.93302,0.93333,1.00,1.50
2017.04.05 12:17:24.467,0.93299,0.9333,1.00,1.00
2017.04.05 12:17:25.068,0.93296,0.93329,1.00,1.00
2017.04.05 12:17:25.373,0.93296,0.93326,1.00,1.00
2017.04.05 12:17:26.307,0.93295,0.93328,1.00,1.00
2017.04.05 12:17:27.410,0.93299,0.9333,1.00,1.12
2017.04.05 12:17:27.612,0.93301,0.93333,1.00,1.00
2017.04.05 12:17:27.810,0.933,0.93331,1.00,1.00
2017.04.05 12:17:28.858,0.93301,0.93332,1.00,1.00
2017.04.05 12:17:29.399,0.93301,0.93332,1.00,1.87
2017.04.05 12:17:29.953,0.93301,0.93332,1.00,1.50
2017.04.05 12:17:30.205,0.93294,0.93327,1.00,1.00
2017.04.05 12:17:30.356,0.93299,0.9333,1.00,1.00
2017.04.05 12:17:31.013,0.93299,0.93329,1.00,1.00
2017.04.05 12:17:31.848,0.933,0.9333,1.00,1.12
2017.04.05 12:17:32.393,0.93301,0.9333,1.00,1.12
2017.04.05 12:17:34.537,0.93302,0.93332,1.00,1.12
2017.04.05 12:17:34.588,0.93302,0.9333,1.00,1.00
2017.04.05 12:17:35.159,0.93297,0.93329,1.60,1.00
2017.04.05 12:17:35.209,0.93298,0.93328,1.00,1.50
2017.04.05 12:17:35.725,0.93299,0.93331,1.00,2.25
2017.04.05 12:17:35.958,0.93299,0.93331,1.00,1.00
2017.04.05 12:17:36.059,0.93302,0.93332,1.00,1.00
2017.04.05 12:17:36.776,0.93303,0.93333,1.00,1.00
2017.04.05 12:17:37.309,0.93302,0.93332,1.00,1.00
2017.04.05 12:17:37.617,0.933,0.9333,1.00,1.00
2017.04.05 12:17:37.932,0.93302,0.9333,1.00,1.00
2017.04.05 12:17:39.278,0.933,0.93329,1.00,1.00
2017.04.05 12:17:39.328,0.93299,0.93327,1.00,1.00
2017.04.05 12:17:39.674,0.93297,0.93325,1.00,1.00
2017.04.05 12:17:39.926,0.93298,0.93329,1.00,1.00
2017.04.05 12:17:40.337,0.93302,0.93332,1.00,1.50
2017.04.05 12:17:40.388,0.933,0.93331,1.00,1.00
2017.04.05 12:17:41.055,0.93301,0.93331,1.00,1.00
2017.04.05 12:17:41.835,0.933,0.93331,1.00,1.00
2017.04.05 12:17:42.902,0.933,0.93328,1.00,1.00
2017.04.05 12:17:42.952,0.93298,0.93327,1.00,1.00
2017.04.05 12:17:43.915,0.93298,0.93326,1.00,1.00
2017.04.05 12:17:44.142,0.93295,0.93325,1.00,1.00
2017.04.05 12:17:45.546,0.93294,0.93325,1.00,1.00
2017.04.05 12:17:46.809,0.93295,0.93323,1.00,1.00
2017.04.05 12:17:48.221,0.93297,0.93321,1.00,1.00
2017.04.05 12:17:48.735,0.93296,0.9332,1.00,1.00
2017.04.05 12:17:48.836,0.93296,0.93322,1.00,1.00
2017.04.05 12:17:48.987,0.93295,0.93325,1.00,1.00
2017.04.05 12:17:49.644,0.93297,0.93327,1.00,1.50
2017.04.05 12:17:50.698,0.93297,0.93326,1.00,1.00
2017.04.05 12:17:51.227,0.93296,0.93324,1.00,1.00
2017.04.05 12:17:52.101,0.93298,0.93322,1.00,1.00
2017.04.05 12:17:52.264,0.93293,0.9332,1.00,1.00
2017.04.05 12:17:52.617,0.93295,0.93319,1.00,1.00
2017.04.05 12:17:52.718,0.93293,0.9332,1.00,1.00
2017.04.05 12:17:53.826,0.93292,0.9332,1.00,1.50
2017.04.05 12:17:54.005,0.93294,0.93322,1.00,1.00
2017.04.05 12:17:54.105,0.93294,0.93324,1.00,1.00
2017.04.05 12:17:54.508,0.93294,0.93322,1.00,1.00
2017.04.05 12:17:54.832,0.93293,0.93319,1.00,1.00
2017.04.05 12:17:55.160,0.93296,0.93319,1.00,1.00
2017.04.05 12:17:55.311,0.93298,0.93323,1.00,1.00
2017.04.05 12:17:55.767,0.93295,0.93323,1.00,1.00
2017.04.05 12:17:55.818,0.93295,0.9332,1.00,1.00
2017.04.05 12:17:56.358,0.93294,0.93319,1.00,1.00
2017.04.05 12:17:56.709,0.93296,0.9332,1.00,1.00
2017.04.05 12:17:57.158,0.93294,0.93318,1.00,1.00
2017.04.05 12:17:59.234,0.93294,0.93319,1.00,1.00
2017.04.05 12:18:00.114,0.93294,0.9332,1.00,1.00
2017.04.05 12:18:00.962,0.93294,0.93319,1.00,1.00
2017.04.05 12:18:01.635,0.93291,0.9332,1.00,1.00
2017.04.05 12:18:01.730,0.93294,0.93317,1.00,1.00
2017.04.05 12:18:01.838,0.93294,0.93321,1.00,1.00
2017.04.05 12:18:01.889,0.93295,0.93323,1.00,1.00
2017.04.05 12:18:02.225,0.93293,0.9332,1.00,1.00
2017.04.05 12:18:02.822,0.93293,0.93322,1.00,1.00
2017.04.05 12:18:03.334,0.93291,0.93319,1.00,1.00
2017.04.05 12:18:04.212,0.93291,0.93318,1.00,1.00
2017.04.05 12:18:04.313,0.93292,0.93321,1.00,1.00
2017.04.05 12:18:04.875,0.93293,0.93321,1.00,1.00
2017.04.05 12:18:05.376,0.93292,0.93321,1.00,1.00
2017.04.05 12:18:06.329,0.93293,0.93321,1.00,1.50
2017.04.05 12:18:06.901,0.93292,0.93321,1.00,1.50
2017.04.05 12:18:07.246,0.9329,0.93317,1.00,1.00
2017.04.05 12:18:08.298,0.93288,0.93317,1.50,1.00
2017.04.05 12:18:08.914,0.93287,0.93316,1.00,1.00
2017.04.05 12:18:09.805,0.93287,0.93315,1.00,1.00
2017.04.05 12:18:10.597,0.93287,0.93315,1.00,1.60
2017.04.05 12:18:10.648,0.93287,0.93308,1.00,1.00
2017.04.05 12:18:10.799,0.93278,0.93308,1.00,1.00
2017.04.05 12:18:11.006,0.93273,0.93303,1.00,1.00
2017.04.05 12:18:11.313,0.93272,0.93301,1.00,1.00
2017.04.05 12:18:11.863,0.93273,0.93301,1.00,1.00
2017.04.05 12:18:12.505,0.93274,0.93302,1.00,1.75
2017.04.05 12:18:13.133,0.93275,0.93302,1.00,1.75
2017.04.05 12:18:13.642,0.93274,0.93302,1.00,1.75
2017.04.05 12:18:14.110,0.9327,0.93299,1.00,1.00
2017.04.05 12:18:14.453,0.93269,0.93296,1.00,1.00
2017.04.05 12:18:15.192,0.93268,0.93296,1.00,1.00
2017.04.05 12:18:15.743,0.93267,0.93296,1.00,1.00
2017.04.05 12:18:16.211,0.9327,0.93297,1.00,1.00
2017.04.05 12:18:18.791,0.93269,0.93297,1.00,1.00
2017.04.05 12:18:19.895,0.93272,0.93298,1.00,1.00
2017.04.05 12:18:20.692,0.93267,0.93296,1.50,1.00
2017.04.05 12:18:21.230,0.93267,0.93296,1.50,1.00
2017.04.05 12:18:21.432,0.9327,0.93297,1.00,1.00
2017.04.05 12:18:21.959,0.93269,0.93297,1.00,1.00
2017.04.05 12:18:22.465,0.93269,0.93298,1.00,1.00
2017.04.05 12:18:22.820,0.93272,0.93299,1.00,1.00
2017.04.05 12:18:23.325,0.93271,0.93298,1.50,1.00
2017.04.05 12:18:23.653,0.93271,0.93296,1.00,1.00
2017.04.05 12:18:24.125,0.93271,0.93298,1.00,1.00
2017.04.05 12:18:24.346,0.93268,0.93298,1.00,1.00
2017.04.05 12:18:24.448,0.93275,0.93301,1.00,1.00
2017.04.05 12:18:24.549,0.93275,0.93303,1.00,1.50
2017.04.05 12:18:24.649,0.93277,0.93304,1.00,1.50
2017.04.05 12:18:24.911,0.9328,0.93308,1.00,1.00
2017.04.05 12:18:24.961,0.93283,0.93308,1.00,1.00
2017.04.05 12:18:25.012,0.93288,0.93315,1.00,1.00
2017.04.05 12:18:25.113,0.93286,0.93318,1.00,1.50
2017.04.05 12:18:25.213,0.93284,0.93315,1.00,1.00
2017.04.05 12:18:25.315,0.93286,0.93318,1.00,1.00
2017.04.05 12:18:25.857,0.93287,0.9332,1.00,1.00
2017.04.05 12:18:26.135,0.93285,0.93318,3.00,1.00
2017.04.05 12:18:26.437,0.93285,0.93314,2.25,1.00
2017.04.05 12:18:26.831,0.93279,0.9331,1.50,1.00
2017.04.05 12:18:27.361,0.93278,0.9331,1.50,1.00
2017.04.05 12:18:27.896,0.93278,0.93311,1.50,1.50
2017.04.05 12:18:28.185,0.9328,0.9331,1.00,1.00
2017.04.05 12:18:29.077,0.93279,0.93308,1.00,1.00
2017.04.05 12:18:29.617,0.93278,0.93307,1.00,1.00
2017.04.05 12:18:30.128,0.93276,0.93305,1.00,1.00
2017.04.05 12:18:30.472,0.93275,0.93302,1.00,1.00
2017.04.05 12:18:30.974,0.93277,0.93304,1.00,1.00
2017.04.05 12:18:31.176,0.93269,0.93308,1.35,1.00
2017.04.05 12:18:31.396,0.93277,0.93304,1.00,1.00
2017.04.05 12:18:31.446,0.93275,0.93304,1.00,1.00
2017.04.05 12:18:31.698,0.93274,0.93307,1.00,1.50
2017.04.05 12:18:31.749,0.93276,0.93307,1.00,1.50
2017.04.05 12:18:32.218,0.93276,0.93305,1.00,1.00
2017.04.05 12:18:32.762,0.93278,0.93307,1.00,1.50
2017.04.05 12:18:33.386,0.93279,0.93307,1.00,1.50
2017.04.05 12:18:33.589,0.93278,0.93309,1.00,1.00
2017.04.05 12:18:33.690,0.93277,0.93305,1.00,1.00
2017.04.05 12:18:33.992,0.93278,0.93307,1.00,1.00
2017.04.05 12:18:34.974,0.93276,0.93307,1.50,1.00
2017.04.05 12:18:35.074,0.93276,0.93305,1.50,1.00
2017.04.05 12:18:35.886,0.93277,0.93306,1.12,1.00
2017.04.05 12:18:36.394,0.93276,0.93307,1.00,1.00
2017.04.05 12:18:36.795,0.93276,0.93304,1.00,1.00
2017.04.05 12:18:37.327,0.93277,0.93304,1.00,1.00
2017.04.05 12:18:37.836,0.93277,0.93305,1.00,1.00
2017.04.05 12:18:37.886,0.93276,0.93307,1.00,1.00
2017.04.05 12:18:38.230,0.93278,0.93308,1.00,1.50
2017.04.05 12:18:38.559,0.93276,0.93305,1.00,1.00
2017.04.05 12:18:38.713,0.93271,0.93301,1.00,1.00
2017.04.05 12:18:38.814,0.93272,0.93303,1.00,1.00
2017.04.05 12:18:39.872,0.93273,0.93301,1.00,1.00
2017.04.05 12:18:40.459,0.93272,0.93301,1.00,1.00
2017.04.05 12:18:40.761,0.9327,0.93299,1.00,1.00
2017.04.05 12:18:41.387,0.9327,0.93298,1.00,1.00
2017.04.05 12:18:41.488,0.93268,0.93298,1.00,1.00
2017.04.05 12:18:41.708,0.9327,0.93298,1.00,1.00
2017.04.05 12:18:42.554,0.93269,0.933,1.00,1.00
2017.04.05 12:18:43.154,0.93271,0.93298,1.00,1.00
2017.04.05 12:18:43.584,0.93269,0.93296,1.00,1.00
2017.04.05 12:18:43.684,0.93266,0.93296,1.50,1.00
2017.04.05 12:18:44.620,0.93268,0.93295,1.00,1.00
2017.04.05 12:18:45.553,0.93267,0.93294,1.00,1.00
2017.04.05 12:18:46.098,0.93268,0.93297,1.00,1.00
2017.04.05 12:18:46.605,0.93268,0.93295,1.00,1.00
2017.04.05 12:18:46.656,0.93266,0.93295,1.00,1.00
2017.04.05 12:18:46.757,0.93268,0.93297,1.00,1.00
2017.04.05 12:18:47.159,0.93274,0.93301,1.00,1.00
2017.04.05 12:18:47.260,0.93274,0.93303,1.00,1.00
2017.04.05 12:18:47.411,0.93271,0.93302,1.00,1.00
2017.04.05 12:18:47.617,0.93271,0.93299,1.00,1.00
2017.04.05 12:18:48.658,0.9327,0.93299,1.00,1.00
2017.04.05 12:18:49.041,0.93269,0.93297,1.00,1.00
2017.04.05 12:18:49.243,0.93265,0.93294,1.00,1.00
2017.04.05 12:18:49.293,0.93264,0.93292,1.00,1.00
2017.04.05 12:18:49.696,0.93265,0.93294,1.00,1.00
2017.04.05 12:18:50.132,0.93264,0.93292,1.00,1.00
2017.04.05 12:18:50.643,0.93264,0.93293,1.00,1.00
2017.04.05 12:18:51.655,0.93263,0.93292,1.00,1.00
2017.04.05 12:18:52.373,0.9326,0.93291,1.50,1.00
2017.04.05 12:18:52.977,0.93263,0.93287,1.00,1.00
2017.04.05 12:18:53.155,0.9326,0.93291,1.50,1.00
2017.04.05 12:18:53.306,0.93262,0.93292,1.00,1.00
2017.04.05 12:18:53.738,0.93261,0.9329,1.00,1.00
2017.04.05 12:18:54.092,0.93258,0.93288,1.00,1.00
2017.04.05 12:18:54.294,0.9326,0.93289,1.00,1.00
2017.04.05 12:18:54.796,0.93261,0.93289,1.00,1.00
2017.04.05 12:18:54.998,0.93259,0.93288,1.00,1.00
2017.04.05 12:18:55.200,0.93261,0.93289,1.00,1.00
2017.04.05 12:18:55.589,0.93262,0.93291,1.00,1.50
2017.04.05 12:18:55.944,0.93261,0.93289,1.12,1.00
2017.04.05 12:18:56.329,0.93259,0.93288,1.00,1.00
2017.04.05 12:18:56.663,0.93259,0.9329,1.00,1.00
2017.04.05 12:18:57.196,0.9326,0.93291,1.00,1.00
2017.04.05 12:18:57.246,0.93263,0.93288,1.00,1.00
2017.04.05 12:18:57.782,0.93255,0.93292,1.60,1.00
2017.04.05 12:18:57.883,0.93261,0.93291,1.00,1.00
2017.04.05 12:18:58.678,0.93263,0.93291,1.00,1.00
2017.04.05 12:18:58.965,0.93265,0.93295,1.00,1.00
2017.04.05 12:18:59.116,0.93261,0.93292,1.12,1.00
2017.04.05 12:18:59.271,0.93259,0.93289,2.25,1.00
2017.04.05 12:18:59.815,0.93263,0.93292,1.00,1.00
2017.04.05 12:19:00.034,0.9326,0.93291,1.50,1.00
2017.04.05 12:19:00.342,0.93259,0.93289,1.00,1.00
2017.04.05 12:19:00.711,0.93267,0.93295,1.00,1.50
2017.04.05 12:19:00.811,0.93264,0.93293,1.00,1.00
2017.04.05 12:19:01.013,0.93263,0.93291,1.00,1.00
2017.04.05 12:19:01.339,0.93264,0.93293,1.00,1.00
2017.04.05 12:19:02.063,0.93266,0.93297,1.00,1.00
2017.04.05 12:19:02.114,0.93263,0.93293,1.00,1.00
2017.04.05 12:19:02.431,0.93262,0.93287,1.00,1.00
2017.04.05 12:19:02.533,0.93262,0.93289,1.00,1.00
2017.04.05 12:19:03.557,0.93259,0.93289,1.00,1.00
2017.04.05 12:19:04.468,0.93258,0.93289,1.00,1.00
2017.04.05 12:19:05.240,0.93257,0.93287,1.00,1.00
2017.04.05 12:19:05.719,0.93259,0.93289,1.00,1.00
2017.04.05 12:19:05.920,0.93255,0.93286,1.00,1.00
2017.04.05 12:19:05.971,0.93254,0.93284,1.00,1.00
2017.04.05 12:19:07.042,0.93254,0.93283,1.00,1.00
2017.04.05 12:19:08.372,0.93255,0.93284,1.12,1.00
2017.04.05 12:19:08.675,0.93254,0.93282,1.50,1.00
2017.04.05 12:19:08.725,0.93253,0.93281,1.00,1.00
2017.04.05 12:19:08.892,0.93248,0.93276,1.50,1.00
2017.04.05 12:19:09.113,0.93247,0.9328,1.00,1.00
2017.04.05 12:19:09.414,0.93251,0.93279,1.00,1.00
2017.04.05 12:19:09.465,0.93252,0.93282,1.00,1.00
2017.04.05 12:19:09.567,0.9325,0.93278,1.00,1.00
2017.04.05 12:19:10.112,0.93247,0.93277,1.00,1.00
2017.04.05 12:19:10.162,0.93249,0.93278,1.00,1.00
2017.04.05 12:19:10.813,0.93246,0.93278,1.00,1.00
2017.04.05 12:19:10.864,0.93249,0.93278,1.00,1.00
2017.04.05 12:19:11.050,0.93247,0.93277,1.00,1.00
2017.04.05 12:19:11.127,0.93248,0.93279,1.00,1.00
2017.04.05 12:19:11.257,0.93247,0.93277,1.00,1.00
2017.04.05 12:19:11.401,0.93248,0.93279,1.00,1.00
2017.04.05 12:19:11.457,0.93246,0.93278,1.00,1.00
2017.04.05 12:19:11.507,0.93249,0.93278,1.00,1.00
2017.04.05 12:19:11.572,0.93247,0.93277,1.00,1.00
2017.04.05 12:19:12.080,0.93248,0.93277,1.00,1.00
2017.04.05 12:19:12.533,0.93246,0.93277,1.00,1.00
2017.04.05 12:19:12.625,0.93248,0.93278,1.00,1.00
2017.04.05 12:19:12.929,0.93247,0.93276,1.00,1.00
2017.04.05 12:19:12.979,0.93248,0.93278,1.00,1.00
2017.04.05 12:19:13.032,0.93247,0.93276,1.00,1.00
2017.04.05 12:19:13.468,0.93248,0.93278,1.00,1.00
2017.04.05 12:19:13.619,0.93255,0.93283,1.60,1.00
2017.04.05 12:19:13.770,0.93259,0.93289,1.00,1.87
2017.04.05 12:19:13.971,0.93256,0.93288,1.00,1.00
2017.04.05 12:19:14.172,0.93255,0.93285,1.00,1.00
2017.04.05 12:19:14.686,0.93256,0.93288,1.35,1.50
2017.04.05 12:19:15.217,0.93257,0.93289,1.00,1.00
2017.04.05 12:19:15.753,0.93258,0.93288,1.00,1.00
2017.04.05 12:19:16.294,0.93258,0.93287,1.00,1.00
2017.04.05 12:19:16.810,0.93259,0.93287,1.00,1.00
2017.04.05 12:19:17.340,0.93259,0.93288,1.12,1.00
2017.04.05 12:19:17.441,0.93261,0.93289,1.00,1.00
2017.04.05 12:19:17.894,0.93258,0.93289,1.37,1.00
2017.04.05 12:19:18.414,0.93258,0.93289,1.50,1.00
2017.04.05 12:19:18.690,0.93258,0.93286,1.00,1.00
2017.04.05 12:19:19.182,0.93256,0.93287,1.00,1.00
2017.04.05 12:19:19.577,0.93259,0.93287,1.00,1.00
2017.04.05 12:19:19.628,0.93257,0.93286,1.00,1.00
2017.04.05 12:19:20.164,0.93258,0.93286,1.00,1.00
2017.04.05 12:19:20.265,0.93255,0.93284,1.75,1.00
2017.04.05 12:19:20.618,0.9326,0.93291,1.00,1.00
2017.04.05 12:19:20.845,0.9326,0.93289,1.00,1.00
2017.04.05 12:19:21.234,0.93261,0.93292,1.00,1.00
2017.04.05 12:19:21.284,0.93261,0.9329,1.00,1.00
2017.04.05 12:19:21.486,0.93262,0.93293,1.00,1.00
2017.04.05 12:19:22.026,0.93262,0.93293,1.50,1.00
2017.04.05 12:19:22.185,0.93262,0.9329,1.50,1.00
2017.04.05 12:19:22.620,0.93259,0.93289,1.00,1.00
2017.04.05 12:19:23.512,0.93258,0.93288,1.00,1.00
2017.04.05 12:19:24.150,0.9326,0.93289,1.00,1.00
2017.04.05 12:19:24.200,0.93261,0.93291,1.00,1.00
2017.04.05 12:19:24.251,0.93265,0.93292,1.00,1.00
2017.04.05 12:19:24.402,0.93266,0.93297,1.00,1.50
2017.04.05 12:19:24.452,0.93265,0.93294,1.00,1.00
2017.04.05 12:19:24.940,0.93263,0.93292,1.00,1.00
2017.04.05 12:19:25.177,0.93264,0.93295,1.00,1.00
2017.04.05 12:19:25.243,0.93266,0.93295,1.75,1.00
2017.04.05 12:19:25.294,0.9327,0.93299,1.12,1.50
2017.04.05 12:19:25.394,0.9327,0.93301,1.12,1.00
2017.04.05 12:19:25.445,0.9327,0.93299,1.12,1.00
2017.04.05 12:19:25.965,0.93271,0.933,1.00,1.00
2017.04.05 12:19:26.492,0.93272,0.93301,1.00,1.00
2017.04.05 12:19:28.553,0.93267,0.93298,1.00,1.00
2017.04.05 12:19:28.654,0.93267,0.93296,1.00,1.00
2017.04.05 12:19:29.188,0.93266,0.93295,1.00,1.00
2017.04.05 12:19:29.340,0.93261,0.93292,1.00,1.12
2017.04.05 12:19:29.850,0.93262,0.93291,1.00,1.00
2017.04.05 12:19:30.140,0.93263,0.93294,1.00,1.50
2017.04.05 12:19:30.353,0.93267,0.93296,1.00,1.00
2017.04.05 12:19:31.182,0.93266,0.93295,1.00,1.00
2017.04.05 12:19:31.434,0.93266,0.93297,1.00,1.00
2017.04.05 12:19:31.616,0.93265,0.93294,1.00,1.00
2017.04.05 12:19:32.415,0.93266,0.93295,1.00,1.00
2017.04.05 12:19:32.616,0.93266,0.93297,1.00,1.00
2017.04.05 12:19:32.894,0.93269,0.93298,1.00,1.00
2017.04.05 12:19:32.995,0.93269,0.933,1.00,1.00
2017.04.05 12:19:33.096,0.93267,0.93298,1.00,1.00
2017.04.05 12:19:33.431,0.93265,0.93296,1.12,1.00
2017.04.05 12:19:33.934,0.93264,0.93295,1.00,1.00
2017.04.05 12:19:34.409,0.93266,0.93297,1.00,1.00
2017.04.05 12:19:34.716,0.93266,0.93295,1.00,1.00
2017.04.05 12:19:35.025,0.9327,0.93299,1.00,1.00
2017.04.05 12:19:35.331,0.93265,0.93294,1.12,1.00
2017.04.05 12:19:35.720,0.93265,0.93296,1.12,1.00
2017.04.05 12:19:36.371,0.93268,0.93297,1.00,1.00
2017.04.05 12:19:36.564,0.93266,0.93297,1.00,1.00
2017.04.05 12:19:36.623,0.93265,0.93294,1.00,1.00
2017.04.05 12:19:37.148,0.93266,0.93295,1.00,1.00
2017.04.05 12:19:38.443,0.93268,0.93295,1.00,1.00
2017.04.05 12:19:38.753,0.93271,0.93295,1.00,1.00
2017.04.05 12:19:39.055,0.93277,0.93295,1.00,1.00
2017.04.05 12:19:39.457,0.9328,0.93295,1.00,1.00
2017.04.05 12:19:39.672,0.93281,0.93307,1.00,1.00
2017.04.05 12:19:39.773,0.93281,0.93312,1.50,1.00
2017.04.05 12:19:39.823,0.93284,0.93313,1.00,1.12
2017.04.05 12:19:40.165,0.93286,0.93315,1.00,1.00
2017.04.05 12:19:40.783,0.93285,0.93314,1.00,1.00
2017.04.05 12:19:41.084,0.93283,0.93311,1.00,1.00
2017.04.05 12:19:41.767,0.93283,0.93312,1.00,1.00
2017.04.05 12:19:42.276,0.93282,0.93311,1.00,1.00
2017.04.05 12:19:43.010,0.93279,0.9331,1.00,1.00
2017.04.05 12:19:43.712,0.93281,0.9331,1.00,1.00
2017.04.05 12:19:44.023,0.93285,0.93312,1.00,1.00
2017.04.05 12:19:44.370,0.93283,0.93312,1.00,1.00
2017.04.05 12:19:44.749,0.93285,0.93312,1.00,1.00
2017.04.05 12:19:44.900,0.93282,0.93313,1.00,1.50
2017.04.05 12:19:44.951,0.93281,0.9331,1.50,1.00
2017.04.05 12:19:45.544,0.93281,0.93311,1.00,1.00
2017.04.05 12:19:46.012,0.93288,0.93314,1.00,1.50
2017.04.05 12:19:46.314,0.93274,0.93303,1.00,1.87
2017.04.05 12:19:46.960,0.93274,0.93303,1.50,1.00
2017.04.05 12:19:47.112,0.9328,0.93307,1.00,1.00
2017.04.05 12:19:47.263,0.9328,0.93309,1.00,1.00
2017.04.05 12:19:47.615,0.93283,0.93311,1.00,1.37
2017.04.05 12:19:48.162,0.93283,0.93311,1.00,1.00
2017.04.05 12:19:48.213,0.93279,0.9331,1.00,1.00
2017.04.05 12:19:48.313,0.93279,0.93308,1.00,1.00
2017.04.05 12:19:48.847,0.9328,0.93308,1.00,1.00
2017.04.05 12:19:49.161,0.93278,0.93308,1.00,1.00
2017.04.05 12:19:49.211,0.9328,0.93308,1.00,1.00
2017.04.05 12:19:49.262,0.93277,0.93308,1.00,1.00
2017.04.05 12:19:49.614,0.9328,0.93308,1.00,1.00
2017.04.05 12:19:51.331,0.9328,0.93311,1.00,1.50
2017.04.05 12:19:51.381,0.93284,0.93311,1.00,1.00
2017.04.05 12:19:51.692,0.93286,0.93315,1.00,1.00
2017.04.05 12:19:51.793,0.93284,0.93314,1.00,1.00
2017.04.05 12:19:51.944,0.93283,0.93312,1.00,1.00
2017.04.05 12:19:52.542,0.93282,0.93311,1.00,1.00
2017.04.05 12:19:53.045,0.93283,0.93312,1.00,1.50
2017.04.05 12:19:53.160,0.93279,0.9331,1.00,1.00
2017.04.05 12:19:53.361,0.93277,0.93308,2.25,1.00
2017.04.05 12:19:53.670,0.9328,0.93309,1.00,1.00
2017.04.05 12:19:54.872,0.9328,0.93307,1.00,1.00
2017.04.05 12:19:55.167,0.93281,0.9331,1.00,1.50
2017.04.05 12:19:55.218,0.93284,0.9331,1.00,1.00
2017.04.05 12:19:55.370,0.93284,0.93313,1.00,1.00
2017.04.05 12:19:55.967,0.93285,0.93314,1.00,1.00
2017.04.05 12:19:56.256,0.93287,0.93315,1.00,1.00
2017.04.05 12:19:57.311,0.93288,0.93315,1.00,1.00
2017.04.05 12:19:57.815,0.93287,0.93315,1.00,1.00
2017.04.05 12:19:58.898,0.93286,0.93315,1.00,1.50
2017.04.05 12:19:59.237,0.93283,0.93312,1.00,1.00
2017.04.05 12:19:59.539,0.93285,0.93314,1.00,1.00
2017.04.05 12:20:00.053,0.93286,0.93315,1.00,1.00
2017.04.05 12:20:00.224,0.93284,0.93315,1.00,1.50
2017.04.05 12:20:00.325,0.93287,0.93315,1.00,1.00
2017.04.05 12:20:00.526,0.93285,0.93315,1.00,1.00
2017.04.05 12:20:00.635,0.93284,0.93313,1.00,1.00
2017.04.05 12:20:00.786,0.93281,0.93312,1.00,1.50
2017.04.05 12:20:00.887,0.93284,0.93312,1.00,1.00
2017.04.05 12:20:01.381,0.93283,0.93314,1.00,1.00
2017.04.05 12:20:01.431,0.93283,0.93312,1.00,1.00
2017.04.05 12:20:01.563,0.93285,0.93315,1.00,1.00
2017.04.05 12:20:01.815,0.93283,0.93312,1.00,1.00
2017.04.05 12:20:01.916,0.9328,0.93311,1.50,1.00
2017.04.05 12:20:01.966,0.9328,0.93308,1.00,1.00
2017.04.05 12:20:02.166,0.93276,0.93305,1.00,1.00
2017.04.05 12:20:02.368,0.93274,0.93303,1.00,1.00
2017.04.05 12:20:02.670,0.93271,0.933,1.00,1.00
2017.04.05 12:20:03.422,0.93272,0.93301,1.00,1.00
2017.04.05 12:20:04.801,0.93273,0.93301,1.00,1.00
2017.04.05 12:20:04.952,0.93275,0.93305,1.00,1.00
2017.04.05 12:20:05.404,0.93274,0.93303,1.00,1.00
2017.04.05 12:20:05.723,0.93274,0.93301,1.00,1.00
2017.04.05 12:20:06.368,0.93269,0.933,1.00,1.00
2017.04.05 12:20:06.418,0.93269,0.93298,1.00,1.00
2017.04.05 12:20:06.970,0.9327,0.93299,1.00,1.00
2017.04.05 12:20:07.181,0.93264,0.93295,2.25,1.00
2017.04.05 12:20:07.287,0.93264,0.93293,1.00,1.00
2017.04.05 12:20:07.836,0.93266,0.93293,1.00,1.00
2017.04.05 12:20:07.887,0.93266,0.93296,1.00,1.00
2017.04.05 12:20:07.988,0.9327,0.93296,1.00,1.00
2017.04.05 12:20:08.038,0.9327,0.93298,1.00,1.50
2017.04.05 12:20:08.637,0.93271,0.93301,1.00,1.00
2017.04.05 12:20:09.555,0.93273,0.93301,1.00,1.50
2017.04.05 12:20:10.235,0.93272,0.933,1.00,1.00
2017.04.05 12:20:10.590,0.93268,0.93296,1.00,1.00
2017.04.05 12:20:10.899,0.93264,0.93291,1.00,1.00
2017.04.05 12:20:11.545,0.93264,0.93293,1.00,1.00
2017.04.05 12:20:11.785,0.93262,0.93292,1.50,1.00
2017.04.05 12:20:13.461,0.93258,0.93284,1.00,1.00
2017.04.05 12:20:13.713,0.93246,0.93275,1.00,1.00
2017.04.05 12:20:13.814,0.93247,0.93277,1.00,1.50
2017.04.05 12:20:14.257,0.93251,0.93278,1.00,1.50
2017.04.05 12:20:14.509,0.93252,0.93281,1.00,1.00
2017.04.05 12:20:14.660,0.93254,0.93284,1.00,1.50
2017.04.05 12:20:14.784,0.93257,0.93284,1.00,1.00
2017.04.05 12:20:15.529,0.93257,0.93285,1.00,1.00
2017.04.05 12:20:15.893,0.93258,0.93287,1.00,1.00
2017.04.05 12:20:18.003,0.9326,0.93287,1.00,1.00
2017.04.05 12:20:18.112,0.93256,0.93284,1.00,1.00
2017.04.05 12:20:18.213,0.93254,0.93282,2.25,1.50
2017.04.05 12:20:18.515,0.93253,0.93278,1.00,1.00
2017.04.05 12:20:18.674,0.93253,0.93281,1.00,1.00
2017.04.05 12:20:18.725,0.93253,0.93283,1.00,1.50
2017.04.05 12:20:19.237,0.93255,0.93283,1.00,1.00
2017.04.05 12:20:19.581,0.93253,0.93283,1.00,1.50
2017.04.05 12:20:19.682,0.93255,0.93283,1.00,1.00
2017.04.05 12:20:19.897,0.93257,0.93286,1.00,2.25
2017.04.05 12:20:20.125,0.93262,0.93289,1.00,1.00
2017.04.05 12:20:20.176,0.93262,0.93292,1.00,1.50
2017.04.05 12:20:20.563,0.93264,0.93292,1.00,1.50
2017.04.05 12:20:22.199,0.93266,0.93293,1.00,1.00
2017.04.05 12:20:23.009,0.93263,0.93292,1.00,1.00
2017.04.05 12:20:23.337,0.93265,0.93294,1.00,1.00
2017.04.05 12:20:25.739,0.93264,0.93293,1.00,1.00
2017.04.05 12:20:26.495,0.93266,0.93294,1.00,1.00
2017.04.05 12:20:28.643,0.93266,0.93293,1.00,1.00
2017.04.05 12:20:28.948,0.93262,0.93291,1.00,1.00
2017.04.05 12:20:29.159,0.9326,0.9329,1.00,1.00
2017.04.05 12:20:29.709,0.93261,0.93289,1.00,1.00
2017.04.05 12:20:31.345,0.93264,0.93285,1.00,1.00
2017.04.05 12:20:31.933,0.93263,0.93285,1.00,1.00
2017.04.05 12:20:34.260,0.93261,0.93285,1.00,1.00
2017.04.05 12:20:34.652,0.93265,0.93287,1.00,1.00
2017.04.05 12:20:35.263,0.93266,0.93288,1.00,1.00
2017.04.05 12:20:35.910,0.93267,0.93289,1.00,1.00
2017.04.05 12:20:36.413,0.93269,0.93291,1.00,1.50
2017.04.05 12:20:37.613,0.93268,0.9329,1.00,1.00
2017.04.05 12:20:40.260,0.93269,0.9329,1.00,1.00
2017.04.05 12:20:40.761,0.93268,0.93289,1.00,1.00
2017.04.05 12:20:42.200,0.9327,0.93292,1.00,1.00
2017.04.05 12:20:42.384,0.93267,0.93291,1.00,1.00
2017.04.05 12:20:42.434,0.93269,0.93291,1.00,1.00
2017.04.05 12:20:42.736,0.93267,0.93289,1.00,1.00
2017.04.05 12:20:43.412,0.93269,0.93292,1.00,1.00
2017.04.05 12:20:43.712,0.93271,0.93293,1.00,1.00
2017.04.05 12:20:43.766,0.93273,0.93297,1.00,1.00
2017.04.05 12:20:46.034,0.93275,0.93299,1.00,1.00
2017.04.05 12:20:46.380,0.93278,0.933,1.00,1.00
2017.04.05 12:20:46.643,0.9328,0.93305,1.00,1.00
2017.04.05 12:20:47.046,0.93282,0.93306,1.00,1.00
2017.04.05 12:20:47.621,0.93282,0.93307,1.00,1.00
2017.04.05 12:20:48.104,0.93284,0.93308,1.00,1.00
2017.04.05 12:20:48.416,0.93288,0.9331,1.00,1.00
2017.04.05 12:20:49.021,0.93286,0.93312,1.00,1.00
2017.04.05 12:20:49.122,0.93288,0.9331,1.00,1.00
2017.04.05 12:20:49.523,0.93288,0.93312,1.00,1.00
2017.04.05 12:20:50.028,0.93289,0.93313,1.00,1.00
2017.04.05 12:20:50.565,0.93291,0.93313,1.00,1.00
2017.04.05 12:20:51.952,0.93289,0.93312,1.00,1.00
2017.04.05 12:20:52.322,0.93287,0.93312,1.00,1.00
2017.04.05 12:20:52.425,0.93289,0.93314,1.00,1.00
2017.04.05 12:20:53.191,0.93288,0.93312,1.00,1.00
2017.04.05 12:20:53.659,0.93287,0.9331,1.00,1.00
2017.04.05 12:20:54.796,0.93288,0.93311,1.00,1.00
2017.04.05 12:20:55.436,0.93287,0.93311,1.00,1.00
2017.04.05 12:20:55.738,0.9329,0.93311,1.00,1.00
2017.04.05 12:20:56.284,0.93289,0.93312,1.00,1.00
2017.04.05 12:20:56.619,0.93287,0.9331,1.00,1.00
2017.04.05 12:20:57.125,0.93288,0.93309,1.00,1.00
2017.04.05 12:20:58.538,0.93288,0.9331,1.00,1.00
2017.04.05 12:20:59.108,0.93288,0.93309,1.00,1.00
2017.04.05 12:20:59.209,0.93288,0.93311,1.00,1.00
2017.04.05 12:20:59.310,0.93286,0.93308,1.00,1.00
2017.04.05 12:20:59.901,0.93287,0.9331,1.00,1.00
2017.04.05 12:21:00.144,0.93287,0.93312,1.00,1.00
2017.04.05 12:21:00.713,0.9329,0.93313,1.00,1.00
2017.04.05 12:21:00.763,0.9329,0.93316,1.00,1.00
2017.04.05 12:21:03.522,0.93291,0.93315,1.00,1.00
2017.04.05 12:21:04.065,0.93291,0.93312,1.00,1.00
2017.04.05 12:21:06.827,0.93291,0.93313,1.00,1.00
2017.04.05 12:21:11.670,0.93287,0.93309,1.00,1.00
2017.04.05 12:21:11.981,0.9329,0.93311,1.00,1.00
2017.04.05 12:21:12.638,0.93289,0.9331,1.00,1.00
2017.04.05 12:21:13.532,0.9329,0.93312,1.00,1.00
2017.04.05 12:21:13.583,0.93288,0.9331,1.00,1.00
2017.04.05 12:21:14.833,0.93287,0.93309,1.00,1.00
2017.04.05 12:21:14.984,0.93285,0.93309,1.00,1.00
2017.04.05 12:21:15.614,0.93284,0.93309,1.00,1.00
2017.04.05 12:21:15.683,0.93288,0.93311,1.00,1.00
2017.04.05 12:21:16.657,0.93288,0.93313,1.00,1.00
2017.04.05 12:21:17.892,0.9329,0.93311,1.00,1.00
2017.04.05 12:21:18.305,0.93291,0.93314,1.00,1.00
2017.04.05 12:21:18.406,0.93291,0.93316,1.00,1.50
2017.04.05 12:21:19.257,0.93293,0.93316,1.00,1.00
2017.04.05 12:21:19.356,0.93291,0.93315,1.00,1.00
2017.04.05 12:21:19.485,0.93289,0.93315,1.00,1.00
2017.04.05 12:21:20.152,0.93292,0.93315,1.00,1.00
2017.04.05 12:21:20.203,0.93293,0.93318,1.00,1.00
2017.04.05 12:21:20.304,0.93292,0.93315,1.00,1.00
2017.04.05 12:21:21.107,0.93293,0.93316,1.00,1.00
2017.04.05 12:21:22.149,0.93292,0.93315,1.00,1.00
2017.04.05 12:21:22.362,0.93292,0.93317,1.00,1.00
2017.04.05 12:21:22.890,0.93292,0.93316,1.00,1.00
2017.04.05 12:21:23.540,0.93292,0.93317,1.00,1.00
2017.04.05 12:21:24.239,0.9329,0.93313,1.00,1.00
2017.04.05 12:21:24.908,0.93291,0.93313,1.00,1.00
2017.04.05 12:21:25.460,0.93287,0.93308,1.00,1.00
2017.04.05 12:21:26.431,0.93286,0.93308,1.00,1.00
2017.04.05 12:21:26.682,0.93284,0.93308,1.00,1.00
2017.04.05 12:21:27.484,0.93283,0.93307,1.00,1.00
2017.04.05 12:21:27.928,0.93281,0.93305,1.00,1.00
2017.04.05 12:21:28.475,0.9328,0.93304,1.00,1.00
2017.04.05 12:21:30.097,0.93275,0.93299,1.00,1.00
2017.04.05 12:21:30.435,0.93275,0.93297,1.00,1.00
2017.04.05 12:21:31.052,0.93273,0.93297,1.00,1.00
2017.04.05 12:21:31.586,0.93272,0.93296,1.00,1.00
2017.04.05 12:21:32.210,0.93272,0.93297,1.00,1.00
2017.04.05 12:21:32.592,0.93274,0.93296,1.00,1.00
2017.04.05 12:21:36.764,0.93273,0.93295,1.00,1.00
2017.04.05 12:21:37.359,0.9327,0.93294,1.00,1.00
2017.04.05 12:21:37.611,0.93272,0.93293,1.00,1.00
2017.04.05 12:21:38.293,0.93271,0.93294,1.00,1.00
2017.04.05 12:21:38.906,0.9327,0.93294,1.00,1.00
2017.04.05 12:21:39.669,0.93274,0.93296,1.00,1.50
2017.04.05 12:21:39.770,0.93275,0.93299,1.00,1.50
2017.04.05 12:21:40.273,0.93276,0.93298,1.00,1.00
2017.04.05 12:21:40.810,0.93277,0.93299,1.00,1.00
2017.04.05 12:21:41.357,0.93278,0.93302,1.00,1.50
2017.04.05 12:21:41.862,0.93279,0.93301,1.00,1.00
2017.04.05 12:21:42.409,0.93278,0.93301,1.00,1.00
2017.04.05 12:21:43.042,0.93276,0.93299,1.00,1.00
2017.04.05 12:21:43.478,0.93274,0.93299,1.00,1.00
2017.04.05 12:21:43.529,0.93276,0.93301,1.00,1.00
2017.04.05 12:21:44.011,0.93278,0.93301,1.00,1.00
2017.04.05 12:21:44.587,0.93277,0.93301,1.00,1.00
2017.04.05 12:21:45.115,0.93277,0.933,1.00,1.00
2017.04.05 12:21:45.568,0.93278,0.93303,1.00,1.00
2017.04.05 12:21:45.893,0.93281,0.93304,1.00,1.00
2017.04.05 12:21:46.857,0.9328,0.93303,1.00,1.00
2017.04.05 12:21:46.996,0.93282,0.93306,1.00,1.00
2017.04.05 12:21:47.387,0.93283,0.93308,1.00,1.00
2017.04.05 12:21:47.567,0.93282,0.93305,1.00,1.00
2017.04.05 12:21:47.719,0.93285,0.93309,1.00,1.00
2017.04.05 12:21:47.820,0.93283,0.93309,1.00,1.00
2017.04.05 12:21:47.870,0.93285,0.93308,1.00,1.00
2017.04.05 12:21:48.410,0.93285,0.93309,1.00,1.00
2017.04.05 12:21:48.939,0.93285,0.9331,1.00,1.00
2017.04.05 12:21:51.057,0.93287,0.9331,1.00,1.00
2017.04.05 12:21:51.516,0.93288,0.93312,1.00,1.00
2017.04.05 12:21:52.302,0.93289,0.93314,1.00,1.00
2017.04.05 12:21:52.691,0.93287,0.93312,1.00,1.00
2017.04.05 12:21:56.772,0.93288,0.93313,1.00,1.00
2017.04.05 12:21:57.099,0.9329,0.93313,1.00,1.00
2017.04.05 12:21:58.014,0.9329,0.93315,1.00,1.00
2017.04.05 12:21:58.479,0.93289,0.93312,1.00,1.00
2017.04.05 12:21:58.762,0.93291,0.93316,1.00,1.00
2017.04.05 12:21:59.273,0.93292,0.93317,1.00,1.00
2017.04.05 12:21:59.369,0.93294,0.93317,1.00,1.00
2017.04.05 12:21:59.774,0.93294,0.93319,1.00,1.00
2017.04.05 12:22:00.112,0.93294,0.93317,1.00,1.00
2017.04.05 12:22:00.163,0.93292,0.93316,1.00,1.00
2017.04.05 12:22:00.263,0.93292,0.93314,1.00,1.00
2017.04.05 12:22:00.314,0.93289,0.93314,1.50,1.00
2017.04.05 12:22:01.152,0.9329,0.93315,1.00,1.00
2017.04.05 12:22:01.663,0.93289,0.93314,1.50,1.00
2017.04.05 12:22:03.687,0.93289,0.93313,1.50,1.00
2017.04.05 12:22:03.838,0.93292,0.93315,1.00,1.00
2017.04.05 12:22:03.939,0.93293,0.93318,1.00,1.00
2017.04.05 12:22:03.989,0.93297,0.93322,1.00,1.00
2017.04.05 12:22:04.170,0.93298,0.93324,1.00,1.00
2017.04.05 12:22:04.815,0.93298,0.93326,1.00,1.00
2017.04.05 12:22:05.373,0.93299,0.93326,1.00,1.00
2017.04.05 12:22:06.006,0.93298,0.93325,1.50,1.00
2017.04.05 12:22:06.592,0.93299,0.93326,1.00,1.00
2017.04.05 12:22:06.986,0.93298,0.93322,1.00,1.00
2017.04.05 12:22:07.243,0.93294,0.93321,1.00,1.00
2017.04.05 12:22:08.077,0.93293,0.93321,1.00,1.00
2017.04.05 12:22:08.275,0.93295,0.93322,1.00,1.00
2017.04.05 12:22:08.860,0.93293,0.9332,1.00,1.00
2017.04.05 12:22:09.111,0.93295,0.93323,1.00,1.00
2017.04.05 12:22:09.162,0.93297,0.93325,1.00,1.00
2017.04.05 12:22:09.844,0.93297,0.93326,1.00,1.00
2017.04.05 12:22:10.710,0.93299,0.93324,1.00,1.00
2017.04.05 12:22:11.116,0.93301,0.93324,1.00,1.00
2017.04.05 12:22:11.902,0.933,0.93323,1.00,1.00
2017.04.05 12:22:13.454,0.93301,0.93323,1.00,1.00
2017.04.05 12:22:15.578,0.93302,0.93326,1.00,1.00
2017.04.05 12:22:15.628,0.93304,0.93326,1.00,1.00
2017.04.05 12:22:15.779,0.93306,0.93329,1.00,1.00
2017.04.05 12:22:15.981,0.93307,0.93331,1.00,1.00
2017.04.05 12:22:16.815,0.93307,0.9333,1.00,1.00
2017.04.05 12:22:20.516,0.93308,0.93329,1.00,1.00
2017.04.05 12:22:20.703,0.93306,0.93329,1.00,1.00
2017.04.05 12:22:20.804,0.93302,0.93327,1.00,1.00
2017.04.05 12:22:21.006,0.93301,0.93324,1.00,1.00
2017.04.05 12:22:22.009,0.93302,0.93325,1.00,1.00
2017.04.05 12:22:22.971,0.93302,0.93327,1.00,1.00
2017.04.05 12:22:25.531,0.93302,0.93326,1.00,1.00
2017.04.05 12:22:26.437,0.93301,0.93326,1.00,1.00
2017.04.05 12:22:27.012,0.93298,0.93321,1.00,1.00
2017.04.05 12:22:27.314,0.93302,0.93325,1.00,1.00
2017.04.05 12:22:27.835,0.933,0.93323,1.00,1.00
2017.04.05 12:22:30.258,0.93301,0.93322,1.00,1.00
2017.04.05 12:22:30.929,0.93298,0.93321,1.00,1.00
2017.04.05 12:22:31.901,0.93299,0.93321,1.00,1.00
2017.04.05 12:22:32.002,0.93297,0.9332,1.00,1.00
2017.04.05 12:22:32.547,0.93296,0.93319,1.00,1.00
2017.04.05 12:22:33.283,0.93294,0.93319,1.00,1.00
2017.04.05 12:22:34.057,0.93296,0.93318,1.00,1.00
2017.04.05 12:22:34.258,0.93293,0.93318,1.00,1.00
2017.04.05 12:22:34.359,0.93292,0.93316,1.00,1.00
2017.04.05 12:22:35.109,0.93289,0.93312,1.00,1.00
2017.04.05 12:22:35.210,0.93287,0.93311,1.00,1.00
2017.04.05 12:22:35.361,0.93286,0.93309,1.00,1.00
2017.04.05 12:22:35.663,0.93293,0.93316,1.00,1.50
2017.04.05 12:22:35.837,0.93294,0.93319,1.00,1.50
2017.04.05 12:22:36.039,0.93292,0.93316,1.00,1.00
2017.04.05 12:22:36.090,0.9329,0.93315,1.00,1.00
2017.04.05 12:22:37.509,0.9329,0.93313,1.00,1.00
2017.04.05 12:22:37.962,0.93287,0.9331,1.00,1.00
2017.04.05 12:22:38.336,0.93285,0.93308,1.00,1.00
2017.04.05 12:22:38.643,0.93282,0.93305,1.00,1.00
2017.04.05 12:22:39.509,0.93281,0.93305,1.00,1.00
2017.04.05 12:22:39.778,0.93282,0.93308,1.00,1.00
2017.04.05 12:22:39.828,0.93285,0.93309,1.00,1.00
2017.04.05 12:22:40.130,0.93288,0.93311,1.00,1.00
2017.04.05 12:22:40.457,0.93286,0.93309,1.00,1.00
2017.04.05 12:22:40.558,0.93281,0.93306,1.12,1.00
2017.04.05 12:22:40.810,0.93284,0.93308,1.00,1.00
2017.04.05 12:22:41.503,0.93286,0.93311,1.00,1.00
2017.04.05 12:22:41.705,0.93288,0.93311,1.00,1.00
2017.04.05 12:22:41.856,0.93285,0.9331,1.00,1.00
2017.04.05 12:22:42.176,0.93288,0.93311,1.00,1.00
2017.04.05 12:22:45.030,0.93285,0.93308,1.00,1.00
2017.04.05 12:22:45.534,0.93283,0.93306,1.00,1.00
2017.04.05 12:22:46.256,0.9328,0.93305,1.00,1.00
2017.04.05 12:22:46.307,0.93279,0.93302,1.00,1.00
2017.04.05 12:22:46.609,0.93281,0.93306,1.00,1.00
2017.04.05 12:22:49.275,0.93281,0.93304,1.00,1.00
2017.04.05 12:22:49.744,0.93279,0.93302,1.00,1.00
2017.04.05 12:22:52.538,0.93279,0.93304,1.00,1.00
2017.04.05 12:22:53.097,0.93277,0.93302,1.00,1.00
2017.04.05 12:22:53.439,0.93277,0.933,1.00,1.00
2017.04.05 12:22:55.479,0.93274,0.93299,1.00,1.00
2017.04.05 12:22:55.649,0.93274,0.93297,1.00,1.00
2017.04.05 12:22:56.632,0.93273,0.93297,1.00,1.00
2017.04.05 12:22:57.483,0.93272,0.93296,1.00,1.00
2017.04.05 12:22:57.810,0.93267,0.93293,1.00,1.00
2017.04.05 12:22:59.124,0.93269,0.93292,1.00,1.00
2017.04.05 12:22:59.225,0.9327,0.93294,1.00,1.00
2017.04.05 12:22:59.862,0.9327,0.93295,1.00,1.00
2017.04.05 12:23:00.174,0.93272,0.93294,1.00,1.00
2017.04.05 12:23:00.794,0.93272,0.93293,1.00,1.00
2017.04.05 12:23:02.724,0.9327,0.93292,1.00,1.00
2017.04.05 12:23:03.910,0.93274,0.93296,1.00,1.00
2017.04.05 12:23:04.156,0.93269,0.93293,1.00,1.00
2017.04.05 12:23:05.392,0.93269,0.93295,1.00,1.00
2017.04.05 12:23:06.906,0.9327,0.93294,1.00,1.00
2017.04.05 12:23:07.741,0.93272,0.93294,1.00,1.00
2017.04.05 12:23:08.015,0.93273,0.93296,1.50,1.00
2017.04.05 12:23:08.359,0.9327,0.93296,1.00,1.00
2017.04.05 12:23:08.511,0.93271,0.93299,1.00,1.50
2017.04.05 12:23:08.662,0.93269,0.93297,1.50,1.00
2017.04.05 12:23:08.984,0.9327,0.93299,1.00,1.00
2017.04.05 12:23:09.238,0.93272,0.933,1.00,1.00
2017.04.05 12:23:09.636,0.9327,0.93298,1.12,1.00
2017.04.05 12:23:09.687,0.93271,0.93301,1.00,1.00
2017.04.05 12:23:09.738,0.93271,0.93299,1.00,1.00
2017.04.05 12:23:10.255,0.93271,0.93298,1.00,1.00
2017.04.05 12:23:10.814,0.93272,0.93299,1.00,1.50
2017.04.05 12:23:11.315,0.93273,0.93299,1.00,1.00
2017.04.05 12:23:11.580,0.93274,0.93301,1.00,1.00
2017.04.05 12:23:12.377,0.93274,0.93303,1.00,1.50
2017.04.05 12:23:12.477,0.93276,0.93303,1.00,1.50
2017.04.05 12:23:12.528,0.93274,0.93303,1.00,1.00
2017.04.05 12:23:12.743,0.93277,0.93303,1.00,1.00
2017.04.05 12:23:12.844,0.93278,0.93305,1.00,1.00
2017.04.05 12:23:13.023,0.9328,0.93305,1.00,1.00
2017.04.05 12:23:14.772,0.93282,0.93305,1.00,1.00
2017.04.05 12:23:17.402,0.9328,0.93304,1.00,1.00
2017.04.05 12:23:19.569,0.9328,0.93302,1.00,1.00
2017.04.05 12:23:20.441,0.93281,0.93303,1.00,1.00
2017.04.05 12:23:21.183,0.93282,0.93304,1.00,1.00
2017.04.05 12:23:22.293,0.93281,0.93303,1.00,1.00
2017.04.05 12:23:24.604,0.93278,0.933,1.00,1.00
2017.04.05 12:23:24.706,0.93279,0.93303,1.00,1.00
2017.04.05 12:23:25.590,0.93281,0.93303,1.00,1.00
2017.04.05 12:23:25.993,0.93279,0.93301,1.00,1.00
2017.04.05 12:23:27.914,0.93276,0.933,1.00,1.00
2017.04.05 12:23:28.228,0.93278,0.933,1.00,1.00
2017.04.05 12:23:32.081,0.93279,0.933,1.00,1.00
2017.04.05 12:23:32.366,0.93278,0.93302,1.00,1.00
2017.04.05 12:23:33.544,0.9328,0.93303,1.00,1.00
2017.04.05 12:23:34.664,0.93282,0.93305,1.00,1.00
2017.04.05 12:23:35.497,0.93282,0.93306,1.00,1.00
2017.04.05 12:23:35.799,0.93285,0.93307,1.00,1.00
2017.04.05 12:23:36.342,0.93284,0.93305,1.00,1.00
2017.04.05 12:23:37.308,0.93283,0.93307,1.00,1.00
2017.04.05 12:23:39.284,0.93286,0.93307,1.00,1.00
2017.04.05 12:23:39.335,0.93286,0.9331,1.00,1.00
2017.04.05 12:23:41.122,0.93287,0.93311,1.00,1.00
2017.04.05 12:23:41.689,0.93289,0.93311,1.00,1.00
2017.04.05 12:23:41.993,0.93292,0.93314,1.00,1.00
2017.04.05 12:23:42.725,0.93292,0.93316,1.00,1.00
2017.04.05 12:23:44.398,0.93294,0.93316,1.00,1.00
2017.04.05 12:23:44.700,0.93295,0.93319,1.00,1.00
2017.04.05 12:23:45.400,0.93296,0.93317,1.00,1.00
2017.04.05 12:23:45.501,0.93296,0.93319,1.00,1.00
2017.04.05 12:23:45.552,0.93293,0.93318,1.00,1.00
2017.04.05 12:23:47.021,0.93295,0.93317,1.00,1.00
2017.04.05 12:23:47.569,0.93294,0.93318,1.00,1.00
2017.04.05 12:23:47.911,0.93296,0.9332,1.00,1.50
2017.04.05 12:23:48.444,0.93297,0.93319,1.00,1.00
2017.04.05 12:23:48.904,0.93297,0.93321,1.00,1.00
2017.04.05 12:23:49.310,0.93295,0.9332,1.00,1.00
2017.04.05 12:23:49.826,0.93295,0.93319,1.00,1.00
2017.04.05 12:23:50.930,0.9329,0.93316,1.00,1.00
2017.04.05 12:23:51.031,0.93289,0.93314,1.00,1.00
2017.04.05 12:23:51.884,0.93288,0.93313,1.00,1.00
2017.04.05 12:23:52.438,0.93288,0.93311,1.00,1.00
2017.04.05 12:23:52.977,0.93287,0.9331,1.00,1.00
2017.04.05 12:23:53.517,0.93288,0.93311,1.00,1.00
2017.04.05 12:23:55.651,0.93288,0.93312,1.00,1.00
2017.04.05 12:23:55.704,0.93286,0.93311,1.00,1.00
2017.04.05 12:23:55.755,0.93285,0.93309,1.00,1.00
2017.04.05 12:23:56.007,0.93285,0.93311,1.00,1.00
2017.04.05 12:23:56.058,0.93284,0.93309,1.00,1.00
2017.04.05 12:23:56.511,0.93288,0.93311,1.00,1.00
2017.04.05 12:23:56.562,0.93291,0.93315,1.00,1.00
2017.04.05 12:23:57.174,0.9329,0.93314,1.00,1.00
2017.04.05 12:23:57.526,0.93288,0.93314,1.00,1.00
2017.04.05 12:23:57.577,0.93289,0.93312,1.00,1.00
2017.04.05 12:23:58.281,0.93287,0.9331,1.00,1.00
2017.04.05 12:23:58.332,0.93288,0.93312,1.00,1.00
2017.04.05 12:23:59.313,0.93288,0.93313,1.00,1.00
2017.04.05 12:23:59.933,0.93288,0.93312,1.00,1.00
2017.04.05 12:24:00.538,0.93288,0.9331,1.00,1.00
2017.04.05 12:24:00.702,0.93288,0.93312,1.00,1.00
2017.04.05 12:24:02.659,0.93288,0.93313,1.00,1.00
2017.04.05 12:24:02.760,0.9329,0.93313,1.00,1.00
2017.04.05 12:24:03.045,0.93289,0.93315,1.00,1.00
2017.04.05 12:24:03.095,0.93292,0.93315,1.00,1.00
2017.04.05 12:24:03.525,0.93293,0.93318,1.00,1.00
2017.04.05 12:24:03.693,0.93294,0.9332,1.00,1.00
2017.04.05 12:24:04.495,0.93294,0.93319,1.00,1.00
2017.04.05 12:24:05.009,0.93293,0.93318,1.00,1.00
2017.04.05 12:24:06.049,0.93293,0.93317,1.00,1.00
2017.04.05 12:24:11.180,0.93295,0.93317,1.00,1.00
2017.04.05 12:24:11.481,0.93298,0.9332,1.00,1.00
2017.04.05 12:24:12.570,0.93302,0.93324,1.00,1.00
2017.04.05 12:24:13.544,0.93302,0.93323,1.00,1.00
2017.04.05 12:24:13.758,0.933,0.93324,1.00,1.00
2017.04.05 12:24:14.167,0.93298,0.93322,1.00,1.00
2017.04.05 12:24:14.692,0.93297,0.93321,1.00,1.00
2017.04.05 12:24:15.089,0.93299,0.93321,1.00,1.00
2017.04.05 12:24:16.163,0.933,0.93322,1.00,1.00
2017.04.05 12:24:17.648,0.93298,0.93322,1.00,1.00
2017.04.05 12:24:17.699,0.93298,0.9332,1.00,1.00
2017.04.05 12:24:18.223,0.93297,0.93319,1.00,1.00
2017.04.05 12:24:18.323,0.93294,0.93318,1.00,1.00
2017.04.05 12:24:18.855,0.93295,0.93317,1.00,1.00
2017.04.05 12:24:19.057,0.93293,0.93317,1.00,1.00
2017.04.05 12:24:20.011,0.93295,0.93318,1.00,1.00
2017.04.05 12:24:20.292,0.93293,0.93317,1.00,1.00
2017.04.05 12:24:20.393,0.93295,0.93318,1.00,1.00
2017.04.05 12:24:20.875,0.93292,0.93318,1.50,1.00
2017.04.05 12:24:21.127,0.93291,0.93315,1.00,1.00
2017.04.05 12:24:21.475,0.93288,0.93314,1.00,1.00
2017.04.05 12:24:22.121,0.93288,0.93311,1.00,1.00
2017.04.05 12:24:22.579,0.93292,0.93317,1.00,1.00
2017.04.05 12:24:22.945,0.93295,0.93319,1.00,1.87
2017.04.05 12:24:22.996,0.93292,0.93318,1.00,1.12
2017.04.05 12:24:23.147,0.93295,0.93319,1.00,1.50
2017.04.05 12:24:23.419,0.93296,0.93321,1.00,1.00
2017.04.05 12:24:26.213,0.93296,0.9332,1.00,1.00
2017.04.05 12:24:26.439,0.93298,0.93321,1.00,1.00
2017.04.05 12:24:26.992,0.93295,0.9332,1.00,1.00
2017.04.05 12:24:27.560,0.93294,0.93318,1.00,1.00
2017.04.05 12:24:27.661,0.93292,0.93318,1.00,1.00
2017.04.05 12:24:28.610,0.93292,0.93316,1.00,1.00
2017.04.05 12:24:28.914,0.93291,0.93314,1.00,1.00
2017.04.05 12:24:28.964,0.93291,0.93316,1.00,1.00
2017.04.05 12:24:29.165,0.93293,0.93318,1.00,1.50
2017.04.05 12:24:29.878,0.93295,0.93319,1.00,1.00
2017.04.05 12:24:30.413,0.93296,0.9332,1.00,1.00
2017.04.05 12:24:31.385,0.93294,0.9332,1.00,1.00
2017.04.05 12:24:33.384,0.93296,0.9332,1.00,1.00
2017.04.05 12:24:35.542,0.93298,0.9332,1.00,1.00
2017.04.05 12:24:35.750,0.93295,0.93319,1.00,1.00
2017.04.05 12:24:35.954,0.93293,0.93318,1.00,1.00
2017.04.05 12:24:36.004,0.93288,0.93313,1.00,1.00
2017.04.05 12:24:36.307,0.93287,0.9331,1.00,1.00
2017.04.05 12:24:36.854,0.93288,0.9331,1.00,1.00
2017.04.05 12:24:36.961,0.93288,0.93314,1.00,1.00
2017.04.05 12:24:37.132,0.9329,0.93313,1.00,1.00
2017.04.05 12:24:38.094,0.93289,0.93315,1.00,1.50
2017.04.05 12:24:39.136,0.9329,0.93314,1.00,1.00
2017.04.05 12:24:40.078,0.93291,0.93313,1.00,1.00
2017.04.05 12:24:41.011,0.93292,0.93314,1.00,1.00
2017.04.05 12:24:41.828,0.93286,0.93312,1.00,1.00
2017.04.05 12:24:42.113,0.93291,0.93314,1.00,1.00
2017.04.05 12:24:42.420,0.93294,0.93317,1.00,1.00
2017.04.05 12:24:42.539,0.9329,0.93316,1.00,1.50
2017.04.05 12:24:43.603,0.93293,0.93316,1.00,1.50
2017.04.05 12:24:43.913,0.93291,0.93314,1.00,1.00
2017.04.05 12:24:44.700,0.9329,0.93316,1.00,1.50
2017.04.05 12:24:46.232,0.93292,0.93315,1.00,1.00
2017.04.05 12:24:46.656,0.93292,0.93317,1.00,1.00
2017.04.05 12:24:47.371,0.93293,0.93317,1.00,1.00
2017.04.05 12:24:48.686,0.93294,0.93316,1.00,1.00
2017.04.05 12:24:50.373,0.93295,0.93319,1.00,1.00
2017.04.05 12:24:51.768,0.93294,0.93317,1.00,1.00
2017.04.05 12:24:52.375,0.93293,0.93316,1.00,1.00
2017.04.05 12:24:53.376,0.93293,0.93317,1.00,1.00
2017.04.05 12:24:53.684,0.9329,0.93313,1.00,1.00
2017.04.05 12:24:54.496,0.93291,0.93313,1.00,1.00
2017.04.05 12:24:55.775,0.93289,0.93313,1.00,1.00
2017.04.05 12:24:56.145,0.93288,0.9331,1.00,1.00
2017.04.05 12:24:56.447,0.93281,0.93303,1.00,1.00
2017.04.05 12:24:56.678,0.93276,0.93302,1.00,1.00
2017.04.05 12:24:56.829,0.93278,0.93304,1.00,1.50
2017.04.05 12:24:57.031,0.9328,0.93308,1.00,1.00
2017.04.05 12:24:57.566,0.93282,0.93308,1.00,1.00
2017.04.05 12:24:57.617,0.9328,0.93308,1.00,1.00
2017.04.05 12:24:57.867,0.93282,0.93308,1.00,1.00
2017.04.05 12:24:58.377,0.93281,0.93308,1.00,1.00
2017.04.05 12:24:58.556,0.93281,0.93311,1.00,1.50
2017.04.05 12:24:58.810,0.93283,0.93311,1.00,1.50
2017.04.05 12:24:58.861,0.93281,0.93311,1.00,1.50
2017.04.05 12:24:59.371,0.93284,0.93311,1.00,1.00
2017.04.05 12:25:00.161,0.93286,0.93311,1.00,1.00
2017.04.05 12:25:00.694,0.93285,0.93311,1.00,1.00
2017.04.05 12:25:00.930,0.93283,0.93311,1.00,1.50
2017.04.05 12:25:01.182,0.93286,0.9331,1.00,1.00
2017.04.05 12:25:05.260,0.93287,0.93312,1.00,1.00
2017.04.05 12:25:05.869,0.93289,0.93311,1.00,1.00
2017.04.05 12:25:07.308,0.93288,0.9331,1.00,1.00
2017.04.05 12:25:07.951,0.93289,0.93312,1.00,1.00
2017.04.05 12:25:08.003,0.93289,0.9331,1.00,1.00
2017.04.05 12:25:08.667,0.93288,0.93309,1.00,1.00
2017.04.05 12:25:08.818,0.93286,0.9331,1.00,1.00
2017.04.05 12:25:09.723,0.93285,0.93308,1.00,1.00
2017.04.05 12:25:10.800,0.93286,0.93308,1.00,1.00
2017.04.05 12:25:11.810,0.93286,0.93307,1.00,1.00
2017.04.05 12:25:12.807,0.93285,0.93309,1.00,1.00
2017.04.05 12:25:13.637,0.93286,0.9331,1.00,1.00
2017.04.05 12:25:14.978,0.9329,0.93313,1.00,1.00
2017.04.05 12:25:15.280,0.93293,0.93317,1.00,1.00
2017.04.05 12:25:16.276,0.93294,0.93315,1.00,1.00
2017.04.05 12:25:17.643,0.93289,0.93311,1.00,1.00
2017.04.05 12:25:17.693,0.93286,0.93308,1.00,1.00
2017.04.05 12:25:17.995,0.93284,0.93306,1.00,1.00
2017.04.05 12:25:18.404,0.93285,0.93308,1.00,1.00
2017.04.05 12:25:19.559,0.93283,0.93307,1.00,1.00
2017.04.05 12:25:22.717,0.93283,0.93306,1.00,1.00
2017.04.05 12:25:23.209,0.93281,0.93305,1.00,1.00
2017.04.05 12:25:23.310,0.93278,0.933,1.00,1.00
2017.04.05 12:25:23.715,0.93279,0.93303,1.00,1.00
2017.04.05 12:25:24.340,0.93279,0.93301,1.00,1.00
2017.04.05 12:25:25.393,0.93278,0.933,1.00,1.00
2017.04.05 12:25:25.709,0.93277,0.93298,1.00,1.00
2017.04.05 12:25:26.331,0.93274,0.93298,1.00,1.00
2017.04.05 12:25:26.610,0.93272,0.93296,1.00,1.00
2017.04.05 12:25:27.211,0.93273,0.93297,1.00,1.00
2017.04.05 12:25:27.882,0.93273,0.93298,1.00,1.00
2017.04.05 12:25:28.205,0.93272,0.93296,1.00,1.00
2017.04.05 12:25:28.711,0.93273,0.93296,1.00,1.00
2017.04.05 12:25:29.740,0.93272,0.93295,1.00,1.00
2017.04.05 12:25:30.414,0.93269,0.93292,1.00,1.00
2017.04.05 12:25:30.732,0.93266,0.93291,1.00,1.00
2017.04.05 12:25:34.686,0.93268,0.9329,1.00,1.00
2017.04.05 12:25:35.511,0.93266,0.9329,1.00,1.00
2017.04.05 12:25:36.530,0.93265,0.93289,1.00,1.00
2017.04.05 12:25:37.062,0.93265,0.93288,1.00,1.00
2017.04.05 12:25:37.603,0.93263,0.93285,1.00,1.00
2017.04.05 12:25:37.704,0.93261,0.93287,1.00,1.00
2017.04.05 12:25:38.583,0.9326,0.93286,1.00,1.00
2017.04.05 12:25:38.843,0.93262,0.93289,1.00,1.00
2017.04.05 12:25:38.894,0.93265,0.93289,1.00,1.00
2017.04.05 12:25:39.408,0.93264,0.9329,1.00,1.00
2017.04.05 12:25:39.740,0.93261,0.93285,1.00,1.00
2017.04.05 12:25:40.234,0.93263,0.93287,1.00,1.00
2017.04.05 12:25:40.349,0.9326,0.93287,1.00,1.00
2017.04.05 12:25:40.964,0.93261,0.93287,1.00,1.00
2017.04.05 12:25:42.115,0.93262,0.93288,1.00,1.00
2017.04.05 12:25:43.269,0.93265,0.93291,1.00,1.50
2017.04.05 12:25:43.470,0.93271,0.93299,1.00,3.00
2017.04.05 12:25:43.521,0.93268,0.93298,1.00,1.12
2017.04.05 12:25:43.571,0.93271,0.93296,1.00,1.00
2017.04.05 12:25:43.722,0.9327,0.93298,1.00,1.12
2017.04.05 12:25:43.823,0.93268,0.93293,1.00,1.00
2017.04.05 12:25:44.519,0.93272,0.93299,1.00,1.00
2017.04.05 12:25:44.570,0.93273,0.93301,1.00,1.50
2017.04.05 12:25:44.733,0.93276,0.93301,1.00,1.00
2017.04.05 12:25:45.426,0.93278,0.93306,1.00,1.00
2017.04.05 12:25:46.417,0.9328,0.93305,1.00,1.00
2017.04.05 12:25:46.518,0.93276,0.93302,1.00,1.00
2017.04.05 12:25:47.471,0.93274,0.93302,1.00,1.00
2017.04.05 12:25:47.531,0.93278,0.93303,1.00,1.00
2017.04.05 12:25:48.351,0.93276,0.93304,1.00,1.00
2017.04.05 12:25:49.035,0.93278,0.93303,1.00,1.00
2017.04.05 12:25:49.387,0.93276,0.93301,1.12,1.00
2017.04.05 12:25:49.731,0.93274,0.93299,1.75,1.00
2017.04.05 12:25:49.924,0.93274,0.93299,1.00,1.00
2017.04.05 12:25:50.293,0.93273,0.93301,1.00,1.00
2017.04.05 12:25:50.710,0.93275,0.93301,1.00,1.00
2017.04.05 12:25:51.661,0.93276,0.93301,1.00,1.00
2017.04.05 12:25:51.874,0.93276,0.93304,1.00,1.00
2017.04.05 12:25:51.924,0.93278,0.93305,1.00,1.00
2017.04.05 12:25:52.240,0.93284,0.93309,1.00,1.50
2017.04.05 12:25:52.546,0.9328,0.93308,1.00,1.00
2017.04.05 12:25:52.748,0.93279,0.93304,1.00,1.00
2017.04.05 12:25:52.899,0.9328,0.93307,1.00,1.00
2017.04.05 12:25:53.000,0.93281,0.93309,1.00,1.00
2017.04.05 12:25:54.205,0.93283,0.93307,1.00,1.00
2017.04.05 12:25:55.683,0.93285,0.93309,1.00,1.00
2017.04.05 12:25:56.191,0.93285,0.93308,1.00,1.00
2017.04.05 12:25:56.813,0.93286,0.93309,1.00,1.00
2017.04.05 12:25:58.813,0.93287,0.9331,1.00,1.00
2017.04.05 12:25:58.863,0.93284,0.93309,1.00,1.00
2017.04.05 12:25:59.976,0.93287,0.9331,1.00,1.00
2017.04.05 12:26:00.027,0.93285,0.9331,1.00,1.00
2017.04.05 12:26:00.573,0.93284,0.93309,1.00,1.00
2017.04.05 12:26:00.623,0.93283,0.93306,1.00,1.00
2017.04.05 12:26:00.674,0.93281,0.93306,1.00,1.00
2017.04.05 12:26:00.725,0.9328,0.93303,1.00,1.00
2017.04.05 12:26:01.118,0.93276,0.93301,1.00,1.00
2017.04.05 12:26:01.219,0.93275,0.93304,1.00,1.00
2017.04.05 12:26:01.975,0.93276,0.93301,1.00,1.00
2017.04.05 12:26:02.025,0.93274,0.93303,1.00,1.00
2017.04.05 12:26:02.493,0.93276,0.93301,1.00,1.00
2017.04.05 12:26:03.536,0.93276,0.933,1.00,1.00
2017.04.05 12:26:04.061,0.93276,0.93297,1.00,1.00
2017.04.05 12:26:04.334,0.93271,0.93293,1.00,1.00
2017.04.05 12:26:04.435,0.93268,0.93291,1.12,1.00
2017.04.05 12:26:04.535,0.93266,0.93293,1.50,1.00
2017.04.05 12:26:05.141,0.93267,0.93294,1.00,1.00
2017.04.05 12:26:05.393,0.93269,0.93294,1.00,1.00
2017.04.05 12:26:05.940,0.93271,0.93292,1.00,1.00
2017.04.05 12:26:06.466,0.9327,0.93294,1.00,1.00
2017.04.05 12:26:06.727,0.9327,0.93292,1.00,1.00
2017.04.05 12:26:06.828,0.93269,0.93295,1.00,1.00
2017.04.05 12:26:07.259,0.93271,0.93293,1.00,1.00
2017.04.05 12:26:07.921,0.93269,0.93297,1.00,1.00
2017.04.05 12:26:07.972,0.93271,0.93294,1.00,1.00
2017.04.05 12:26:08.223,0.93269,0.93297,1.00,1.00
2017.04.05 12:26:08.274,0.93272,0.93294,1.00,1.00
2017.04.05 12:26:08.324,0.9327,0.93296,1.00,1.00
2017.04.05 12:26:08.981,0.93271,0.93295,1.00,1.00
2017.04.05 12:26:10.494,0.93272,0.93295,1.00,1.00
2017.04.05 12:26:11.454,0.93272,0.93294,1.00,1.00
2017.04.05 12:26:13.457,0.93274,0.93296,1.00,1.00
2017.04.05 12:26:14.041,0.93275,0.93297,1.00,1.00
2017.04.05 12:26:14.620,0.93274,0.93296,1.00,1.00
2017.04.05 12:26:15.486,0.93275,0.93296,1.00,1.00
2017.04.05 12:26:16.157,0.93273,0.93297,1.00,1.00
2017.04.05 12:26:16.716,0.93272,0.93296,1.00,1.00
2017.04.05 12:26:17.697,0.93273,0.93297,1.00,1.00
2017.04.05 12:26:18.470,0.93274,0.93298,1.00,1.00
2017.04.05 12:26:21.410,0.93275,0.93298,1.00,1.00
2017.04.05 12:26:25.951,0.93275,0.93297,1.00,1.00
2017.04.05 12:26:26.522,0.93274,0.93297,1.00,1.00
2017.04.05 12:26:27.071,0.93274,0.93298,1.00,1.00
2017.04.05 12:26:27.485,0.93276,0.93298,1.00,1.00
2017.04.05 12:26:28.329,0.93275,0.93297,1.00,1.00
2017.04.05 12:26:28.876,0.93274,0.93296,1.00,1.00
2017.04.05 12:26:29.956,0.93275,0.93297,1.00,1.00
2017.04.05 12:26:31.102,0.93276,0.93298,1.00,1.00
2017.04.05 12:26:31.627,0.93276,0.93299,1.00,1.00
2017.04.05 12:26:31.943,0.93278,0.933,1.00,1.00
2017.04.05 12:26:32.245,0.9328,0.93302,1.00,1.00
2017.04.05 12:26:32.904,0.93278,0.93302,1.00,1.00
2017.04.05 12:26:33.255,0.93277,0.933,1.00,1.00
2017.04.05 12:26:37.638,0.93278,0.93302,1.00,1.00
2017.04.05 12:26:37.980,0.93279,0.933,1.00,1.00
2017.04.05 12:26:38.943,0.93278,0.933,1.00,1.00
2017.04.05 12:26:40.242,0.9328,0.93304,1.00,1.00
2017.04.05 12:26:41.122,0.9328,0.93303,1.00,1.00
2017.04.05 12:26:41.257,0.93278,0.93301,1.00,1.00
2017.04.05 12:26:41.692,0.93275,0.933,1.00,1.00
2017.04.05 12:26:41.793,0.93277,0.93302,1.00,1.00
2017.04.05 12:26:42.316,0.93276,0.93299,1.00,1.00
2017.04.05 12:26:43.413,0.93275,0.93298,1.00,1.00
2017.04.05 12:26:44.107,0.93277,0.933,1.00,1.00
2017.04.05 12:26:44.655,0.93278,0.93301,1.00,1.00
2017.04.05 12:26:45.994,0.93279,0.93302,1.00,1.00
2017.04.05 12:26:46.095,0.93277,0.93303,1.00,1.00
2017.04.05 12:26:47.230,0.93278,0.93302,1.00,1.00
2017.04.05 12:26:48.637,0.93278,0.93303,1.00,1.00
2017.04.05 12:26:49.209,0.93279,0.93303,1.00,1.00
2017.04.05 12:26:49.309,0.93281,0.93304,1.00,1.00
2017.04.05 12:26:49.360,0.93281,0.93306,1.00,1.00
2017.04.05 12:26:49.410,0.93279,0.93304,1.00,1.00
2017.04.05 12:26:49.712,0.93277,0.93306,1.00,1.00
2017.04.05 12:26:50.162,0.9328,0.93305,1.00,1.00
2017.04.05 12:26:50.679,0.93284,0.93307,1.00,1.00
2017.04.05 12:26:50.786,0.9328,0.93309,1.00,1.00
2017.04.05 12:26:50.965,0.9328,0.93307,1.00,1.00
2017.04.05 12:26:51.667,0.9328,0.93309,1.00,1.00
2017.04.05 12:26:52.221,0.93281,0.93308,1.00,1.00
2017.04.05 12:26:52.664,0.93281,0.9331,1.00,1.50
2017.04.05 12:26:52.974,0.93284,0.93311,1.00,1.00
2017.04.05 12:26:54.339,0.93284,0.93312,1.00,1.50
2017.04.05 12:26:54.657,0.93286,0.9331,1.00,1.00
2017.04.05 12:26:56.011,0.93286,0.93311,1.00,1.00
2017.04.05 12:26:56.559,0.93287,0.93311,1.00,1.00
2017.04.05 12:26:56.930,0.9329,0.93313,1.00,1.00
2017.04.05 12:26:57.314,0.93288,0.93311,1.00,1.00
2017.04.05 12:26:57.616,0.9329,0.93313,1.00,1.00
2017.04.05 12:26:58.413,0.9329,0.93312,1.00,1.00
2017.04.05 12:26:59.176,0.93291,0.93313,1.00,1.00
2017.04.05 12:27:00.475,0.93289,0.93311,1.00,1.00
2017.04.05 12:27:00.526,0.93287,0.9331,1.00,1.00
2017.04.05 12:27:00.835,0.93289,0.93313,1.00,1.50
2017.04.05 12:27:00.885,0.93287,0.93311,1.00,1.00
2017.04.05 12:27:02.167,0.93288,0.93312,1.00,1.00
2017.04.05 12:27:02.699,0.93289,0.93311,1.00,1.00
2017.04.05 12:27:02.905,0.93286,0.9331,1.00,1.00
2017.04.05 12:27:03.475,0.93285,0.93311,1.00,1.00
2017.04.05 12:27:04.501,0.93286,0.9331,1.00,1.00
2017.04.05 12:27:05.172,0.93287,0.93311,1.00,1.00
2017.04.05 12:27:05.389,0.93287,0.93309,1.00,1.00
2017.04.05 12:27:05.541,0.93282,0.93305,1.50,1.00
2017.04.05 12:27:05.692,0.93279,0.93305,1.00,1.00
2017.04.05 12:27:06.099,0.93281,0.93306,1.00,1.00
2017.04.05 12:27:06.577,0.93281,0.93304,1.00,1.00
2017.04.05 12:27:06.942,0.93284,0.93309,1.00,1.00
2017.04.05 12:27:07.445,0.93283,0.93308,1.00,1.00
2017.04.05 12:27:07.647,0.93285,0.93309,1.00,1.00
2017.04.05 12:27:08.052,0.93284,0.93307,1.00,1.00
2017.04.05 12:27:08.960,0.93282,0.93306,1.00,1.00
2017.04.05 12:27:09.121,0.93281,0.93304,1.00,1.00
2017.04.05 12:27:11.266,0.93281,0.93306,1.00,1.00
2017.04.05 12:27:11.317,0.93283,0.93306,1.00,1.00
2017.04.05 12:27:11.839,0.93282,0.93305,1.00,1.00
2017.04.05 12:27:13.109,0.93283,0.93306,1.00,1.00
2017.04.05 12:27:13.210,0.93284,0.93308,1.00,1.00
2017.04.05 12:27:13.260,0.93286,0.9331,1.00,1.00
2017.04.05 12:27:13.698,0.93283,0.93309,1.00,1.00
2017.04.05 12:27:14.253,0.93283,0.93308,1.00,1.00
2017.04.05 12:27:15.012,0.93281,0.93306,1.00,1.00
2017.04.05 12:27:15.548,0.9328,0.93305,1.00,1.00
2017.04.05 12:27:16.059,0.93281,0.93306,1.00,1.00
2017.04.05 12:27:16.583,0.93282,0.93306,1.00,1.00
2017.04.05 12:27:17.445,0.93282,0.93305,1.00,1.00
2017.04.05 12:27:17.546,0.93277,0.93302,1.50,1.00
2017.04.05 12:27:17.707,0.93275,0.93298,1.00,1.00
2017.04.05 12:27:18.711,0.93275,0.93299,1.00,1.00
2017.04.05 12:27:19.148,0.93276,0.93301,1.00,1.00
2017.04.05 12:27:19.199,0.93278,0.93302,1.00,1.50
2017.04.05 12:27:20.400,0.93277,0.93301,1.00,1.00
2017.04.05 12:27:20.982,0.93277,0.93302,1.00,1.00
2017.04.05 12:27:21.681,0.93276,0.93302,1.00,1.00
2017.04.05 12:27:23.094,0.93275,0.93301,1.00,1.00
2017.04.05 12:27:24.803,0.93277,0.93302,1.00,1.00
2017.04.05 12:27:25.121,0.9328,0.93301,1.00,1.00
2017.04.05 12:27:26.113,0.93279,0.93301,1.00,1.00
2017.04.05 12:27:26.337,0.93281,0.93304,1.00,1.00
2017.04.05 12:27:26.438,0.93283,0.93305,1.00,1.00
2017.04.05 12:27:26.740,0.9328,0.93305,1.00,1.00
2017.04.05 12:27:27.338,0.93282,0.93304,1.00,1.00
2017.04.05 12:27:29.413,0.93281,0.93303,1.00,1.00
2017.04.05 12:27:30.676,0.93282,0.93304,1.00,1.00
2017.04.05 12:27:31.100,0.9328,0.93302,1.00,1.00
2017.04.05 12:27:31.359,0.93278,0.93302,1.00,1.00
2017.04.05 12:27:31.914,0.93278,0.933,1.00,1.00
2017.04.05 12:27:33.705,0.93277,0.93299,1.00,1.00
2017.04.05 12:27:34.164,0.93275,0.93299,1.00,1.00
2017.04.05 12:27:34.315,0.93277,0.93299,1.00,1.00
2017.04.05 12:27:36.021,0.93276,0.93299,1.00,1.00
2017.04.05 12:27:36.611,0.93277,0.93301,1.00,1.00
2017.04.05 12:27:37.745,0.93277,0.93299,1.00,1.00
2017.04.05 12:27:38.189,0.93275,0.93299,1.00,1.00
2017.04.05 12:27:38.956,0.93274,0.933,1.00,1.00
2017.04.05 12:27:39.061,0.93275,0.93298,1.00,1.00
2017.04.05 12:27:39.571,0.93275,0.93297,1.00,1.00
2017.04.05 12:27:41.602,0.93275,0.93299,1.00,1.00
2017.04.05 12:27:43.122,0.93274,0.93298,1.00,1.00
2017.04.05 12:27:43.392,0.93276,0.93299,1.00,1.00
2017.04.05 12:27:43.493,0.93274,0.93298,1.00,1.00
2017.04.05 12:27:43.694,0.93273,0.93295,1.00,1.00
2017.04.05 12:27:43.795,0.93275,0.93299,1.00,1.50
2017.04.05 12:27:43.896,0.93274,0.93301,1.00,1.00
2017.04.05 12:27:43.997,0.93276,0.93301,1.00,1.50
2017.04.05 12:27:44.513,0.93277,0.933,1.00,1.00
2017.04.05 12:27:45.259,0.93276,0.933,1.00,1.00
2017.04.05 12:27:46.934,0.93275,0.93298,1.00,1.00
2017.04.05 12:27:47.989,0.93274,0.93298,1.00,1.00
2017.04.05 12:27:48.193,0.9327,0.93296,1.00,1.00
2017.04.05 12:27:49.712,0.93274,0.93297,1.00,1.50
2017.04.05 12:27:50.928,0.93271,0.93294,1.00,1.00
2017.04.05 12:27:51.133,0.93268,0.93294,1.00,1.00
2017.04.05 12:27:51.184,0.93268,0.93291,1.00,1.00
2017.04.05 12:27:51.235,0.93269,0.93293,1.00,1.00
2017.04.05 12:27:52.230,0.93269,0.93294,1.00,1.00
2017.04.05 12:27:56.131,0.93269,0.93293,1.00,1.00
2017.04.05 12:27:56.563,0.9327,0.93296,1.00,1.00
2017.04.05 12:27:56.663,0.93274,0.93297,1.00,1.00
2017.04.05 12:27:57.667,0.93272,0.93298,1.00,1.00
2017.04.05 12:27:58.239,0.93273,0.93298,1.00,1.00
2017.04.05 12:27:58.768,0.93273,0.93297,1.00,1.00
2017.04.05 12:28:00.080,0.93273,0.93298,1.00,1.00
2017.04.05 12:28:00.393,0.93272,0.93296,1.00,1.00
2017.04.05 12:28:00.704,0.93274,0.93298,1.00,1.00
2017.04.05 12:28:00.906,0.93277,0.93302,1.00,1.00
2017.04.05 12:28:01.109,0.93278,0.93304,1.00,1.00
2017.04.05 12:28:02.200,0.9328,0.93304,1.00,1.00
2017.04.05 12:28:02.960,0.93281,0.93304,1.00,1.00
2017.04.05 12:28:03.294,0.93282,0.93306,1.00,1.00
2017.04.05 12:28:03.597,0.9328,0.93306,1.00,1.00
2017.04.05 12:28:04.277,0.93281,0.93304,1.00,1.00
2017.04.05 12:28:04.725,0.93278,0.93305,1.00,1.00
2017.04.05 12:28:05.622,0.93277,0.93305,1.00,1.00
2017.04.05 12:28:06.603,0.93277,0.93304,1.00,1.00
2017.04.05 12:28:06.704,0.93279,0.93306,1.00,1.00
2017.04.05 12:28:06.755,0.93276,0.93304,1.00,1.00
2017.04.05 12:28:07.711,0.93277,0.93305,1.00,1.50
2017.04.05 12:28:07.762,0.9328,0.93305,1.00,1.00
2017.04.05 12:28:07.812,0.9328,0.93308,1.00,1.00
2017.04.05 12:28:07.963,0.93282,0.9331,1.00,1.00
2017.04.05 12:28:08.215,0.93283,0.93313,1.00,1.00
2017.04.05 12:28:08.367,0.93286,0.93314,1.00,1.00
2017.04.05 12:28:09.251,0.93284,0.93314,1.00,1.00
2017.04.05 12:28:10.297,0.93284,0.93313,1.00,1.00
2017.04.05 12:28:11.179,0.93287,0.93311,1.00,1.00
2017.04.05 12:28:11.862,0.93286,0.93312,1.00,1.00
2017.04.05 12:28:12.783,0.93288,0.93311,1.00,1.00
2017.04.05 12:28:17.012,0.93288,0.93314,1.00,1.00
2017.04.05 12:28:20.439,0.93288,0.93312,1.00,1.00
2017.04.05 12:28:21.568,0.93288,0.93311,1.00,1.00
2017.04.05 12:28:22.451,0.93289,0.93311,1.00,1.00
2017.04.05 12:28:23.098,0.93287,0.9331,1.00,1.00
2017.04.05 12:28:23.199,0.93287,0.93313,1.00,1.00
2017.04.05 12:28:24.089,0.93289,0.93313,1.00,1.00
2017.04.05 12:28:24.391,0.93286,0.93311,1.00,1.00
2017.04.05 12:28:25.968,0.93286,0.93312,1.00,1.00
2017.04.05 12:28:26.629,0.93288,0.93312,1.00,1.00
2017.04.05 12:28:27.602,0.93289,0.93312,1.00,1.00
2017.04.05 12:28:28.160,0.93288,0.93312,1.00,1.00
2017.04.05 12:28:28.418,0.93289,0.93315,1.00,1.00
2017.04.05 12:28:28.619,0.93292,0.93316,1.00,1.00
2017.04.05 12:28:29.560,0.93293,0.93317,1.00,1.00
2017.04.05 12:28:30.310,0.93293,0.93318,1.00,1.00
2017.04.05 12:28:30.845,0.93293,0.93317,1.00,1.00
2017.04.05 12:28:31.171,0.93291,0.93315,1.00,1.00
2017.04.05 12:28:31.905,0.93292,0.93315,1.00,1.00
2017.04.05 12:28:32.410,0.9329,0.93316,1.00,1.00
2017.04.05 12:28:32.968,0.9329,0.93315,1.00,1.00
2017.04.05 12:28:33.914,0.93289,0.93314,1.00,1.00
2017.04.05 12:28:34.444,0.9329,0.93314,1.00,1.00
2017.04.05 12:28:35.042,0.9329,0.93313,1.00,1.00
2017.04.05 12:28:35.935,0.93289,0.93312,1.00,1.00
2017.04.05 12:28:36.073,0.93291,0.93314,1.00,1.00
2017.04.05 12:28:37.111,0.9329,0.93313,1.00,1.00
2017.04.05 12:28:37.688,0.93289,0.93313,1.00,1.00
2017.04.05 12:28:38.401,0.93289,0.93312,1.00,1.00
2017.04.05 12:28:38.918,0.93289,0.93313,1.00,1.00
2017.04.05 12:28:39.220,0.93291,0.93313,1.00,1.00
2017.04.05 12:28:39.739,0.93293,0.93315,1.00,1.00
2017.04.05 12:28:39.953,0.93291,0.93317,1.00,1.00
2017.04.05 12:28:41.431,0.93292,0.93314,1.00,1.00
2017.04.05 12:28:41.592,0.93291,0.93316,1.00,1.00
2017.04.05 12:28:42.468,0.93292,0.93316,1.00,1.00
2017.04.05 12:28:42.693,0.93294,0.93318,1.00,1.50
2017.04.05 12:28:43.200,0.93296,0.93319,1.00,1.00
2017.04.05 12:28:43.251,0.93293,0.93318,1.00,1.00
2017.04.05 12:28:43.302,0.93291,0.93317,1.00,1.00
2017.04.05 12:28:43.453,0.93288,0.93313,1.00,1.00
2017.04.05 12:28:43.755,0.93297,0.93321,1.00,1.00
2017.04.05 12:28:43.806,0.93297,0.93323,1.00,1.00
2017.04.05 12:28:43.907,0.93294,0.93318,1.00,1.00
2017.04.05 12:28:44.297,0.93289,0.93315,1.75,1.00
2017.04.05 12:28:44.348,0.93289,0.93315,1.00,1.00
2017.04.05 12:28:45.300,0.9329,0.93316,1.00,1.00
2017.04.05 12:28:45.401,0.93292,0.93316,1.00,1.00
2017.04.05 12:28:45.552,0.93292,0.93319,1.00,1.00
2017.04.05 12:28:46.254,0.93294,0.93318,1.00,1.00
2017.04.05 12:28:46.305,0.93292,0.9332,1.00,1.50
2017.04.05 12:28:46.421,0.93294,0.93319,1.00,1.00
2017.04.05 12:28:46.943,0.93293,0.9332,1.00,1.00
2017.04.05 12:28:47.261,0.93291,0.93318,1.00,1.00
2017.04.05 12:28:47.916,0.93292,0.93317,1.00,1.00
2017.04.05 12:28:48.918,0.93292,0.93318,1.00,1.00
2017.04.05 12:28:50.821,0.93294,0.93318,1.00,1.00
2017.04.05 12:28:51.613,0.93292,0.93316,1.00,1.00
2017.04.05 12:28:55.402,0.93293,0.93316,1.00,1.00
2017.04.05 12:28:56.169,0.93292,0.93316,1.00,1.00
2017.04.05 12:28:56.752,0.93293,0.93318,1.00,1.00
2017.04.05 12:28:57.630,0.93293,0.93317,1.00,1.00
2017.04.05 12:28:58.989,0.93294,0.93318,1.00,1.00
2017.04.05 12:28:59.480,0.93295,0.9332,1.00,1.50
2017.04.05 12:28:59.531,0.93294,0.93318,1.00,1.00
2017.04.05 12:29:00.376,0.93294,0.93317,1.00,1.00
2017.04.05 12:29:00.884,0.93293,0.93316,1.00,1.00
2017.04.05 12:29:01.364,0.93293,0.93318,1.00,1.00
2017.04.05 12:29:05.592,0.93296,0.9332,1.00,1.00
2017.04.05 12:29:06.676,0.93297,0.9332,1.00,1.00
2017.04.05 12:29:07.190,0.93298,0.93321,1.00,1.00
2017.04.05 12:29:08.290,0.93298,0.93323,1.00,1.00
2017.04.05 12:29:08.554,0.93301,0.93323,1.00,1.00
2017.04.05 12:29:09.708,0.93299,0.93323,1.00,1.00
2017.04.05 12:29:09.809,0.93299,0.93321,1.00,1.00
2017.04.05 12:29:11.782,0.933,0.93321,1.00,1.00
2017.04.05 12:29:17.743,0.93299,0.93323,1.00,1.00
2017.04.05 12:29:19.682,0.93301,0.93324,1.00,1.00
2017.04.05 12:29:20.165,0.93302,0.93326,1.00,1.00
2017.04.05 12:29:20.761,0.93304,0.93326,1.00,1.50
2017.04.05 12:29:21.511,0.93302,0.93324,1.00,1.00
2017.04.05 12:29:21.863,0.93299,0.93323,1.00,1.00
2017.04.05 12:29:22.410,0.933,0.93324,1.00,1.00
2017.04.05 12:29:23.343,0.93301,0.93324,1.00,1.00
2017.04.05 12:29:23.585,0.933,0.93326,1.00,1.00
2017.04.05 12:29:23.978,0.93299,0.93324,1.00,1.00
2017.04.05 12:29:24.526,0.93298,0.93324,1.00,1.50
2017.04.05 12:29:25.212,0.93298,0.93321,1.00,1.00
2017.04.05 12:29:25.997,0.93299,0.93321,1.00,1.00
2017.04.05 12:29:26.318,0.93297,0.93319,1.00,1.00
2017.04.05 12:29:26.538,0.93293,0.93317,1.00,1.00
2017.04.05 12:29:26.589,0.93289,0.93313,1.00,1.00
2017.04.05 12:29:26.912,0.93287,0.93311,1.00,1.00
2017.04.05 12:29:32.477,0.93289,0.93312,1.00,1.00
2017.04.05 12:29:33.003,0.9329,0.93312,1.00,1.00
2017.04.05 12:29:33.250,0.93291,0.93315,1.00,1.00
2017.04.05 12:29:33.739,0.93293,0.93317,1.00,1.00
2017.04.05 12:29:34.270,0.93291,0.93316,1.50,1.00
2017.04.05 12:29:37.848,0.93292,0.93314,1.00,1.00
2017.04.05 12:29:38.147,0.9329,0.93314,1.00,1.00
2017.04.05 12:29:38.618,0.93292,0.93316,1.00,1.00
2017.04.05 12:29:40.486,0.93292,0.93315,1.00,1.00
2017.04.05 12:29:41.843,0.93291,0.93315,1.00,1.00
2017.04.05 12:29:44.315,0.93291,0.93313,1.00,1.00
2017.04.05 12:29:44.365,0.93291,0.93315,1.00,1.00
2017.04.05 12:29:44.898,0.93292,0.93315,1.00,1.00
2017.04.05 12:29:45.872,0.93291,0.93314,1.00,1.00
2017.04.05 12:29:46.452,0.9329,0.93313,1.00,1.00
2017.04.05 12:29:46.502,0.93292,0.93315,1.00,1.00
2017.04.05 12:29:47.563,0.93292,0.93314,1.00,1.00
2017.04.05 12:29:47.828,0.93292,0.93317,1.00,1.00
2017.04.05 12:29:48.094,0.93294,0.93317,1.00,1.00
2017.04.05 12:29:48.569,0.93291,0.93316,1.00,1.00
2017.04.05 12:29:50.450,0.93291,0.93313,1.00,1.00
2017.04.05 12:29:50.953,0.9329,0.93312,1.00,1.00
2017.04.05 12:29:51.510,0.93289,0.93311,1.00,1.00
2017.04.05 12:29:51.798,0.9329,0.93314,1.00,1.00
2017.04.05 12:29:51.849,0.9329,0.93312,1.00,1.00
2017.04.05 12:29:51.950,0.93286,0.93309,1.00,1.00
2017.04.05 12:29:52.513,0.93286,0.9331,1.00,1.00
2017.04.05 12:29:53.323,0.93285,0.93308,1.00,1.00
2017.04.05 12:29:53.625,0.93285,0.9331,1.00,1.00
2017.04.05 12:29:54.881,0.93287,0.93308,1.00,1.00
2017.04.05 12:29:54.932,0.93285,0.93308,1.00,1.00
2017.04.05 12:29:56.141,0.93286,0.93308,1.00,1.00
2017.04.05 12:29:56.818,0.93284,0.93308,1.00,1.00
2017.04.05 12:29:57.170,0.93285,0.9331,1.00,1.00
2017.04.05 12:29:57.837,0.93284,0.93309,1.00,1.00
2017.04.05 12:29:58.386,0.93285,0.93308,1.00,1.50
2017.04.05 12:29:59.185,0.93286,0.93308,1.00,1.50
2017.04.05 12:29:59.286,0.93284,0.93308,1.00,1.00
2017.04.05 12:30:00.190,0.93282,0.93305,1.00,1.00
2017.04.05 12:30:01.487,0.93282,0.93307,1.00,1.00
2017.04.05 12:30:01.587,0.93284,0.93307,1.00,1.00
2017.04.05 12:30:03.789,0.93282,0.93308,1.00,1.00
2017.04.05 12:30:04.360,0.93284,0.93306,1.00,1.00
2017.04.05 12:30:05.040,0.93281,0.93309,1.00,1.00
2017.04.05 12:30:06.152,0.93279,0.93307,1.00,1.00
2017.04.05 12:30:06.492,0.93277,0.93305,1.00,1.00
2017.04.05 12:30:06.828,0.93279,0.93307,1.00,1.00
2017.04.05 12:30:08.183,0.93279,0.93305,1.00,1.00
2017.04.05 12:30:08.458,0.9328,0.93307,1.00,1.00
2017.04.05 12:30:09.441,0.9328,0.93308,1.00,1.00
2017.04.05 12:30:10.166,0.93278,0.93306,1.50,1.00
2017.04.05 12:30:10.468,0.93278,0.93304,1.50,1.00
2017.04.05 12:30:10.569,0.93277,0.93306,1.00,1.50
2017.04.05 12:30:11.138,0.93278,0.93306,1.00,1.00
2017.04.05 12:30:11.578,0.93278,0.93304,1.00,1.00
2017.04.05 12:30:11.880,0.93282,0.93308,1.00,1.00
2017.04.05 12:30:12.238,0.9328,0.93308,1.00,1.00
2017.04.05 12:30:15.172,0.93279,0.93307,1.00,1.00
2017.04.05 12:30:15.524,0.93282,0.93308,1.00,1.00
2017.04.05 12:30:16.180,0.9328,0.93308,1.00,1.00
2017.04.05 12:30:16.281,0.9328,0.9331,1.12,1.00
2017.04.05 12:30:17.401,0.93282,0.93308,1.00,1.00
2017.04.05 12:30:18.331,0.9328,0.93308,1.00,1.00
2017.04.05 12:30:18.550,0.93282,0.93308,1.00,1.00
2017.04.05 12:30:19.083,0.93281,0.93307,1.00,1.00
2017.04.05 12:30:19.396,0.93282,0.93304,1.00,1.00
2017.04.05 12:30:19.707,0.93282,0.93307,1.00,1.00
2017.04.05 12:30:21.335,0.93283,0.93304,1.00,1.00
2017.04.05 12:30:21.386,0.93281,0.93303,1.00,1.00
2017.04.05 12:30:21.788,0.93283,0.93305,1.00,1.00
2017.04.05 12:30:23.122,0.93284,0.93308,1.00,1.00
2017.04.05 12:30:23.173,0.93286,0.93308,1.00,1.00
2017.04.05 12:30:24.108,0.93283,0.93309,1.00,1.00
2017.04.05 12:30:24.986,0.93284,0.9331,1.00,1.00
2017.04.05 12:30:25.087,0.93281,0.93309,1.50,1.00
2017.04.05 12:30:25.627,0.93281,0.93308,1.00,1.00
2017.04.05 12:30:26.041,0.93279,0.93305,1.00,1.00
2017.04.05 12:30:26.943,0.93278,0.93307,1.00,1.50
2017.04.05 12:30:28.482,0.93279,0.93305,1.00,1.00
2017.04.05 12:30:28.533,0.93277,0.93305,1.00,1.00
2017.04.05 12:30:28.583,0.93277,0.93303,1.00,1.00
2017.04.05 12:30:28.634,0.93278,0.93306,1.00,1.00
2017.04.05 12:30:29.556,0.93278,0.93304,1.00,1.00
2017.04.05 12:30:29.878,0.9328,0.93302,1.00,1.00
2017.04.05 12:30:29.929,0.93278,0.93301,1.00,1.00
2017.04.05 12:30:30.061,0.93278,0.93305,1.00,1.00
2017.04.05 12:30:30.612,0.93277,0.93305,1.00,1.00
2017.04.05 12:30:32.149,0.93279,0.93305,1.00,1.00
2017.04.05 12:30:32.683,0.93278,0.93305,1.00,1.00
2017.04.05 12:30:33.204,0.93277,0.93306,1.00,1.00
2017.04.05 12:30:33.611,0.93279,0.93302,1.00,1.00
2017.04.05 12:30:34.296,0.9328,0.93304,1.00,1.00
2017.04.05 12:30:34.914,0.9328,0.93303,1.00,1.00
2017.04.05 12:30:34.965,0.93278,0.93303,1.00,1.50
2017.04.05 12:30:35.025,0.9328,0.93303,1.00,1.50
2017.04.05 12:30:36.028,0.93279,0.93302,1.00,1.00
2017.04.05 12:30:37.563,0.93279,0.93306,1.00,1.00
2017.04.05 12:30:37.950,0.93277,0.93306,1.00,1.00
2017.04.05 12:30:38.051,0.9328,0.93304,1.00,1.00
2017.04.05 12:30:38.102,0.93277,0.93304,1.00,1.00
2017.04.05 12:30:38.277,0.93275,0.93302,1.00,1.00
2017.04.05 12:30:38.886,0.93277,0.933,1.00,1.00
2017.04.05 12:30:41.806,0.93278,0.93301,1.00,1.00
2017.04.05 12:30:41.993,0.93278,0.93303,1.00,1.00
2017.04.05 12:30:42.273,0.9328,0.93301,1.00,1.00
2017.04.05 12:30:43.097,0.93279,0.93303,1.00,1.00
2017.04.05 12:30:43.957,0.93276,0.93299,1.00,1.00
2017.04.05 12:30:45.028,0.93273,0.93306,1.00,1.00
2017.04.05 12:30:45.630,0.93276,0.93301,1.00,1.00
2017.04.05 12:30:48.110,0.93278,0.93301,1.00,1.00
2017.04.05 12:30:50.057,0.93279,0.93302,1.00,1.00
2017.04.05 12:30:50.564,0.93278,0.933,1.00,1.00
2017.04.05 12:30:50.665,0.93276,0.933,1.00,1.00
2017.04.05 12:30:50.858,0.93275,0.93298,1.00,1.00
2017.04.05 12:30:51.715,0.93276,0.93298,1.00,1.00
2017.04.05 12:30:52.431,0.93274,0.93296,1.00,1.00
2017.04.05 12:30:53.257,0.93273,0.93295,1.00,1.00
2017.04.05 12:30:55.026,0.93271,0.93294,1.00,1.00
2017.04.05 12:30:56.501,0.93272,0.93294,1.00,1.00
2017.04.05 12:30:58.229,0.9327,0.93294,1.00,1.00
2017.04.05 12:31:03.128,0.93269,0.93293,1.00,1.00
2017.04.05 12:31:04.691,0.93268,0.93291,1.00,1.00
2017.04.05 12:31:04.842,0.93269,0.93293,1.00,1.00
2017.04.05 12:31:08.530,0.93268,0.93292,1.00,1.00
2017.04.05 12:31:11.009,0.9327,0.93292,1.00,1.00
2017.04.05 12:31:16.957,0.9327,0.93293,1.00,1.00
2017.04.05 12:31:17.443,0.93272,0.93295,1.00,1.00
2017.04.05 12:31:19.147,0.93273,0.93297,1.00,1.00
2017.04.05 12:31:19.302,0.93275,0.93297,1.00,1.00
2017.04.05 12:31:19.504,0.93276,0.93299,1.00,1.00
2017.04.05 12:31:20.303,0.93275,0.93297,1.00,1.00
2017.04.05 12:31:20.674,0.93276,0.933,1.00,1.00
2017.04.05 12:31:21.351,0.93278,0.933,1.00,1.00
2017.04.05 12:31:21.899,0.93277,0.93301,1.00,1.00
2017.04.05 12:31:23.057,0.93278,0.93299,1.00,1.00
2017.04.05 12:31:23.342,0.93278,0.93302,1.00,1.00
2017.04.05 12:31:23.393,0.93276,0.93302,1.00,1.00
2017.04.05 12:31:23.966,0.93277,0.93301,1.00,1.00
2017.04.05 12:31:24.815,0.93278,0.93301,1.00,1.00
2017.04.05 12:31:25.327,0.93277,0.933,1.00,1.00
2017.04.05 12:31:27.195,0.93278,0.93301,1.00,1.00
2017.04.05 12:31:27.296,0.9328,0.93301,1.00,1.00
2017.04.05 12:31:27.652,0.9328,0.93304,1.00,1.00
2017.04.05 12:31:28.561,0.93282,0.93304,1.00,1.00
2017.04.05 12:31:29.103,0.93272,0.93305,1.87,1.00
2017.04.05 12:31:29.619,0.93274,0.93305,1.00,1.00
2017.04.05 12:31:29.921,0.9328,0.93305,1.00,1.00
2017.04.05 12:31:30.489,0.93278,0.93303,1.00,1.00
2017.04.05 12:31:30.918,0.93278,0.93301,1.00,1.00
2017.04.05 12:31:31.409,0.9328,0.93303,1.00,1.00
2017.04.05 12:31:31.459,0.93281,0.93306,1.00,1.00
2017.04.05 12:31:31.711,0.93283,0.93306,1.00,1.00
2017.04.05 12:31:32.000,0.93283,0.93308,1.00,1.00
2017.04.05 12:31:32.713,0.93285,0.93308,1.00,1.00
2017.04.05 12:31:34.642,0.93284,0.93307,1.00,1.00
2017.04.05 12:31:35.188,0.93285,0.93308,1.00,1.00
2017.04.05 12:31:36.428,0.93283,0.93308,1.00,1.00
2017.04.05 12:31:37.043,0.93282,0.93307,1.00,1.00
2017.04.05 12:31:38.191,0.93284,0.93307,1.00,1.00
2017.04.05 12:31:38.520,0.93288,0.93311,1.00,1.00
2017.04.05 12:31:39.513,0.93287,0.9331,1.00,1.00
2017.04.05 12:31:41.604,0.93287,0.93313,1.00,1.00
2017.04.05 12:31:42.081,0.93289,0.93313,1.00,1.00
2017.04.05 12:31:43.769,0.9329,0.93312,1.00,1.00
2017.04.05 12:31:45.070,0.93291,0.93313,1.00,1.00
2017.04.05 12:31:45.371,0.93293,0.93315,1.00,1.00
2017.04.05 12:31:46.504,0.93291,0.93313,1.00,1.00
2017.04.05 12:31:46.555,0.93288,0.93313,1.00,1.00
2017.04.05 12:31:47.119,0.93287,0.9331,1.00,1.00
2017.04.05 12:31:49.493,0.93287,0.93309,1.00,1.00
2017.04.05 12:31:52.307,0.93286,0.93308,1.00,1.00
2017.04.05 12:31:52.839,0.93284,0.93308,1.00,1.00
2017.04.05 12:31:53.241,0.93284,0.93305,1.00,1.00
2017.04.05 12:31:53.779,0.93282,0.93303,1.00,1.00
2017.04.05 12:31:54.356,0.93282,0.93304,1.00,1.00
2017.04.05 12:31:55.073,0.93283,0.93305,1.00,1.00
2017.04.05 12:31:57.113,0.93282,0.93304,1.00,1.00
2017.04.05 12:31:57.163,0.93282,0.93306,1.00,1.00
2017.04.05 12:31:58.784,0.93282,0.93305,1.00,1.00
2017.04.05 12:31:58.885,0.9328,0.93307,1.12,1.00
2017.04.05 12:31:58.935,0.93287,0.93308,1.00,1.00
2017.04.05 12:31:58.986,0.93287,0.9331,1.00,1.00
2017.04.05 12:31:59.983,0.93285,0.93309,1.00,1.00
2017.04.05 12:32:00.748,0.93286,0.93309,1.00,1.00
2017.04.05 12:32:01.810,0.93284,0.93309,1.00,1.00
2017.04.05 12:32:02.390,0.93284,0.93308,1.00,1.00
2017.04.05 12:32:02.899,0.93284,0.93307,1.00,1.00
2017.04.05 12:32:08.648,0.93286,0.93307,1.00,1.00
2017.04.05 12:32:11.092,0.93283,0.93307,1.00,1.00
2017.04.05 12:32:20.165,0.93283,0.93305,1.00,1.00
2017.04.05 12:32:21.112,0.93283,0.93304,1.00,1.00
2017.04.05 12:32:22.005,0.93282,0.93303,1.00,1.00
2017.04.05 12:32:22.342,0.9328,0.93304,1.00,1.00
2017.04.05 12:32:22.995,0.93284,0.93305,1.00,1.00
2017.04.05 12:32:23.046,0.93283,0.93307,1.00,1.00
2017.04.05 12:32:23.096,0.93285,0.93309,1.00,1.50
2017.04.05 12:32:23.446,0.93282,0.93306,1.00,1.00
2017.04.05 12:32:23.809,0.93282,0.93304,1.00,1.00
2017.04.05 12:32:26.927,0.93282,0.93306,1.00,1.00
2017.04.05 12:32:34.377,0.93282,0.93303,1.00,1.00
2017.04.05 12:32:34.899,0.93281,0.93302,1.00,1.00
2017.04.05 12:32:35.364,0.93277,0.93301,1.37,1.00
2017.04.05 12:32:35.515,0.93275,0.93299,1.00,1.00
2017.04.05 12:32:35.565,0.93277,0.933,1.00,1.00
2017.04.05 12:32:35.867,0.93277,0.93298,1.00,1.00
2017.04.05 12:32:35.918,0.93274,0.93298,1.00,1.00
2017.04.05 12:32:36.919,0.93273,0.93297,1.00,1.00
2017.04.05 12:32:37.832,0.93275,0.93297,1.00,1.00
2017.04.05 12:32:38.802,0.93276,0.93298,1.00,1.00
2017.04.05 12:32:39.488,0.93276,0.93299,1.00,1.00
2017.04.05 12:32:39.991,0.93277,0.93299,1.00,1.00
2017.04.05 12:32:43.444,0.93275,0.93297,1.00,1.00
2017.04.05 12:32:43.792,0.93273,0.93295,1.00,1.00
2017.04.05 12:32:44.346,0.93275,0.93298,1.00,1.00
2017.04.05 12:32:44.446,0.93278,0.93299,1.00,1.00
2017.04.05 12:32:44.799,0.93276,0.933,1.00,1.00
2017.04.05 12:32:45.343,0.93278,0.933,1.00,1.00
2017.04.05 12:32:46.173,0.93279,0.93301,1.00,1.00
2017.04.05 12:32:47.158,0.9328,0.93302,1.00,1.00
2017.04.05 12:32:47.679,0.93281,0.93303,1.00,1.00
2017.04.05 12:32:49.165,0.93282,0.93304,1.00,1.50
2017.04.05 12:32:49.814,0.93281,0.93303,1.00,1.00
2017.04.05 12:32:49.865,0.93278,0.93302,1.00,1.00
2017.04.05 12:32:50.379,0.93277,0.93301,1.00,1.00
2017.04.05 12:32:53.031,0.93279,0.933,1.00,1.00
2017.04.05 12:32:53.232,0.93277,0.93299,1.00,1.00
2017.04.05 12:32:53.383,0.93279,0.93302,1.00,1.50
2017.04.05 12:32:53.782,0.93274,0.93307,1.00,1.00
2017.04.05 12:32:53.901,0.9328,0.93305,1.00,1.00
2017.04.05 12:32:54.473,0.93282,0.93304,1.00,1.00
2017.04.05 12:32:57.436,0.93283,0.93304,1.00,1.00
2017.04.05 12:32:57.984,0.93282,0.93304,1.00,1.00
2017.04.05 12:32:58.245,0.93279,0.93302,1.00,1.00
2017.04.05 12:32:58.530,0.93277,0.933,1.00,1.00
2017.04.05 12:32:59.238,0.93278,0.93301,1.00,1.00
2017.04.05 12:32:59.770,0.93279,0.93302,1.00,1.00
2017.04.05 12:33:02.581,0.93278,0.93302,1.00,1.00
2017.04.05 12:33:04.693,0.9328,0.93302,1.00,1.00
2017.04.05 12:33:04.744,0.93281,0.93305,1.00,1.00
2017.04.05 12:33:04.895,0.93284,0.93306,1.00,1.00
2017.04.05 12:33:05.252,0.93281,0.93305,1.00,1.00
2017.04.05 12:33:06.215,0.93282,0.93303,1.00,1.00
2017.04.05 12:33:07.389,0.93281,0.93303,1.00,1.00
2017.04.05 12:33:09.076,0.9328,0.93301,1.00,1.00
2017.04.05 12:33:09.580,0.93272,0.93305,2.25,1.00
2017.04.05 12:33:11.125,0.93276,0.93299,1.00,1.00
2017.04.05 12:33:11.377,0.93274,0.93298,1.00,1.00
2017.04.05 12:33:11.477,0.93274,0.93295,1.00,1.00
2017.04.05 12:33:12.127,0.93272,0.93296,1.00,1.00
2017.04.05 12:33:12.681,0.93273,0.93297,1.00,1.00
2017.04.05 12:33:14.937,0.93274,0.93298,1.00,1.00
2017.04.05 12:33:15.089,0.93276,0.93299,1.00,1.00
2017.04.05 12:33:15.964,0.93277,0.93299,1.00,1.00
2017.04.05 12:33:17.927,0.93278,0.93302,1.00,1.00
2017.04.05 12:33:18.179,0.93281,0.93303,1.00,1.00
2017.04.05 12:33:20.118,0.93284,0.93308,1.00,1.00
2017.04.05 12:33:20.661,0.93283,0.93307,1.00,1.50
2017.04.05 12:33:21.210,0.93282,0.93306,1.00,1.00
2017.04.05 12:33:21.261,0.93284,0.93308,1.00,1.50
2017.04.05 12:33:21.412,0.93281,0.93306,1.00,1.00
2017.04.05 12:33:21.462,0.93286,0.93309,1.00,1.00
2017.04.05 12:33:21.939,0.93284,0.93307,1.00,1.00
2017.04.05 12:33:22.483,0.93283,0.93306,1.00,1.00
2017.04.05 12:33:23.483,0.93283,0.93307,1.00,1.00
2017.04.05 12:33:23.866,0.93285,0.93308,1.00,1.00
2017.04.05 12:33:24.624,0.93283,0.93306,1.00,1.00
2017.04.05 12:33:24.675,0.9328,0.93304,1.00,1.00
2017.04.05 12:33:24.776,0.93277,0.93304,1.00,1.00
2017.04.05 12:33:24.876,0.93275,0.93302,1.00,1.00
2017.04.05 12:33:25.179,0.93271,0.93298,1.00,1.50
2017.04.05 12:33:26.775,0.93272,0.93301,1.00,1.50
2017.04.05 12:33:27.294,0.93273,0.93301,1.00,1.00
2017.04.05 12:33:27.800,0.93275,0.93302,1.00,1.50
2017.04.05 12:33:28.244,0.93277,0.933,1.00,1.00
2017.04.05 12:33:28.345,0.93271,0.93295,1.00,1.00
2017.04.05 12:33:28.541,0.93267,0.93289,1.00,1.00
2017.04.05 12:33:28.642,0.93262,0.93287,1.00,1.00
2017.04.05 12:33:28.810,0.93266,0.93291,1.00,1.00
2017.04.05 12:33:29.062,0.93263,0.9329,1.00,1.00
2017.04.05 12:33:29.163,0.93269,0.93295,1.00,1.00
2017.04.05 12:33:29.464,0.93272,0.93299,1.00,1.00
2017.04.05 12:33:29.811,0.93269,0.93298,1.50,1.00
2017.04.05 12:33:30.113,0.93267,0.93295,1.00,1.00
2017.04.05 12:33:30.314,0.93257,0.93287,1.00,1.37
2017.04.05 12:33:30.463,0.93255,0.93286,1.00,1.12
2017.04.05 12:33:30.664,0.93257,0.93288,1.00,1.50
2017.04.05 12:33:30.916,0.9326,0.93291,1.00,1.00
2017.04.05 12:33:31.024,0.93262,0.93292,1.00,1.00
2017.04.05 12:33:31.529,0.93262,0.93288,1.00,1.97
2017.04.05 12:33:31.579,0.93257,0.93281,1.00,1.00
2017.04.05 12:33:31.680,0.93259,0.9328,1.00,1.00
2017.04.05 12:33:31.831,0.93259,0.9329,1.00,1.50
2017.04.05 12:33:32.221,0.93259,0.9329,1.00,1.00
2017.04.05 12:33:32.372,0.93257,0.93288,1.00,1.00
2017.04.05 12:33:32.695,0.93263,0.93291,1.00,1.00
2017.04.05 12:33:32.746,0.93263,0.93294,1.50,1.00
2017.04.05 12:33:32.897,0.93265,0.93296,1.00,1.87
2017.04.05 12:33:33.557,0.93266,0.93296,1.00,1.00
2017.04.05 12:33:33.607,0.93266,0.93298,1.00,1.00
2017.04.05 12:33:33.658,0.93266,0.93296,1.00,1.00
2017.04.05 12:33:33.960,0.93256,0.93287,1.50,1.50
2017.04.05 12:33:34.011,0.93254,0.93287,1.50,2.25
2017.04.05 12:33:34.821,0.93255,0.93287,1.00,1.50
2017.04.05 12:33:35.592,0.93255,0.93286,1.00,1.00
2017.04.05 12:33:35.643,0.93254,0.93285,1.00,2.10
2017.04.05 12:33:35.694,0.93254,0.93281,1.00,1.35
2017.04.05 12:33:35.744,0.93254,0.93277,1.00,2.10
2017.04.05 12:33:35.795,0.93249,0.93277,1.00,2.10
2017.04.05 12:33:35.845,0.93248,0.93275,1.00,1.00
2017.04.05 12:33:35.896,0.93244,0.93275,1.00,1.50
2017.04.05 12:33:36.158,0.93246,0.93279,1.00,1.50
2017.04.05 12:33:36.417,0.9325,0.93279,1.00,1.00
2017.04.05 12:33:36.719,0.93254,0.9328,1.00,1.00
2017.04.05 12:33:36.770,0.93254,0.93285,1.00,1.00
2017.04.05 12:33:37.211,0.93257,0.93286,1.00,1.00
2017.04.05 12:33:37.311,0.93259,0.9329,1.00,1.87
2017.04.05 12:33:37.673,0.93257,0.93282,1.00,1.00
2017.04.05 12:33:37.848,0.93251,0.93278,1.00,1.00
2017.04.05 12:33:37.899,0.93247,0.93278,1.50,1.00
2017.04.05 12:33:37.949,0.9325,0.9328,1.00,1.00
2017.04.05 12:33:38.305,0.93253,0.93285,1.00,1.50
2017.04.05 12:33:38.355,0.93255,0.93285,1.00,1.00
2017.04.05 12:33:38.581,0.93256,0.93288,1.00,1.00
2017.04.05 12:33:39.108,0.93257,0.93288,1.00,1.00
2017.04.05 12:33:39.159,0.93259,0.93289,1.00,1.00
2017.04.05 12:33:40.659,0.93257,0.93289,1.00,1.00
2017.04.05 12:33:41.823,0.93258,0.93289,1.00,1.00
2017.04.05 12:33:43.687,0.9326,0.93289,1.00,1.00
2017.04.05 12:33:43.989,0.93248,0.93278,1.75,1.00
2017.04.05 12:33:44.273,0.93248,0.93278,1.00,1.00
2017.04.05 12:33:44.758,0.9325,0.93277,1.00,1.00
2017.04.05 12:33:45.384,0.93243,0.93272,1.00,1.00
2017.04.05 12:33:45.535,0.93243,0.93269,1.00,1.00
2017.04.05 12:33:45.586,0.93243,0.93274,1.00,1.87
2017.04.05 12:33:46.164,0.93246,0.93274,1.00,1.12
2017.04.05 12:33:46.483,0.93248,0.93274,1.00,1.87
2017.04.05 12:33:46.808,0.93249,0.93277,1.00,1.00
2017.04.05 12:33:48.061,0.93241,0.93269,1.00,1.00
2017.04.05 12:33:48.397,0.93239,0.93267,1.00,1.00
2017.04.05 12:33:49.728,0.93238,0.93264,1.00,1.60
2017.04.05 12:33:49.884,0.93235,0.93263,1.00,2.10
2017.04.05 12:33:49.935,0.93235,0.9326,1.00,1.00
2017.04.05 12:33:50.207,0.93235,0.93263,1.00,1.50
2017.04.05 12:33:51.955,0.93234,0.93262,1.00,1.00
2017.04.05 12:33:52.056,0.93235,0.9326,1.00,1.00
2017.04.05 12:33:52.107,0.93231,0.93259,1.00,1.00
2017.04.05 12:33:52.409,0.93229,0.93255,1.00,1.00
2017.04.05 12:33:52.510,0.93231,0.93258,1.00,1.00
2017.04.05 12:33:52.884,0.93233,0.93257,1.00,1.00
2017.04.05 12:33:53.086,0.93235,0.93261,1.00,1.00
2017.04.05 12:33:53.187,0.93232,0.93261,1.00,1.50
2017.04.05 12:33:53.287,0.93237,0.93261,1.00,1.00
2017.04.05 12:33:53.590,0.9324,0.93264,1.00,1.00
2017.04.05 12:33:53.640,0.9324,0.93267,1.00,1.00
2017.04.05 12:33:54.178,0.93239,0.93265,1.00,1.00
2017.04.05 12:33:54.701,0.93238,0.93265,1.00,1.50
2017.04.05 12:33:54.752,0.93235,0.93264,1.00,1.00
2017.04.05 12:33:54.803,0.93237,0.93265,1.00,1.00
2017.04.05 12:33:55.105,0.93236,0.93263,1.00,1.00
2017.04.05 12:33:56.164,0.93237,0.93264,1.00,1.00
2017.04.05 12:33:59.073,0.93238,0.93265,1.00,1.50
2017.04.05 12:33:59.174,0.93236,0.93265,1.00,1.50
2017.04.05 12:33:59.224,0.93238,0.93265,1.00,1.50
2017.04.05 12:33:59.526,0.9324,0.93267,1.00,1.00
2017.04.05 12:34:00.234,0.93239,0.93266,1.00,1.00
2017.04.05 12:34:02.278,0.9324,0.93265,1.00,1.00
2017.04.05 12:34:02.328,0.93238,0.93266,1.00,1.00
2017.04.05 12:34:02.564,0.9324,0.93266,1.00,1.50
2017.04.05 12:34:03.611,0.93241,0.93267,1.00,1.00
2017.04.05 12:34:04.084,0.93243,0.93268,1.00,1.00
2017.04.05 12:34:04.134,0.93243,0.9327,1.00,1.00
2017.04.05 12:34:04.561,0.9324,0.93268,1.00,1.00
2017.04.05 12:34:04.612,0.93243,0.93269,1.00,1.00
2017.04.05 12:34:04.713,0.93241,0.93268,1.00,1.00
2017.04.05 12:34:04.813,0.93238,0.93267,1.00,1.00
2017.04.05 12:34:05.096,0.93241,0.93268,1.00,1.00
2017.04.05 12:34:05.147,0.93238,0.93266,1.00,1.00
2017.04.05 12:34:05.567,0.9324,0.93267,1.00,1.00
2017.04.05 12:34:06.073,0.93239,0.93266,1.00,1.00
2017.04.05 12:34:06.466,0.93237,0.93266,1.00,1.00
2017.04.05 12:34:08.268,0.93237,0.93264,1.00,1.00
2017.04.05 12:34:08.796,0.93236,0.93263,1.00,1.00
2017.04.05 12:34:09.563,0.93235,0.93265,1.00,1.00
2017.04.05 12:34:10.310,0.93237,0.93263,1.00,1.00
2017.04.05 12:34:10.834,0.93235,0.9326,1.00,1.00
2017.04.05 12:34:10.884,0.93236,0.93263,1.00,1.00
2017.04.05 12:34:11.502,0.93237,0.93264,1.00,1.00
2017.04.05 12:34:11.936,0.93239,0.93266,1.00,1.00
2017.04.05 12:34:12.483,0.93235,0.93264,1.00,1.00
2017.04.05 12:34:13.457,0.93236,0.93264,1.00,1.00
2017.04.05 12:34:15.149,0.93236,0.93262,1.00,1.00
2017.04.05 12:34:15.748,0.93236,0.93261,1.00,1.00
2017.04.05 12:34:16.090,0.93239,0.9326,1.00,1.00
2017.04.05 12:34:16.191,0.93233,0.93261,1.00,1.00
2017.04.05 12:34:16.292,0.93232,0.93259,1.00,1.00
2017.04.05 12:34:16.602,0.93232,0.93257,1.00,1.00
2017.04.05 12:34:17.048,0.93235,0.93257,1.00,1.00
2017.04.05 12:34:17.149,0.93233,0.93258,1.00,1.00
2017.04.05 12:34:17.273,0.93236,0.93259,1.00,1.00
2017.04.05 12:34:18.047,0.93236,0.9326,1.00,1.00
2017.04.05 12:34:19.260,0.93233,0.93258,1.00,1.00
2017.04.05 12:34:20.672,0.93235,0.93258,1.00,1.00
2017.04.05 12:34:21.675,0.93234,0.93258,1.00,1.00
2017.04.05 12:34:23.261,0.93234,0.93256,1.00,1.00
2017.04.05 12:34:24.445,0.93236,0.93258,1.00,1.00
2017.04.05 12:34:25.113,0.93235,0.93257,1.00,1.00
2017.04.05 12:34:25.493,0.93235,0.93259,1.00,1.00
2017.04.05 12:34:27.022,0.93235,0.93257,1.00,1.00
2017.04.05 12:34:29.659,0.93235,0.93259,1.00,1.00
2017.04.05 12:34:31.632,0.93236,0.9326,1.00,1.50
2017.04.05 12:34:31.733,0.93235,0.93257,1.00,1.00
2017.04.05 12:34:32.684,0.93235,0.93259,1.00,1.00
2017.04.05 12:34:33.732,0.93237,0.93259,1.00,1.00
2017.04.05 12:34:34.034,0.93235,0.93257,1.00,1.00
2017.04.05 12:34:35.602,0.93236,0.9326,1.00,1.00
2017.04.05 12:34:35.653,0.93236,0.93258,1.00,1.00
2017.04.05 12:34:36.335,0.93238,0.93259,1.00,1.00
2017.04.05 12:34:38.467,0.93237,0.93259,1.00,1.00
2017.04.05 12:34:41.941,0.93238,0.93259,1.00,1.00
2017.04.05 12:34:42.943,0.93236,0.9326,1.00,1.00
2017.04.05 12:34:46.669,0.93239,0.93261,1.00,1.00
2017.04.05 12:34:47.315,0.9324,0.93262,1.00,1.00
2017.04.05 12:34:47.681,0.93242,0.93264,1.00,1.00
2017.04.05 12:34:49.697,0.9324,0.93264,1.00,1.00
2017.04.05 12:35:02.176,0.93241,0.93265,1.00,1.50
2017.04.05 12:35:03.077,0.93242,0.93265,1.00,1.00
2017.04.05 12:35:09.015,0.93241,0.93265,1.00,1.50
2017.04.05 12:35:11.225,0.93236,0.93258,1.00,1.00
2017.04.05 12:35:11.276,0.93234,0.93258,1.00,1.00
2017.04.05 12:35:11.540,0.93234,0.93256,1.00,1.00
2017.04.05 12:35:12.501,0.93234,0.93255,1.00,1.00
2017.04.05 12:35:13.665,0.93232,0.93255,1.00,1.00
2017.04.05 12:35:14.377,0.93232,0.93254,1.00,1.00
2017.04.05 12:35:14.428,0.9323,0.93254,1.00,1.00
2017.04.05 12:35:14.697,0.93228,0.93252,1.00,1.00
2017.04.05 12:35:14.999,0.93227,0.93249,1.00,1.00
2017.04.05 12:35:15.302,0.93225,0.93247,1.00,1.00
2017.04.05 12:35:15.645,0.93229,0.93249,1.00,1.00
2017.04.05 12:35:15.746,0.93227,0.93249,1.00,1.00
2017.04.05 12:35:15.797,0.9323,0.93249,1.00,1.00
2017.04.05 12:35:15.898,0.9323,0.93254,1.00,1.00
2017.04.05 12:35:16.152,0.93232,0.93256,1.00,1.50
2017.04.05 12:35:17.252,0.93233,0.93256,1.00,1.00
2017.04.05 12:35:18.082,0.93231,0.93257,1.00,1.00
2017.04.05 12:35:18.132,0.93231,0.93255,1.00,1.00
2017.04.05 12:35:18.811,0.93232,0.93254,1.00,1.00
2017.04.05 12:35:21.164,0.93229,0.93251,1.00,1.00
2017.04.05 12:35:21.215,0.93229,0.93253,1.00,1.00
2017.04.05 12:35:21.316,0.93235,0.93257,1.00,1.00
2017.04.05 12:35:21.624,0.9324,0.93266,1.00,1.50
2017.04.05 12:35:21.902,0.9324,0.93262,1.00,1.00
2017.04.05 12:35:22.902,0.93238,0.93262,1.00,1.50
2017.04.05 12:35:23.862,0.93237,0.93261,1.00,1.00
2017.04.05 12:35:23.912,0.9324,0.93262,1.00,1.50
2017.04.05 12:35:24.939,0.93239,0.93262,1.00,1.50
2017.04.05 12:35:25.953,0.93238,0.93261,1.00,1.00
2017.04.05 12:35:26.602,0.93237,0.93261,1.00,1.00
2017.04.05 12:35:26.939,0.9324,0.93262,1.00,1.00
2017.04.05 12:35:26.990,0.93241,0.93265,1.00,1.50
2017.04.05 12:35:27.440,0.93239,0.93263,1.00,1.00
2017.04.05 12:35:27.742,0.93237,0.9326,1.00,1.00
2017.04.05 12:35:28.044,0.9324,0.93261,1.00,1.00
2017.04.05 12:35:28.094,0.93242,0.93264,1.00,1.00
2017.04.05 12:35:28.523,0.93243,0.93266,1.00,1.00
2017.04.05 12:35:29.065,0.93243,0.93267,1.00,1.50
2017.04.05 12:35:29.591,0.93242,0.93267,1.00,1.00
2017.04.05 12:35:30.537,0.93242,0.93266,1.00,1.00
2017.04.05 12:35:30.738,0.9324,0.93263,1.00,1.00
2017.04.05 12:35:31.267,0.93237,0.93261,1.00,1.00
2017.04.05 12:35:31.673,0.93235,0.93261,1.00,1.00
2017.04.05 12:35:32.673,0.93235,0.9326,1.00,1.00
2017.04.05 12:35:33.380,0.93236,0.93261,1.00,1.00
2017.04.05 12:35:36.429,0.93236,0.93262,1.00,1.50
2017.04.05 12:35:36.536,0.93238,0.9326,1.00,1.00
2017.04.05 12:35:40.071,0.93239,0.93261,1.00,1.00
2017.04.05 12:35:40.223,0.93239,0.93263,1.00,1.00
2017.04.05 12:35:41.035,0.93238,0.93262,1.00,1.00
2017.04.05 12:35:41.853,0.93238,0.93261,1.00,1.00
2017.04.05 12:35:42.855,0.93239,0.93261,1.00,1.00
2017.04.05 12:35:45.732,0.93236,0.93259,1.00,1.00
2017.04.05 12:35:45.783,0.93236,0.93257,1.00,1.00
2017.04.05 12:35:46.980,0.93236,0.93259,1.00,1.00
2017.04.05 12:35:47.281,0.93238,0.9326,1.00,1.00
2017.04.05 12:35:50.131,0.93237,0.93258,1.00,1.00
2017.04.05 12:35:50.688,0.93234,0.93258,1.00,1.50
2017.04.05 12:35:50.954,0.93236,0.93258,1.00,1.00
2017.04.05 12:35:51.290,0.93238,0.93258,1.00,1.00
2017.04.05 12:35:51.341,0.93236,0.93258,1.00,1.50
2017.04.05 12:35:51.902,0.93237,0.93258,1.00,1.00
2017.04.05 12:35:55.453,0.93236,0.93258,1.00,1.50
2017.04.05 12:35:57.177,0.93237,0.93258,1.00,1.00
2017.04.05 12:35:57.228,0.93235,0.93258,1.00,1.00
2017.04.05 12:36:02.786,0.93234,0.93258,1.00,1.50
2017.04.05 12:36:04.693,0.93234,0.93256,1.00,1.00
2017.04.05 12:36:06.249,0.93233,0.93255,1.00,1.00
2017.04.05 12:36:06.548,0.93228,0.93252,1.00,1.00
2017.04.05 12:36:06.649,0.93228,0.9325,1.00,1.00
2017.04.05 12:36:07.522,0.93226,0.9325,1.00,1.00
2017.04.05 12:36:08.697,0.93227,0.9325,1.00,1.00
2017.04.05 12:36:09.638,0.93226,0.9325,1.00,1.00
2017.04.05 12:36:09.917,0.9323,0.93252,1.00,1.00
2017.04.05 12:36:11.007,0.93231,0.93253,1.00,1.00
2017.04.05 12:36:13.623,0.93231,0.93255,1.00,1.00
2017.04.05 12:36:13.904,0.93231,0.93253,1.00,1.00
2017.04.05 12:36:14.178,0.93229,0.93253,1.00,1.00
2017.04.05 12:36:15.142,0.93229,0.93251,1.00,1.00
2017.04.05 12:36:15.613,0.93229,0.93253,1.00,1.00
2017.04.05 12:36:15.663,0.93231,0.93254,1.00,1.00
2017.04.05 12:36:15.968,0.93233,0.93255,1.00,1.00
2017.04.05 12:36:16.589,0.93231,0.93253,1.00,1.00
2017.04.05 12:36:16.891,0.93233,0.93257,1.00,1.00
2017.04.05 12:36:17.402,0.93232,0.93256,1.00,1.00
2017.04.05 12:36:17.659,0.93231,0.93253,1.00,1.00
2017.04.05 12:36:22.093,0.9323,0.93252,1.00,1.00
2017.04.05 12:36:22.856,0.93227,0.93251,1.00,1.00
2017.04.05 12:36:23.418,0.9323,0.93252,1.00,1.00
2017.04.05 12:36:23.897,0.93228,0.93249,1.00,1.00
2017.04.05 12:36:24.763,0.93227,0.93249,1.00,1.00
2017.04.05 12:36:24.950,0.93224,0.93248,1.00,1.00
2017.04.05 12:36:25.881,0.93227,0.93249,1.00,1.00
2017.04.05 12:36:26.379,0.93229,0.93251,1.00,1.00
2017.04.05 12:36:26.937,0.9323,0.93252,1.00,1.00
2017.04.05 12:36:27.483,0.93231,0.93253,1.00,1.00
2017.04.05 12:36:27.584,0.93232,0.93256,1.00,1.00
2017.04.05 12:36:27.685,0.93231,0.9326,1.50,1.50
2017.04.05 12:36:27.886,0.93234,0.9326,1.00,1.50
2017.04.05 12:36:28.629,0.93233,0.9326,1.00,1.00
2017.04.05 12:36:29.088,0.93235,0.93261,1.00,1.00
2017.04.05 12:36:29.584,0.93233,0.93264,1.00,1.00
2017.04.05 12:36:30.133,0.93231,0.93264,1.00,1.00
2017.04.05 12:36:31.135,0.93235,0.93261,1.00,1.00
2017.04.05 12:36:31.438,0.93237,0.93259,1.00,1.00
2017.04.05 12:36:33.161,0.93238,0.9326,1.00,1.00
2017.04.05 12:36:33.495,0.9324,0.93262,1.00,1.00
2017.04.05 12:36:33.801,0.93239,0.9326,1.00,1.00
2017.04.05 12:36:34.011,0.93237,0.93263,1.00,1.00
2017.04.05 12:36:34.112,0.93238,0.9326,1.00,1.00
2017.04.05 12:36:35.042,0.93236,0.9326,1.00,1.00
2017.04.05 12:36:36.103,0.93234,0.93258,1.00,1.00
2017.04.05 12:36:36.617,0.93233,0.93257,1.00,1.00
2017.04.05 12:36:37.121,0.93234,0.93258,1.00,1.00
2017.04.05 12:36:37.423,0.93236,0.93258,1.00,1.00
2017.04.05 12:36:38.312,0.93237,0.93259,1.00,1.00
2017.04.05 12:36:38.955,0.93238,0.9326,1.00,1.00
2017.04.05 12:36:39.270,0.93233,0.93268,1.12,1.00
2017.04.05 12:36:39.921,0.93239,0.93261,1.00,1.00
2017.04.05 12:36:40.710,0.93233,0.93268,1.00,1.60
2017.04.05 12:36:40.760,0.93236,0.9326,1.00,1.00
2017.04.05 12:36:41.290,0.93236,0.93261,1.00,1.00
2017.04.05 12:36:41.733,0.93236,0.93259,1.00,1.00
2017.04.05 12:36:42.041,0.93233,0.93257,1.75,1.00
2017.04.05 12:36:43.844,0.93234,0.93257,1.00,1.00
2017.04.05 12:36:44.188,0.93234,0.93259,1.00,1.00
2017.04.05 12:36:45.564,0.93228,0.93261,2.25,1.00
2017.04.05 12:36:45.881,0.93234,0.93259,1.00,1.00
2017.04.05 12:36:47.452,0.93235,0.9326,1.00,1.00
2017.04.05 12:36:49.288,0.93235,0.93259,1.00,1.00
2017.04.05 12:36:49.736,0.93237,0.93259,1.00,1.00
2017.04.05 12:36:49.910,0.93234,0.93258,1.00,1.00
2017.04.05 12:36:53.422,0.93235,0.93259,1.00,1.00
2017.04.05 12:36:53.511,0.93235,0.93257,1.00,1.00
2017.04.05 12:36:54.491,0.93231,0.93255,1.50,1.00
2017.04.05 12:36:54.692,0.93234,0.93256,1.00,1.00
2017.04.05 12:36:55.196,0.93235,0.93257,1.00,1.00
2017.04.05 12:36:56.763,0.93236,0.93258,1.00,1.00
2017.04.05 12:37:00.642,0.93234,0.93258,1.00,1.00
2017.04.05 12:37:00.742,0.93236,0.93258,1.00,1.00
2017.04.05 12:37:00.924,0.93236,0.9326,1.00,1.00
2017.04.05 12:37:01.442,0.93237,0.93259,1.00,1.00
2017.04.05 12:37:04.818,0.93237,0.93261,1.00,1.00
2017.04.05 12:37:08.774,0.93237,0.93259,1.00,1.00
2017.04.05 12:37:09.751,0.93238,0.9326,1.00,1.00
2017.04.05 12:37:10.185,0.9324,0.93262,1.00,1.00
2017.04.05 12:37:10.472,0.9324,0.93264,1.00,1.00
2017.04.05 12:37:11.334,0.93241,0.93262,1.00,1.00
2017.04.05 12:37:11.535,0.93239,0.93261,1.00,1.00
2017.04.05 12:37:12.362,0.93241,0.93263,1.00,1.00
2017.04.05 12:37:13.161,0.9324,0.93262,1.00,1.00
2017.04.05 12:37:14.259,0.93238,0.93261,1.00,1.00
2017.04.05 12:37:14.761,0.93239,0.93263,1.00,1.00
2017.04.05 12:37:15.982,0.93237,0.93261,1.00,1.00
2017.04.05 12:37:17.635,0.9324,0.93262,1.00,1.00
2017.04.05 12:37:18.143,0.93239,0.9326,1.00,1.00
2017.04.05 12:37:19.852,0.93238,0.9326,1.00,1.00
2017.04.05 12:37:21.906,0.93237,0.93259,1.00,1.00
2017.04.05 12:37:22.413,0.93238,0.9326,1.00,1.00
2017.04.05 12:37:22.781,0.93236,0.93262,1.00,1.00
2017.04.05 12:37:23.938,0.93234,0.93262,1.00,1.00
2017.04.05 12:37:24.755,0.93233,0.93261,1.00,1.00
2017.04.05 12:37:24.906,0.93233,0.93259,1.00,1.00
2017.04.05 12:37:25.058,0.93231,0.93259,1.00,1.00
2017.04.05 12:37:25.312,0.93231,0.93257,1.00,1.00
2017.04.05 12:37:26.001,0.9323,0.93256,1.00,1.00
2017.04.05 12:37:27.078,0.93231,0.93257,1.00,1.00
2017.04.05 12:37:27.413,0.93237,0.93261,1.00,1.00
2017.04.05 12:37:27.732,0.93233,0.93258,1.00,1.00
2017.04.05 12:37:27.998,0.93232,0.93255,1.00,1.00
2017.04.05 12:37:28.671,0.9323,0.93254,1.00,1.00
2017.04.05 12:37:30.514,0.93231,0.93253,1.00,1.00
2017.04.05 12:37:30.698,0.9323,0.93255,1.00,1.00
2017.04.05 12:37:31.614,0.9323,0.93254,1.00,1.00
2017.04.05 12:37:32.298,0.93229,0.93253,1.00,1.00
2017.04.05 12:37:33.181,0.9323,0.93254,1.00,1.00
2017.04.05 12:37:38.174,0.93233,0.93255,1.00,1.00
2017.04.05 12:37:38.491,0.93242,0.93264,1.00,1.00
2017.04.05 12:37:38.542,0.93241,0.93268,1.00,1.37
2017.04.05 12:37:38.643,0.93238,0.93264,1.00,1.00
2017.04.05 12:37:38.945,0.93241,0.93266,1.00,1.00
2017.04.05 12:37:39.405,0.93242,0.93268,1.00,1.00
2017.04.05 12:37:40.811,0.93241,0.93267,1.00,1.00
2017.04.05 12:37:42.863,0.93242,0.93269,1.00,1.00
2017.04.05 12:37:44.048,0.93241,0.93267,1.00,1.00
2017.04.05 12:37:46.712,0.93243,0.93265,1.00,1.00
2017.04.05 12:37:47.333,0.93243,0.93267,1.00,1.00
2017.04.05 12:37:53.208,0.93242,0.93266,1.00,1.00
2017.04.05 12:37:53.661,0.93245,0.93267,1.00,1.00
2017.04.05 12:37:54.230,0.93246,0.93268,1.00,1.00
2017.04.05 12:37:54.443,0.93246,0.9327,1.00,1.00
2017.04.05 12:37:54.963,0.93242,0.93264,1.50,1.00
2017.04.05 12:37:55.265,0.93244,0.93266,1.00,1.00
2017.04.05 12:37:56.509,0.93245,0.93267,1.00,1.00
2017.04.05 12:37:57.897,0.93243,0.93267,1.00,1.00
2017.04.05 12:37:58.072,0.93243,0.93265,1.00,1.00
2017.04.05 12:38:00.509,0.93244,0.93266,1.00,1.00
2017.04.05 12:38:01.012,0.93243,0.93265,1.00,1.00
2017.04.05 12:38:01.358,0.93243,0.93267,1.00,1.00
2017.04.05 12:38:02.347,0.93245,0.93267,1.00,1.00
2017.04.05 12:38:03.287,0.93243,0.93267,1.00,1.00
2017.04.05 12:38:03.827,0.93244,0.93268,1.00,1.00
2017.04.05 12:38:03.877,0.93244,0.93266,1.00,1.00
2017.04.05 12:38:04.427,0.93246,0.93268,1.00,1.00
2017.04.05 12:38:04.886,0.93244,0.93266,1.00,1.00
2017.04.05 12:38:06.787,0.93245,0.93267,1.00,1.00
2017.04.05 12:38:07.378,0.93244,0.93268,1.00,1.00
2017.04.05 12:38:09.222,0.93246,0.93269,1.00,1.00
2017.04.05 12:38:09.614,0.93242,0.93266,1.00,1.00
2017.04.05 12:38:09.917,0.93244,0.9327,1.00,1.00
2017.04.05 12:38:10.018,0.93247,0.9327,1.00,1.00
2017.04.05 12:38:10.219,0.93245,0.93269,1.00,1.00
2017.04.05 12:38:11.549,0.93244,0.93269,1.00,1.00
2017.04.05 12:38:11.599,0.93244,0.93267,1.00,1.00
2017.04.05 12:38:11.700,0.93245,0.93269,1.00,1.00
2017.04.05 12:38:12.982,0.93245,0.9327,1.00,1.00
2017.04.05 12:38:13.397,0.93247,0.9327,1.00,1.00
2017.04.05 12:38:16.419,0.93244,0.93269,1.00,1.00
2017.04.05 12:38:16.590,0.93246,0.93269,1.00,1.00
2017.04.05 12:38:17.119,0.93247,0.9327,1.00,1.00
2017.04.05 12:38:18.252,0.93248,0.93271,1.00,1.00
2017.04.05 12:38:18.787,0.93248,0.93272,1.00,1.00
2017.04.05 12:38:20.541,0.93247,0.93271,1.00,1.00
2017.04.05 12:38:21.629,0.93247,0.93272,1.00,1.00
2017.04.05 12:38:21.981,0.93251,0.93274,1.00,1.00
2017.04.05 12:38:22.132,0.93248,0.93272,1.00,1.00
2017.04.05 12:38:22.904,0.93248,0.93271,1.00,1.00
2017.04.05 12:38:23.431,0.93247,0.9327,1.00,1.00
2017.04.05 12:38:24.168,0.93249,0.93272,1.00,1.00
2017.04.05 12:38:25.331,0.93247,0.9327,1.00,1.00
2017.04.05 12:38:25.843,0.93246,0.9327,1.00,1.00
2017.04.05 12:38:25.963,0.93246,0.93272,1.00,1.00
2017.04.05 12:38:26.164,0.93249,0.93273,1.00,1.00
2017.04.05 12:38:27.391,0.93249,0.93272,1.00,1.00
2017.04.05 12:38:28.413,0.93249,0.93275,1.00,1.00
2017.04.05 12:38:29.413,0.93251,0.93275,1.00,1.00
2017.04.05 12:38:29.564,0.93251,0.93277,1.00,1.00
2017.04.05 12:38:31.212,0.93251,0.93275,1.00,1.00
2017.04.05 12:38:31.819,0.9325,0.93274,1.00,1.00
2017.04.05 12:38:32.185,0.93251,0.93277,1.00,1.00
2017.04.05 12:38:34.304,0.9325,0.93276,1.00,1.00
2017.04.05 12:38:36.780,0.93251,0.93277,1.00,1.00
2017.04.05 12:38:38.155,0.93253,0.93278,1.00,1.50
2017.04.05 12:38:39.207,0.93255,0.93276,1.00,1.00
2017.04.05 12:38:39.460,0.93254,0.93278,1.00,1.50
2017.04.05 12:38:40.125,0.93256,0.93278,1.00,1.00
2017.04.05 12:38:40.607,0.93258,0.9328,1.00,1.00
2017.04.05 12:38:41.010,0.93256,0.93278,1.00,1.00
2017.04.05 12:38:41.291,0.93258,0.93282,1.00,1.00
2017.04.05 12:38:41.794,0.93258,0.93283,1.00,1.00
2017.04.05 12:38:42.319,0.93258,0.93284,1.00,1.00
2017.04.05 12:38:42.922,0.93259,0.93283,1.00,1.00
2017.04.05 12:38:43.245,0.93257,0.93281,1.00,1.00
2017.04.05 12:38:43.548,0.93256,0.93279,1.00,1.00
2017.04.05 12:38:44.355,0.93255,0.9328,1.00,1.00
2017.04.05 12:38:44.861,0.93256,0.93279,1.00,1.00
2017.04.05 12:38:45.114,0.93257,0.93281,1.00,1.50
2017.04.05 12:38:45.930,0.93258,0.9328,1.00,1.00
2017.04.05 12:38:47.886,0.93258,0.93281,1.00,1.00
2017.04.05 12:38:51.658,0.93259,0.93285,1.00,1.00
2017.04.05 12:38:51.809,0.93262,0.93284,1.00,1.00
2017.04.05 12:38:51.910,0.93258,0.93284,1.00,1.50
2017.04.05 12:38:52.077,0.93261,0.93284,1.00,1.00
2017.04.05 12:38:52.480,0.93258,0.93284,1.00,1.00
2017.04.05 12:38:55.124,0.93261,0.93284,1.00,1.00
2017.04.05 12:38:56.124,0.93262,0.93285,1.00,1.00
2017.04.05 12:38:56.285,0.9326,0.93285,1.00,1.00
2017.04.05 12:38:56.488,0.93262,0.93285,1.00,1.00
2017.04.05 12:38:57.705,0.93262,0.93284,1.00,1.00
2017.04.05 12:38:58.253,0.93263,0.93285,1.00,1.00
2017.04.05 12:39:05.638,0.93263,0.93287,1.00,1.00
2017.04.05 12:39:06.987,0.93262,0.93286,1.00,1.00
2017.04.05 12:39:07.982,0.93262,0.93284,1.00,1.00
2017.04.05 12:39:08.127,0.93262,0.93286,1.00,1.00
2017.04.05 12:39:08.961,0.93264,0.93286,1.00,1.00
2017.04.05 12:39:09.491,0.93264,0.93288,1.00,1.00
2017.04.05 12:39:11.584,0.93264,0.93286,1.00,1.00
2017.04.05 12:39:14.951,0.93266,0.93288,1.00,1.00
2017.04.05 12:39:15.541,0.93264,0.93288,1.00,1.00
2017.04.05 12:39:16.506,0.93263,0.93287,1.00,1.00
2017.04.05 12:39:17.047,0.93267,0.93289,1.00,1.00
2017.04.05 12:39:17.148,0.9327,0.93294,1.00,1.00
2017.04.05 12:39:17.444,0.93273,0.93297,1.00,1.00
2017.04.05 12:39:18.021,0.93272,0.93294,1.00,1.00
2017.04.05 12:39:18.072,0.93269,0.93293,1.00,1.00
2017.04.05 12:39:18.433,0.93274,0.93296,1.00,1.00
2017.04.05 12:39:19.008,0.93275,0.93297,1.00,1.00
2017.04.05 12:39:20.079,0.93277,0.93299,1.00,1.00
2017.04.05 12:39:24.366,0.93268,0.93295,1.12,1.00
2017.04.05 12:39:24.467,0.93267,0.93287,1.00,1.00
2017.04.05 12:39:24.518,0.93268,0.9329,1.00,1.00
2017.04.05 12:39:24.669,0.93271,0.93295,1.00,1.00
2017.04.05 12:39:24.770,0.93274,0.93295,1.00,1.00
2017.04.05 12:39:24.820,0.93274,0.93297,1.00,1.12
2017.04.05 12:39:25.350,0.93274,0.93298,1.00,1.00
2017.04.05 12:39:26.128,0.93275,0.93298,1.00,1.00
2017.04.05 12:39:26.883,0.93274,0.93299,1.00,1.00
2017.04.05 12:39:27.238,0.93278,0.93299,1.00,1.00
2017.04.05 12:39:27.289,0.93278,0.93301,1.00,1.00
2017.04.05 12:39:27.461,0.93276,0.93301,1.00,1.00
2017.04.05 12:39:28.265,0.93276,0.93299,1.00,1.00
2017.04.05 12:39:32.673,0.93276,0.93298,1.00,1.00
2017.04.05 12:39:35.335,0.93277,0.93301,1.00,1.50
2017.04.05 12:39:37.686,0.93279,0.93301,1.00,1.00
2017.04.05 12:39:37.837,0.93276,0.933,1.00,1.00
2017.04.05 12:39:38.996,0.93277,0.93301,1.00,1.00
2017.04.05 12:39:39.993,0.93277,0.93299,1.00,1.00
2017.04.05 12:39:42.595,0.93278,0.933,1.00,1.00
2017.04.05 12:39:42.910,0.93272,0.93294,1.00,1.00
2017.04.05 12:39:42.960,0.93269,0.93292,1.00,1.00
2017.04.05 12:39:43.850,0.9327,0.93292,1.00,1.00
2017.04.05 12:39:43.900,0.93273,0.93295,1.00,1.00
2017.04.05 12:39:44.233,0.93275,0.93296,1.00,1.00
2017.04.05 12:39:44.334,0.93276,0.93298,1.00,1.00
2017.04.05 12:39:44.485,0.93279,0.93301,1.00,1.00
2017.04.05 12:39:45.750,0.9328,0.93302,1.00,1.00
2017.04.05 12:39:46.207,0.93278,0.933,1.00,1.00
2017.04.05 12:39:46.940,0.93279,0.933,1.00,1.00
2017.04.05 12:39:50.313,0.93279,0.93301,1.00,1.00
2017.04.05 12:39:54.555,0.93283,0.93307,1.00,1.00
2017.04.05 12:39:55.059,0.93282,0.93306,1.00,1.00
2017.04.05 12:39:55.965,0.93284,0.93306,1.00,1.00
2017.04.05 12:39:57.684,0.93286,0.93308,1.00,1.00
2017.04.05 12:39:57.785,0.93284,0.93308,1.00,1.00
2017.04.05 12:39:58.104,0.93282,0.93306,1.00,1.00
2017.04.05 12:39:58.759,0.93282,0.93304,1.00,1.00
2017.04.05 12:39:58.910,0.93283,0.93307,1.00,1.00
2017.04.05 12:40:01.340,0.93282,0.93304,1.00,1.00
2017.04.05 12:40:06.357,0.93284,0.93306,1.00,1.00
2017.04.05 12:40:06.905,0.93286,0.93308,1.00,1.00
2017.04.05 12:40:07.419,0.93287,0.93309,1.00,1.00
2017.04.05 12:40:08.112,0.93288,0.9331,1.00,1.00
2017.04.05 12:40:09.849,0.93287,0.93311,1.00,1.00
2017.04.05 12:40:10.155,0.93287,0.93308,1.00,1.00
2017.04.05 12:40:11.006,0.93285,0.93309,1.00,1.00
2017.04.05 12:40:12.734,0.93284,0.93306,1.00,1.00
2017.04.05 12:40:12.835,0.93284,0.93308,1.00,1.00
2017.04.05 12:40:13.051,0.93287,0.93309,1.00,1.00
2017.04.05 12:40:17.378,0.93285,0.93307,1.00,1.00
2017.04.05 12:40:17.902,0.93284,0.93306,1.00,1.00
2017.04.05 12:40:18.506,0.93282,0.93306,1.00,1.00
2017.04.05 12:40:22.713,0.93281,0.93303,1.00,1.00
2017.04.05 12:40:22.822,0.93278,0.93302,1.00,1.00
2017.04.05 12:40:23.929,0.93278,0.933,1.00,1.00
2017.04.05 12:40:24.467,0.93277,0.93298,1.00,1.00
2017.04.05 12:40:25.300,0.93275,0.93297,1.00,1.00
2017.04.05 12:40:27.659,0.93275,0.93296,1.00,1.00
2017.04.05 12:40:28.633,0.93275,0.93297,1.00,1.00
2017.04.05 12:40:34.063,0.93273,0.93303,1.50,1.00
2017.04.05 12:40:34.114,0.93281,0.93303,1.00,1.00
2017.04.05 12:40:35.010,0.9328,0.93304,1.00,1.00
2017.04.05 12:40:36.388,0.93282,0.93304,1.00,1.00
2017.04.05 12:40:37.223,0.93283,0.93307,1.00,1.00
2017.04.05 12:40:37.470,0.93285,0.93306,1.00,1.00
2017.04.05 12:40:39.170,0.93283,0.93307,1.00,1.00
2017.04.05 12:40:39.811,0.93283,0.93305,1.00,1.00
2017.04.05 12:40:42.593,0.93281,0.93305,1.00,1.00
2017.04.05 12:40:42.644,0.93281,0.93303,1.00,1.00
2017.04.05 12:40:43.643,0.93279,0.93303,1.00,1.00
2017.04.05 12:40:47.660,0.93281,0.93303,1.00,1.00
2017.04.05 12:40:49.697,0.93279,0.93303,1.00,1.00
2017.04.05 12:40:53.104,0.93279,0.93301,1.00,1.00
2017.04.05 12:40:54.645,0.9328,0.93302,1.00,1.00
2017.04.05 12:40:55.148,0.9328,0.93301,1.00,1.00
2017.04.05 12:40:55.660,0.93278,0.93302,1.00,1.00
2017.04.05 12:40:59.184,0.93279,0.93303,1.00,1.00
2017.04.05 12:41:05.908,0.93281,0.93303,1.00,1.00
2017.04.05 12:41:07.535,0.93284,0.93306,1.00,1.00
2017.04.05 12:41:07.870,0.93279,0.93303,1.00,1.00
2017.04.05 12:41:09.231,0.93278,0.93302,1.00,1.00
2017.04.05 12:41:09.764,0.93279,0.93303,1.00,1.00
2017.04.05 12:41:16.223,0.93275,0.93297,1.00,1.00
2017.04.05 12:41:16.374,0.93276,0.93299,1.00,1.00
2017.04.05 12:41:17.161,0.93275,0.93297,1.00,1.00
2017.04.05 12:41:17.714,0.93274,0.93296,1.00,1.00
2017.04.05 12:41:18.256,0.93276,0.93298,1.00,1.00
2017.04.05 12:41:18.684,0.93274,0.93296,1.00,1.00
2017.04.05 12:41:19.218,0.93273,0.93295,1.00,1.00
2017.04.05 12:41:20.360,0.93274,0.93296,1.00,1.00
2017.04.05 12:41:21.118,0.93276,0.93298,1.00,1.00
2017.04.05 12:41:21.219,0.93273,0.93297,1.00,1.00
2017.04.05 12:41:21.737,0.93274,0.93298,1.00,1.00
2017.04.05 12:41:22.087,0.93276,0.93298,1.00,1.00
2017.04.05 12:41:22.435,0.93274,0.93299,1.00,1.00
2017.04.05 12:41:22.973,0.93274,0.93298,1.00,1.00
2017.04.05 12:41:23.160,0.93276,0.93299,1.00,1.00
2017.04.05 12:41:23.428,0.93276,0.93302,1.00,1.00
2017.04.05 12:41:23.488,0.93276,0.93299,1.00,1.00
2017.04.05 12:41:23.649,0.93271,0.93295,1.00,1.00
2017.04.05 12:41:23.699,0.93266,0.93289,1.00,1.00
2017.04.05 12:41:23.901,0.93258,0.93282,1.00,1.00
2017.04.05 12:41:24.819,0.93257,0.93282,1.00,1.00
2017.04.05 12:41:24.869,0.93259,0.9328,1.00,1.00
2017.04.05 12:41:27.752,0.93259,0.93281,1.00,1.00
2017.04.05 12:41:29.555,0.93256,0.93282,1.12,1.00
2017.04.05 12:41:29.706,0.93259,0.93281,1.00,1.00
2017.04.05 12:41:29.757,0.9326,0.93283,1.00,1.00
2017.04.05 12:41:30.749,0.93261,0.93283,1.00,1.00
2017.04.05 12:41:34.061,0.93262,0.93284,1.00,1.00
2017.04.05 12:41:34.162,0.9326,0.93282,1.00,1.00
2017.04.05 12:41:36.692,0.9326,0.93284,1.00,1.00
2017.04.05 12:41:39.799,0.9326,0.93283,1.00,1.00
2017.04.05 12:41:40.737,0.9326,0.93282,1.00,1.00
2017.04.05 12:41:41.404,0.93259,0.93281,1.00,1.00
2017.04.05 12:41:42.786,0.93258,0.9328,1.00,1.00
2017.04.05 12:41:43.284,0.9326,0.93281,1.00,1.00
2017.04.05 12:41:44.030,0.93259,0.93281,1.00,1.00
2017.04.05 12:41:44.561,0.9326,0.93282,1.00,1.00
2017.04.05 12:41:46.311,0.93262,0.93283,1.00,1.00
2017.04.05 12:41:46.737,0.93261,0.93285,1.00,1.00
2017.04.05 12:41:47.295,0.93264,0.93286,1.00,1.00
2017.04.05 12:41:49.385,0.93264,0.93286,1.50,1.00
2017.04.05 12:41:50.447,0.93265,0.93289,1.12,1.00
2017.04.05 12:41:52.402,0.93266,0.93289,1.00,1.00
2017.04.05 12:41:53.211,0.93267,0.93289,1.00,1.00
2017.04.05 12:41:55.063,0.93266,0.93289,1.00,1.00
2017.04.05 12:41:55.164,0.93266,0.93287,1.00,1.00
2017.04.05 12:41:55.767,0.93265,0.93287,1.00,1.00
2017.04.05 12:41:56.089,0.93265,0.93289,1.00,1.00
2017.04.05 12:41:56.351,0.93267,0.93289,1.00,1.00
2017.04.05 12:41:57.167,0.93266,0.93288,1.00,1.00
2017.04.05 12:41:58.182,0.93267,0.93289,1.00,1.00
2017.04.05 12:41:58.315,0.93267,0.93291,1.00,1.00
2017.04.05 12:41:59.340,0.93268,0.93292,1.00,1.00
2017.04.05 12:42:00.412,0.93268,0.9329,1.00,1.50
2017.04.05 12:42:00.465,0.93265,0.93289,1.12,1.00
2017.04.05 12:42:02.064,0.93264,0.93288,1.50,1.00
2017.04.05 12:42:02.224,0.93262,0.93284,3.00,1.00
2017.04.05 12:42:02.661,0.93262,0.93287,2.25,1.00
2017.04.05 12:42:02.862,0.93264,0.93289,1.50,1.50
2017.04.05 12:42:03.068,0.93263,0.93287,1.75,1.00
2017.04.05 12:42:04.207,0.93264,0.93287,1.00,1.00
2017.04.05 12:42:04.869,0.93265,0.93287,1.00,1.00
2017.04.05 12:42:05.780,0.93262,0.93287,1.00,1.00
2017.04.05 12:42:06.648,0.93264,0.93287,1.00,1.00
2017.04.05 12:42:07.895,0.93262,0.93285,1.50,1.00
2017.04.05 12:42:08.235,0.93264,0.93286,1.00,1.00
2017.04.05 12:42:08.869,0.93262,0.93286,1.50,1.00
2017.04.05 12:42:10.976,0.93263,0.93286,1.00,1.00
2017.04.05 12:42:12.720,0.93264,0.93286,1.00,1.00
2017.04.05 12:42:13.709,0.93264,0.93288,1.00,1.00
2017.04.05 12:42:14.232,0.93263,0.93287,1.00,1.00
2017.04.05 12:42:15.219,0.93266,0.93287,1.00,1.00
2017.04.05 12:42:17.425,0.93263,0.93287,1.00,1.00
2017.04.05 12:42:17.475,0.93263,0.93285,1.00,1.00
2017.04.05 12:42:17.698,0.9326,0.93284,1.00,1.00
2017.04.05 12:42:18.361,0.9326,0.93285,1.00,1.50
2017.04.05 12:42:18.911,0.93258,0.93284,1.50,1.00
2017.04.05 12:42:19.730,0.93258,0.93284,1.00,1.00
2017.04.05 12:42:20.067,0.93261,0.93285,1.00,1.50
2017.04.05 12:42:20.371,0.93263,0.93286,1.00,1.00
2017.04.05 12:42:20.524,0.93264,0.93288,1.00,1.00
2017.04.05 12:42:22.164,0.93265,0.93287,1.00,1.00
2017.04.05 12:42:22.505,0.93261,0.93283,1.12,1.00
2017.04.05 12:42:25.113,0.93258,0.93286,3.00,1.00
2017.04.05 12:42:25.248,0.93258,0.93286,1.12,1.00
2017.04.05 12:42:25.537,0.93263,0.93284,1.00,1.00
2017.04.05 12:42:25.588,0.93261,0.93283,1.00,1.00
2017.04.05 12:42:25.688,0.93258,0.93283,1.12,1.00
2017.04.05 12:42:25.890,0.93262,0.93285,1.00,1.00
2017.04.05 12:42:26.312,0.93262,0.93288,1.00,1.00
2017.04.05 12:42:26.564,0.93261,0.93285,1.00,1.00
2017.04.05 12:42:27.876,0.93261,0.93286,1.00,1.00
2017.04.05 12:42:28.916,0.93262,0.93286,1.00,1.00
2017.04.05 12:42:29.912,0.93263,0.93285,1.00,1.00
2017.04.05 12:42:30.407,0.93264,0.93288,1.00,1.00
2017.04.05 12:42:30.458,0.93264,0.93288,1.75,1.00
2017.04.05 12:42:30.965,0.93266,0.93289,1.12,1.00
2017.04.05 12:42:31.598,0.93263,0.93288,3.00,1.00
2017.04.05 12:42:31.822,0.93263,0.93288,1.00,1.00
2017.04.05 12:42:31.939,0.93261,0.93287,1.00,1.00
2017.04.05 12:42:32.084,0.93261,0.93285,1.00,1.00
2017.04.05 12:42:32.135,0.93259,0.93284,1.00,1.00
2017.04.05 12:42:32.186,0.93258,0.93281,1.50,1.50
2017.04.05 12:42:32.488,0.93254,0.93277,1.00,1.00
2017.04.05 12:42:32.817,0.93251,0.93276,1.00,1.00
2017.04.05 12:42:34.111,0.9325,0.93273,1.00,1.00
2017.04.05 12:42:34.646,0.93251,0.93274,1.00,1.50
2017.04.05 12:42:35.376,0.93252,0.93277,1.00,1.50
2017.04.05 12:42:35.811,0.93252,0.93275,1.00,1.00
2017.04.05 12:42:38.357,0.93253,0.93276,1.00,1.00
2017.04.05 12:42:40.245,0.93254,0.93276,1.00,1.00
2017.04.05 12:42:43.404,0.93254,0.93275,1.00,1.00
2017.04.05 12:42:44.528,0.93253,0.93274,1.00,1.00
2017.04.05 12:42:46.726,0.93251,0.93273,1.00,1.00
2017.04.05 12:42:49.210,0.93251,0.93272,1.00,1.00
2017.04.05 12:42:51.335,0.93251,0.93275,1.00,1.00
2017.04.05 12:42:52.151,0.93255,0.93276,1.00,1.00
2017.04.05 12:42:52.528,0.93257,0.93278,1.00,1.50
2017.04.05 12:42:53.261,0.93256,0.93278,1.00,1.50
2017.04.05 12:42:54.484,0.93256,0.93277,1.00,1.00
2017.04.05 12:42:56.631,0.93254,0.93278,1.00,1.00
2017.04.05 12:43:07.928,0.93254,0.93277,1.00,1.00
2017.04.05 12:43:08.460,0.93253,0.93276,1.00,1.00
2017.04.05 12:43:10.041,0.93252,0.93275,1.00,1.00
2017.04.05 12:43:11.297,0.93248,0.93272,1.00,1.00
2017.04.05 12:43:11.348,0.93247,0.93269,1.00,1.00
2017.04.05 12:43:12.303,0.93246,0.93268,1.00,1.00
2017.04.05 12:43:17.465,0.93247,0.93269,1.00,1.00
2017.04.05 12:43:17.516,0.93244,0.93267,1.00,1.00
2017.04.05 12:43:17.566,0.93242,0.93264,1.00,1.00
2017.04.05 12:43:17.886,0.93241,0.93262,1.00,1.00
2017.04.05 12:43:18.460,0.93239,0.93261,1.00,1.00
2017.04.05 12:43:21.207,0.93238,0.93261,1.00,1.00
2017.04.05 12:43:23.411,0.9324,0.93262,1.00,1.00
2017.04.05 12:43:24.533,0.93239,0.93261,1.00,1.00
2017.04.05 12:43:25.586,0.93238,0.9326,1.00,1.00
2017.04.05 12:43:26.269,0.93233,0.93262,1.00,1.00
2017.04.05 12:43:26.384,0.93238,0.93261,1.00,1.00
2017.04.05 12:43:27.594,0.93233,0.93262,1.00,1.00
2017.04.05 12:43:27.644,0.93238,0.93261,1.00,1.00
2017.04.05 12:43:28.169,0.93239,0.93262,1.00,1.00
2017.04.05 12:43:29.311,0.93237,0.93262,1.00,1.00
2017.04.05 12:43:30.075,0.93239,0.93262,1.00,1.00
2017.04.05 12:43:31.195,0.93238,0.93262,1.00,1.50
2017.04.05 12:43:31.512,0.93234,0.93257,1.00,1.00
2017.04.05 12:43:32.168,0.93234,0.93256,1.00,1.00
2017.04.05 12:43:32.671,0.93233,0.93256,1.00,1.50
2017.04.05 12:43:33.892,0.93233,0.93258,1.00,1.00
2017.04.05 12:43:33.993,0.93236,0.93259,1.00,1.50
2017.04.05 12:43:34.144,0.93236,0.93261,1.00,1.00
2017.04.05 12:43:34.194,0.93238,0.93262,1.00,1.00
2017.04.05 12:43:35.356,0.93236,0.93262,1.00,1.00
2017.04.05 12:43:35.906,0.93237,0.9326,1.00,1.00
2017.04.05 12:43:35.957,0.93234,0.9326,1.00,1.00
2017.04.05 12:43:36.561,0.93236,0.9326,1.00,1.00
2017.04.05 12:43:37.084,0.93237,0.9326,1.00,1.00
2017.04.05 12:43:37.216,0.93228,0.9326,1.72,1.00
2017.04.05 12:43:37.961,0.93234,0.9326,1.00,1.50
2017.04.05 12:43:38.560,0.93235,0.93258,1.00,1.00
2017.04.05 12:43:38.915,0.93235,0.9326,1.00,1.50
2017.04.05 12:43:39.217,0.93239,0.93263,1.00,1.00
2017.04.05 12:43:39.268,0.93238,0.93266,1.00,1.00
2017.04.05 12:43:39.318,0.9324,0.93265,1.00,1.00
2017.04.05 12:43:39.373,0.93241,0.93267,1.00,1.00
2017.04.05 12:43:39.474,0.93244,0.93268,1.00,1.00
2017.04.05 12:43:40.443,0.93243,0.93268,1.00,1.50
2017.04.05 12:43:40.594,0.9324,0.93267,1.00,1.00
2017.04.05 12:43:41.188,0.9324,0.93266,1.00,1.00
2017.04.05 12:43:41.239,0.93242,0.93266,1.00,1.00
2017.04.05 12:43:41.870,0.93242,0.93267,1.00,1.00
2017.04.05 12:43:43.536,0.93242,0.93266,1.00,1.00
2017.04.05 12:43:44.031,0.93245,0.9327,1.00,1.50
2017.04.05 12:43:44.132,0.93248,0.9327,1.00,1.00
2017.04.05 12:43:44.182,0.93248,0.93275,1.00,1.50
2017.04.05 12:43:45.113,0.9325,0.93275,1.00,1.00
2017.04.05 12:43:45.628,0.93249,0.93274,1.00,1.00
2017.04.05 12:43:45.884,0.93249,0.93276,1.00,1.00
2017.04.05 12:43:46.140,0.93251,0.93276,1.00,1.00
2017.04.05 12:43:46.716,0.9325,0.93276,1.00,1.00
2017.04.05 12:43:47.278,0.93249,0.93275,1.00,1.00
2017.04.05 12:43:48.692,0.93252,0.93277,1.00,1.00
2017.04.05 12:43:49.153,0.93249,0.93276,1.00,1.00
2017.04.05 12:43:49.303,0.93251,0.93277,1.00,1.00
2017.04.05 12:43:50.209,0.9325,0.93277,1.00,1.00
2017.04.05 12:43:50.807,0.93249,0.93277,1.00,1.00
2017.04.05 12:43:51.621,0.93252,0.93277,1.00,1.00
2017.04.05 12:43:51.793,0.9325,0.93278,1.00,1.00
2017.04.05 12:43:51.844,0.93249,0.93276,1.00,1.00
2017.04.05 12:43:52.415,0.9325,0.93275,1.00,1.00
2017.04.05 12:43:53.329,0.93251,0.93276,1.00,1.00
2017.04.05 12:43:54.062,0.93249,0.93274,1.00,1.00
2017.04.05 12:43:54.461,0.93252,0.93277,1.00,1.00
2017.04.05 12:43:54.723,0.93252,0.9328,1.00,1.50
2017.04.05 12:43:55.669,0.93253,0.9328,1.00,1.00
2017.04.05 12:43:56.961,0.93256,0.93281,1.00,1.00
2017.04.05 12:43:57.612,0.93255,0.9328,1.00,1.00
2017.04.05 12:43:58.123,0.93254,0.9328,1.00,1.00
2017.04.05 12:43:58.962,0.93256,0.93279,1.00,1.00
2017.04.05 12:44:00.204,0.93255,0.93281,1.00,1.00
2017.04.05 12:44:01.185,0.93255,0.93279,1.00,1.00
2017.04.05 12:44:05.764,0.93255,0.93281,1.00,1.00
2017.04.05 12:44:05.865,0.9326,0.93283,1.00,1.00
2017.04.05 12:44:05.965,0.9326,0.93287,1.00,1.00
2017.04.05 12:44:09.171,0.93262,0.93286,1.00,1.00
2017.04.05 12:44:10.768,0.93262,0.93284,1.00,1.00
2017.04.05 12:44:10.985,0.93262,0.93286,1.00,1.00
2017.04.05 12:44:12.990,0.93261,0.93283,1.00,1.00
2017.04.05 12:44:15.335,0.93263,0.93285,1.00,1.00
2017.04.05 12:44:18.292,0.93262,0.93284,1.00,1.00
2017.04.05 12:44:20.595,0.93261,0.93283,1.00,1.00
2017.04.05 12:44:21.597,0.93262,0.93284,1.00,1.00
2017.04.05 12:44:21.900,0.93259,0.93281,1.00,1.00
2017.04.05 12:44:22.625,0.93259,0.93283,1.00,1.00
2017.04.05 12:44:22.810,0.93259,0.93281,1.00,1.00
2017.04.05 12:44:28.652,0.9326,0.93282,1.00,1.50
2017.04.05 12:44:30.998,0.93258,0.9328,1.00,1.00
2017.04.05 12:44:31.401,0.93256,0.9328,1.00,1.00
2017.04.05 12:44:32.345,0.93258,0.9328,1.00,1.00
2017.04.05 12:44:32.547,0.93258,0.93282,1.00,1.50
2017.04.05 12:44:32.748,0.93261,0.93283,1.00,1.00
2017.04.05 12:44:33.011,0.93259,0.93283,1.00,1.00
2017.04.05 12:44:35.913,0.93258,0.93281,1.00,1.00
2017.04.05 12:44:36.675,0.93257,0.93279,1.00,1.00
2017.04.05 12:44:37.100,0.93251,0.93284,1.00,1.00
2017.04.05 12:44:37.201,0.93248,0.93282,1.00,1.00
2017.04.05 12:44:37.302,0.93256,0.93278,1.00,1.00
2017.04.05 12:44:37.403,0.93257,0.93281,1.00,1.00
2017.04.05 12:44:38.027,0.93256,0.93281,1.00,1.00
2017.04.05 12:44:38.385,0.93258,0.93281,1.00,1.00
2017.04.05 12:44:38.929,0.93257,0.93282,1.00,1.00
2017.04.05 12:44:40.151,0.93257,0.9328,1.00,1.00
2017.04.05 12:44:42.716,0.93255,0.93281,1.00,1.00
2017.04.05 12:44:43.021,0.93257,0.9328,1.00,1.00
2017.04.05 12:44:43.321,0.93255,0.93279,1.00,1.00
2017.04.05 12:44:43.472,0.93254,0.93277,1.00,1.00
2017.04.05 12:44:43.573,0.93254,0.9328,1.00,1.50
2017.04.05 12:44:44.137,0.93256,0.9328,1.00,1.00
2017.04.05 12:44:44.651,0.93257,0.93281,1.00,1.00
2017.04.05 12:44:46.422,0.93258,0.93282,1.00,1.00
2017.04.05 12:44:47.802,0.93258,0.93283,1.00,1.00
2017.04.05 12:44:48.611,0.93261,0.93284,1.00,1.00
2017.04.05 12:44:48.662,0.93262,0.93288,1.00,1.00
2017.04.05 12:44:50.486,0.93262,0.93288,1.37,1.00
2017.04.05 12:44:51.138,0.93264,0.93286,1.00,1.00
2017.04.05 12:44:51.615,0.93266,0.9329,1.00,1.00
2017.04.05 12:44:51.666,0.93264,0.93289,1.00,1.00
2017.04.05 12:44:52.054,0.93261,0.93285,1.00,1.00
2017.04.05 12:44:52.620,0.93262,0.93286,1.00,1.00
2017.04.05 12:44:53.318,0.93263,0.93287,1.00,1.00
2017.04.05 12:44:53.809,0.93264,0.93289,1.00,1.00
2017.04.05 12:44:54.602,0.93263,0.93286,1.00,1.00
2017.04.05 12:44:55.551,0.93262,0.93288,1.00,1.00
2017.04.05 12:44:55.812,0.93265,0.93288,1.00,1.00
2017.04.05 12:44:56.787,0.93265,0.93289,1.00,1.00
2017.04.05 12:44:57.123,0.93267,0.93291,1.00,1.50
2017.04.05 12:44:58.880,0.93267,0.93292,1.00,1.00
2017.04.05 12:44:59.495,0.93269,0.93291,1.00,1.00
2017.04.05 12:45:02.011,0.93265,0.93289,1.00,1.00
2017.04.05 12:45:02.112,0.93264,0.93287,1.00,1.00
2017.04.05 12:45:02.919,0.93265,0.93288,1.00,1.00
2017.04.05 12:45:03.975,0.93265,0.93289,1.00,1.00
2017.04.05 12:45:06.447,0.93267,0.93289,1.00,1.00
2017.04.05 12:45:07.803,0.93265,0.93289,1.00,1.00
2017.04.05 12:45:07.917,0.93267,0.93289,1.00,1.00
2017.04.05 12:45:08.018,0.93264,0.9329,1.00,1.00
2017.04.05 12:45:08.119,0.93266,0.9329,1.00,1.00
2017.04.05 12:45:08.370,0.93264,0.9329,1.00,1.00
2017.04.05 12:45:08.762,0.93267,0.93289,1.00,1.00
2017.04.05 12:45:09.821,0.93266,0.93289,1.00,1.00
2017.04.05 12:45:16.709,0.93267,0.93289,1.00,1.00
2017.04.05 12:45:17.011,0.93269,0.9329,1.00,1.00
2017.04.05 12:45:17.906,0.93267,0.93291,1.00,1.00
2017.04.05 12:45:21.837,0.93266,0.9329,1.00,1.00
2017.04.05 12:45:22.520,0.93266,0.93291,1.00,1.00
2017.04.05 12:45:22.877,0.93267,0.93289,1.00,1.00
2017.04.05 12:45:22.927,0.93265,0.93289,1.00,1.00
2017.04.05 12:45:23.502,0.93265,0.9329,1.00,1.00
2017.04.05 12:45:23.970,0.93267,0.9329,1.00,1.00
2017.04.05 12:45:24.932,0.93266,0.9329,1.00,1.00
2017.04.05 12:45:25.310,0.93266,0.93288,1.00,1.00
2017.04.05 12:45:25.411,0.9326,0.93285,1.12,1.00
2017.04.05 12:45:25.512,0.93259,0.93283,1.00,1.00
2017.04.05 12:45:25.852,0.93263,0.93286,1.00,1.00
2017.04.05 12:45:25.953,0.93263,0.93293,1.00,1.00
2017.04.05 12:45:26.054,0.93267,0.93291,1.00,1.00
2017.04.05 12:45:26.558,0.93264,0.93291,1.00,1.00
2017.04.05 12:45:26.608,0.93264,0.93288,1.00,1.00
2017.04.05 12:45:26.912,0.93264,0.9329,1.00,1.00
2017.04.05 12:45:27.413,0.93262,0.93286,1.00,1.00
2017.04.05 12:45:27.934,0.93263,0.93289,1.00,1.00
2017.04.05 12:45:28.763,0.93265,0.93289,1.00,1.00
2017.04.05 12:45:35.405,0.93266,0.9329,1.00,1.00
2017.04.05 12:45:35.506,0.93267,0.93292,1.00,1.00
2017.04.05 12:45:35.557,0.93269,0.93292,1.00,1.00
2017.04.05 12:45:36.307,0.93268,0.93291,1.00,1.00
2017.04.05 12:45:37.047,0.93266,0.93291,1.00,1.00
2017.04.05 12:45:37.438,0.93269,0.93292,1.00,1.00
2017.04.05 12:45:37.489,0.93266,0.93291,1.00,1.00
2017.04.05 12:45:38.632,0.93261,0.93294,1.72,1.00
2017.04.05 12:45:38.683,0.93266,0.9329,1.00,1.00
2017.04.05 12:45:39.654,0.93264,0.93289,1.00,1.00
2017.04.05 12:45:40.481,0.93264,0.93287,1.00,1.00
2017.04.05 12:45:40.755,0.93267,0.93292,1.00,1.00
2017.04.05 12:45:41.117,0.9327,0.93296,1.00,1.00
2017.04.05 12:45:41.900,0.93269,0.93295,1.00,1.00
2017.04.05 12:45:42.404,0.93268,0.93294,1.00,1.00
2017.04.05 12:45:42.931,0.93268,0.93293,1.00,1.00
2017.04.05 12:45:43.395,0.93269,0.93291,1.00,1.00
2017.04.05 12:45:44.100,0.93269,0.93293,1.00,1.00
2017.04.05 12:45:44.660,0.93269,0.93292,1.00,1.00
2017.04.05 12:45:45.508,0.9327,0.93294,1.00,1.00
2017.04.05 12:45:47.346,0.93271,0.93294,1.00,1.00
2017.04.05 12:45:48.558,0.93269,0.93294,1.00,1.00
2017.04.05 12:45:48.710,0.93267,0.93292,1.50,1.00
2017.04.05 12:45:49.600,0.93269,0.93292,1.00,1.00
2017.04.05 12:45:49.993,0.93266,0.93291,1.50,1.00
2017.04.05 12:45:50.044,0.93265,0.93288,1.00,1.00
2017.04.05 12:45:50.332,0.93265,0.93292,1.00,1.00
2017.04.05 12:45:50.623,0.93266,0.9329,1.00,1.00
2017.04.05 12:45:51.392,0.93266,0.93289,1.00,1.00
2017.04.05 12:45:52.002,0.93266,0.93288,1.00,1.00
2017.04.05 12:45:52.292,0.93263,0.93288,1.12,1.00
2017.04.05 12:45:52.487,0.93265,0.93288,1.00,1.00
2017.04.05 12:45:55.298,0.93265,0.9329,1.00,1.00
2017.04.05 12:45:58.291,0.93265,0.93289,1.00,1.00
2017.04.05 12:46:02.379,0.93264,0.93287,1.00,1.00
2017.04.05 12:46:02.862,0.93264,0.93289,1.00,1.00
2017.04.05 12:46:03.319,0.93267,0.9329,1.50,1.00
2017.04.05 12:46:03.420,0.93268,0.93293,1.00,1.00
2017.04.05 12:46:04.109,0.93269,0.93294,1.00,1.00
2017.04.05 12:46:05.310,0.93268,0.93291,1.00,1.00
2017.04.05 12:46:06.520,0.93266,0.9329,1.00,1.00
2017.04.05 12:46:07.446,0.93264,0.93289,1.00,1.00
2017.04.05 12:46:09.829,0.93265,0.93289,1.00,1.00
2017.04.05 12:46:10.840,0.93265,0.9329,1.00,1.00
2017.04.05 12:46:12.862,0.93267,0.9329,1.00,1.00
2017.04.05 12:46:16.123,0.93266,0.93289,1.00,1.00
2017.04.05 12:46:16.224,0.93264,0.93289,1.00,1.00
2017.04.05 12:46:17.039,0.93264,0.93287,1.00,1.00
2017.04.05 12:46:17.540,0.93265,0.9329,1.00,1.00
2017.04.05 12:46:18.038,0.93265,0.93288,1.00,1.00
2017.04.05 12:46:19.038,0.93265,0.93289,1.00,1.00
2017.04.05 12:46:19.322,0.93266,0.93291,1.00,1.00
2017.04.05 12:46:19.831,0.93266,0.93288,1.00,1.00
2017.04.05 12:46:21.347,0.93266,0.9329,1.00,1.00
2017.04.05 12:46:21.400,0.93268,0.9329,1.00,1.00
2017.04.05 12:46:22.507,0.93267,0.93292,1.00,1.00
2017.04.05 12:46:22.609,0.93267,0.93289,1.00,1.00
2017.04.05 12:46:24.731,0.93266,0.93289,1.00,1.00
2017.04.05 12:46:24.895,0.93266,0.93291,1.00,1.00
2017.04.05 12:46:26.775,0.93267,0.93291,1.00,1.00
2017.04.05 12:46:28.351,0.93267,0.9329,1.00,1.00
2017.04.05 12:46:28.902,0.93266,0.9329,1.00,1.00
2017.04.05 12:46:29.509,0.93267,0.9329,1.00,1.00
2017.04.05 12:46:30.054,0.93268,0.93291,1.00,1.00
2017.04.05 12:46:30.498,0.93264,0.93289,1.00,1.00
2017.04.05 12:46:31.005,0.93265,0.93289,1.00,1.00
2017.04.05 12:46:31.594,0.93264,0.93288,1.00,1.00
2017.04.05 12:46:31.846,0.93259,0.93281,1.00,1.00
2017.04.05 12:46:33.369,0.9326,0.93282,1.00,1.00
2017.04.05 12:46:33.751,0.93254,0.93287,1.00,1.00
2017.04.05 12:46:36.143,0.93257,0.93281,1.00,1.00
2017.04.05 12:46:36.677,0.93256,0.93281,1.00,1.00
2017.04.05 12:46:39.888,0.93256,0.93279,1.00,1.00
2017.04.05 12:46:40.389,0.93257,0.9328,1.00,1.00
2017.04.05 12:46:41.530,0.93257,0.93279,1.00,1.00
2017.04.05 12:46:44.820,0.93258,0.9328,1.00,1.00
2017.04.05 12:46:45.492,0.93257,0.93282,1.00,1.00
2017.04.05 12:46:47.351,0.93256,0.93278,1.00,1.00
2017.04.05 12:46:47.402,0.93254,0.93277,1.00,1.00
2017.04.05 12:46:48.297,0.93252,0.93277,1.00,1.00
2017.04.05 12:46:49.398,0.93251,0.93276,1.00,1.00
2017.04.05 12:46:53.698,0.93252,0.93277,1.00,1.00
2017.04.05 12:46:54.346,0.93254,0.93278,1.00,1.00
2017.04.05 12:46:54.861,0.93254,0.93279,1.00,1.00
2017.04.05 12:46:55.293,0.93256,0.9328,1.00,1.00
2017.04.05 12:46:56.271,0.93256,0.93279,1.00,1.00
2017.04.05 12:46:56.792,0.93255,0.93279,1.00,1.00
2017.04.05 12:46:57.435,0.93255,0.93278,1.00,1.00
2017.04.05 12:46:58.013,0.93254,0.93277,1.00,1.00
2017.04.05 12:46:58.321,0.93256,0.93278,1.00,1.00
2017.04.05 12:46:58.843,0.93257,0.93279,1.00,1.00
2017.04.05 12:47:02.187,0.93258,0.9328,1.00,1.00
2017.04.05 12:47:03.349,0.93255,0.9328,1.00,1.00
2017.04.05 12:47:03.859,0.93256,0.93278,1.00,1.00
2017.04.05 12:47:04.497,0.93254,0.93278,1.00,1.00
2017.04.05 12:47:06.592,0.93254,0.93277,1.00,1.00
2017.04.05 12:47:10.451,0.93253,0.93276,1.00,1.00
2017.04.05 12:47:13.284,0.9325,0.93274,1.00,1.00
2017.04.05 12:47:13.810,0.93249,0.93273,1.00,1.00
2017.04.05 12:47:14.162,0.93251,0.93274,1.00,1.00
2017.04.05 12:47:15.323,0.9325,0.93274,1.00,1.00
2017.04.05 12:47:17.190,0.93251,0.93274,1.00,1.00
2017.04.05 12:47:17.390,0.93249,0.93274,1.00,1.00
2017.04.05 12:47:25.048,0.93249,0.93273,1.00,1.00
2017.04.05 12:47:26.045,0.93248,0.93273,1.00,1.00
2017.04.05 12:47:31.309,0.93248,0.9327,1.00,1.00
2017.04.05 12:47:31.360,0.93246,0.93269,1.00,1.00
2017.04.05 12:47:32.199,0.93245,0.93267,1.00,1.00
2017.04.05 12:47:34.656,0.93246,0.93269,1.00,1.00
2017.04.05 12:47:34.955,0.9325,0.93272,1.00,1.00
2017.04.05 12:47:35.257,0.93248,0.9327,1.00,1.00
2017.04.05 12:47:35.816,0.93247,0.93269,1.00,1.00
2017.04.05 12:47:35.917,0.93243,0.93268,1.00,1.00
2017.04.05 12:47:37.309,0.93246,0.93269,1.00,1.00
2017.04.05 12:47:37.710,0.93249,0.93273,1.00,1.00
2017.04.05 12:47:37.760,0.93251,0.93274,1.00,1.00
2017.04.05 12:47:38.694,0.93251,0.93273,1.00,1.00
2017.04.05 12:47:39.764,0.9325,0.93273,1.00,1.00
2017.04.05 12:47:40.047,0.93262,0.93287,1.50,1.50
2017.04.05 12:47:40.789,0.93264,0.93288,1.00,1.00
2017.04.05 12:47:41.193,0.93258,0.93291,2.10,1.00
2017.04.05 12:47:41.243,0.93265,0.93288,1.00,1.00
2017.04.05 12:47:44.011,0.93264,0.93287,1.00,1.00
2017.04.05 12:47:44.521,0.93263,0.93286,1.00,1.00
2017.04.05 12:47:44.610,0.93261,0.93286,1.00,1.00
2017.04.05 12:47:47.541,0.9326,0.93284,1.00,1.00
2017.04.05 12:47:47.993,0.9326,0.93282,1.00,1.00
2017.04.05 12:47:48.043,0.93257,0.93282,1.00,1.00
2017.04.05 12:47:48.094,0.93257,0.93279,1.00,1.00
2017.04.05 12:47:48.195,0.93254,0.93279,1.00,1.00
2017.04.05 12:47:48.999,0.93255,0.9328,1.00,1.00
2017.04.05 12:47:49.100,0.93257,0.9328,1.00,1.00
2017.04.05 12:47:51.014,0.93256,0.93279,1.00,1.00
2017.04.05 12:47:51.767,0.93252,0.93284,1.00,1.00
2017.04.05 12:47:51.817,0.93252,0.93282,1.00,1.00
2017.04.05 12:47:52.511,0.93255,0.93279,1.00,1.00
2017.04.05 12:47:55.587,0.93255,0.93277,1.00,1.00
2017.04.05 12:47:59.032,0.93255,0.93278,1.00,1.00
2017.04.05 12:48:04.433,0.93253,0.93277,1.00,1.00
2017.04.05 12:48:04.613,0.93251,0.93276,1.00,1.00
2017.04.05 12:48:05.119,0.93251,0.93275,1.00,1.00
2017.04.05 12:48:05.638,0.93252,0.93275,1.00,1.00
2017.04.05 12:48:08.006,0.93252,0.93277,1.00,1.00
2017.04.05 12:48:09.881,0.93253,0.93277,1.00,1.00
2017.04.05 12:48:10.155,0.93253,0.93275,1.00,1.00
2017.04.05 12:48:11.139,0.93252,0.93275,1.00,1.00
2017.04.05 12:48:11.830,0.93252,0.93276,1.00,1.00
2017.04.05 12:48:13.949,0.93254,0.93277,1.00,1.00
2017.04.05 12:48:14.301,0.93251,0.93275,1.00,1.00
2017.04.05 12:48:15.172,0.93251,0.93273,1.00,1.00
2017.04.05 12:48:22.433,0.93249,0.93273,1.00,1.00
2017.04.05 12:48:22.584,0.93249,0.93271,1.00,1.00
2017.04.05 12:48:22.841,0.93247,0.93271,1.00,1.00
2017.04.05 12:48:23.194,0.93249,0.93273,1.00,1.00
2017.04.05 12:48:23.737,0.93248,0.93273,1.00,1.00
2017.04.05 12:48:24.261,0.93247,0.93272,1.00,1.00
2017.04.05 12:48:25.213,0.93249,0.93271,1.00,1.00
2017.04.05 12:48:27.667,0.9325,0.93273,1.00,1.00
2017.04.05 12:48:28.609,0.93249,0.93273,1.00,1.00
2017.04.05 12:48:29.599,0.93249,0.93272,1.00,1.00
2017.04.05 12:48:31.452,0.9325,0.93273,1.00,1.00
2017.04.05 12:48:31.998,0.93249,0.93273,1.00,1.00
2017.04.05 12:48:32.676,0.9325,0.93274,1.00,1.00
2017.04.05 12:48:33.190,0.93251,0.93275,1.00,1.00
2017.04.05 12:48:33.341,0.93249,0.93275,1.00,1.00
2017.04.05 12:48:34.147,0.9325,0.93276,1.00,1.00
2017.04.05 12:48:37.132,0.9325,0.93274,1.00,1.00
2017.04.05 12:48:37.183,0.93248,0.93274,1.00,1.00
2017.04.05 12:48:38.017,0.93249,0.93275,1.00,1.00
2017.04.05 12:48:38.168,0.93251,0.93277,1.00,1.00
2017.04.05 12:48:39.143,0.93252,0.93278,1.00,1.00
2017.04.05 12:48:40.034,0.93253,0.93279,1.00,1.00
2017.04.05 12:48:40.615,0.93254,0.93278,1.00,1.00
2017.04.05 12:48:41.149,0.93254,0.93277,1.00,1.00
2017.04.05 12:48:41.869,0.93253,0.93277,1.00,1.00
2017.04.05 12:48:41.932,0.93251,0.93277,1.00,1.00
2017.04.05 12:48:45.497,0.93251,0.93275,1.00,1.00
2017.04.05 12:48:45.950,0.93249,0.93273,1.00,1.00
2017.04.05 12:48:46.346,0.93249,0.93275,1.00,1.00
2017.04.05 12:48:46.498,0.93251,0.93277,1.00,1.50
2017.04.05 12:48:46.800,0.93255,0.93279,1.00,1.00
2017.04.05 12:48:47.147,0.93255,0.93279,1.75,1.00
2017.04.05 12:48:47.515,0.93256,0.93282,1.50,1.00
2017.04.05 12:48:48.083,0.93257,0.93283,1.12,1.00
2017.04.05 12:48:49.059,0.93256,0.93282,1.50,1.00
2017.04.05 12:48:49.920,0.93257,0.93283,1.12,1.00
2017.04.05 12:48:51.043,0.93257,0.93283,1.50,1.00
2017.04.05 12:48:52.181,0.93257,0.93281,1.50,1.00
2017.04.05 12:48:53.106,0.93257,0.93281,1.00,1.00
2017.04.05 12:48:54.429,0.93259,0.93283,1.00,1.00
2017.04.05 12:48:55.662,0.9326,0.93284,1.00,1.00
2017.04.05 12:48:56.611,0.93258,0.93284,1.12,1.00
2017.04.05 12:48:56.717,0.9326,0.93284,1.00,1.00
2017.04.05 12:48:56.868,0.93261,0.93287,1.00,1.00
2017.04.05 12:48:56.919,0.93263,0.93287,1.50,1.00
2017.04.05 12:48:57.052,0.93264,0.9329,1.00,1.00
2017.04.05 12:48:57.571,0.93264,0.9329,1.50,1.00
2017.04.05 12:48:58.322,0.93265,0.93291,1.12,1.00
2017.04.05 12:48:59.282,0.93267,0.9329,1.00,1.00
2017.04.05 12:49:01.359,0.93267,0.93291,1.00,1.00
2017.04.05 12:49:02.335,0.93266,0.9329,1.00,1.00
2017.04.05 12:49:02.917,0.93265,0.93289,1.00,1.00
2017.04.05 12:49:06.153,0.93263,0.93289,1.00,1.00
2017.04.05 12:49:06.729,0.93265,0.93291,1.00,1.00
2017.04.05 12:49:07.687,0.93267,0.93291,1.00,1.00
2017.04.05 12:49:08.138,0.93264,0.9329,1.00,1.00
2017.04.05 12:49:09.298,0.93265,0.93291,1.00,1.00
2017.04.05 12:49:09.450,0.93263,0.93289,1.50,1.00
2017.04.05 12:49:10.701,0.93265,0.93289,1.00,1.00
2017.04.05 12:49:11.114,0.93263,0.93289,1.00,1.00
2017.04.05 12:49:12.306,0.93263,0.93287,1.00,1.00
2017.04.05 12:49:13.201,0.93264,0.93288,1.00,1.00
2017.04.05 12:49:14.779,0.93263,0.93287,1.00,1.00
2017.04.05 12:49:15.635,0.93262,0.93286,1.00,1.00
2017.04.05 12:49:16.207,0.93261,0.93285,1.00,1.00
2017.04.05 12:49:17.596,0.9326,0.93284,1.00,1.00
2017.04.05 12:49:19.706,0.9326,0.93285,1.00,1.00
2017.04.05 12:49:20.422,0.93261,0.93283,1.00,1.00
2017.04.05 12:49:21.928,0.93257,0.93282,1.00,1.00
2017.04.05 12:49:23.902,0.93257,0.93281,1.12,1.00
2017.04.05 12:49:25.826,0.93257,0.93279,1.12,1.00
2017.04.05 12:49:28.711,0.93256,0.93279,1.00,1.00
2017.04.05 12:49:31.969,0.93255,0.93279,1.00,1.00
2017.04.05 12:49:33.999,0.93255,0.93278,1.00,1.00
2017.04.05 12:49:36.169,0.93256,0.93279,1.00,1.00
2017.04.05 12:49:36.963,0.93268,0.93284,1.00,1.00
2017.04.05 12:49:37.064,0.93268,0.93291,1.50,1.00
2017.04.05 12:49:37.409,0.93268,0.93287,1.00,1.00
2017.04.05 12:49:37.813,0.93264,0.93287,1.00,1.00
2017.04.05 12:49:38.458,0.93265,0.93288,1.00,1.00
2017.04.05 12:49:40.767,0.93264,0.93288,1.00,1.00
2017.04.05 12:49:41.102,0.93262,0.93285,1.00,1.00
2017.04.05 12:49:44.245,0.93262,0.93286,1.00,1.00
2017.04.05 12:49:45.299,0.93263,0.93287,1.00,1.00
2017.04.05 12:49:46.606,0.93262,0.93287,1.00,1.00
2017.04.05 12:49:46.949,0.93259,0.93282,1.12,1.00
2017.04.05 12:49:47.811,0.93258,0.93281,1.50,1.00
2017.04.05 12:49:49.486,0.93258,0.93281,1.00,1.00
2017.04.05 12:49:53.443,0.93259,0.93281,1.00,1.00
2017.04.05 12:49:58.222,0.93259,0.93281,1.50,1.00
2017.04.05 12:49:58.273,0.9326,0.93283,1.12,1.00
2017.04.05 12:49:58.374,0.93261,0.93285,1.00,1.00
2017.04.05 12:49:59.390,0.93263,0.93286,1.00,1.00
2017.04.05 12:50:01.401,0.93263,0.93285,1.00,1.00
2017.04.05 12:50:03.098,0.93264,0.93287,1.00,1.00
2017.04.05 12:50:03.600,0.93262,0.93287,1.00,1.00
2017.04.05 12:50:03.651,0.93265,0.93288,1.00,1.00
2017.04.05 12:50:04.221,0.93266,0.93289,1.00,1.00
2017.04.05 12:50:05.198,0.93267,0.93292,1.00,1.00
2017.04.05 12:50:05.918,0.93269,0.93291,1.00,1.00
2017.04.05 12:50:06.495,0.93268,0.93292,1.00,1.00
2017.04.05 12:50:08.566,0.93269,0.93293,1.00,1.00
2017.04.05 12:50:09.436,0.93269,0.93292,1.00,1.00
2017.04.05 12:50:10.444,0.93268,0.93291,1.00,1.00
2017.04.05 12:50:16.464,0.93268,0.93292,1.00,1.00
2017.04.05 12:50:25.851,0.93268,0.93291,1.00,1.00
2017.04.05 12:50:27.411,0.93269,0.93291,1.00,1.00
2017.04.05 12:50:27.818,0.93269,0.93293,1.00,1.00
2017.04.05 12:50:28.360,0.93271,0.93292,1.00,1.00
2017.04.05 12:50:28.461,0.93272,0.93294,1.00,1.00
2017.04.05 12:50:28.981,0.93273,0.93295,1.00,1.00
2017.04.05 12:50:29.081,0.93274,0.93298,1.00,1.00
2017.04.05 12:50:29.132,0.93276,0.93299,1.00,1.00
2017.04.05 12:50:29.794,0.93277,0.93302,1.00,1.00
2017.04.05 12:50:29.957,0.93279,0.93302,1.00,1.00
2017.04.05 12:50:31.998,0.9328,0.93302,1.00,1.00
2017.04.05 12:50:34.792,0.93282,0.93303,1.00,1.00
2017.04.05 12:50:40.408,0.93282,0.93304,1.00,1.00
2017.04.05 12:50:49.223,0.93281,0.93304,1.00,1.00
2017.04.05 12:50:50.664,0.93281,0.93306,1.00,1.00
2017.04.05 12:50:50.784,0.93281,0.93304,1.00,1.00
2017.04.05 12:50:52.091,0.93277,0.93302,1.50,1.00
2017.04.05 12:50:52.191,0.93276,0.93299,3.00,1.00
2017.04.05 12:50:52.694,0.93276,0.93299,1.00,1.00
2017.04.05 12:50:52.878,0.93277,0.93302,1.00,1.00
2017.04.05 12:50:53.356,0.93275,0.93301,1.00,1.00
2017.04.05 12:50:54.333,0.93274,0.933,1.12,1.00
2017.04.05 12:50:55.111,0.93275,0.93299,1.00,1.00
2017.04.05 12:50:56.911,0.93274,0.933,1.12,1.00
2017.04.05 12:50:57.732,0.93272,0.93302,2.25,1.00
2017.04.05 12:50:58.693,0.93276,0.93299,1.00,1.00
2017.04.05 12:50:58.973,0.93276,0.93301,1.00,1.00
2017.04.05 12:50:59.644,0.93275,0.933,1.00,1.00
2017.04.05 12:51:00.754,0.93277,0.933,1.00,1.00
2017.04.05 12:51:04.069,0.93277,0.93302,1.50,1.00
2017.04.05 12:51:05.244,0.93277,0.933,1.50,1.00
2017.04.05 12:51:06.341,0.93277,0.93301,1.50,1.00
2017.04.05 12:51:06.392,0.93278,0.93303,1.00,1.00
2017.04.05 12:51:06.543,0.9328,0.93303,1.00,1.00
2017.04.05 12:51:08.759,0.9328,0.93302,1.00,1.00
2017.04.05 12:51:14.423,0.93281,0.93302,1.00,1.00
2017.04.05 12:51:15.722,0.93282,0.93304,1.00,1.00
2017.04.05 12:51:15.868,0.9328,0.93304,1.00,1.00
2017.04.05 12:51:15.919,0.93282,0.93305,1.00,1.00
2017.04.05 12:51:16.677,0.93284,0.93306,1.00,1.00
2017.04.05 12:51:17.190,0.93283,0.93305,1.00,1.00
2017.04.05 12:51:19.106,0.93281,0.93305,1.00,1.00
2017.04.05 12:51:19.156,0.93281,0.93303,1.00,1.00
2017.04.05 12:51:21.234,0.93282,0.93306,1.00,1.00
2017.04.05 12:51:25.011,0.93285,0.93307,1.00,1.00
2017.04.05 12:51:25.962,0.93285,0.93306,1.00,1.00
2017.04.05 12:51:26.222,0.93283,0.93306,1.00,1.00
2017.04.05 12:51:35.363,0.93286,0.93307,1.00,1.00
2017.04.05 12:51:35.564,0.93285,0.9331,1.00,1.00
2017.04.05 12:51:35.665,0.93287,0.93309,1.00,1.00
2017.04.05 12:51:35.816,0.93288,0.93312,1.00,1.00
2017.04.05 12:51:36.950,0.93289,0.93313,1.00,1.00
2017.04.05 12:51:37.051,0.93291,0.93313,1.00,1.00
2017.04.05 12:51:38.544,0.93291,0.93314,1.00,1.00
2017.04.05 12:51:38.697,0.93289,0.93313,1.00,1.00
2017.04.05 12:51:39.257,0.93285,0.93307,1.00,1.00
2017.04.05 12:51:39.789,0.93284,0.93308,1.00,1.00
2017.04.05 12:51:40.326,0.93284,0.93305,1.00,1.00
2017.04.05 12:51:40.998,0.93284,0.93306,1.00,1.00
2017.04.05 12:51:41.641,0.93282,0.93306,1.50,1.00
2017.04.05 12:51:42.173,0.93282,0.93306,1.00,1.00
2017.04.05 12:51:43.111,0.93281,0.93305,1.00,1.00
2017.04.05 12:51:44.170,0.93283,0.93305,1.00,1.00
2017.04.05 12:51:44.707,0.93284,0.93306,1.00,1.00
2017.04.05 12:51:45.647,0.93285,0.93307,1.00,1.00
2017.04.05 12:51:45.747,0.93282,0.93306,1.00,1.00
2017.04.05 12:51:46.225,0.9328,0.93302,1.00,1.00
2017.04.05 12:51:46.756,0.93281,0.93303,1.00,1.00
2017.04.05 12:51:51.850,0.93281,0.93305,1.00,1.00
2017.04.05 12:51:52.288,0.93283,0.93305,1.00,1.00
2017.04.05 12:51:52.389,0.93283,0.93307,1.50,1.00
2017.04.05 12:51:55.772,0.93277,0.9331,1.12,1.00
2017.04.05 12:51:56.162,0.93282,0.93306,1.00,1.00
2017.04.05 12:51:56.729,0.93281,0.93304,1.00,1.00
2017.04.05 12:51:57.031,0.93284,0.93306,1.00,1.00
2017.04.05 12:51:57.661,0.93283,0.93305,1.00,1.00
2017.04.05 12:51:59.013,0.93284,0.93306,1.00,1.00
2017.04.05 12:52:00.061,0.93283,0.93305,1.00,1.00
2017.04.05 12:52:00.364,0.93281,0.93303,1.00,1.00
2017.04.05 12:52:01.238,0.93281,0.93305,1.00,1.00
2017.04.05 12:52:02.582,0.93284,0.93305,1.00,1.00
2017.04.05 12:52:02.633,0.93281,0.93305,1.00,1.00
2017.04.05 12:52:03.210,0.93281,0.93306,1.00,1.00
2017.04.05 12:52:04.154,0.9328,0.93302,1.00,1.00
2017.04.05 12:52:04.305,0.93281,0.93306,1.00,1.00
2017.04.05 12:52:04.560,0.93283,0.93305,1.00,1.00
2017.04.05 12:52:05.532,0.93282,0.93305,1.00,1.00
2017.04.05 12:52:06.240,0.93284,0.93305,1.00,1.00
2017.04.05 12:52:08.317,0.93283,0.93307,1.00,1.00
2017.04.05 12:52:10.770,0.93282,0.93306,1.00,1.00
2017.04.05 12:52:13.448,0.93284,0.93306,1.00,1.00
2017.04.05 12:52:19.533,0.93284,0.93308,1.00,1.00
2017.04.05 12:52:19.583,0.93287,0.93309,1.00,1.00
2017.04.05 12:52:19.634,0.93286,0.93311,1.00,1.00
2017.04.05 12:52:19.835,0.93289,0.9331,1.00,1.00
2017.04.05 12:52:20.612,0.93288,0.93312,1.00,1.00
2017.04.05 12:52:21.227,0.93287,0.93311,1.00,1.00
2017.04.05 12:52:24.204,0.93289,0.93312,1.00,1.00
2017.04.05 12:52:25.580,0.93289,0.93313,1.00,1.00
2017.04.05 12:52:26.082,0.93289,0.93311,1.00,1.00
2017.04.05 12:52:27.109,0.93289,0.9331,1.00,1.00
2017.04.05 12:52:29.076,0.93288,0.9331,1.00,1.00
2017.04.05 12:52:31.143,0.9329,0.93312,1.00,1.00
2017.04.05 12:52:31.244,0.93289,0.93314,1.00,1.00
2017.04.05 12:52:31.528,0.93288,0.93312,1.00,1.00
2017.04.05 12:52:32.130,0.93288,0.9331,1.00,1.00
2017.04.05 12:52:32.993,0.93284,0.93317,1.00,1.00
2017.04.05 12:52:35.353,0.93284,0.93319,1.00,1.00
2017.04.05 12:52:35.495,0.9329,0.93311,1.00,1.00
2017.04.05 12:52:36.745,0.93287,0.9331,1.50,1.00
2017.04.05 12:52:36.796,0.93288,0.93313,1.00,1.00
2017.04.05 12:52:36.846,0.93287,0.9331,1.00,1.00
2017.04.05 12:52:37.148,0.93289,0.93311,1.00,1.00
2017.04.05 12:52:37.902,0.93289,0.93313,1.00,1.00
2017.04.05 12:52:38.138,0.93291,0.93312,1.00,1.00
2017.04.05 12:52:38.189,0.9329,0.93314,1.00,1.00
2017.04.05 12:52:39.043,0.93291,0.93315,1.00,1.00
2017.04.05 12:52:41.850,0.93291,0.93313,1.00,1.00
2017.04.05 12:52:42.706,0.93289,0.93313,1.00,1.00
2017.04.05 12:52:43.651,0.93288,0.93312,1.00,1.00
2017.04.05 12:52:43.752,0.93287,0.9331,1.00,1.00
2017.04.05 12:52:44.054,0.93286,0.93308,1.00,1.00
2017.04.05 12:52:45.226,0.93284,0.93306,1.00,1.00
2017.04.05 12:52:46.314,0.93282,0.93307,1.00,1.00
2017.04.05 12:52:46.805,0.93282,0.93304,1.00,1.00
2017.04.05 12:52:48.576,0.93281,0.93304,1.00,1.00
2017.04.05 12:52:49.199,0.93282,0.93304,1.00,1.00
2017.04.05 12:52:49.770,0.93281,0.93303,1.00,1.00
2017.04.05 12:52:51.697,0.93282,0.93304,1.00,1.00
2017.04.05 12:52:52.231,0.93281,0.93303,1.00,1.00
2017.04.05 12:52:52.332,0.93279,0.93302,1.00,1.00
2017.04.05 12:52:53.518,0.93279,0.93301,1.00,1.00
2017.04.05 12:52:53.824,0.93277,0.93301,1.00,1.00
2017.04.05 12:52:56.143,0.93279,0.93301,1.00,1.00
2017.04.05 12:53:11.180,0.93278,0.933,1.00,1.00
2017.04.05 12:53:18.735,0.93274,0.93297,1.00,1.00
2017.04.05 12:53:18.886,0.93273,0.93295,1.00,1.00
2017.04.05 12:53:22.074,0.93271,0.93296,1.00,1.00
2017.04.05 12:53:22.124,0.93273,0.93295,1.00,1.00
2017.04.05 12:53:23.695,0.93272,0.93295,1.00,1.00
2017.04.05 12:53:24.769,0.93272,0.93296,1.00,1.00
2017.04.05 12:53:25.086,0.93271,0.93293,1.00,1.00
2017.04.05 12:53:25.460,0.93273,0.93295,1.00,1.00
2017.04.05 12:53:26.346,0.93272,0.93294,1.00,1.00
2017.04.05 12:53:27.340,0.93272,0.93296,1.00,1.00
2017.04.05 12:53:28.455,0.93271,0.93295,1.00,1.00
2017.04.05 12:53:31.465,0.93271,0.93294,1.00,1.00
2017.04.05 12:53:32.466,0.9327,0.93294,1.00,1.00
2017.04.05 12:53:34.010,0.93271,0.93295,1.00,1.00
2017.04.05 12:53:35.604,0.93271,0.93292,1.00,1.00
2017.04.05 12:53:40.739,0.9327,0.93292,1.00,1.00
2017.04.05 12:53:44.224,0.93271,0.93293,1.00,1.00
2017.04.05 12:53:49.795,0.93272,0.93294,1.00,1.00
2017.04.05 12:53:51.063,0.93273,0.93294,1.00,1.00
2017.04.05 12:53:56.261,0.93271,0.93295,1.00,1.00
2017.04.05 12:53:57.418,0.93272,0.93296,1.00,1.00
2017.04.05 12:53:57.469,0.9327,0.93294,1.00,1.00
2017.04.05 12:53:58.425,0.93271,0.93294,1.00,1.00
2017.04.05 12:53:59.545,0.93271,0.93293,1.00,1.00
2017.04.05 12:54:00.198,0.9327,0.93293,1.00,1.00
2017.04.05 12:54:01.227,0.93269,0.93291,1.00,1.00
2017.04.05 12:54:01.831,0.93268,0.9329,1.00,1.00
2017.04.05 12:54:05.516,0.93267,0.9329,1.00,1.00
2017.04.05 12:54:06.113,0.93267,0.93289,1.00,1.00
2017.04.05 12:54:09.886,0.93264,0.93286,1.00,1.00
2017.04.05 12:54:10.209,0.93263,0.93284,1.00,1.00
2017.04.05 12:54:10.842,0.93261,0.93285,1.00,1.00
2017.04.05 12:54:14.286,0.93262,0.93283,1.00,1.00
2017.04.05 12:54:15.286,0.93261,0.93283,1.00,1.00
2017.04.05 12:54:16.446,0.93259,0.93283,1.00,1.00
2017.04.05 12:54:17.376,0.93264,0.93285,1.00,1.00
2017.04.05 12:54:17.688,0.93261,0.93285,1.00,1.00
2017.04.05 12:54:18.564,0.9326,0.93285,1.00,1.00
2017.04.05 12:54:19.129,0.93259,0.93284,1.00,1.00
2017.04.05 12:54:20.996,0.93261,0.93285,1.00,1.00
2017.04.05 12:54:21.298,0.93261,0.93283,1.00,1.00
2017.04.05 12:54:22.117,0.9326,0.93283,1.00,1.00
2017.04.05 12:54:23.930,0.93261,0.93283,1.00,1.00
2017.04.05 12:54:24.434,0.9326,0.93284,1.00,1.00
2017.04.05 12:54:25.845,0.93262,0.93284,1.00,1.00
2017.04.05 12:54:26.636,0.9326,0.93284,1.00,1.00
2017.04.05 12:54:26.820,0.93258,0.93283,1.00,1.00
2017.04.05 12:54:27.171,0.93259,0.93281,1.00,1.00
2017.04.05 12:54:27.955,0.93258,0.93281,1.00,1.00
2017.04.05 12:54:28.005,0.93256,0.93281,1.00,1.00
2017.04.05 12:54:28.854,0.93256,0.9328,1.00,1.00
2017.04.05 12:54:29.384,0.93256,0.93279,1.00,1.00
2017.04.05 12:54:30.159,0.93255,0.93279,1.00,1.00
2017.04.05 12:54:31.527,0.93256,0.93279,1.00,1.00
2017.04.05 12:54:32.103,0.93257,0.93279,1.00,1.00
2017.04.05 12:54:32.563,0.93257,0.93281,1.00,1.00
2017.04.05 12:54:34.813,0.93256,0.9328,1.00,1.00
2017.04.05 12:54:40.557,0.93257,0.93281,1.00,1.00
2017.04.05 12:54:41.221,0.93259,0.93281,1.00,1.00
2017.04.05 12:54:44.343,0.93259,0.93283,1.00,1.50
2017.04.05 12:54:44.759,0.93261,0.93282,1.00,1.00
2017.04.05 12:54:44.918,0.93259,0.93283,1.00,1.00
2017.04.05 12:54:44.969,0.93259,0.93281,1.00,1.00
2017.04.05 12:54:45.070,0.93257,0.93283,1.00,1.00
2017.04.05 12:54:45.245,0.9326,0.93281,1.00,1.00
2017.04.05 12:54:45.706,0.93261,0.93283,1.00,1.00
2017.04.05 12:54:45.857,0.93261,0.93287,1.00,1.00
2017.04.05 12:54:45.958,0.93261,0.93285,1.00,1.00
2017.04.05 12:54:46.493,0.9326,0.93285,1.00,1.00
2017.04.05 12:54:46.961,0.9326,0.93283,1.00,1.00
2017.04.05 12:54:48.613,0.9326,0.93282,1.00,1.00
2017.04.05 12:54:51.970,0.93256,0.93278,1.00,1.00
2017.04.05 12:54:52.285,0.93254,0.93276,1.00,1.00
2017.04.05 12:54:52.983,0.93253,0.93275,1.00,1.00
2017.04.05 12:54:56.530,0.93251,0.93275,1.00,1.00
2017.04.05 12:54:56.580,0.93252,0.93273,1.00,1.00
2017.04.05 12:54:57.117,0.93251,0.93273,1.00,1.00
2017.04.05 12:54:58.103,0.93249,0.93273,1.00,1.00
2017.04.05 12:54:58.584,0.93251,0.93273,1.00,1.00
2017.04.05 12:54:59.180,0.9325,0.93272,1.00,1.00
2017.04.05 12:55:00.714,0.93248,0.93272,1.00,1.00
2017.04.05 12:55:01.831,0.9325,0.93272,1.00,1.00
2017.04.05 12:55:03.141,0.93249,0.93271,1.00,1.00
2017.04.05 12:55:03.791,0.9325,0.93274,1.00,1.00
2017.04.05 12:55:04.676,0.9325,0.93272,1.00,1.00
2017.04.05 12:55:05.735,0.93251,0.93273,1.00,1.00
2017.04.05 12:55:05.990,0.93249,0.93273,1.00,1.00
2017.04.05 12:55:06.040,0.93249,0.93271,1.00,1.00
2017.04.05 12:55:12.524,0.93247,0.93271,1.00,1.00
2017.04.05 12:55:14.901,0.93248,0.93272,1.00,1.00
2017.04.05 12:55:18.462,0.93249,0.93273,1.00,1.00
2017.04.05 12:55:28.815,0.93254,0.93276,1.00,1.00
2017.04.05 12:55:30.193,0.93251,0.93275,1.00,1.00
2017.04.05 12:55:33.285,0.93251,0.93273,1.00,1.00
2017.04.05 12:55:35.351,0.93252,0.93274,1.00,1.00
2017.04.05 12:55:35.854,0.93253,0.93275,1.00,1.00
2017.04.05 12:55:36.389,0.93254,0.93276,1.00,1.00
2017.04.05 12:55:37.365,0.93253,0.93276,1.00,1.00
2017.04.05 12:55:41.015,0.93252,0.93276,1.00,1.00
2017.04.05 12:55:45.212,0.93252,0.93274,1.00,1.00
2017.04.05 12:55:45.263,0.9325,0.93274,1.00,1.00
2017.04.05 12:55:46.188,0.93251,0.93274,1.00,1.00
2017.04.05 12:55:46.773,0.93252,0.93274,1.00,1.00
2017.04.05 12:55:48.115,0.93256,0.93278,1.00,1.00
2017.04.05 12:55:48.417,0.93258,0.9328,1.00,1.00
2017.04.05 12:55:52.070,0.93256,0.9328,1.00,1.00
2017.04.05 12:55:52.608,0.93255,0.93279,1.00,1.00
2017.04.05 12:55:55.177,0.93253,0.93277,1.00,1.00
2017.04.05 12:55:56.179,0.93253,0.93275,1.00,1.00
2017.04.05 12:55:57.180,0.93253,0.93277,1.00,1.00
2017.04.05 12:56:01.382,0.93253,0.93275,1.00,1.00
2017.04.05 12:56:02.150,0.93253,0.93276,1.00,1.00
2017.04.05 12:56:02.869,0.93255,0.93277,1.00,1.00
2017.04.05 12:56:03.886,0.93255,0.93279,1.00,1.00
2017.04.05 12:56:04.731,0.93256,0.9328,1.00,1.00
2017.04.05 12:56:04.832,0.93256,0.93278,1.00,1.00
2017.04.05 12:56:09.608,0.93258,0.9328,1.00,1.00
2017.04.05 12:56:09.942,0.93259,0.93283,1.00,1.00
2017.04.05 12:56:10.989,0.93261,0.93283,1.00,1.00
2017.04.05 12:56:15.023,0.93262,0.93284,1.00,1.00
2017.04.05 12:56:17.944,0.9326,0.93284,1.00,1.00
2017.04.05 12:56:21.233,0.93262,0.93284,1.00,1.00
2017.04.05 12:56:26.271,0.93264,0.93288,1.00,1.00
2017.04.05 12:56:26.472,0.93266,0.93288,1.00,1.00
2017.04.05 12:56:27.412,0.93267,0.93289,1.00,1.00
2017.04.05 12:56:29.558,0.93267,0.93291,1.00,1.00
2017.04.05 12:56:38.465,0.93267,0.93289,1.00,1.00
2017.04.05 12:56:38.659,0.93264,0.9329,1.00,1.00
2017.04.05 12:56:39.161,0.93267,0.93289,1.00,1.00
2017.04.05 12:56:40.777,0.93265,0.9329,1.00,1.00
2017.04.05 12:56:41.307,0.93266,0.9329,1.00,1.00
2017.04.05 12:56:42.040,0.93267,0.9329,1.00,1.00
2017.04.05 12:56:43.624,0.93269,0.93291,1.00,1.00
2017.04.05 12:56:45.708,0.93268,0.93291,1.00,1.00
2017.04.05 12:56:46.209,0.93267,0.93292,1.00,1.00
2017.04.05 12:56:46.592,0.93269,0.93291,1.00,1.00
2017.04.05 12:56:47.612,0.93268,0.9329,1.00,1.00
2017.04.05 12:56:48.288,0.93267,0.93289,1.00,1.00
2017.04.05 12:56:54.309,0.93266,0.93288,1.00,1.00
2017.04.05 12:56:54.359,0.93264,0.93288,1.00,1.00
2017.04.05 12:56:54.410,0.93262,0.93285,1.00,1.00
2017.04.05 12:56:54.712,0.93267,0.93289,1.00,1.00
2017.04.05 12:56:56.694,0.93266,0.93291,1.00,1.00
2017.04.05 12:57:02.486,0.93267,0.93291,1.00,1.00
2017.04.05 12:57:03.510,0.93269,0.93293,1.00,1.00
2017.04.05 12:57:03.812,0.93266,0.9329,1.00,1.00
2017.04.05 12:57:04.571,0.93267,0.93291,1.00,1.00
2017.04.05 12:57:04.911,0.9327,0.93292,1.00,1.00
2017.04.05 12:57:04.969,0.93268,0.93291,1.00,1.00
2017.04.05 12:57:07.119,0.9327,0.93292,1.00,1.00
2017.04.05 12:57:07.641,0.93271,0.93293,1.00,1.00
2017.04.05 12:57:07.826,0.93269,0.93294,1.00,1.00
2017.04.05 12:57:08.450,0.93271,0.93293,1.00,1.00
2017.04.05 12:57:10.459,0.93268,0.93292,1.00,1.00
2017.04.05 12:57:11.648,0.93268,0.9329,1.00,1.00
2017.04.05 12:57:14.640,0.93267,0.93289,1.00,1.00
2017.04.05 12:57:15.141,0.93268,0.9329,1.00,1.00
2017.04.05 12:57:15.997,0.93269,0.93291,1.00,1.00
2017.04.05 12:57:17.549,0.93265,0.9329,1.00,1.00
2017.04.05 12:57:17.599,0.93267,0.9329,1.00,1.00
2017.04.05 12:57:17.700,0.93265,0.93289,1.00,1.00
2017.04.05 12:57:17.751,0.93263,0.93287,1.00,1.00
2017.04.05 12:57:18.702,0.93263,0.93285,1.00,1.00
2017.04.05 12:57:19.209,0.93262,0.93284,1.00,1.00
2017.04.05 12:57:20.443,0.93264,0.93286,1.00,1.00
2017.04.05 12:57:20.700,0.93262,0.93287,1.00,1.00
2017.04.05 12:57:24.384,0.93263,0.93287,1.00,1.00
2017.04.05 12:57:26.743,0.93262,0.93286,1.00,1.00
2017.04.05 12:57:27.621,0.93262,0.93284,1.00,1.00
2017.04.05 12:57:28.652,0.9326,0.93284,1.00,1.00
2017.04.05 12:57:29.005,0.93259,0.93282,1.00,1.00
2017.04.05 12:57:29.307,0.9326,0.93284,1.00,1.00
2017.04.05 12:57:30.460,0.93261,0.93283,1.00,1.00
2017.04.05 12:57:30.978,0.93258,0.93283,1.00,1.00
2017.04.05 12:57:31.263,0.9326,0.93282,1.00,1.00
2017.04.05 12:57:32.168,0.93258,0.93282,1.00,1.00
2017.04.05 12:57:32.734,0.93259,0.93283,1.00,1.00
2017.04.05 12:57:35.365,0.93258,0.93282,1.00,1.00
2017.04.05 12:57:36.061,0.93258,0.93284,1.00,1.00
2017.04.05 12:57:36.597,0.93258,0.93283,1.00,1.00
2017.04.05 12:57:37.222,0.93254,0.93279,1.50,1.00
2017.04.05 12:57:37.624,0.93251,0.93276,1.00,1.00
2017.04.05 12:57:38.201,0.93252,0.93277,1.00,1.00
2017.04.05 12:57:38.849,0.93253,0.93277,1.00,1.00
2017.04.05 12:57:39.330,0.9325,0.93275,1.00,1.00
2017.04.05 12:57:39.562,0.93249,0.93273,1.00,1.00
2017.04.05 12:57:39.899,0.93246,0.9327,1.00,1.00
2017.04.05 12:57:40.236,0.93243,0.93266,1.00,1.00
2017.04.05 12:57:40.795,0.93243,0.93268,1.00,1.00
2017.04.05 12:57:41.293,0.93242,0.93266,1.00,1.00
2017.04.05 12:57:42.248,0.93243,0.93266,1.00,1.00
2017.04.05 12:57:43.905,0.93246,0.9327,1.00,1.00
2017.04.05 12:57:43.955,0.93248,0.93272,1.00,1.00
2017.04.05 12:57:44.460,0.93248,0.93273,1.00,1.00
2017.04.05 12:57:46.028,0.93249,0.93274,1.00,1.00
2017.04.05 12:57:46.356,0.93247,0.93272,1.00,1.00
2017.04.05 12:57:47.251,0.93246,0.93271,1.00,1.00
2017.04.05 12:57:47.596,0.93248,0.93272,1.00,1.00
2017.04.05 12:57:48.227,0.93246,0.93271,1.00,1.00
2017.04.05 12:57:48.774,0.93245,0.9327,1.00,1.00
2017.04.05 12:57:49.462,0.93246,0.93271,1.00,1.00
2017.04.05 12:57:50.642,0.93247,0.9327,1.00,1.00
2017.04.05 12:57:51.130,0.93245,0.93272,1.00,1.00
2017.04.05 12:57:51.297,0.93247,0.9327,1.00,1.00
2017.04.05 12:57:52.352,0.93244,0.93271,1.00,1.00
2017.04.05 12:57:52.402,0.93246,0.93271,1.00,1.00
2017.04.05 12:57:53.003,0.93245,0.9327,1.00,1.00
2017.04.05 12:57:53.326,0.93245,0.93272,1.00,1.00
2017.04.05 12:57:53.720,0.93245,0.9327,1.00,1.00
2017.04.05 12:57:53.771,0.93245,0.93272,1.00,1.00
2017.04.05 12:57:54.660,0.93245,0.9327,1.00,1.00
2017.04.05 12:57:55.738,0.93246,0.93271,1.00,1.00
2017.04.05 12:57:56.758,0.93245,0.93271,1.00,1.00
2017.04.05 12:57:57.033,0.93242,0.93269,1.00,1.00
2017.04.05 12:57:57.445,0.93243,0.93267,1.00,1.00
2017.04.05 12:57:57.495,0.93241,0.93266,1.00,1.00
2017.04.05 12:57:57.772,0.93243,0.93266,1.00,1.00
2017.04.05 12:57:58.842,0.93243,0.93267,1.00,1.00
2017.04.05 12:57:59.737,0.93243,0.93266,1.00,1.00
2017.04.05 12:58:01.152,0.93242,0.93265,1.00,1.00
2017.04.05 12:58:01.753,0.93244,0.93267,1.00,1.00
2017.04.05 12:58:02.302,0.93245,0.93268,1.00,1.00
2017.04.05 12:58:03.125,0.93243,0.93268,1.00,1.00
2017.04.05 12:58:03.947,0.93243,0.93266,1.00,1.00
2017.04.05 12:58:03.997,0.93244,0.93269,1.00,1.00
2017.04.05 12:58:05.172,0.93244,0.9327,1.00,1.00
2017.04.05 12:58:05.430,0.93243,0.93266,1.00,1.00
2017.04.05 12:58:05.512,0.9324,0.93264,1.12,1.00
2017.04.05 12:58:06.288,0.9324,0.93263,1.00,1.00
2017.04.05 12:58:08.619,0.93241,0.93263,1.00,1.00
2017.04.05 12:58:10.241,0.93239,0.93262,1.00,1.00
2017.04.05 12:58:10.753,0.93237,0.93261,1.00,1.00
2017.04.05 12:58:11.768,0.93238,0.93259,1.00,1.00
2017.04.05 12:58:12.147,0.9324,0.93262,1.00,1.00
2017.04.05 12:58:13.743,0.93241,0.93263,1.00,1.00
2017.04.05 12:58:13.859,0.93238,0.93262,1.00,1.00
2017.04.05 12:58:14.693,0.93238,0.93264,1.00,1.00
2017.04.05 12:58:14.945,0.9324,0.93263,1.00,1.00
2017.04.05 12:58:15.501,0.9324,0.93264,1.00,1.00
2017.04.05 12:58:16.099,0.93241,0.93263,1.00,1.00
2017.04.05 12:58:20.589,0.93243,0.93265,1.00,1.00
2017.04.05 12:58:20.740,0.93243,0.93267,1.00,1.00
2017.04.05 12:58:21.556,0.93245,0.93266,1.00,1.00
2017.04.05 12:58:26.798,0.93244,0.93266,1.00,1.00
2017.04.05 12:58:27.737,0.93243,0.93266,1.00,1.00
2017.04.05 12:58:28.119,0.93245,0.93267,1.00,1.00
2017.04.05 12:58:28.434,0.93245,0.93269,1.00,1.00
2017.04.05 12:58:29.350,0.93244,0.93268,1.00,1.00
2017.04.05 12:58:29.832,0.93246,0.93268,1.00,1.00
2017.04.05 12:58:32.206,0.93246,0.9327,1.00,1.00
2017.04.05 12:58:36.318,0.93248,0.9327,1.00,1.00
2017.04.05 12:58:37.369,0.93249,0.9327,1.00,1.00
2017.04.05 12:58:37.892,0.93249,0.93271,1.00,1.00
2017.04.05 12:58:40.468,0.93249,0.93273,1.00,1.00
2017.04.05 12:58:41.828,0.93251,0.93272,1.00,1.00
2017.04.05 12:58:41.878,0.93249,0.93273,1.00,1.00
2017.04.05 12:58:41.929,0.93251,0.93272,1.00,1.00
2017.04.05 12:58:43.020,0.93252,0.93274,1.00,1.00
2017.04.05 12:58:43.523,0.93253,0.93275,1.00,1.00
2017.04.05 12:58:43.728,0.93255,0.93276,1.00,1.00
2017.04.05 12:58:44.821,0.93255,0.93277,1.00,1.00
2017.04.05 12:58:45.365,0.93254,0.93276,1.00,1.00
2017.04.05 12:58:46.223,0.93254,0.93275,1.00,1.00
2017.04.05 12:58:46.558,0.93251,0.93276,1.00,1.00
2017.04.05 12:58:46.609,0.9325,0.93271,1.50,1.00
2017.04.05 12:58:46.810,0.93248,0.9327,1.00,1.00
2017.04.05 12:58:47.351,0.93247,0.93269,1.00,1.00
2017.04.05 12:58:48.861,0.93246,0.93269,1.50,1.00
2017.04.05 12:58:49.059,0.93248,0.93271,1.00,1.00
2017.04.05 12:58:50.442,0.93249,0.93271,1.00,1.00
2017.04.05 12:58:50.871,0.93249,0.93273,1.00,1.00
2017.04.05 12:58:51.395,0.93251,0.93275,1.00,1.00
2017.04.05 12:58:51.943,0.93252,0.93274,1.00,1.00
2017.04.05 12:58:54.360,0.93249,0.93273,1.00,1.00
2017.04.05 12:58:54.410,0.93252,0.93274,1.00,1.00
2017.04.05 12:58:54.714,0.93254,0.93276,1.00,1.00
2017.04.05 12:58:59.246,0.93254,0.93278,1.00,1.00
2017.04.05 12:58:59.552,0.93256,0.93277,1.00,1.00
2017.04.05 12:58:59.602,0.93255,0.93279,1.00,1.00
2017.04.05 12:59:00.963,0.93255,0.93277,1.00,1.00
2017.04.05 12:59:02.104,0.93256,0.93278,1.00,1.00
2017.04.05 12:59:03.741,0.93255,0.93277,1.00,1.00
2017.04.05 12:59:03.841,0.93253,0.93277,1.00,1.00
2017.04.05 12:59:05.817,0.93253,0.93275,1.00,1.00
2017.04.05 12:59:06.118,0.93252,0.93273,1.00,1.00
2017.04.05 12:59:06.828,0.93252,0.93274,1.00,1.00
2017.04.05 12:59:07.658,0.93251,0.93273,1.00,1.00
2017.04.05 12:59:08.366,0.93252,0.93274,1.00,1.00
2017.04.05 12:59:09.046,0.93251,0.93273,1.00,1.00
2017.04.05 12:59:09.558,0.93251,0.93272,1.00,1.00
2017.04.05 12:59:09.659,0.93253,0.93276,1.00,1.00
2017.04.05 12:59:10.143,0.93255,0.93278,1.00,1.00
2017.04.05 12:59:10.656,0.93253,0.93278,1.00,1.00
2017.04.05 12:59:11.209,0.93252,0.93275,1.00,1.00
2017.04.05 12:59:11.522,0.93249,0.93272,1.00,1.00
2017.04.05 12:59:12.313,0.9325,0.93273,1.00,1.00
2017.04.05 12:59:13.249,0.93246,0.93269,1.00,1.00
2017.04.05 12:59:14.912,0.93245,0.93268,1.00,1.00
2017.04.05 12:59:17.178,0.93244,0.93267,1.00,1.00
2017.04.05 12:59:19.488,0.93244,0.93269,1.00,1.00
2017.04.05 12:59:20.296,0.93245,0.93267,1.00,1.00
2017.04.05 12:59:20.902,0.93243,0.93267,1.00,1.00
2017.04.05 12:59:26.357,0.93243,0.93264,1.00,1.00
2017.04.05 12:59:26.687,0.93246,0.93267,1.00,1.00
2017.04.05 12:59:26.737,0.93247,0.93269,1.00,1.00
2017.04.05 12:59:26.788,0.93247,0.93273,1.00,1.00
2017.04.05 12:59:27.702,0.93246,0.93271,1.00,1.00
2017.04.05 12:59:29.071,0.93244,0.93269,1.00,1.00
2017.04.05 12:59:29.822,0.93246,0.93268,1.00,1.00
2017.04.05 12:59:29.872,0.93244,0.93268,1.00,1.00
2017.04.05 12:59:30.376,0.93245,0.93269,1.00,1.00
2017.04.05 12:59:31.087,0.93243,0.93268,1.00,1.00
2017.04.05 12:59:32.044,0.93245,0.93268,1.00,1.00
2017.04.05 12:59:32.720,0.93243,0.93267,1.00,1.00
2017.04.05 12:59:33.751,0.93242,0.93265,1.00,1.00
2017.04.05 12:59:36.240,0.93241,0.93266,1.00,1.00
2017.04.05 12:59:36.543,0.93243,0.93266,1.00,1.00
2017.04.05 12:59:36.644,0.93241,0.93265,1.00,1.00
2017.04.05 12:59:36.745,0.93238,0.93263,1.12,1.00
2017.04.05 12:59:37.567,0.93237,0.93263,1.00,1.00
2017.04.05 12:59:37.718,0.93238,0.93261,1.00,1.00
2017.04.05 12:59:38.251,0.93237,0.9326,1.00,1.00
2017.04.05 12:59:40.867,0.93236,0.9326,1.00,1.00
2017.04.05 12:59:41.631,0.93238,0.93264,1.00,1.00
2017.04.05 12:59:41.731,0.93241,0.93265,1.00,1.00
2017.04.05 12:59:41.882,0.93242,0.93267,1.00,1.00
2017.04.05 12:59:42.184,0.9324,0.93264,1.00,1.00
2017.04.05 12:59:42.709,0.93237,0.93263,1.00,1.00
2017.04.05 12:59:44.316,0.9324,0.93263,1.00,1.00
2017.04.05 12:59:45.300,0.93238,0.93262,1.00,1.00
2017.04.05 12:59:45.504,0.9324,0.93262,1.00,1.00
2017.04.05 12:59:45.554,0.93238,0.93264,1.00,1.00
2017.04.05 12:59:45.607,0.9324,0.93262,1.00,1.00
2017.04.05 12:59:46.128,0.9324,0.93263,1.00,1.00
2017.04.05 12:59:46.714,0.93239,0.93263,1.00,1.00
2017.04.05 12:59:47.015,0.93241,0.93264,1.00,1.00
2017.04.05 12:59:48.014,0.93239,0.93265,1.00,1.00
2017.04.05 12:59:48.280,0.93241,0.93267,1.00,1.00
2017.04.05 12:59:48.609,0.93239,0.93264,1.00,1.00
2017.04.05 12:59:52.409,0.93241,0.93263,1.00,1.00
2017.04.05 12:59:53.693,0.93241,0.93264,1.00,1.00
2017.04.05 12:59:55.194,0.93242,0.93264,1.00,1.00
2017.04.05 12:59:56.313,0.93243,0.93266,1.00,1.00
2017.04.05 12:59:56.973,0.93244,0.93266,1.00,1.00
2017.04.05 12:59:58.658,0.93245,0.93267,1.00,1.00
2017.04.05 12:59:58.809,0.93245,0.93269,1.00,1.00
2017.04.05 12:59:58.960,0.93246,0.93271,1.00,1.00
2017.04.05 12:59:59.061,0.93246,0.93269,1.00,1.00
