2011.12.16 21:00:01.527,0.78903,0.78963,2.25,0.75
2011.12.16 21:00:01.746,0.78907,0.78963,2.25,0.75
2011.12.16 21:00:03.048,0.78903,0.78963,2.25,0.75
2011.12.16 21:00:03.181,0.78903,0.78958,2.25,0.75
2011.12.16 21:00:03.578,0.789,0.78953,2.25,0.75
2011.12.16 21:00:03.937,0.789,0.78959,2.25,0.75
2011.12.16 21:00:07.947,0.78901,0.78964,0.75,0.75
2011.12.16 21:00:09.590,0.789,0.78958,2.25,0.75
2011.12.16 21:00:09.846,0.78897,0.78958,3.00,0.75
2011.12.16 21:00:10.918,0.78897,0.78949,2.25,0.75
2011.12.16 21:00:11.036,0.78893,0.78949,2.25,0.75
2011.12.16 21:00:11.186,0.78893,0.78954,2.25,0.75
2011.12.16 21:00:11.358,0.78891,0.78954,0.75,0.75
2011.12.16 21:00:25.428,0.78897,0.78958,0.75,0.75
2011.12.16 21:00:26.608,0.78898,0.78958,0.38,0.75
2011.12.16 21:00:27.426,0.78901,0.78964,0.75,0.75
2011.12.16 21:00:28.370,0.78901,0.78974,0.75,0.75
2011.12.16 21:00:28.619,0.78905,0.78974,2.25,0.75
2011.12.16 21:00:28.988,0.78909,0.78973,2.25,0.75
2011.12.16 21:00:29.954,0.78905,0.78973,2.25,0.75
2011.12.16 21:00:30.007,0.78909,0.78974,2.25,0.75
2011.12.16 21:00:33.356,0.78909,0.78979,2.25,0.75
2011.12.16 21:00:33.528,0.78916,0.78979,0.75,0.75
2011.12.16 21:00:34.129,0.78916,0.78983,0.75,0.75
2011.12.16 21:00:34.406,0.78923,0.78983,0.75,0.75
2011.12.16 21:00:35.657,0.78923,0.78978,0.75,0.75
2011.12.16 21:00:36.205,0.78927,0.78978,0.75,0.75
2011.12.16 21:00:36.658,0.78927,0.78983,0.75,0.75
2011.12.16 21:00:38.036,0.78928,0.78983,0.75,0.75
2011.12.16 21:00:38.517,0.78928,0.78978,0.75,0.75
2011.12.16 21:00:38.637,0.78928,0.78983,0.75,0.75
2011.12.16 21:00:39.189,0.78928,0.78979,0.75,0.75
2011.12.16 21:00:41.987,0.78929,0.78979,0.75,0.75
2011.12.16 21:00:42.538,0.78929,0.78983,0.75,0.75
2011.12.16 21:00:43.208,0.78926,0.78983,0.75,0.75
2011.12.16 21:00:43.317,0.78926,0.78978,0.75,0.75
2011.12.16 21:00:43.480,0.78926,0.78983,0.75,0.75
2011.12.16 21:00:44.187,0.78917,0.78983,1.50,0.75
2011.12.16 21:00:44.408,0.78928,0.78983,0.75,0.75
2011.12.16 21:00:44.738,0.78938,0.78983,0.75,0.75
2011.12.16 21:00:45.136,0.78938,0.78988,0.75,0.75
2011.12.16 21:00:47.637,0.7894,0.78988,0.75,0.75
2011.12.16 21:00:48.038,0.78927,0.78988,0.75,0.75
2011.12.16 21:00:48.248,0.78938,0.78988,0.75,0.75
2011.12.16 21:00:48.588,0.78946,0.78988,0.75,0.75
2011.12.16 21:00:49.813,0.78946,0.78989,0.75,0.75
2011.12.16 21:00:50.175,0.78946,0.78994,0.75,0.75
2011.12.16 21:00:50.237,0.78951,0.78994,0.75,0.75
2011.12.16 21:00:50.586,0.78946,0.78989,0.75,0.75
2011.12.16 21:00:53.627,0.78946,0.78994,0.75,0.75
2011.12.16 21:00:54.418,0.78947,0.78994,0.75,0.75
2011.12.16 21:00:56.729,0.78939,0.78994,2.25,0.75
2011.12.16 21:00:57.406,0.78941,0.78994,0.75,0.75
2011.12.16 21:00:57.928,0.78941,0.78984,1.50,0.75
2011.12.16 21:01:01.399,0.78941,0.79002,1.50,1.13
2011.12.16 21:01:09.920,0.78941,0.79002,1.50,1.13
2011.12.16 21:01:10.432,0.78941,0.79,1.50,1.13
2011.12.16 21:01:10.490,0.78936,0.78996,1.50,1.13
2011.12.16 21:01:12.109,0.78924,0.78996,3.00,1.13
2011.12.16 21:01:13.649,0.78924,0.78996,3.00,1.13
2011.12.16 21:01:16.829,0.78934,0.79,1.50,1.13
2011.12.16 21:01:19.128,0.78934,0.79,1.50,1.13
2011.12.16 21:01:19.399,0.78936,0.79002,3.00,1.13
2011.12.16 21:01:22.480,0.78936,0.79002,3.00,1.13
2011.12.16 21:01:33.049,0.78937,0.79002,1.50,1.13
2011.12.16 21:01:33.367,0.78952,0.79014,1.50,1.13
2011.12.16 21:01:34.621,0.78959,0.7901,2.25,1.13
2011.12.16 21:01:34.821,0.78955,0.7901,2.63,1.13
2011.12.16 21:01:34.896,0.78955,0.79005,2.25,1.13
2011.12.16 21:01:34.962,0.78952,0.79005,1.13,1.13
2011.12.16 21:01:40.278,0.78951,0.79002,1.13,1.13
2011.12.16 21:01:41.630,0.78951,0.79002,1.13,1.13
2011.12.16 21:01:57.479,0.78957,0.79006,1.50,1.13
2011.12.16 21:01:57.690,0.78958,0.79006,1.50,1.13
2011.12.16 21:01:58.129,0.78958,0.79011,1.88,1.13
2011.12.16 21:02:05.616,0.78958,0.79011,1.88,1.13
2011.12.16 21:02:06.819,0.78956,0.79011,3.38,1.13
2011.12.16 21:02:06.951,0.78956,0.79007,3.00,1.13
2011.12.16 21:02:07.199,0.78953,0.79007,2.63,1.13
2011.12.16 21:02:08.310,0.78954,0.79007,1.13,1.13
2011.12.16 21:02:08.380,0.78956,0.7901,1.13,1.13
2011.12.16 21:02:09.899,0.78959,0.7901,1.13,1.13
2011.12.16 21:02:10.121,0.78962,0.79018,1.13,1.13
2011.12.16 21:02:10.728,0.78959,0.79017,3.00,1.13
2011.12.16 21:02:10.892,0.78959,0.79017,2.25,1.13
2011.12.16 21:02:11.659,0.78959,0.79017,3.00,1.13
2011.12.16 21:02:15.058,0.78963,0.79021,2.25,1.50
2011.12.16 21:02:24.299,0.78967,0.79028,2.25,1.50
2011.12.16 21:02:34.501,0.78967,0.79026,3.00,1.50
2011.12.16 21:02:35.447,0.78967,0.79026,2.25,1.50
2011.12.16 21:02:37.621,0.78967,0.79024,2.25,1.50
2011.12.16 21:02:37.677,0.78963,0.79024,2.25,1.50
2011.12.16 21:02:37.798,0.78966,0.79024,2.25,1.50
2011.12.16 21:02:38.165,0.78966,0.79024,3.00,1.50
2011.12.16 21:02:53.129,0.78966,0.79027,2.25,1.50
2011.12.16 21:02:54.611,0.78963,0.79023,2.25,1.50
2011.12.16 21:02:59.559,0.78966,0.79027,2.25,1.50
2011.12.16 21:03:02.017,0.78962,0.79027,3.00,1.50
2011.12.16 21:03:02.859,0.78967,0.79026,2.25,1.50
2011.12.16 21:03:03.296,0.78967,0.79026,2.25,1.50
2011.12.16 21:03:12.540,0.78971,0.7903,2.25,1.50
2011.12.16 21:03:12.870,0.78971,0.7903,3.00,1.50
2011.12.16 21:03:13.859,0.78971,0.7903,2.25,1.50
2011.12.16 21:03:14.703,0.78971,0.7903,3.00,1.50
2011.12.16 21:03:22.550,0.78971,0.7903,3.00,1.50
2011.12.16 21:03:54.228,0.78971,0.79024,3.00,1.13
2011.12.16 21:03:54.757,0.78962,0.79025,3.00,1.50
2011.12.16 21:03:55.159,0.78962,0.79025,3.00,1.50
2011.12.16 21:03:57.727,0.7897,0.79026,3.00,1.13
2011.12.16 21:04:00.068,0.7897,0.79027,3.00,1.13
2011.12.16 21:04:00.391,0.7897,0.79027,3.00,1.13
2011.12.16 21:04:00.509,0.7897,0.79027,3.00,1.13
2011.12.16 21:04:02.476,0.7897,0.7903,2.25,1.50
2011.12.16 21:04:03.101,0.78963,0.79022,2.25,1.50
2011.12.16 21:04:03.447,0.78963,0.79022,3.00,1.50
2011.12.16 21:04:14.190,0.78966,0.79027,3.00,1.50
2011.12.16 21:04:25.573,0.78966,0.79027,3.00,1.50
2011.12.16 21:04:31.690,0.78962,0.79023,3.00,1.50
2011.12.16 21:04:39.818,0.78967,0.79026,3.00,1.50
2011.12.16 21:04:41.421,0.78967,0.79026,3.00,1.50
2011.12.16 21:04:45.650,0.78966,0.79027,3.00,1.50
2011.12.16 21:05:03.439,0.78966,0.79027,3.00,1.50
2011.12.16 21:05:07.399,0.78962,0.79027,3.00,1.50
2011.12.16 21:05:15.650,0.78967,0.79026,3.00,1.50
2011.12.16 21:05:17.467,0.78967,0.79026,3.00,1.50
2011.12.16 21:05:21.149,0.78963,0.79023,3.00,1.50
2011.12.16 21:05:27.420,0.78963,0.79023,3.00,1.50
2011.12.16 21:05:32.957,0.78963,0.79023,3.00,1.50
2011.12.16 21:05:33.494,0.78963,0.79023,3.00,1.50
2011.12.16 21:05:41.180,0.78963,0.79023,3.00,1.50
2011.12.16 21:05:43.748,0.78966,0.79026,3.00,1.50
2011.12.16 21:05:44.421,0.78971,0.7903,3.00,1.50
2011.12.16 21:05:45.906,0.78971,0.7903,2.25,1.50
2011.12.16 21:05:45.974,0.78957,0.79029,1.50,1.50
2011.12.16 21:05:48.337,0.78957,0.79031,1.50,1.50
2011.12.16 21:05:48.477,0.78956,0.79025,1.50,1.50
2011.12.16 21:05:48.989,0.78952,0.79029,1.50,1.50
2011.12.16 21:05:50.090,0.78952,0.79022,1.50,1.50
2011.12.16 21:05:51.688,0.78956,0.79022,1.50,1.50
2011.12.16 21:05:52.539,0.78956,0.79026,1.50,1.50
2011.12.16 21:05:53.400,0.78956,0.7903,1.50,1.50
2011.12.16 21:05:57.178,0.78951,0.7903,1.50,1.50
2011.12.16 21:05:57.350,0.78951,0.7903,1.50,1.50
2011.12.16 21:05:57.407,0.78946,0.7903,1.50,1.50
2011.12.16 21:05:57.832,0.78947,0.7903,1.50,1.50
2011.12.16 21:05:58.670,0.78935,0.7903,3.00,1.50
2011.12.16 21:05:58.728,0.78935,0.7903,3.00,1.50
2011.12.16 21:05:58.896,0.78935,0.7903,3.00,1.50
2011.12.16 21:05:59.700,0.78906,0.79029,1.50,1.50
2011.12.16 21:06:00.727,0.78906,0.79029,1.50,1.50
2011.12.16 21:06:00.967,0.78893,0.79029,1.50,1.50
2011.12.16 21:06:11.377,0.78898,0.79025,1.50,1.50
2011.12.16 21:06:20.439,0.78899,0.79018,1.50,1.50
2011.12.16 21:06:23.420,0.78893,0.79018,1.50,1.50
2011.12.16 21:06:23.862,0.78893,0.79026,1.50,1.50
2011.12.16 21:06:24.760,0.78893,0.79026,1.50,1.50
2011.12.16 21:06:25.401,0.78893,0.79029,1.50,1.50
2011.12.16 21:06:31.179,0.78893,0.79029,1.50,1.50
2011.12.16 21:06:32.221,0.78898,0.7903,1.50,1.50
2011.12.16 21:06:44.660,0.78898,0.79013,1.50,1.50
2011.12.16 21:06:45.948,0.78898,0.78989,1.50,1.50
2011.12.16 21:06:50.649,0.78898,0.78989,1.50,1.50
2011.12.16 21:06:51.899,0.78899,0.78983,1.50,1.50
2011.12.16 21:06:52.658,0.78899,0.78969,1.50,1.50
2011.12.16 21:06:54.170,0.78899,0.78967,1.50,1.50
2011.12.16 21:06:57.908,0.78899,0.78973,1.50,1.50
2011.12.16 21:06:57.967,0.78898,0.78978,1.50,1.50
2011.12.16 21:06:58.463,0.78898,0.78989,1.50,1.50
2011.12.16 21:06:58.698,0.78898,0.78993,1.50,1.50
2011.12.16 21:06:58.757,0.78898,0.79009,1.50,1.50
2011.12.16 21:06:58.900,0.78904,0.79009,3.00,1.50
2011.12.16 21:06:59.137,0.78899,0.79027,1.50,1.50
2011.12.16 21:06:59.450,0.78899,0.79027,1.50,1.50
2011.12.16 21:07:09.709,0.78899,0.79029,1.50,1.50
2011.12.16 21:07:11.670,0.78899,0.79029,1.50,1.50
2011.12.16 21:07:18.712,0.78899,0.79029,1.50,1.50
2011.12.16 21:07:18.935,0.78899,0.79029,1.50,1.50
2011.12.16 21:07:20.139,0.78899,0.79029,1.50,1.50
2011.12.16 21:07:20.358,0.78889,0.79033,1.50,1.50
2011.12.16 21:07:30.101,0.78903,0.79032,1.50,1.50
2011.12.16 21:07:30.700,0.78909,0.79032,1.50,1.50
2011.12.16 21:07:40.179,0.78913,0.79033,1.50,1.50
2011.12.16 21:07:40.400,0.78909,0.79029,1.50,1.50
2011.12.16 21:07:40.618,0.78909,0.79029,1.50,1.50
2011.12.16 21:07:40.957,0.78909,0.79029,1.50,1.50
2011.12.16 21:07:44.159,0.78922,0.79031,1.50,1.50
2011.12.16 21:07:44.927,0.78923,0.79031,1.50,1.50
2011.12.16 21:07:45.260,0.78924,0.79029,1.50,1.50
2011.12.16 21:07:45.590,0.78927,0.79028,1.50,1.50
2011.12.16 21:07:45.680,0.78932,0.79028,1.50,1.50
2011.12.16 21:07:45.736,0.78924,0.79028,1.50,1.50
2011.12.16 21:07:56.682,0.78923,0.79027,1.50,1.50
2011.12.16 21:08:06.909,0.78921,0.7902,1.50,1.50
2011.12.16 21:08:16.919,0.78924,0.7902,1.50,1.50
2011.12.16 21:08:18.697,0.78924,0.7902,1.50,1.50
2011.12.16 21:08:18.937,0.78924,0.7902,1.50,1.50
2011.12.16 21:08:30.697,0.78927,0.7902,1.50,1.50
2011.12.16 21:08:35.678,0.78921,0.79017,1.50,1.50
2011.12.16 21:08:42.686,0.78901,0.79,1.50,1.50
2011.12.16 21:08:42.907,0.78902,0.78994,1.50,1.50
2011.12.16 21:08:46.259,0.78902,0.78994,1.50,1.50
2011.12.16 21:08:52.458,0.78902,0.78992,1.50,1.50
2011.12.16 21:09:00.458,0.78912,0.78994,1.50,1.50
2011.12.16 21:09:00.929,0.78912,0.78999,1.50,1.50
2011.12.16 21:09:01.329,0.78908,0.78999,1.50,1.50
2011.12.16 21:09:01.762,0.78908,0.78993,1.50,1.50
2011.12.16 21:09:02.539,0.7891,0.78993,1.50,1.50
2011.12.16 21:09:03.577,0.78897,0.79008,1.50,1.50
2011.12.16 21:09:03.900,0.78897,0.79008,1.50,1.50
2011.12.16 21:09:04.060,0.78897,0.79008,1.50,1.50
2011.12.16 21:09:05.109,0.78897,0.79012,1.50,1.50
2011.12.16 21:09:07.419,0.78897,0.79012,1.50,1.50
2011.12.16 21:09:08.698,0.78902,0.79012,1.50,1.50
2011.12.16 21:09:09.517,0.78924,0.79014,1.50,1.50
2011.12.16 21:09:13.045,0.78917,0.79012,1.50,1.50
2011.12.16 21:09:20.296,0.78928,0.79013,1.50,1.50
2011.12.16 21:09:27.929,0.78927,0.79013,1.50,1.50
2011.12.16 21:09:29.049,0.78927,0.79012,1.50,1.50
2011.12.16 21:09:29.490,0.78927,0.79018,1.50,1.50
2011.12.16 21:09:29.690,0.78931,0.79018,1.50,1.50
2011.12.16 21:09:29.909,0.78935,0.79018,1.50,1.50
2011.12.16 21:09:38.132,0.78935,0.7902,1.50,1.50
2011.12.16 21:09:47.960,0.78936,0.7902,1.50,1.50
2011.12.16 21:09:54.168,0.78909,0.79021,1.50,1.50
2011.12.16 21:10:02.329,0.78909,0.79021,1.50,1.50
2011.12.16 21:10:03.088,0.78909,0.79021,1.50,1.50
2011.12.16 21:10:03.149,0.78909,0.79021,1.50,1.50
2011.12.16 21:10:04.140,0.78909,0.79021,1.50,1.50
2011.12.16 21:10:10.988,0.78913,0.79016,1.50,1.50
2011.12.16 21:10:15.139,0.78912,0.79017,1.50,1.50
2011.12.16 21:10:15.698,0.78924,0.79027,1.50,1.50
2011.12.16 21:10:17.127,0.78924,0.79027,1.50,1.50
2011.12.16 21:10:30.108,0.7892,0.79029,1.50,1.50
2011.12.16 21:10:30.492,0.7892,0.79029,1.50,1.50
2011.12.16 21:10:32.077,0.78925,0.79028,1.50,1.50
2011.12.16 21:10:33.478,0.7892,0.79029,1.50,1.50
2011.12.16 21:10:33.858,0.7892,0.79029,1.50,1.50
2011.12.16 21:10:37.099,0.78925,0.79028,1.50,1.50
2011.12.16 21:10:39.669,0.78925,0.79028,1.50,1.50
2011.12.16 21:10:44.463,0.78925,0.79028,1.50,1.50
2011.12.16 21:10:44.718,0.78925,0.79028,1.50,1.50
2011.12.16 21:10:45.232,0.78936,0.79039,1.50,1.50
2011.12.16 21:10:45.998,0.7894,0.79043,1.50,1.50
2011.12.16 21:10:46.424,0.7894,0.79043,1.50,1.50
2011.12.16 21:10:50.640,0.7894,0.79043,1.50,1.50
2011.12.16 21:10:50.849,0.7894,0.79043,1.50,1.50
2011.12.16 21:10:51.839,0.78935,0.79044,1.50,1.50
2011.12.16 21:10:55.149,0.78932,0.79044,1.50,1.50
2011.12.16 21:10:56.460,0.78932,0.7904,1.50,1.50
2011.12.16 21:11:01.677,0.7893,0.79035,1.50,1.50
2011.12.16 21:11:01.997,0.78931,0.79035,1.50,1.50
2011.12.16 21:11:02.141,0.78931,0.79035,1.50,1.50
2011.12.16 21:11:02.428,0.78931,0.79035,1.50,1.50
2011.12.16 21:11:08.437,0.78933,0.79036,1.50,1.50
2011.12.16 21:11:11.340,0.7894,0.79043,1.50,1.50
2011.12.16 21:11:12.399,0.7894,0.79043,1.50,1.50
2011.12.16 21:11:12.707,0.78939,0.7905,1.50,1.50
2011.12.16 21:11:31.147,0.7894,0.79048,1.50,1.50
2011.12.16 21:11:31.690,0.78931,0.79044,1.50,1.50
2011.12.16 21:11:33.460,0.78931,0.79036,1.50,1.50
2011.12.16 21:11:34.498,0.78918,0.79039,1.50,1.50
2011.12.16 21:11:41.934,0.78919,0.79041,1.50,1.50
2011.12.16 21:11:47.750,0.7892,0.79019,1.50,1.50
2011.12.16 21:11:48.219,0.78909,0.79019,1.50,1.50
2011.12.16 21:11:48.428,0.7891,0.79027,1.50,1.50
2011.12.16 21:11:48.488,0.7891,0.79027,1.50,1.50
2011.12.16 21:11:48.710,0.7891,0.79023,1.50,1.50
2011.12.16 21:11:49.339,0.7891,0.79014,1.50,1.50
2011.12.16 21:11:53.231,0.78915,0.79014,1.50,1.50
2011.12.16 21:11:55.678,0.78913,0.79014,1.50,1.50
2011.12.16 21:11:56.567,0.78906,0.79014,1.50,1.50
2011.12.16 21:12:00.270,0.78906,0.79018,1.50,1.50
2011.12.16 21:12:00.930,0.78905,0.79014,1.50,1.50
2011.12.16 21:12:05.222,0.78906,0.79014,1.50,1.50
2011.12.16 21:12:15.620,0.78914,0.79018,1.50,1.50
2011.12.16 21:12:15.677,0.78913,0.79023,1.50,1.50
2011.12.16 21:12:16.001,0.78914,0.79018,1.50,1.50
2011.12.16 21:12:20.197,0.78914,0.79019,1.50,1.50
2011.12.16 21:12:30.870,0.78914,0.79018,1.50,1.50
2011.12.16 21:12:34.441,0.78914,0.79013,1.50,1.50
2011.12.16 21:12:34.498,0.78911,0.79013,1.50,1.50
2011.12.16 21:12:35.239,0.78908,0.79013,1.50,1.50
2011.12.16 21:12:35.816,0.78908,0.79011,1.50,1.50
2011.12.16 21:12:36.199,0.78908,0.79011,1.50,1.50
2011.12.16 21:12:41.488,0.78908,0.79006,1.50,1.50
2011.12.16 21:12:41.701,0.78908,0.79006,1.50,1.50
2011.12.16 21:12:48.940,0.78908,0.79006,1.50,1.50
2011.12.16 21:12:49.651,0.78908,0.79006,1.50,1.50
2011.12.16 21:12:53.940,0.78908,0.79006,1.50,1.50
2011.12.16 21:13:11.649,0.78904,0.79004,1.50,1.50
2011.12.16 21:13:12.208,0.78904,0.79004,1.50,1.50
2011.12.16 21:13:38.235,0.78903,0.78999,1.50,1.50
2011.12.16 21:13:41.190,0.78905,0.78999,1.50,1.50
2011.12.16 21:13:43.859,0.7891,0.78999,1.50,1.50
2011.12.16 21:13:43.919,0.7891,0.79003,1.50,1.50
2011.12.16 21:13:44.791,0.78914,0.79004,1.50,1.50
2011.12.16 21:13:47.831,0.78917,0.79008,1.50,1.50
2011.12.16 21:13:48.806,0.78919,0.79017,1.50,1.50
2011.12.16 21:14:08.905,0.78921,0.79019,1.50,1.50
2011.12.16 21:14:14.080,0.7892,0.79018,1.50,1.50
2011.12.16 21:14:14.708,0.78935,0.79019,1.50,1.50
2011.12.16 21:14:15.620,0.78919,0.79019,1.50,1.50
2011.12.16 21:14:17.092,0.78917,0.78996,1.50,1.50
2011.12.16 21:14:20.237,0.78917,0.79007,1.50,1.50
2011.12.16 21:14:56.447,0.78932,0.78991,3.00,1.50
2011.12.16 21:14:57.703,0.78932,0.78991,3.00,1.50
2011.12.16 21:14:59.230,0.78932,0.78991,3.00,1.50
2011.12.16 21:14:59.720,0.78932,0.78991,3.00,1.50
2011.12.16 21:14:59.949,0.78935,0.78991,3.00,1.50
2011.12.16 21:15:05.180,0.78931,0.78991,3.00,1.50
2011.12.16 21:15:06.391,0.78931,0.78991,3.00,1.50
2011.12.16 21:15:07.163,0.78931,0.78991,3.00,1.50
2011.12.16 21:15:24.490,0.78935,0.78995,3.00,1.50
2011.12.16 21:15:42.618,0.78935,0.78993,3.00,1.50
2011.12.16 21:15:47.699,0.78935,0.78993,3.00,1.50
2011.12.16 21:16:39.427,0.78927,0.78998,3.00,1.50
2011.12.16 21:16:58.960,0.78923,0.78991,3.00,1.50
2011.12.16 21:17:59.586,0.78913,0.78989,3.00,3.00
2011.12.16 21:18:09.450,0.78913,0.78989,3.00,3.00
2011.12.16 21:18:10.770,0.78913,0.78989,3.00,3.00
2011.12.16 21:18:47.950,0.78913,0.78989,3.00,3.00
2011.12.16 21:18:48.479,0.78914,0.78983,1.50,1.50
2011.12.16 21:18:48.919,0.7892,0.78986,3.00,1.50
2011.12.16 21:18:54.391,0.7892,0.78989,1.50,1.50
2011.12.16 21:19:08.141,0.78924,0.78996,3.00,1.50
2011.12.16 21:19:15.628,0.78919,0.78995,3.00,1.50
2011.12.16 21:19:16.170,0.78916,0.78989,3.00,1.50
2011.12.16 21:20:13.559,0.78916,0.78989,3.00,1.50
2011.12.16 21:20:15.510,0.78916,0.78989,3.00,1.50
2011.12.16 21:20:30.660,0.7891,0.78979,1.50,1.50
2011.12.16 21:20:57.650,0.78924,0.78993,3.00,1.50
2011.12.16 21:20:58.249,0.78922,0.78989,1.50,1.50
2011.12.16 21:20:59.961,0.78923,0.78989,3.00,1.50
2011.12.16 21:21:09.860,0.78919,0.78985,3.00,1.50
2011.12.16 21:21:10.580,0.78924,0.78994,3.00,1.50
2011.12.16 21:21:12.718,0.78924,0.78994,3.00,1.50
2011.12.16 21:21:50.220,0.78923,0.78985,3.00,1.50
2011.12.16 21:22:08.983,0.78919,0.7899,3.00,1.50
2011.12.16 21:22:09.192,0.78919,0.7899,3.00,1.50
2011.12.16 21:22:09.961,0.78921,0.78996,3.00,1.50
2011.12.16 21:22:12.491,0.78921,0.78996,3.00,1.50
2011.12.16 21:22:13.550,0.78921,0.78996,3.00,1.50
2011.12.16 21:22:17.133,0.78921,0.78996,3.00,1.50
2011.12.16 21:22:21.072,0.78927,0.78999,3.75,1.50
2011.12.16 21:22:21.451,0.78927,0.78999,3.75,1.50
2011.12.16 21:22:21.892,0.78922,0.78999,3.75,1.50
2011.12.16 21:22:39.577,0.78922,0.78998,3.00,1.50
2011.12.16 21:22:40.293,0.78922,0.78998,3.00,1.50
2011.12.16 21:22:49.201,0.78922,0.78998,3.00,1.50
2011.12.16 21:22:49.641,0.78924,0.79009,3.00,1.50
2011.12.16 21:22:50.629,0.78928,0.79031,3.00,1.50
2011.12.16 21:22:53.711,0.78928,0.79041,3.00,1.50
2011.12.16 21:22:54.321,0.78928,0.79041,3.00,1.50
2011.12.16 21:22:55.138,0.78947,0.7904,3.00,1.50
2011.12.16 21:22:57.489,0.78933,0.7906,1.50,1.50
2011.12.16 21:23:06.361,0.78933,0.79061,1.50,1.50
2011.12.16 21:23:06.690,0.78932,0.79067,1.50,1.50
2011.12.16 21:23:07.238,0.78933,0.79094,1.50,1.50
2011.12.16 21:23:08.181,0.78982,0.79098,0.75,1.50
2011.12.16 21:23:10.350,0.78964,0.79098,1.50,1.50
2011.12.16 21:23:10.698,0.78963,0.79098,1.50,1.50
2011.12.16 21:23:11.520,0.78964,0.79098,1.50,1.50
2011.12.16 21:23:14.496,0.78964,0.79098,1.50,1.50
2011.12.16 21:23:15.882,0.78964,0.79094,1.50,1.50
2011.12.16 21:23:25.438,0.78964,0.79088,1.50,1.50
2011.12.16 21:23:25.601,0.78996,0.79088,1.50,0.75
2011.12.16 21:23:30.498,0.78991,0.79126,1.50,1.50
2011.12.16 21:23:30.994,0.78991,0.79126,1.50,1.50
2011.12.16 21:23:34.181,0.7899,0.79074,1.50,0.75
2011.12.16 21:23:38.701,0.78986,0.79112,1.50,1.50
2011.12.16 21:23:38.800,0.78968,0.79113,1.50,1.50
2011.12.16 21:23:38.921,0.78968,0.79113,1.50,1.50
2011.12.16 21:23:39.099,0.78951,0.79021,1.50,0.75
2011.12.16 21:23:39.462,0.78957,0.79074,1.50,1.50
2011.12.16 21:23:39.631,0.78958,0.79064,1.50,0.75
2011.12.16 21:23:39.961,0.78957,0.79058,1.50,0.75
2011.12.16 21:23:40.952,0.78957,0.79091,1.50,1.50
2011.12.16 21:23:51.230,0.78958,0.7908,1.50,1.50
2011.12.16 21:24:01.191,0.78957,0.79038,1.50,0.75
2011.12.16 21:24:01.581,0.78951,0.79028,3.00,3.00
2011.12.16 21:24:01.639,0.78951,0.79028,3.00,3.00
2011.12.16 21:24:02.167,0.78933,0.79013,3.00,1.50
2011.12.16 21:24:02.233,0.78933,0.79006,3.00,1.50
2011.12.16 21:24:02.351,0.78913,0.79004,3.00,1.50
2011.12.16 21:24:05.642,0.78913,0.79004,3.00,1.50
2011.12.16 21:24:14.132,0.78913,0.78992,3.00,1.50
2011.12.16 21:24:14.410,0.78895,0.79003,3.00,1.50
2011.12.16 21:24:14.612,0.78895,0.78999,3.00,1.50
2011.12.16 21:24:14.672,0.78895,0.79004,3.00,1.50
2011.12.16 21:24:14.773,0.78895,0.79004,3.00,1.50
2011.12.16 21:24:14.883,0.78895,0.79011,3.00,3.00
2011.12.16 21:24:24.190,0.78895,0.79011,3.00,3.00
2011.12.16 21:24:29.687,0.78895,0.79011,3.00,3.00
2011.12.16 21:24:38.105,0.78894,0.78991,3.00,2.25
2011.12.16 21:24:38.421,0.78894,0.78954,2.25,1.50
2011.12.16 21:24:38.680,0.78853,0.78935,1.50,1.50
2011.12.16 21:24:39.027,0.78927,0.78935,0.75,0.75
2011.12.16 21:24:39.079,0.78884,0.78996,1.50,1.50
2011.12.16 21:24:40.168,0.78852,0.78998,1.50,1.50
2011.12.16 21:24:41.680,0.78896,0.78998,0.75,1.50
2011.12.16 21:25:09.449,0.78896,0.78987,0.75,1.50
2011.12.16 21:25:40.659,0.78897,0.7898,0.75,1.50
2011.12.16 21:25:41.820,0.78852,0.78976,1.50,1.50
2011.12.16 21:25:42.620,0.78896,0.78976,0.75,1.50
2011.12.16 21:25:44.979,0.78853,0.78975,1.50,1.50
2011.12.16 21:25:53.670,0.78902,0.78975,0.75,1.50
2011.12.16 21:25:53.999,0.78902,0.78982,0.75,1.50
2011.12.16 21:26:21.393,0.78867,0.78989,1.50,1.50
2011.12.16 21:26:26.677,0.78867,0.78991,1.50,1.50
2011.12.16 21:26:28.824,0.78867,0.78991,1.50,1.50
2011.12.16 21:26:33.937,0.78867,0.78993,1.50,1.50
2011.12.16 21:26:34.322,0.78867,0.78993,1.50,1.50
2011.12.16 21:26:39.440,0.78867,0.78992,1.50,1.50
2011.12.16 21:26:40.211,0.78867,0.78992,1.50,1.50
2011.12.16 21:26:47.302,0.78867,0.78992,1.50,1.50
2011.12.16 21:26:50.111,0.78867,0.78992,1.50,1.50
2011.12.16 21:26:57.702,0.78867,0.78992,1.50,1.50
2011.12.16 21:26:59.131,0.78867,0.78992,1.50,1.50
2011.12.16 21:27:00.121,0.78867,0.78992,1.50,1.50
2011.12.16 21:27:07.549,0.78867,0.78992,1.50,1.50
2011.12.16 21:27:14.702,0.78867,0.78992,1.50,1.50
2011.12.16 21:27:15.056,0.78867,0.78992,1.50,1.50
2011.12.16 21:27:15.432,0.78867,0.78992,1.50,1.50
2011.12.16 21:27:48.373,0.78872,0.78994,1.50,1.50
2011.12.16 21:27:52.561,0.78872,0.78994,1.50,1.50
2011.12.16 21:27:53.941,0.78876,0.79012,1.50,1.50
2011.12.16 21:27:55.692,0.78882,0.79021,1.50,1.50
2011.12.16 21:27:56.464,0.78891,0.79024,1.50,1.50
2011.12.16 21:27:57.822,0.78891,0.79024,1.50,1.50
2011.12.16 21:28:13.271,0.7889,0.79028,1.50,1.50
2011.12.16 21:28:13.681,0.78891,0.7902,1.50,1.50
2011.12.16 21:28:24.096,0.78891,0.7902,1.50,1.50
2011.12.16 21:28:24.160,0.78891,0.7902,1.50,1.50
2011.12.16 21:28:26.229,0.78889,0.7902,1.50,1.50
2011.12.16 21:28:26.983,0.78889,0.7902,1.50,1.50
2011.12.16 21:28:33.511,0.78897,0.79021,1.50,1.50
2011.12.16 21:28:33.691,0.78897,0.79021,1.50,1.50
2011.12.16 21:28:38.950,0.78942,0.79021,0.75,1.50
2011.12.16 21:28:40.181,0.78933,0.79016,1.50,1.50
2011.12.16 21:28:47.392,0.78934,0.7904,1.50,1.50
2011.12.16 21:28:48.742,0.78947,0.7904,2.25,1.50
2011.12.16 21:28:52.740,0.78947,0.7903,2.25,1.50
2011.12.16 21:28:52.812,0.78934,0.7903,3.00,1.50
2011.12.16 21:28:58.282,0.78942,0.79036,3.00,1.50
2011.12.16 21:29:00.843,0.78946,0.79036,2.25,1.50
2011.12.16 21:29:16.740,0.78942,0.79038,3.00,1.50
2011.12.16 21:29:28.719,0.78942,0.79001,2.25,1.50
2011.12.16 21:29:29.262,0.78936,0.79001,3.00,1.50
2011.12.16 21:29:30.171,0.78936,0.79001,3.00,1.50
2011.12.16 21:29:42.161,0.78936,0.79001,3.00,1.50
2011.12.16 21:29:56.900,0.7894,0.79012,3.00,1.50
2011.12.16 21:30:22.255,0.7894,0.7901,3.00,1.50
2011.12.16 21:30:23.855,0.7894,0.7901,3.00,1.50
2011.12.16 21:30:30.054,0.78941,0.79009,3.00,1.50
2011.12.16 21:30:31.365,0.78933,0.78996,3.00,1.50
2011.12.16 21:30:31.777,0.78933,0.78999,3.00,1.50
2011.12.16 21:30:39.210,0.78941,0.78997,3.00,1.50
2011.12.16 21:30:39.392,0.78933,0.78997,3.00,1.50
2011.12.16 21:30:40.937,0.78941,0.79008,3.00,1.50
2011.12.16 21:30:43.131,0.78934,0.78996,3.00,1.50
2011.12.16 21:30:43.462,0.78934,0.78996,3.00,1.50
2011.12.16 21:30:44.893,0.78941,0.79008,3.00,1.50
2011.12.16 21:30:46.211,0.78933,0.78996,3.00,1.50
2011.12.16 21:30:46.552,0.78933,0.78996,3.00,1.50
2011.12.16 21:30:58.670,0.78923,0.7899,3.00,1.50
2011.12.16 21:31:04.310,0.78923,0.78988,3.00,1.50
2011.12.16 21:31:05.173,0.78916,0.7898,3.00,1.50
2011.12.16 21:31:05.462,0.78921,0.78988,3.00,1.50
2011.12.16 21:31:06.673,0.78914,0.78989,3.00,1.50
2011.12.16 21:31:07.443,0.78914,0.78989,3.00,1.50
2011.12.16 21:31:07.795,0.78911,0.78979,3.00,1.50
2011.12.16 21:31:08.250,0.78907,0.78979,3.00,1.50
2011.12.16 21:31:24.342,0.78912,0.78983,3.00,1.50
2011.12.16 21:31:25.320,0.78921,0.7898,3.00,1.50
2011.12.16 21:31:25.703,0.78915,0.7898,3.00,1.50
2011.12.16 21:31:32.632,0.78907,0.78972,3.00,1.50
2011.12.16 21:32:32.142,0.78903,0.78968,3.00,1.50
2011.12.16 21:32:32.538,0.78903,0.78968,3.00,1.50
2011.12.16 21:32:34.209,0.78908,0.78985,3.00,3.00
2011.12.16 21:33:09.199,0.78913,0.78985,1.50,3.00
2011.12.16 21:33:22.362,0.78913,0.78988,3.75,1.50
2011.12.16 21:33:54.116,0.78911,0.78984,3.00,1.50
2011.12.16 21:34:00.056,0.78911,0.7898,3.00,1.50
2011.12.16 21:34:00.453,0.78908,0.78979,3.00,1.50
2011.12.16 21:34:00.883,0.78908,0.78979,3.00,1.50
2011.12.16 21:34:01.462,0.78911,0.78982,3.00,1.50
2011.12.16 21:34:16.973,0.78911,0.78982,3.00,1.50
2011.12.16 21:34:40.190,0.78914,0.78986,3.00,1.50
2011.12.16 21:34:47.961,0.78923,0.7898,3.00,1.50
2011.12.16 21:34:48.184,0.78923,0.7898,3.00,1.50
2011.12.16 21:34:49.942,0.78919,0.78987,3.00,1.50
2011.12.16 21:34:50.823,0.78914,0.78987,3.00,1.50
2011.12.16 21:34:53.133,0.78914,0.78987,3.00,1.50
2011.12.16 21:35:06.884,0.7893,0.78991,3.00,1.50
2011.12.16 21:35:07.231,0.7893,0.78999,3.00,1.50
2011.12.16 21:35:07.490,0.78924,0.79013,3.00,3.75
2011.12.16 21:35:07.549,0.78897,0.79013,1.50,1.50
2011.12.16 21:35:07.609,0.78898,0.79032,1.50,1.50
2011.12.16 21:35:08.371,0.78898,0.79013,1.50,1.50
2011.12.16 21:35:08.482,0.78899,0.79031,1.50,1.50
2011.12.16 21:35:08.909,0.78899,0.79031,1.50,1.50
2011.12.16 21:35:19.041,0.78901,0.79032,1.50,1.50
2011.12.16 21:35:19.808,0.78921,0.79031,1.50,1.50
2011.12.16 21:35:39.142,0.78922,0.79032,1.50,1.50
2011.12.16 21:35:43.321,0.78924,0.79031,1.50,1.50
2011.12.16 21:36:02.891,0.78922,0.79031,1.50,1.50
2011.12.16 21:36:02.950,0.78921,0.79028,1.50,1.50
2011.12.16 21:36:06.920,0.78921,0.79028,1.50,1.50
2011.12.16 21:36:18.715,0.78922,0.79032,1.50,1.50
2011.12.16 21:36:19.953,0.78922,0.79033,1.50,1.50
2011.12.16 21:36:22.174,0.78916,0.79033,1.50,1.50
2011.12.16 21:36:27.990,0.78916,0.79033,1.50,1.50
2011.12.16 21:36:29.192,0.78913,0.78999,1.50,1.50
2011.12.16 21:36:29.494,0.78915,0.78988,1.50,1.50
2011.12.16 21:36:33.520,0.78898,0.7898,1.50,1.50
2011.12.16 21:36:34.164,0.78898,0.7898,1.50,1.50
2011.12.16 21:36:43.093,0.78898,0.7898,1.50,1.50
2011.12.16 21:36:50.480,0.78894,0.78976,1.50,1.50
2011.12.16 21:37:04.961,0.789,0.78985,1.50,1.50
2011.12.16 21:37:07.240,0.78892,0.78985,1.50,1.50
2011.12.16 21:37:07.450,0.78892,0.78985,1.50,1.50
2011.12.16 21:37:07.979,0.78892,0.78985,1.50,1.50
2011.12.16 21:37:31.610,0.78886,0.78987,1.50,1.50
2011.12.16 21:37:31.981,0.78861,0.78978,1.50,1.50
2011.12.16 21:37:32.170,0.78861,0.78978,1.50,1.50
2011.12.16 21:37:32.388,0.7886,0.78971,1.50,1.50
2011.12.16 21:37:37.024,0.78853,0.78971,1.50,1.50
2011.12.16 21:37:47.649,0.78854,0.78966,1.50,1.50
2011.12.16 21:38:09.210,0.78869,0.78961,1.50,1.50
2011.12.16 21:38:12.581,0.78869,0.78961,1.50,1.50
2011.12.16 21:38:19.443,0.78869,0.78969,1.50,1.50
2011.12.16 21:38:19.508,0.78869,0.78969,1.50,1.50
2011.12.16 21:38:23.796,0.78871,0.78971,1.50,1.50
2011.12.16 21:38:25.155,0.78868,0.78953,1.50,1.50
2011.12.16 21:38:41.653,0.78867,0.78945,1.50,1.50
2011.12.16 21:38:59.234,0.78867,0.78945,1.50,1.50
2011.12.16 21:38:59.364,0.78867,0.78945,1.50,1.50
2011.12.16 21:39:04.610,0.78912,0.78948,0.75,1.50
2011.12.16 21:39:29.372,0.78875,0.78957,1.50,1.50
2011.12.16 21:39:29.493,0.78875,0.78957,1.50,1.50
2011.12.16 21:39:37.084,0.78875,0.78962,1.50,1.50
2011.12.16 21:39:39.177,0.78875,0.78962,1.50,1.50
2011.12.16 21:39:46.336,0.78875,0.78969,1.50,1.50
2011.12.16 21:39:46.829,0.78906,0.78944,0.75,2.00
2011.12.16 21:39:46.889,0.78862,0.78938,2.00,2.00
2011.12.16 21:39:47.971,0.78876,0.78961,1.50,1.50
2011.12.16 21:39:48.157,0.78901,0.78962,0.75,1.50
2011.12.16 21:39:48.470,0.78846,0.78954,1.50,1.50
2011.12.16 21:39:48.912,0.78872,0.78948,1.50,1.50
2011.12.16 21:39:49.132,0.78847,0.78951,1.50,1.50
2011.12.16 21:39:49.490,0.78854,0.78955,1.50,1.50
2011.12.16 21:39:49.672,0.78902,0.78955,0.75,1.50
2011.12.16 21:39:50.010,0.78857,0.78956,1.50,1.50
2011.12.16 21:39:50.131,0.78902,0.78944,0.75,1.50
2011.12.16 21:39:50.919,0.78883,0.78956,2.00,2.00
2011.12.16 21:39:51.061,0.78873,0.78949,2.00,2.00
2011.12.16 21:39:51.838,0.7887,0.78949,2.00,2.00
2011.12.16 21:39:56.230,0.7887,0.78943,1.50,1.50
2011.12.16 21:39:56.882,0.78862,0.78943,1.50,1.50
2011.12.16 21:39:57.400,0.78853,0.78955,1.50,1.50
2011.12.16 21:39:57.921,0.78853,0.78955,1.50,1.50
2011.12.16 21:39:57.992,0.78853,0.78939,1.50,1.50
2011.12.16 21:40:00.852,0.78856,0.78939,1.50,1.50
2011.12.16 21:40:09.983,0.78835,0.78956,1.50,1.50
2011.12.16 21:40:28.210,0.78892,0.78956,0.75,1.50
2011.12.16 21:40:28.560,0.78868,0.78955,1.50,1.50
2011.12.16 21:40:29.930,0.78868,0.78955,1.50,1.50
2011.12.16 21:40:30.203,0.78862,0.78944,1.50,1.50
2011.12.16 21:40:31.001,0.78891,0.78956,0.75,1.50
2011.12.16 21:40:31.140,0.78842,0.78957,1.50,1.50
2011.12.16 21:40:31.650,0.78842,0.78957,1.50,1.88
2011.12.16 21:40:32.143,0.7885,0.78928,3.00,1.50
2011.12.16 21:40:32.615,0.78856,0.78933,3.00,3.00
2011.12.16 21:40:32.733,0.78856,0.78933,3.00,2.25
2011.12.16 21:40:32.861,0.7886,0.78963,3.00,1.50
2011.12.16 21:40:32.981,0.7886,0.78958,3.00,3.75
2011.12.16 21:40:35.152,0.78855,0.78954,3.00,1.50
2011.12.16 21:40:35.211,0.78855,0.78934,3.00,1.50
2011.12.16 21:40:35.372,0.78852,0.7894,1.50,3.00
2011.12.16 21:40:35.490,0.78852,0.7894,1.50,2.25
2011.12.16 21:40:35.612,0.78861,0.78949,3.00,1.50
2011.12.16 21:40:35.921,0.78861,0.78949,3.00,1.50
2011.12.16 21:40:37.647,0.78855,0.78949,3.00,1.50
2011.12.16 21:40:40.337,0.78855,0.78949,3.00,1.50
2011.12.16 21:40:46.337,0.78855,0.78949,3.00,1.50
2011.12.16 21:40:50.663,0.78855,0.78949,3.00,1.50
2011.12.16 21:40:51.146,0.78855,0.78949,3.00,1.50
2011.12.16 21:40:51.262,0.78871,0.78958,3.00,1.50
2011.12.16 21:40:51.700,0.78875,0.78959,3.00,1.50
2011.12.16 21:40:51.920,0.78877,0.78958,3.00,1.50
2011.12.16 21:40:53.376,0.78877,0.78963,3.00,1.50
2011.12.16 21:40:54.258,0.78877,0.78963,3.00,1.50
2011.12.16 21:40:59.413,0.78877,0.78963,3.00,1.50
2011.12.16 21:40:59.701,0.78877,0.78963,3.00,1.50
2011.12.16 21:41:03.643,0.78877,0.78954,3.00,1.50
2011.12.16 21:41:22.430,0.78872,0.78949,3.00,1.50
2011.12.16 21:41:22.774,0.7886,0.78944,3.75,1.50
2011.12.16 21:41:22.893,0.78866,0.7895,1.50,1.50
2011.12.16 21:42:22.894,0.78872,0.78963,2.25,3.00
2011.12.16 21:42:23.665,0.78872,0.78963,2.25,3.00
2011.12.16 21:42:23.721,0.78883,0.78963,1.50,3.00
2011.12.16 21:42:27.933,0.78893,0.78974,3.00,1.50
2011.12.16 21:42:28.211,0.78901,0.78989,1.50,1.50
2011.12.16 21:42:32.262,0.78894,0.78986,3.00,1.50
2011.12.16 21:42:33.663,0.78894,0.78986,3.00,1.50
2011.12.16 21:42:39.431,0.78894,0.78954,3.00,1.50
2011.12.16 21:42:39.743,0.78903,0.78969,1.50,3.00
2011.12.16 21:42:39.991,0.78908,0.78992,1.50,1.50
2011.12.16 21:42:41.647,0.78908,0.78992,1.50,1.50
2011.12.16 21:42:45.483,0.78908,0.78992,1.50,1.50
2011.12.16 21:42:46.424,0.78908,0.78992,1.50,1.50
2011.12.16 21:42:47.452,0.78907,0.78998,1.50,1.50
2011.12.16 21:42:47.675,0.78907,0.78998,1.50,1.50
2011.12.16 21:42:53.514,0.78909,0.79003,1.50,1.50
2011.12.16 21:42:55.210,0.78909,0.79003,1.50,1.50
2011.12.16 21:42:56.940,0.78907,0.78983,1.50,1.50
2011.12.16 21:43:01.007,0.78907,0.78983,1.50,1.50
2011.12.16 21:43:01.184,0.78907,0.78983,1.50,1.50
2011.12.16 21:43:13.401,0.78906,0.78982,1.50,1.50
2011.12.16 21:43:23.420,0.78891,0.78981,1.50,1.50
2011.12.16 21:43:23.660,0.78888,0.78981,1.50,1.50
2011.12.16 21:43:28.065,0.78888,0.78981,1.50,1.50
2011.12.16 21:43:33.441,0.78868,0.78967,1.50,1.50
2011.12.16 21:43:33.621,0.78868,0.78967,1.50,1.50
2011.12.16 21:43:39.441,0.78872,0.78967,1.50,1.50
2011.12.16 21:43:40.664,0.78868,0.78967,1.50,1.50
2011.12.16 21:43:40.990,0.78873,0.78972,1.50,1.50
2011.12.16 21:43:44.411,0.78878,0.78977,1.50,1.50
2011.12.16 21:43:54.191,0.78884,0.78981,1.50,1.50
2011.12.16 21:44:07.306,0.78883,0.78982,1.50,1.50
2011.12.16 21:44:07.881,0.78902,0.78986,3.00,1.50
2011.12.16 21:44:07.940,0.78902,0.78986,3.00,1.50
2011.12.16 21:44:11.661,0.78902,0.78986,3.00,1.50
2011.12.16 21:44:12.273,0.78906,0.78986,3.00,1.50
2011.12.16 21:44:16.615,0.78906,0.78986,3.00,1.50
2011.12.16 21:44:25.693,0.78906,0.78986,3.00,1.50
2011.12.16 21:44:39.442,0.78906,0.78986,3.00,1.50
2011.12.16 21:44:40.053,0.78911,0.78988,1.50,1.50
2011.12.16 21:44:44.562,0.78911,0.78993,1.50,1.50
2011.12.16 21:44:47.466,0.78916,0.78993,1.50,1.50
2011.12.16 21:44:48.334,0.78906,0.78987,3.00,1.50
2011.12.16 21:44:48.686,0.78906,0.78987,3.00,1.50
2011.12.16 21:44:51.942,0.78906,0.78987,3.00,1.50
2011.12.16 21:44:57.133,0.78911,0.78994,1.50,1.50
2011.12.16 21:45:01.313,0.78906,0.78987,3.00,1.50
2011.12.16 21:45:01.423,0.78911,0.78994,1.50,1.50
2011.12.16 21:45:05.163,0.78911,0.79,1.50,3.00
2011.12.16 21:45:09.343,0.78906,0.78988,3.00,1.50
2011.12.16 21:45:09.894,0.78911,0.79,1.50,3.00
2011.12.16 21:45:14.293,0.78906,0.78988,3.00,1.50
2011.12.16 21:45:17.242,0.78906,0.78988,3.00,1.50
2011.12.16 21:45:19.454,0.78912,0.78994,1.50,1.50
2011.12.16 21:45:22.323,0.78912,0.78995,1.50,1.50
2011.12.16 21:45:26.332,0.78911,0.78988,3.00,1.50
2011.12.16 21:45:26.691,0.78911,0.78988,3.00,1.50
2011.12.16 21:45:28.941,0.78896,0.78968,3.00,1.50
2011.12.16 21:45:29.001,0.78896,0.78964,3.00,1.50
2011.12.16 21:45:29.481,0.78892,0.78964,2.25,1.50
2011.12.16 21:45:29.593,0.78881,0.78964,1.50,1.50
2011.12.16 21:45:29.803,0.78881,0.78969,1.50,1.50
2011.12.16 21:45:30.244,0.78881,0.78963,1.50,1.50
2011.12.16 21:45:30.379,0.78886,0.78963,1.50,1.50
2011.12.16 21:45:32.185,0.78882,0.78963,1.50,1.50
2011.12.16 21:45:33.211,0.78886,0.78963,1.50,1.50
2011.12.16 21:45:33.392,0.78892,0.78979,1.50,1.50
2011.12.16 21:45:36.250,0.78892,0.78987,1.50,1.50
2011.12.16 21:45:36.543,0.78892,0.78987,1.50,1.50
2011.12.16 21:45:38.135,0.78893,0.78987,1.50,1.50
2011.12.16 21:45:40.726,0.78901,0.78987,3.00,1.50
2011.12.16 21:45:41.936,0.78901,0.78987,3.00,1.50
2011.12.16 21:45:42.663,0.78901,0.78988,3.00,1.50
2011.12.16 21:45:43.047,0.78901,0.78988,3.00,1.50
2011.12.16 21:45:44.642,0.78901,0.78988,3.00,1.50
2011.12.16 21:45:45.183,0.78901,0.78988,3.00,1.50
2011.12.16 21:45:45.457,0.78901,0.78988,3.00,1.50
2011.12.16 21:45:50.403,0.78901,0.78988,2.25,1.50
2011.12.16 21:45:50.624,0.7889,0.78982,3.00,1.50
2011.12.16 21:45:50.895,0.7889,0.78982,3.00,1.50
2011.12.16 21:45:52.444,0.7889,0.78982,3.00,1.50
2011.12.16 21:45:52.773,0.7889,0.78982,3.00,1.50
2011.12.16 21:45:56.112,0.7889,0.78982,3.00,1.50
2011.12.16 21:45:57.985,0.7888,0.78966,3.00,1.50
2011.12.16 21:45:58.105,0.7888,0.78966,3.00,1.50
2011.12.16 21:46:00.451,0.7888,0.78966,3.00,1.50
2011.12.16 21:46:01.345,0.78887,0.78967,3.00,1.50
2011.12.16 21:46:04.084,0.78887,0.78967,3.00,1.50
2011.12.16 21:46:07.124,0.78887,0.78967,3.00,1.50
2011.12.16 21:46:10.412,0.78887,0.78967,3.00,1.50
2011.12.16 21:46:10.651,0.78894,0.78967,3.00,1.50
2011.12.16 21:46:11.921,0.78901,0.78985,1.50,3.00
2011.12.16 21:46:11.981,0.78909,0.78985,1.50,3.00
2011.12.16 21:46:12.103,0.78913,0.78986,2.25,1.50
2011.12.16 21:46:12.847,0.78913,0.78986,2.25,1.50
2011.12.16 21:46:12.913,0.78913,0.78986,3.00,1.50
2011.12.16 21:46:14.775,0.78916,0.7899,3.00,1.50
2011.12.16 21:46:14.836,0.78916,0.7899,3.00,1.50
2011.12.16 21:46:15.517,0.78916,0.78999,3.00,1.50
2011.12.16 21:46:15.583,0.78926,0.79013,3.00,1.50
2011.12.16 21:46:15.911,0.78926,0.79022,3.00,3.00
2011.12.16 21:46:16.654,0.78935,0.79021,3.00,1.50
2011.12.16 21:46:17.810,0.78935,0.79021,2.25,1.50
2011.12.16 21:46:23.892,0.78935,0.79015,2.25,1.50
2011.12.16 21:46:24.073,0.78913,0.79019,3.00,3.00
2011.12.16 21:46:29.622,0.78913,0.79019,2.25,3.00
2011.12.16 21:46:31.115,0.78896,0.79005,3.00,3.00
2011.12.16 21:46:31.173,0.78896,0.79005,3.00,3.00
2011.12.16 21:46:31.691,0.78885,0.79001,3.00,1.50
2011.12.16 21:46:32.162,0.78875,0.79004,3.00,3.00
2011.12.16 21:46:32.931,0.78851,0.79022,1.50,1.50
2011.12.16 21:46:33.283,0.78851,0.79022,1.50,1.50
2011.12.16 21:46:34.161,0.78851,0.79022,1.50,1.50
2011.12.16 21:46:34.671,0.78867,0.79024,0.75,1.50
2011.12.16 21:46:37.407,0.7882,0.79007,1.50,1.50
2011.12.16 21:46:43.175,0.7882,0.78978,1.50,0.75
2011.12.16 21:46:44.119,0.78816,0.78989,0.75,0.75
2011.12.16 21:46:44.772,0.78822,0.78993,0.75,0.75
2011.12.16 21:47:12.531,0.78761,0.78944,0.75,0.75
2011.12.16 21:47:25.983,0.78757,0.78938,0.75,0.75
2011.12.16 21:47:27.375,0.78752,0.78933,0.75,0.75
2011.12.16 21:47:30.007,0.78756,0.78939,0.75,0.75
2011.12.16 21:47:39.904,0.78887,0.78958,0.75,0.75
2011.12.16 21:47:41.063,0.78881,0.78996,0.75,1.50
2011.12.16 21:47:51.903,0.78887,0.78958,0.75,0.75
2011.12.16 21:47:52.013,0.78877,0.78953,0.75,0.75
2011.12.16 21:47:52.073,0.78881,0.78959,0.75,0.75
2011.12.16 21:47:52.732,0.78858,0.79002,1.50,1.50
2011.12.16 21:47:59.669,0.78858,0.78954,1.50,0.75
2011.12.16 21:48:00.249,0.78858,0.78949,1.50,0.75
2011.12.16 21:48:00.655,0.78858,0.78943,1.50,0.75
2011.12.16 21:48:01.146,0.78858,0.78944,1.50,0.75
2011.12.16 21:48:02.683,0.78891,0.78949,0.75,0.75
2011.12.16 21:48:05.583,0.78889,0.78978,1.50,0.75
2011.12.16 21:48:05.920,0.78894,0.78983,1.50,0.75
2011.12.16 21:48:07.673,0.78894,0.78979,1.50,0.75
2011.12.16 21:48:07.787,0.78894,0.78984,1.50,0.75
2011.12.16 21:48:08.172,0.78893,0.78978,1.50,0.75
2011.12.16 21:48:08.553,0.78893,0.78973,1.50,0.75
2011.12.16 21:48:10.250,0.78868,0.78973,1.50,0.75
2011.12.16 21:48:12.440,0.78917,0.78973,0.75,0.75
2011.12.16 21:48:13.283,0.78893,0.78979,1.50,0.75
2011.12.16 21:48:34.941,0.78936,0.79003,1.50,0.75
2011.12.16 21:48:37.862,0.78936,0.78998,1.50,0.75
2011.12.16 21:48:38.440,0.78925,0.79003,1.50,0.75
2011.12.16 21:48:39.309,0.78925,0.79003,1.50,0.75
2011.12.16 21:48:41.718,0.78903,0.79009,1.50,0.75
2011.12.16 21:48:47.717,0.78903,0.79061,1.50,1.50
2011.12.16 21:48:54.695,0.78903,0.79013,1.50,0.75
2011.12.16 21:48:56.228,0.78903,0.79061,1.50,1.50
2011.12.16 21:48:58.251,0.78923,0.79034,1.50,0.75
2011.12.16 21:48:58.462,0.78946,0.7906,3.00,3.00
2011.12.16 21:48:58.581,0.78967,0.79081,2.25,3.00
2011.12.16 21:48:59.863,0.78967,0.79081,2.25,3.00
2011.12.16 21:49:01.949,0.78967,0.79081,2.25,3.00
2011.12.16 21:49:04.362,0.79,0.79049,2.25,0.75
2011.12.16 21:49:04.481,0.79,0.79094,2.25,3.00
2011.12.16 21:49:04.921,0.79,0.79094,2.25,3.00
2011.12.16 21:49:05.262,0.79004,0.79099,2.25,3.00
2011.12.16 21:49:09.815,0.79004,0.79054,2.25,0.75
2011.12.16 21:49:09.871,0.78995,0.79093,2.25,3.00
2011.12.16 21:49:11.840,0.78995,0.79093,3.00,3.00
2011.12.16 21:49:14.262,0.78984,0.79068,1.50,0.75
2011.12.16 21:49:14.642,0.78984,0.79069,1.50,0.75
2011.12.16 21:49:14.924,0.78976,0.79078,1.50,0.75
2011.12.16 21:49:16.182,0.78976,0.79073,1.50,0.75
2011.12.16 21:49:17.421,0.79006,0.79074,0.75,0.75
2011.12.16 21:49:20.029,0.79015,0.79111,2.25,3.00
2011.12.16 21:49:20.081,0.79018,0.79116,2.25,3.00
2011.12.16 21:49:34.052,0.79022,0.7912,2.25,3.00
2011.12.16 21:49:56.065,0.79008,0.79078,2.25,0.75
2011.12.16 21:50:04.001,0.79008,0.79134,2.25,3.00
2011.12.16 21:50:04.121,0.7898,0.79131,3.00,3.00
2011.12.16 21:50:04.181,0.7898,0.79131,3.00,2.25
2011.12.16 21:50:04.240,0.78996,0.79144,0.75,0.75
2011.12.16 21:50:08.422,0.78997,0.79133,0.75,0.75
2011.12.16 21:50:21.186,0.79002,0.79133,0.75,0.75
2011.12.16 21:50:27.952,0.78997,0.79128,0.75,0.75
2011.12.16 21:50:28.122,0.78997,0.79133,0.75,0.75
2011.12.16 21:50:50.457,0.79001,0.79134,0.75,0.75
2011.12.16 21:50:53.806,0.78997,0.79133,0.75,0.75
2011.12.16 21:50:57.934,0.78996,0.79139,0.75,0.75
2011.12.16 21:51:03.711,0.78996,0.79134,0.75,0.75
2011.12.16 21:51:11.123,0.79001,0.79134,0.75,0.75
2011.12.16 21:51:19.714,0.79002,0.79133,0.75,0.75
2011.12.16 21:51:21.883,0.79006,0.79139,0.75,0.75
2011.12.16 21:51:23.383,0.79002,0.79133,0.75,0.75
2011.12.16 21:51:23.594,0.79006,0.79139,0.75,0.75
2011.12.16 21:51:25.672,0.79006,0.79144,0.75,0.75
2011.12.16 21:51:26.943,0.79016,0.79154,0.75,0.75
2011.12.16 21:51:40.091,0.79007,0.79143,0.75,0.75
2011.12.16 21:51:41.063,0.79011,0.79144,0.75,0.75
2011.12.16 21:51:54.930,0.79001,0.79144,0.75,0.75
2011.12.16 21:51:56.122,0.79007,0.79143,0.75,0.75
2011.12.16 21:52:08.101,0.79001,0.79144,0.75,0.75
2011.12.16 21:52:09.503,0.79007,0.79143,0.75,0.75
2011.12.16 21:52:28.623,0.79002,0.79143,0.75,0.75
2011.12.16 21:52:34.422,0.79017,0.79153,0.75,0.75
2011.12.16 21:52:46.454,0.79021,0.79159,0.75,0.75
2011.12.16 21:52:52.235,0.79016,0.79154,0.75,0.75
2011.12.16 21:53:31.927,0.79002,0.79143,0.75,0.75
2011.12.16 21:53:32.164,0.79017,0.79153,0.75,0.75
2011.12.16 21:53:37.225,0.79022,0.79153,0.75,0.75
2011.12.16 21:53:37.333,0.79016,0.79149,0.75,0.75
2011.12.16 21:53:37.662,0.79022,0.79153,0.75,0.75
2011.12.16 21:53:38.045,0.79016,0.79149,0.75,0.75
2011.12.16 21:53:39.132,0.79021,0.79154,0.75,0.75
2011.12.16 21:53:39.645,0.79022,0.79153,0.75,0.75
2011.12.16 21:53:39.863,0.79026,0.79159,0.75,0.75
2011.12.16 21:53:40.731,0.79032,0.79163,0.75,0.75
2011.12.16 21:53:43.463,0.79022,0.79153,0.75,0.75
2011.12.16 21:53:44.688,0.79032,0.79163,0.75,0.75
2011.12.16 21:53:45.665,0.79016,0.79154,0.75,0.75
2011.12.16 21:53:45.883,0.79016,0.79149,0.75,0.75
2011.12.16 21:53:47.093,0.79007,0.79138,0.75,0.75
2011.12.16 21:53:49.661,0.79012,0.79143,0.75,0.75
2011.12.16 21:53:49.961,0.79011,0.79149,0.75,0.75
2011.12.16 21:53:51.163,0.79017,0.79148,0.75,0.75
2011.12.16 21:53:54.253,0.79012,0.79148,0.75,0.75
2011.12.16 21:53:55.303,0.79016,0.79149,0.75,0.75
2011.12.16 21:53:55.782,0.79011,0.79149,0.75,0.75
2011.12.16 21:54:02.041,0.79016,0.79149,0.75,0.75
2011.12.16 21:54:06.922,0.79041,0.79154,0.75,0.75
2011.12.16 21:54:15.297,0.79034,0.79154,1.50,0.75
2011.12.16 21:54:28.712,0.79034,0.79163,1.50,0.75
2011.12.16 21:54:29.341,0.79034,0.79153,1.50,0.75
2011.12.16 21:54:35.697,0.79034,0.79159,1.50,0.75
2011.12.16 21:54:36.785,0.79034,0.79153,1.50,0.75
2011.12.16 21:54:38.914,0.79034,0.79164,1.50,0.75
2011.12.16 21:54:39.498,0.79042,0.79153,1.50,0.75
2011.12.16 21:54:39.566,0.79035,0.79153,1.50,0.75
2011.12.16 21:54:39.732,0.79016,0.79153,1.50,0.75
2011.12.16 21:54:42.654,0.79091,0.79164,0.75,0.75
2011.12.16 21:54:43.712,0.79073,0.792,1.50,1.50
2011.12.16 21:54:46.934,0.79073,0.792,1.50,1.50
2011.12.16 21:54:48.434,0.79073,0.792,1.50,1.50
2011.12.16 21:54:54.275,0.79073,0.79153,1.50,0.75
2011.12.16 21:54:58.293,0.79073,0.792,1.50,1.50
2011.12.16 21:55:03.665,0.79073,0.79153,1.50,0.75
2011.12.16 21:55:13.382,0.79078,0.79202,2.00,2.00
2011.12.16 21:55:16.720,0.79063,0.79133,2.00,0.75
2011.12.16 21:55:18.423,0.79063,0.79138,2.00,0.75
2011.12.16 21:55:23.204,0.79063,0.79134,2.00,0.75
2011.12.16 21:55:50.050,0.79063,0.79187,2.00,2.00
2011.12.16 21:55:56.649,0.79063,0.79139,2.00,0.75
2011.12.16 21:56:05.781,0.79067,0.79143,2.00,0.75
2011.12.16 21:56:05.895,0.79067,0.79144,2.00,0.75
2011.12.16 21:56:07.142,0.79067,0.79153,2.00,0.75
2011.12.16 21:56:08.085,0.79078,0.79149,2.00,0.75
2011.12.16 21:56:15.764,0.79074,0.79144,2.00,0.75
2011.12.16 21:56:22.363,0.79074,0.79139,2.00,0.75
2011.12.16 21:56:27.584,0.7906,0.79133,2.00,0.75
2011.12.16 21:56:28.458,0.7906,0.79138,2.00,0.75
2011.12.16 21:56:29.685,0.7906,0.79182,2.00,2.00
2011.12.16 21:56:32.402,0.7906,0.79182,2.00,2.00
2011.12.16 21:56:32.660,0.7908,0.79204,2.00,2.00
2011.12.16 21:56:36.432,0.79051,0.79204,2.00,2.00
2011.12.16 21:56:36.491,0.79028,0.79204,2.00,2.00
2011.12.16 21:56:40.069,0.79028,0.79204,2.00,2.00
2011.12.16 21:56:44.226,0.79028,0.79204,2.00,2.00
2011.12.16 21:56:51.574,0.79028,0.79204,2.00,2.00
2011.12.16 21:56:52.084,0.79028,0.79204,2.00,2.00
2011.12.16 21:56:57.402,0.79028,0.79204,2.00,2.00
2011.12.16 21:56:57.463,0.79028,0.79204,2.00,2.00
2011.12.16 21:56:59.300,0.79028,0.79204,2.00,2.00
2011.12.16 21:57:00.269,0.79018,0.79204,2.00,2.00
2011.12.16 21:57:00.331,0.79018,0.79204,2.00,2.00
2011.12.16 21:57:00.879,0.79018,0.79204,2.00,2.00
2011.12.16 21:57:01.143,0.79006,0.79205,2.00,2.00
2011.12.16 21:57:05.594,0.79006,0.79205,2.00,2.00
2011.12.16 21:57:07.463,0.79006,0.79205,2.00,2.00
2011.12.16 21:57:09.444,0.78992,0.79198,2.00,2.00
2011.12.16 21:57:16.875,0.78996,0.79196,2.00,2.00
2011.12.16 21:57:26.379,0.79002,0.79201,2.00,2.00
2011.12.16 21:57:26.922,0.79027,0.79168,1.00,1.00
2011.12.16 21:57:30.756,0.79017,0.79168,1.00,1.00
2011.12.16 21:57:33.397,0.79012,0.79168,1.00,1.00
2011.12.16 21:57:34.866,0.79021,0.79179,1.00,1.00
2011.12.16 21:57:34.922,0.79016,0.79174,1.00,1.00
2011.12.16 21:57:37.190,0.79017,0.79153,1.00,1.00
2011.12.16 21:57:46.428,0.79011,0.79149,1.00,1.00
2011.12.16 21:57:57.596,0.79006,0.79163,0.75,2.00
2011.12.16 21:58:00.947,0.79012,0.79163,0.75,2.00
2011.12.16 21:58:02.863,0.79007,0.79163,0.75,2.00
2011.12.16 21:58:05.653,0.79012,0.79158,0.75,2.00
2011.12.16 21:58:07.158,0.78997,0.79158,0.75,2.00
2011.12.16 21:58:09.184,0.79002,0.79158,0.75,2.00
2011.12.16 21:58:09.693,0.79007,0.79158,0.75,2.00
2011.12.16 21:58:09.970,0.79011,0.79149,1.00,1.00
2011.12.16 21:58:18.642,0.79017,0.79153,1.00,1.00
2011.12.16 21:58:19.414,0.78978,0.79185,2.00,2.00
2011.12.16 21:58:21.173,0.79021,0.79159,1.00,1.00
2011.12.16 21:58:22.886,0.79011,0.79159,1.00,1.00
2011.12.16 21:58:36.125,0.79006,0.79144,1.00,1.00
2011.12.16 21:58:36.454,0.79012,0.79158,1.00,1.00
2011.12.16 21:59:03.164,0.79021,0.79159,0.75,0.75
2011.12.16 21:59:05.192,0.79012,0.79158,0.75,0.75
2011.12.16 21:59:05.810,0.79011,0.79149,1.00,1.00
2011.12.16 21:59:11.450,0.79006,0.79144,1.00,1.00
2011.12.16 21:59:13.171,0.78982,0.79138,1.00,1.00
2011.12.16 21:59:13.383,0.78971,0.79139,1.00,1.00
2011.12.16 21:59:18.722,0.78972,0.79138,1.00,1.00
2011.12.16 21:59:18.895,0.78971,0.79134,1.00,1.00
2011.12.16 21:59:20.460,0.78967,0.79128,1.00,1.00
2011.12.16 21:59:25.662,0.78957,0.79133,1.00,1.00
2011.12.16 21:59:26.642,0.78956,0.79134,1.00,1.00
2011.12.16 21:59:52.932,0.79021,0.79159,1.00,1.00
2011.12.16 21:59:53.682,0.79016,0.79154,1.00,1.00
2011.12.16 21:59:54.300,0.79007,0.79163,1.00,1.00
2011.12.16 21:59:59.994,0.79001,0.79164,1.00,1.00
