2015.08.11 19:00:00.146,0.85653,0.85687,1.60,1.00
2015.08.11 19:00:00.720,0.85652,0.85698,2.85,1.00
2015.08.11 19:00:00.770,0.85648,0.85692,1.00,1.00
2015.08.11 19:00:01.093,0.85643,0.85682,1.00,1.00
2015.08.11 19:00:02.137,0.85642,0.85683,1.00,1.00
2015.08.11 19:00:02.451,0.8564,0.85678,1.00,1.00
2015.08.11 19:00:02.650,0.85637,0.85678,1.00,1.00
2015.08.11 19:00:03.170,0.85637,0.85678,1.50,1.37
2015.08.11 19:00:04.203,0.85637,0.85678,1.37,1.37
2015.08.11 19:00:04.272,0.85637,0.85678,1.50,1.75
2015.08.11 19:00:04.604,0.85637,0.85678,1.75,1.37
2015.08.11 19:00:04.705,0.85642,0.85683,1.37,1.50
2015.08.11 19:00:06.003,0.85642,0.85683,1.37,1.37
2015.08.11 19:00:08.326,0.85642,0.85683,1.00,1.75
2015.08.11 19:00:08.428,0.85642,0.85683,1.37,1.50
2015.08.11 19:00:08.479,0.85648,0.85687,1.00,1.75
2015.08.11 19:00:08.659,0.85637,0.85679,1.37,1.12
2015.08.11 19:00:08.710,0.85637,0.85679,1.00,1.00
2015.08.11 19:00:09.512,0.85638,0.85679,1.00,1.00
2015.08.11 19:00:09.816,0.85637,0.85679,1.75,1.00
2015.08.11 19:00:10.217,0.85643,0.85679,1.75,1.00
2015.08.11 19:00:10.774,0.85642,0.85687,1.75,1.50
2015.08.11 19:00:10.825,0.85642,0.85687,1.75,1.37
2015.08.11 19:00:10.926,0.85647,0.85687,2.25,1.37
2015.08.11 19:00:12.212,0.85648,0.85687,1.37,1.37
2015.08.11 19:00:14.627,0.85647,0.85687,1.75,1.37
2015.08.11 19:00:17.636,0.85647,0.85687,1.75,1.37
2015.08.11 19:00:19.921,0.85643,0.85682,1.75,1.00
2015.08.11 19:00:20.643,0.85643,0.85682,1.50,1.00
2015.08.11 19:00:20.694,0.85647,0.85687,1.37,1.37
2015.08.11 19:00:21.314,0.85647,0.85687,1.12,1.37
2015.08.11 19:00:21.684,0.85643,0.85682,1.75,1.37
2015.08.11 19:00:22.172,0.85643,0.85682,1.75,1.00
2015.08.11 19:00:22.870,0.85643,0.85682,1.75,1.00
2015.08.11 19:00:23.291,0.85643,0.85682,2.25,1.00
2015.08.11 19:00:23.654,0.85643,0.85682,1.75,1.12
2015.08.11 19:00:24.255,0.85643,0.85682,1.50,1.37
2015.08.11 19:00:24.833,0.85643,0.85682,1.75,1.12
2015.08.11 19:00:25.203,0.85643,0.85682,2.10,1.37
2015.08.11 19:00:25.257,0.85643,0.85682,1.97,1.37
2015.08.11 19:00:25.713,0.85643,0.85677,1.97,1.00
2015.08.11 19:00:26.992,0.85644,0.85677,1.67,1.87
2015.08.11 19:00:28.707,0.85642,0.85677,2.47,1.87
2015.08.11 19:00:31.015,0.85642,0.85677,2.47,1.87
2015.08.11 19:00:31.533,0.85642,0.85677,2.47,1.37
2015.08.11 19:00:32.595,0.85642,0.85677,2.47,1.37
2015.08.11 19:00:32.697,0.85644,0.85683,1.30,1.87
2015.08.11 19:00:33.254,0.85644,0.85678,1.30,1.00
2015.08.11 19:00:33.414,0.85642,0.85677,2.47,1.37
2015.08.11 19:00:33.915,0.85642,0.85677,2.47,1.37
2015.08.11 19:00:34.820,0.85632,0.85676,1.75,1.37
2015.08.11 19:00:35.151,0.85633,0.85672,1.75,1.00
2015.08.11 19:00:35.663,0.85633,0.85672,1.50,1.37
2015.08.11 19:00:36.277,0.85633,0.85672,1.50,1.50
2015.08.11 19:00:39.377,0.85633,0.85672,1.75,1.37
2015.08.11 19:00:40.261,0.85633,0.85672,1.75,1.37
2015.08.11 19:00:40.774,0.85632,0.85673,1.75,1.37
2015.08.11 19:00:43.652,0.85633,0.85672,1.75,1.37
2015.08.11 19:00:45.657,0.85632,0.85673,1.75,1.87
2015.08.11 19:00:47.095,0.85632,0.85673,1.75,1.87
2015.08.11 19:00:47.707,0.85632,0.85673,1.75,1.50
2015.08.11 19:00:50.110,0.85632,0.85673,1.75,1.37
2015.08.11 19:00:50.711,0.85632,0.85673,1.50,1.37
2015.08.11 19:00:51.261,0.85632,0.85673,1.37,1.37
2015.08.11 19:00:53.120,0.85632,0.85673,1.50,1.37
2015.08.11 19:00:53.649,0.85638,0.85675,1.00,1.37
2015.08.11 19:00:53.830,0.85638,0.85675,1.37,1.37
2015.08.11 19:00:55.424,0.85633,0.85673,1.35,1.37
2015.08.11 19:00:57.154,0.85632,0.85673,1.35,1.50
2015.08.11 19:00:57.205,0.85633,0.85673,1.67,1.37
2015.08.11 19:00:57.428,0.85633,0.85673,1.35,1.00
2015.08.11 19:00:59.848,0.85633,0.85673,1.35,1.37
2015.08.11 19:01:00.887,0.85633,0.85673,1.35,1.37
2015.08.11 19:01:01.413,0.85632,0.85673,1.35,1.50
2015.08.11 19:01:01.724,0.85629,0.85673,1.35,1.37
2015.08.11 19:01:02.582,0.8563,0.85673,1.35,1.37
2015.08.11 19:01:05.210,0.85627,0.85678,1.87,1.75
2015.08.11 19:01:05.277,0.85627,0.85678,1.87,1.75
2015.08.11 19:01:05.381,0.85627,0.85668,1.87,1.00
2015.08.11 19:01:05.642,0.85632,0.85673,1.37,1.37
2015.08.11 19:01:05.952,0.85632,0.85673,1.37,1.50
2015.08.11 19:01:06.404,0.85632,0.85673,1.37,1.12
2015.08.11 19:01:06.522,0.85632,0.85673,1.75,1.37
2015.08.11 19:01:06.729,0.85632,0.85673,1.37,1.75
2015.08.11 19:01:07.227,0.85632,0.85673,1.37,1.37
2015.08.11 19:01:07.282,0.85632,0.85673,1.75,1.37
2015.08.11 19:01:08.296,0.85633,0.85672,1.50,1.12
2015.08.11 19:01:08.396,0.85633,0.85672,1.50,1.37
2015.08.11 19:01:09.047,0.85633,0.85672,1.37,1.50
2015.08.11 19:01:09.387,0.85633,0.85672,1.75,1.37
2015.08.11 19:01:10.925,0.85633,0.85672,1.50,1.37
2015.08.11 19:01:11.345,0.85633,0.85672,1.50,1.37
2015.08.11 19:01:11.644,0.85633,0.85672,1.75,1.00
2015.08.11 19:01:12.776,0.85633,0.85672,2.25,1.00
2015.08.11 19:01:16.253,0.85634,0.85672,1.35,1.37
2015.08.11 19:01:16.456,0.85634,0.85672,1.35,1.12
2015.08.11 19:01:16.607,0.85634,0.85672,1.35,1.00
2015.08.11 19:01:19.516,0.85634,0.85672,1.35,1.12
2015.08.11 19:01:23.600,0.85634,0.85672,1.35,1.12
2015.08.11 19:01:24.000,0.85634,0.85672,1.35,1.00
2015.08.11 19:01:32.332,0.85633,0.85672,1.12,1.00
2015.08.11 19:01:32.382,0.85624,0.8567,1.35,1.00
2015.08.11 19:01:32.702,0.85624,0.85667,1.35,1.75
2015.08.11 19:01:33.199,0.85624,0.85667,1.35,1.37
2015.08.11 19:01:33.249,0.85624,0.85662,1.35,1.00
2015.08.11 19:01:34.560,0.85627,0.85668,1.37,1.37
2015.08.11 19:01:34.832,0.85627,0.85668,1.75,1.37
2015.08.11 19:01:35.345,0.85633,0.85672,1.50,1.37
2015.08.11 19:01:36.314,0.85633,0.85672,1.75,1.00
2015.08.11 19:01:37.816,0.85633,0.85672,1.75,1.12
2015.08.11 19:01:38.318,0.85633,0.85672,1.00,1.37
2015.08.11 19:01:38.419,0.85628,0.85676,1.37,1.75
2015.08.11 19:01:38.618,0.85627,0.85668,1.35,1.37
2015.08.11 19:01:38.719,0.85627,0.85668,1.35,1.37
2015.08.11 19:01:41.380,0.85627,0.85676,1.87,1.75
2015.08.11 19:01:41.757,0.85627,0.85668,1.50,1.50
2015.08.11 19:01:41.860,0.85627,0.85668,1.50,1.75
2015.08.11 19:01:42.162,0.85626,0.85663,1.75,1.12
2015.08.11 19:01:44.570,0.85623,0.85667,1.75,1.37
2015.08.11 19:01:47.647,0.85623,0.85672,1.75,1.75
2015.08.11 19:01:47.843,0.85623,0.85662,1.75,1.00
2015.08.11 19:01:48.929,0.85623,0.85662,1.75,1.37
2015.08.11 19:01:49.145,0.85622,0.85663,1.67,1.37
2015.08.11 19:01:49.246,0.85621,0.85662,1.35,1.37
2015.08.11 19:01:49.642,0.85619,0.85663,1.35,1.50
2015.08.11 19:01:50.447,0.85615,0.85658,2.05,1.37
2015.08.11 19:01:50.996,0.85618,0.85662,1.75,1.37
2015.08.11 19:01:51.149,0.85618,0.85662,1.75,1.37
2015.08.11 19:01:51.250,0.85618,0.85662,1.75,1.37
2015.08.11 19:01:51.756,0.85618,0.85662,1.75,1.12
2015.08.11 19:01:52.100,0.85617,0.85663,1.75,1.37
2015.08.11 19:01:52.151,0.85615,0.85663,1.35,1.37
2015.08.11 19:01:52.252,0.85615,0.85663,1.35,1.75
2015.08.11 19:01:54.028,0.85618,0.85662,1.75,1.37
2015.08.11 19:01:54.152,0.85617,0.85662,1.75,1.37
2015.08.11 19:01:54.356,0.85618,0.85668,1.75,1.50
2015.08.11 19:01:54.457,0.85617,0.85668,2.25,1.75
2015.08.11 19:01:57.202,0.85617,0.85663,1.75,1.37
2015.08.11 19:01:57.630,0.85618,0.85657,1.75,1.00
2015.08.11 19:01:58.332,0.85616,0.85663,1.75,1.37
2015.08.11 19:01:58.896,0.85628,0.8567,1.50,1.50
2015.08.11 19:02:01.255,0.85628,0.85672,1.75,1.75
2015.08.11 19:02:01.568,0.85628,0.85672,1.50,1.75
2015.08.11 19:02:03.354,0.85633,0.85672,1.37,1.75
2015.08.11 19:02:07.394,0.85627,0.85668,1.75,1.37
2015.08.11 19:02:10.685,0.85627,0.85668,1.75,1.37
2015.08.11 19:02:14.192,0.85627,0.85668,1.75,1.37
2015.08.11 19:02:14.800,0.85632,0.85673,1.37,1.50
2015.08.11 19:02:15.397,0.85627,0.85671,1.75,1.50
2015.08.11 19:02:19.103,0.85632,0.85673,1.37,1.75
2015.08.11 19:02:19.685,0.85632,0.85673,1.50,1.50
2015.08.11 19:02:20.413,0.85632,0.85673,1.37,1.37
2015.08.11 19:02:20.885,0.85637,0.85677,1.50,1.37
2015.08.11 19:02:21.209,0.85637,0.85677,1.75,1.12
2015.08.11 19:02:22.092,0.85637,0.85677,1.75,1.00
2015.08.11 19:02:23.613,0.85637,0.85677,2.25,1.00
2015.08.11 19:02:24.114,0.85637,0.85677,2.25,1.00
2015.08.11 19:02:24.164,0.85637,0.85673,1.75,1.00
2015.08.11 19:02:24.741,0.85637,0.85673,1.75,1.00
2015.08.11 19:02:25.390,0.85638,0.85677,1.75,1.87
2015.08.11 19:02:27.095,0.85638,0.85677,1.75,1.50
2015.08.11 19:02:28.119,0.85636,0.85672,1.75,1.00
2015.08.11 19:02:28.620,0.85635,0.85672,1.75,1.00
2015.08.11 19:02:29.533,0.85637,0.85672,1.75,1.00
2015.08.11 19:02:29.861,0.85638,0.85677,1.75,1.50
2015.08.11 19:02:30.382,0.85638,0.85677,1.75,1.50
2015.08.11 19:02:30.724,0.85638,0.85677,1.75,1.87
2015.08.11 19:02:36.749,0.85636,0.85681,2.10,1.37
2015.08.11 19:02:36.823,0.85636,0.85681,2.10,1.37
2015.08.11 19:02:36.934,0.85638,0.85677,1.75,1.00
2015.08.11 19:02:39.564,0.85643,0.8568,1.37,1.12
2015.08.11 19:02:40.287,0.85643,0.8568,1.75,1.12
2015.08.11 19:02:43.782,0.85643,0.85681,1.75,1.12
2015.08.11 19:02:44.160,0.85642,0.85681,1.75,1.12
2015.08.11 19:02:45.580,0.85642,0.85682,1.75,1.37
2015.08.11 19:02:51.787,0.85641,0.85681,1.75,1.12
2015.08.11 19:02:53.104,0.85643,0.85679,1.75,1.37
2015.08.11 19:02:54.850,0.85643,0.85681,1.75,1.37
2015.08.11 19:02:55.432,0.85643,0.85681,1.75,1.37
2015.08.11 19:03:00.937,0.85637,0.85681,1.75,1.37
2015.08.11 19:03:01.179,0.85637,0.85681,1.75,1.37
2015.08.11 19:03:01.280,0.85639,0.85681,1.75,1.37
2015.08.11 19:03:01.381,0.85643,0.85681,1.75,1.00
2015.08.11 19:03:01.572,0.85641,0.85694,1.35,1.75
2015.08.11 19:03:01.680,0.85642,0.85696,1.75,1.75
2015.08.11 19:03:01.781,0.85643,0.85697,1.75,1.75
2015.08.11 19:03:01.882,0.85648,0.85702,2.25,1.75
2015.08.11 19:03:02.081,0.85648,0.85702,1.37,2.25
2015.08.11 19:03:02.309,0.85653,0.85697,1.00,1.37
2015.08.11 19:03:03.336,0.85647,0.85693,1.75,1.37
2015.08.11 19:03:04.608,0.85652,0.85694,1.37,1.50
2015.08.11 19:03:06.393,0.85653,0.85692,1.37,1.37
2015.08.11 19:03:06.494,0.85653,0.85692,1.37,1.37
2015.08.11 19:03:08.498,0.85653,0.85692,1.37,1.37
2015.08.11 19:03:19.329,0.85653,0.85692,1.37,1.37
2015.08.11 19:03:19.912,0.85657,0.85695,1.00,1.37
2015.08.11 19:03:20.130,0.85653,0.85692,1.37,1.37
2015.08.11 19:03:22.751,0.85653,0.85692,1.37,1.37
2015.08.11 19:03:25.655,0.85653,0.85692,1.37,1.87
2015.08.11 19:03:32.966,0.85652,0.85693,1.75,1.37
2015.08.11 19:03:33.790,0.85653,0.85692,1.12,1.75
2015.08.11 19:03:34.869,0.85644,0.85682,2.47,1.00
2015.08.11 19:03:35.816,0.85646,0.85682,1.35,1.37
2015.08.11 19:03:35.917,0.85644,0.85682,2.47,1.00
2015.08.11 19:03:36.365,0.85646,0.85682,1.35,1.37
2015.08.11 19:03:40.906,0.85646,0.85682,1.35,1.37
2015.08.11 19:03:42.123,0.85646,0.85682,1.35,1.37
2015.08.11 19:03:42.643,0.85644,0.85682,2.85,1.12
2015.08.11 19:03:45.952,0.85646,0.85682,1.35,1.37
2015.08.11 19:03:54.680,0.85646,0.85682,1.35,1.37
2015.08.11 19:03:56.305,0.85645,0.85682,1.35,1.37
2015.08.11 19:03:56.609,0.85647,0.85682,1.35,1.37
2015.08.11 19:03:59.217,0.85648,0.85688,1.35,1.75
2015.08.11 19:04:07.833,0.85643,0.85687,1.75,1.75
2015.08.11 19:04:09.329,0.85637,0.85677,1.75,1.00
2015.08.11 19:04:09.436,0.85638,0.85677,1.37,1.50
2015.08.11 19:04:09.738,0.85632,0.85677,2.25,1.37
2015.08.11 19:04:10.905,0.85638,0.85677,1.75,1.00
2015.08.11 19:04:10.956,0.85638,0.85687,1.75,1.75
2015.08.11 19:04:11.440,0.85638,0.85687,1.75,1.75
2015.08.11 19:04:12.614,0.85644,0.85682,1.12,1.37
2015.08.11 19:04:15.539,0.85643,0.85682,1.87,1.37
2015.08.11 19:04:15.642,0.85643,0.85683,1.12,1.75
2015.08.11 19:04:15.797,0.85637,0.85683,1.37,1.75
2015.08.11 19:04:15.848,0.85637,0.85683,1.37,1.75
2015.08.11 19:04:20.255,0.85638,0.85677,1.50,1.37
2015.08.11 19:04:21.708,0.85639,0.85682,1.75,1.50
2015.08.11 19:04:21.809,0.85639,0.85682,1.75,1.37
2015.08.11 19:04:21.910,0.85642,0.85688,1.75,1.75
2015.08.11 19:04:22.217,0.85642,0.85688,1.75,1.75
2015.08.11 19:04:23.866,0.85639,0.85677,2.25,1.12
2015.08.11 19:04:24.413,0.85643,0.85682,1.37,1.75
2015.08.11 19:04:25.575,0.85643,0.85682,1.37,1.37
2015.08.11 19:04:27.607,0.85639,0.85678,1.75,1.12
2015.08.11 19:04:38.638,0.85642,0.85683,1.75,1.37
2015.08.11 19:04:47.175,0.85642,0.85683,1.75,1.37
2015.08.11 19:04:49.147,0.85642,0.85683,1.75,1.37
2015.08.11 19:04:50.249,0.85642,0.85683,1.50,1.37
2015.08.11 19:04:52.151,0.85642,0.85683,1.75,1.37
2015.08.11 19:04:52.497,0.85643,0.85683,1.75,1.12
2015.08.11 19:04:52.853,0.85649,0.85687,1.50,1.37
2015.08.11 19:04:53.567,0.85649,0.85685,1.50,1.35
2015.08.11 19:04:55.861,0.85648,0.85687,1.50,1.75
2015.08.11 19:04:56.362,0.85648,0.85687,1.75,1.75
2015.08.11 19:04:58.110,0.85648,0.85687,1.75,1.75
2015.08.11 19:04:58.666,0.85648,0.85687,1.75,1.75
2015.08.11 19:05:03.435,0.85653,0.85691,1.37,1.35
2015.08.11 19:05:03.539,0.85647,0.85688,1.75,1.50
2015.08.11 19:05:04.044,0.85653,0.85688,1.37,1.37
2015.08.11 19:05:05.421,0.85653,0.85688,1.37,1.37
2015.08.11 19:05:05.472,0.85653,0.85688,1.75,1.37
2015.08.11 19:05:07.859,0.85652,0.85688,1.50,1.37
2015.08.11 19:05:08.061,0.85652,0.85688,1.37,1.50
2015.08.11 19:05:08.162,0.85652,0.85688,1.37,1.50
2015.08.11 19:05:08.921,0.85652,0.85688,1.75,1.37
2015.08.11 19:05:11.023,0.85653,0.85691,1.87,1.35
2015.08.11 19:05:12.664,0.85653,0.85691,2.25,1.35
2015.08.11 19:05:13.395,0.85653,0.85691,1.87,1.35
2015.08.11 19:05:14.010,0.85653,0.85691,1.37,1.35
2015.08.11 19:05:14.875,0.85653,0.85691,1.37,1.35
2015.08.11 19:05:17.602,0.85653,0.85691,2.25,1.35
2015.08.11 19:05:23.469,0.85653,0.85692,1.75,2.10
2015.08.11 19:05:24.222,0.85653,0.85691,1.75,1.67
2015.08.11 19:05:24.929,0.85654,0.85692,1.75,2.10
2015.08.11 19:05:25.117,0.85654,0.85692,1.37,2.10
2015.08.11 19:05:25.612,0.85654,0.85692,1.75,2.10
2015.08.11 19:05:25.718,0.85654,0.85692,1.37,1.35
2015.08.11 19:05:26.231,0.85654,0.85692,1.37,1.35
2015.08.11 19:05:29.783,0.85655,0.85692,1.50,1.97
2015.08.11 19:05:30.365,0.85655,0.85695,1.75,1.35
2015.08.11 19:05:31.188,0.85655,0.85695,1.75,1.35
2015.08.11 19:05:32.827,0.8566,0.85697,1.12,1.75
2015.08.11 19:05:33.394,0.8566,0.85697,1.37,1.75
2015.08.11 19:05:34.584,0.85661,0.85697,1.12,1.75
2015.08.11 19:05:36.636,0.85661,0.85698,1.12,1.75
2015.08.11 19:05:41.009,0.85661,0.85697,1.00,1.75
2015.08.11 19:05:41.608,0.85661,0.85697,1.37,1.75
2015.08.11 19:05:41.709,0.8566,0.85698,1.37,1.37
2015.08.11 19:05:42.363,0.8566,0.85693,1.37,1.00
2015.08.11 19:05:43.074,0.8566,0.85693,1.37,1.00
2015.08.11 19:05:45.469,0.85657,0.85693,1.75,1.37
2015.08.11 19:05:46.992,0.85654,0.85692,1.75,1.37
2015.08.11 19:05:49.727,0.85654,0.85692,1.75,1.12
2015.08.11 19:05:52.553,0.85655,0.85692,1.75,1.00
2015.08.11 19:05:54.035,0.85655,0.85692,1.75,1.00
2015.08.11 19:05:54.624,0.85655,0.85692,1.75,1.00
2015.08.11 19:05:55.738,0.85654,0.85692,1.75,1.00
2015.08.11 19:05:59.189,0.85658,0.85697,1.50,1.37
2015.08.11 19:05:59.399,0.85658,0.85697,1.75,1.37
2015.08.11 19:05:59.947,0.85658,0.85697,1.75,1.37
2015.08.11 19:06:05.987,0.85658,0.85697,1.50,1.37
2015.08.11 19:06:06.851,0.85656,0.85692,1.75,1.00
2015.08.11 19:06:11.921,0.85658,0.85693,1.37,1.00
2015.08.11 19:06:17.386,0.85657,0.85692,1.50,1.00
2015.08.11 19:06:20.675,0.85657,0.85692,1.75,1.00
2015.08.11 19:06:21.027,0.85657,0.85692,1.75,1.00
2015.08.11 19:06:21.636,0.85667,0.85702,2.25,1.75
2015.08.11 19:06:21.697,0.85667,0.85702,2.25,1.75
2015.08.11 19:06:22.237,0.85667,0.85693,2.25,1.00
2015.08.11 19:06:22.497,0.85657,0.85693,1.75,1.00
2015.08.11 19:06:22.548,0.85657,0.85693,1.37,1.00
2015.08.11 19:06:22.649,0.85657,0.85693,1.75,1.00
2015.08.11 19:06:23.729,0.85657,0.85692,1.37,1.37
2015.08.11 19:06:25.962,0.85657,0.85687,1.37,1.00
2015.08.11 19:06:26.613,0.85657,0.85687,1.37,1.12
2015.08.11 19:07:01.462,0.85657,0.85692,1.37,1.37
2015.08.11 19:07:06.363,0.85657,0.85692,1.37,1.37
2015.08.11 19:07:08.699,0.85657,0.85692,1.37,1.50
2015.08.11 19:07:08.800,0.85657,0.85692,1.37,1.37
2015.08.11 19:07:08.901,0.85657,0.85692,1.37,1.37
2015.08.11 19:07:10.821,0.85657,0.85692,1.50,1.37
2015.08.11 19:07:14.729,0.85656,0.85692,1.37,1.37
2015.08.11 19:07:15.758,0.85658,0.85692,1.37,1.37
2015.08.11 19:07:21.194,0.85657,0.85692,1.37,1.37
2015.08.11 19:07:24.399,0.85657,0.85693,1.37,1.50
2015.08.11 19:07:27.405,0.85657,0.85692,1.37,1.37
2015.08.11 19:07:31.243,0.85657,0.85692,1.37,1.37
2015.08.11 19:07:43.418,0.85657,0.85692,1.37,1.37
2015.08.11 19:07:46.806,0.85656,0.85692,1.37,1.50
2015.08.11 19:07:47.124,0.85656,0.85692,1.37,1.50
2015.08.11 19:07:52.847,0.85656,0.85692,1.37,1.75
2015.08.11 19:07:53.417,0.85656,0.85698,1.75,1.75
2015.08.11 19:07:54.141,0.85656,0.85692,1.75,1.37
2015.08.11 19:07:56.386,0.85658,0.85693,1.37,1.37
2015.08.11 19:07:57.399,0.85658,0.85687,1.12,1.37
2015.08.11 19:07:58.105,0.85658,0.85687,1.12,1.00
2015.08.11 19:07:58.429,0.85658,0.85687,1.37,1.00
2015.08.11 19:07:58.808,0.85658,0.85687,1.12,1.00
2015.08.11 19:08:01.596,0.85658,0.85687,1.37,1.00
2015.08.11 19:08:01.914,0.85656,0.85687,1.37,1.00
2015.08.11 19:08:02.137,0.85656,0.85688,1.12,1.00
2015.08.11 19:08:02.190,0.85656,0.85688,1.37,1.37
2015.08.11 19:08:02.341,0.85656,0.85692,1.00,1.00
2015.08.11 19:08:02.638,0.85656,0.85688,1.00,1.00
2015.08.11 19:08:04.502,0.85656,0.85688,1.00,1.37
2015.08.11 19:08:05.023,0.85657,0.85688,1.00,1.37
2015.08.11 19:08:11.858,0.85657,0.85688,1.00,1.37
2015.08.11 19:08:14.814,0.85656,0.85688,1.00,1.37
2015.08.11 19:08:15.325,0.85656,0.85687,1.12,1.37
2015.08.11 19:08:20.043,0.85656,0.85687,1.37,1.12
2015.08.11 19:08:24.626,0.85658,0.85687,1.00,1.37
2015.08.11 19:08:24.727,0.85658,0.85692,1.00,1.37
2015.08.11 19:08:24.902,0.85658,0.85688,1.00,1.37
2015.08.11 19:08:25.898,0.85658,0.85687,1.00,1.37
2015.08.11 19:08:27.170,0.85657,0.85687,1.00,1.37
2015.08.11 19:08:34.429,0.85657,0.85687,1.00,1.37
2015.08.11 19:08:34.940,0.85656,0.85687,1.00,1.37
2015.08.11 19:08:36.715,0.85656,0.85687,1.12,1.12
2015.08.11 19:08:36.766,0.85656,0.85687,1.37,1.37
2015.08.11 19:08:37.244,0.85656,0.85687,1.00,1.37
2015.08.11 19:08:48.795,0.85654,0.85687,1.37,1.37
2015.08.11 19:08:57.619,0.85654,0.85687,1.37,1.37
2015.08.11 19:08:58.223,0.85654,0.85687,1.37,1.00
2015.08.11 19:08:59.339,0.85654,0.85687,1.37,1.37
2015.08.11 19:09:00.381,0.85654,0.85687,1.37,1.37
2015.08.11 19:09:00.432,0.85654,0.85687,1.37,1.12
2015.08.11 19:09:01.886,0.85654,0.85687,1.37,1.12
2015.08.11 19:09:02.687,0.85654,0.85687,1.37,1.37
2015.08.11 19:09:02.889,0.85654,0.85687,1.37,1.12
2015.08.11 19:09:06.855,0.85654,0.85687,1.37,1.37
2015.08.11 19:09:07.399,0.85654,0.85687,1.37,1.12
2015.08.11 19:09:08.507,0.85654,0.85687,1.37,1.37
2015.08.11 19:09:11.407,0.85654,0.85687,1.37,1.37
2015.08.11 19:09:16.745,0.85657,0.85687,1.50,1.00
2015.08.11 19:09:16.796,0.85657,0.85692,1.50,1.12
2015.08.11 19:09:16.846,0.85657,0.85692,1.75,1.00
2015.08.11 19:09:17.394,0.85657,0.85698,2.25,1.37
2015.08.11 19:09:33.892,0.8566,0.85697,1.37,1.67
2015.08.11 19:09:33.993,0.8566,0.85697,1.12,1.35
2015.08.11 19:09:34.743,0.8566,0.85688,1.00,1.37
2015.08.11 19:09:35.578,0.8566,0.85688,1.00,1.37
2015.08.11 19:09:36.109,0.85653,0.85687,1.37,1.37
2015.08.11 19:09:37.725,0.85653,0.85688,1.37,1.37
2015.08.11 19:09:55.525,0.85652,0.85687,1.75,1.00
2015.08.11 19:09:55.896,0.85652,0.85687,1.75,1.37
2015.08.11 19:09:56.423,0.85652,0.85687,1.37,1.12
2015.08.11 19:09:57.653,0.85659,0.85688,1.00,1.37
2015.08.11 19:10:03.304,0.85659,0.85688,1.00,1.37
2015.08.11 19:10:03.855,0.85659,0.85687,1.00,1.37
2015.08.11 19:10:11.547,0.85659,0.85687,1.12,1.37
2015.08.11 19:10:12.415,0.85659,0.85687,1.00,1.37
2015.08.11 19:10:22.101,0.85664,0.85687,1.00,1.37
2015.08.11 19:10:22.253,0.85664,0.85692,1.00,1.37
2015.08.11 19:10:22.353,0.85664,0.85693,1.00,1.37
2015.08.11 19:10:32.850,0.85664,0.85692,1.00,1.37
2015.08.11 19:10:34.402,0.85664,0.85692,1.00,1.37
2015.08.11 19:10:41.584,0.85664,0.85698,1.00,1.75
2015.08.11 19:10:41.969,0.85664,0.85698,1.00,1.50
2015.08.11 19:10:52.923,0.85664,0.85692,1.00,1.00
2015.08.11 19:10:55.884,0.85664,0.85698,1.00,1.50
2015.08.11 19:10:56.679,0.85664,0.85698,1.00,1.75
2015.08.11 19:11:11.571,0.85664,0.85697,1.00,1.75
2015.08.11 19:11:22.170,0.85658,0.85697,1.37,1.75
2015.08.11 19:11:26.606,0.85658,0.85697,1.12,1.75
2015.08.11 19:11:41.697,0.85657,0.85698,1.37,1.75
2015.08.11 19:11:45.259,0.85657,0.85698,1.37,1.75
2015.08.11 19:11:50.136,0.85663,0.85698,1.00,1.75
2015.08.11 19:11:51.613,0.85664,0.85698,1.00,1.75
2015.08.11 19:11:55.653,0.85664,0.85697,1.12,1.37
2015.08.11 19:11:56.224,0.85664,0.85703,1.00,2.10
2015.08.11 19:11:56.533,0.85663,0.85696,1.00,1.35
2015.08.11 19:11:57.073,0.85663,0.85693,1.00,1.00
2015.08.11 19:11:57.124,0.85652,0.85693,1.50,1.00
2015.08.11 19:11:59.353,0.85653,0.85697,1.00,1.37
2015.08.11 19:11:59.531,0.85653,0.85697,1.37,1.75
2015.08.11 19:12:00.434,0.85653,0.85697,1.37,1.75
2015.08.11 19:12:01.277,0.85653,0.85692,1.37,1.50
2015.08.11 19:12:01.783,0.85652,0.85693,2.25,1.37
2015.08.11 19:12:02.136,0.85653,0.85692,1.75,1.37
2015.08.11 19:12:02.687,0.85653,0.85692,1.75,1.50
2015.08.11 19:12:02.827,0.85653,0.85692,1.37,1.50
2015.08.11 19:12:04.740,0.85653,0.85692,1.37,1.75
2015.08.11 19:12:11.624,0.85653,0.85692,1.50,1.75
2015.08.11 19:12:20.797,0.85653,0.85692,1.37,1.50
2015.08.11 19:12:21.916,0.85653,0.85692,1.37,1.75
2015.08.11 19:12:22.624,0.85653,0.85692,1.00,1.75
2015.08.11 19:12:23.203,0.85652,0.85688,1.37,1.37
2015.08.11 19:12:23.708,0.85652,0.85693,1.87,1.75
2015.08.11 19:12:27.085,0.85653,0.85692,1.37,1.75
2015.08.11 19:12:29.055,0.85653,0.85692,1.12,1.75
2015.08.11 19:12:32.315,0.85652,0.85693,1.87,1.75
2015.08.11 19:12:55.640,0.85651,0.85688,1.00,1.75
2015.08.11 19:12:55.971,0.85651,0.85681,1.00,1.35
2015.08.11 19:12:56.122,0.85651,0.85682,1.00,1.97
2015.08.11 19:12:56.324,0.8564,0.85682,1.00,1.97
2015.08.11 19:12:56.374,0.8564,0.85678,1.00,1.00
2015.08.11 19:12:57.715,0.8564,0.85678,1.37,1.75
2015.08.11 19:12:58.125,0.8564,0.85678,1.37,1.37
2015.08.11 19:13:00.461,0.85639,0.85677,1.37,1.37
2015.08.11 19:13:07.123,0.8564,0.85681,1.50,1.35
2015.08.11 19:13:08.221,0.8564,0.85678,1.37,1.37
2015.08.11 19:13:08.777,0.8564,0.85678,1.37,1.37
2015.08.11 19:13:11.847,0.8564,0.85678,1.50,1.37
2015.08.11 19:13:19.425,0.8564,0.85678,1.75,1.37
2015.08.11 19:13:22.932,0.8564,0.85678,1.37,1.37
2015.08.11 19:13:23.166,0.8564,0.85678,1.75,1.37
2015.08.11 19:13:27.076,0.8564,0.85678,1.75,1.37
2015.08.11 19:13:29.413,0.8564,0.85678,1.50,1.37
2015.08.11 19:13:41.371,0.85644,0.85678,1.37,1.12
2015.08.11 19:13:41.702,0.85644,0.85678,1.37,1.37
2015.08.11 19:13:42.959,0.85644,0.85682,1.37,1.75
2015.08.11 19:13:43.408,0.85644,0.85682,1.37,1.37
2015.08.11 19:13:47.655,0.85644,0.85682,1.37,1.75
2015.08.11 19:13:52.321,0.85645,0.85682,1.37,1.75
2015.08.11 19:13:54.125,0.85645,0.85682,1.37,1.37
2015.08.11 19:13:55.398,0.85645,0.85683,1.37,1.75
2015.08.11 19:13:55.673,0.85643,0.85682,1.12,1.35
2015.08.11 19:13:55.774,0.85638,0.8568,1.50,1.35
2015.08.11 19:13:56.166,0.85632,0.85678,1.37,1.72
2015.08.11 19:13:56.870,0.85632,0.85678,1.75,2.10
2015.08.11 19:13:59.108,0.85633,0.8568,1.50,1.75
2015.08.11 19:13:59.209,0.85633,0.85682,1.75,1.75
2015.08.11 19:13:59.331,0.85633,0.85682,1.75,1.75
2015.08.11 19:13:59.634,0.85643,0.85683,1.37,1.75
2015.08.11 19:14:02.170,0.85643,0.85687,1.87,1.75
2015.08.11 19:14:04.513,0.85642,0.85686,1.12,1.75
2015.08.11 19:14:04.563,0.85638,0.85686,1.87,1.75
2015.08.11 19:14:04.670,0.85638,0.85677,1.87,1.00
2015.08.11 19:14:05.128,0.85638,0.85682,1.87,1.37
2015.08.11 19:14:05.248,0.85643,0.85682,1.00,1.75
2015.08.11 19:14:07.352,0.85633,0.85677,1.75,1.75
2015.08.11 19:14:11.059,0.85633,0.85677,1.75,1.75
2015.08.11 19:14:11.272,0.85633,0.85677,1.75,1.75
2015.08.11 19:14:11.373,0.85633,0.8568,1.50,1.75
2015.08.11 19:14:12.027,0.85633,0.85681,1.75,1.75
2015.08.11 19:14:12.262,0.85633,0.85672,1.75,1.75
2015.08.11 19:14:14.269,0.85637,0.85678,1.00,1.75
2015.08.11 19:14:14.702,0.85632,0.85678,1.75,1.75
2015.08.11 19:14:15.335,0.85637,0.8568,1.37,1.75
2015.08.11 19:14:15.567,0.85637,0.85682,1.50,1.75
2015.08.11 19:14:16.145,0.85637,0.85682,1.50,1.75
2015.08.11 19:14:17.107,0.85638,0.85682,1.37,1.75
2015.08.11 19:14:17.821,0.85638,0.85682,1.37,1.75
2015.08.11 19:14:18.382,0.85643,0.85684,1.00,1.75
2015.08.11 19:14:19.041,0.85638,0.85682,1.37,1.75
2015.08.11 19:14:22.018,0.85637,0.85683,1.37,1.75
2015.08.11 19:14:22.119,0.85637,0.85681,1.37,1.75
2015.08.11 19:14:23.020,0.85633,0.85672,1.50,1.75
2015.08.11 19:14:26.668,0.85633,0.85672,1.75,1.75
2015.08.11 19:14:33.138,0.85633,0.85672,1.37,1.75
2015.08.11 19:14:33.540,0.85633,0.85672,1.75,1.50
2015.08.11 19:14:35.043,0.85633,0.85672,1.75,1.37
2015.08.11 19:14:35.709,0.85633,0.85672,1.75,1.37
2015.08.11 19:14:42.401,0.85636,0.85678,1.75,1.75
2015.08.11 19:14:43.326,0.85636,0.85677,1.75,1.75
2015.08.11 19:14:43.602,0.85636,0.85682,1.50,1.75
2015.08.11 19:14:45.003,0.85636,0.85673,1.75,1.37
2015.08.11 19:14:45.230,0.85636,0.85672,1.75,1.12
2015.08.11 19:14:46.630,0.85638,0.85677,1.37,1.75
2015.08.11 19:14:48.657,0.85638,0.85677,1.37,1.75
2015.08.11 19:14:51.841,0.85638,0.85677,1.75,1.37
2015.08.11 19:14:51.942,0.85638,0.85677,1.37,1.50
2015.08.11 19:14:52.280,0.85638,0.85677,1.75,1.37
2015.08.11 19:14:52.815,0.85638,0.85677,1.37,1.37
2015.08.11 19:14:56.807,0.85634,0.85673,1.35,1.12
2015.08.11 19:14:57.462,0.85634,0.85672,1.67,1.00
2015.08.11 19:14:57.843,0.85634,0.85672,1.35,1.37
2015.08.11 19:14:59.456,0.85634,0.85672,1.35,1.37
2015.08.11 19:15:02.147,0.85628,0.85669,1.75,1.12
2015.08.11 19:15:02.258,0.85628,0.85669,1.75,1.50
2015.08.11 19:15:02.760,0.85628,0.85667,1.75,1.37
2015.08.11 19:15:03.772,0.85633,0.85669,1.37,1.50
2015.08.11 19:15:04.378,0.85623,0.85663,1.75,1.00
2015.08.11 19:15:04.428,0.85623,0.85663,1.75,1.00
2015.08.11 19:15:04.529,0.85623,0.85663,1.75,1.50
2015.08.11 19:15:04.630,0.85623,0.85662,1.75,1.37
2015.08.11 19:15:05.117,0.85623,0.85662,1.87,1.00
2015.08.11 19:15:06.102,0.85623,0.85662,2.25,1.00
2015.08.11 19:15:06.152,0.85623,0.85667,2.25,1.37
2015.08.11 19:15:06.203,0.85623,0.85667,2.25,1.75
2015.08.11 19:15:06.518,0.85628,0.85672,1.50,1.87
2015.08.11 19:15:06.880,0.85628,0.85672,1.75,1.87
2015.08.11 19:15:08.305,0.85628,0.85672,1.37,1.50
2015.08.11 19:15:08.706,0.85628,0.85672,1.75,1.75
2015.08.11 19:15:12.325,0.85628,0.85672,1.75,1.75
2015.08.11 19:15:13.657,0.85628,0.85672,1.37,1.75
2015.08.11 19:15:14.452,0.85628,0.85672,1.50,1.50
2015.08.11 19:15:14.844,0.85628,0.85672,1.75,1.75
2015.08.11 19:15:16.747,0.85628,0.85672,1.37,1.37
2015.08.11 19:15:17.823,0.85628,0.85672,1.75,1.75
2015.08.11 19:15:17.950,0.85628,0.85672,1.37,1.37
2015.08.11 19:15:18.252,0.85628,0.85672,1.75,1.37
2015.08.11 19:15:18.772,0.85633,0.85678,1.75,1.75
2015.08.11 19:15:20.607,0.8564,0.85678,1.35,1.00
2015.08.11 19:15:20.809,0.85643,0.85682,1.75,1.00
2015.08.11 19:15:21.120,0.85649,0.85688,1.35,1.37
2015.08.11 19:15:21.220,0.85651,0.85687,1.35,1.37
2015.08.11 19:15:22.037,0.85662,0.85692,2.10,1.00
2015.08.11 19:15:22.138,0.85668,0.85702,1.30,1.75
2015.08.11 19:15:22.239,0.85665,0.85702,1.35,1.37
2015.08.11 19:15:23.133,0.85658,0.85706,2.10,1.12
2015.08.11 19:15:23.233,0.85658,0.85706,2.10,1.12
2015.08.11 19:15:24.315,0.85658,0.85692,1.35,1.00
2015.08.11 19:15:25.904,0.85658,0.85692,1.35,1.00
2015.08.11 19:15:26.429,0.85658,0.85698,1.35,1.37
2015.08.11 19:15:27.135,0.85658,0.85697,2.10,1.37
2015.08.11 19:15:30.749,0.85658,0.85693,1.35,1.00
2015.08.11 19:15:33.338,0.85658,0.85698,1.35,1.37
2015.08.11 19:15:34.695,0.85658,0.85698,1.35,1.37
2015.08.11 19:15:34.959,0.85658,0.85692,1.35,1.00
2015.08.11 19:15:37.002,0.85658,0.85697,2.10,1.37
2015.08.11 19:15:37.142,0.85658,0.85697,2.10,1.37
2015.08.11 19:15:38.970,0.85655,0.85692,1.35,1.37
2015.08.11 19:15:39.071,0.85658,0.85692,1.30,1.37
2015.08.11 19:15:39.172,0.85653,0.85697,3.22,1.75
2015.08.11 19:15:39.480,0.85653,0.85687,3.22,1.37
2015.08.11 19:15:40.396,0.85653,0.85688,2.10,1.00
2015.08.11 19:15:40.497,0.85647,0.85688,2.25,1.00
2015.08.11 19:15:40.837,0.85652,0.85693,1.37,1.00
2015.08.11 19:15:40.887,0.85652,0.85693,1.75,1.00
2015.08.11 19:15:41.147,0.85658,0.85697,2.10,1.12
2015.08.11 19:15:41.198,0.85661,0.85697,1.67,1.12
2015.08.11 19:15:41.822,0.85659,0.85702,1.35,1.75
2015.08.11 19:15:41.923,0.85659,0.85693,1.35,1.00
2015.08.11 19:15:42.444,0.8566,0.85693,1.35,1.00
2015.08.11 19:15:42.549,0.8566,0.85698,1.35,1.37
2015.08.11 19:15:42.600,0.85661,0.85698,1.35,1.12
2015.08.11 19:15:42.940,0.85656,0.85703,1.35,2.25
2015.08.11 19:15:43.712,0.85654,0.85698,2.10,1.00
2015.08.11 19:15:43.762,0.85657,0.85698,2.47,1.00
2015.08.11 19:15:44.279,0.85654,0.85698,1.35,1.00
2015.08.11 19:15:44.380,0.85654,0.85702,1.35,1.00
2015.08.11 19:15:44.430,0.85655,0.85702,1.35,1.75
2015.08.11 19:15:44.859,0.85655,0.85692,1.35,1.00
2015.08.11 19:15:44.910,0.85655,0.85692,1.35,1.00
2015.08.11 19:15:45.693,0.85655,0.85692,1.35,1.12
2015.08.11 19:15:46.402,0.85655,0.85692,1.67,1.12
2015.08.11 19:15:47.041,0.85655,0.85692,1.35,1.37
2015.08.11 19:15:47.440,0.85655,0.85693,1.67,1.12
2015.08.11 19:15:47.552,0.85658,0.85697,1.37,1.50
2015.08.11 19:15:47.831,0.85655,0.85697,1.35,1.37
2015.08.11 19:15:48.931,0.85658,0.85702,1.75,1.50
2015.08.11 19:15:51.225,0.85658,0.85702,2.10,1.37
2015.08.11 19:15:51.555,0.85658,0.85702,1.75,1.75
2015.08.11 19:15:54.425,0.85657,0.85703,1.75,1.75
2015.08.11 19:15:54.729,0.85663,0.85707,1.50,1.75
2015.08.11 19:15:59.458,0.85662,0.85708,2.25,1.37
2015.08.11 19:15:59.523,0.85662,0.85708,2.25,1.37
2015.08.11 19:16:02.040,0.85668,0.85713,1.35,1.75
2015.08.11 19:16:02.141,0.85668,0.85712,1.35,1.50
2015.08.11 19:16:03.043,0.85667,0.85713,1.97,1.75
2015.08.11 19:16:03.493,0.85668,0.85713,1.35,1.75
2015.08.11 19:16:04.922,0.85668,0.85713,1.35,1.75
2015.08.11 19:16:05.469,0.85668,0.85713,1.35,1.75
2015.08.11 19:16:14.963,0.85668,0.85712,2.10,1.37
2015.08.11 19:16:20.825,0.85668,0.85712,2.10,1.75
2015.08.11 19:16:21.451,0.85672,0.85713,1.37,1.75
2015.08.11 19:16:23.342,0.85672,0.85713,1.37,1.50
2015.08.11 19:16:23.392,0.85672,0.85713,1.50,1.37
2015.08.11 19:16:26.734,0.85672,0.85713,1.50,1.50
2015.08.11 19:16:27.898,0.85672,0.85713,1.75,1.37
2015.08.11 19:16:28.437,0.85672,0.85713,1.37,1.50
2015.08.11 19:16:28.538,0.85678,0.85716,1.00,1.75
2015.08.11 19:16:28.640,0.85678,0.85716,1.00,1.75
2015.08.11 19:16:29.082,0.85673,0.85716,1.12,1.75
2015.08.11 19:16:29.133,0.85673,0.85716,1.37,1.75
2015.08.11 19:16:29.702,0.85677,0.85716,1.37,1.37
2015.08.11 19:16:30.038,0.85677,0.85718,1.50,1.37
2015.08.11 19:16:34.688,0.85683,0.85722,1.00,1.75
2015.08.11 19:16:35.308,0.85683,0.85723,1.37,1.75
2015.08.11 19:16:35.460,0.85683,0.85723,1.37,1.75
2015.08.11 19:16:36.152,0.85683,0.85723,1.37,1.50
2015.08.11 19:16:37.251,0.85683,0.85723,1.37,1.75
2015.08.11 19:16:38.803,0.85682,0.85723,1.87,1.75
2015.08.11 19:16:39.337,0.85682,0.85718,1.37,1.37
2015.08.11 19:16:39.559,0.85677,0.85718,2.10,1.37
2015.08.11 19:16:39.660,0.85677,0.85718,2.10,1.50
2015.08.11 19:16:39.737,0.85677,0.85718,2.10,1.37
2015.08.11 19:16:41.261,0.85683,0.85722,1.00,2.25
2015.08.11 19:16:42.438,0.85678,0.85717,1.37,1.37
2015.08.11 19:16:44.667,0.85678,0.85717,1.50,1.37
2015.08.11 19:16:44.720,0.85678,0.85717,1.37,1.37
2015.08.11 19:16:45.327,0.85678,0.85717,1.37,1.37
2015.08.11 19:16:45.378,0.85678,0.85717,1.00,1.00
2015.08.11 19:16:47.034,0.85678,0.85717,1.37,1.37
2015.08.11 19:16:47.757,0.85678,0.85717,1.37,1.50
2015.08.11 19:16:48.280,0.85675,0.85713,1.35,1.37
2015.08.11 19:16:48.699,0.85673,0.85717,2.10,1.75
2015.08.11 19:16:56.545,0.85675,0.85717,1.35,1.37
2015.08.11 19:17:07.611,0.85674,0.85717,1.35,1.75
2015.08.11 19:17:13.353,0.85674,0.85717,1.35,1.75
2015.08.11 19:17:13.740,0.85673,0.85712,1.35,1.37
2015.08.11 19:17:13.841,0.85669,0.85712,1.75,1.37
2015.08.11 19:17:15.080,0.85668,0.85708,1.75,1.37
2015.08.11 19:17:15.739,0.85672,0.85713,1.75,1.37
2015.08.11 19:17:16.653,0.85673,0.85714,1.37,1.50
2015.08.11 19:17:16.883,0.85668,0.85717,1.75,1.75
2015.08.11 19:17:17.242,0.85668,0.85717,2.25,1.75
2015.08.11 19:17:17.343,0.85668,0.85717,2.25,1.37
2015.08.11 19:17:20.152,0.85673,0.85717,1.75,1.37
2015.08.11 19:17:22.550,0.85672,0.85713,1.75,1.37
2015.08.11 19:17:24.942,0.85673,0.85717,1.75,1.37
2015.08.11 19:17:25.448,0.85673,0.85717,1.75,1.37
2015.08.11 19:17:26.099,0.85673,0.85717,1.75,1.50
2015.08.11 19:17:27.358,0.85673,0.85717,1.75,1.37
2015.08.11 19:17:29.019,0.85673,0.85717,1.37,1.75
2015.08.11 19:17:29.609,0.85673,0.85717,1.00,1.37
2015.08.11 19:17:29.660,0.8567,0.85713,1.37,1.00
2015.08.11 19:17:30.202,0.8567,0.85712,1.37,1.00
2015.08.11 19:17:30.354,0.85673,0.85714,1.00,1.12
2015.08.11 19:17:30.875,0.85668,0.85712,1.37,1.00
2015.08.11 19:17:31.908,0.85673,0.85714,1.00,1.12
2015.08.11 19:17:32.397,0.85673,0.85714,1.75,1.37
2015.08.11 19:17:34.479,0.85673,0.85717,1.75,1.87
2015.08.11 19:17:35.970,0.85674,0.85717,1.75,1.37
2015.08.11 19:17:37.391,0.85674,0.85718,1.75,1.37
2015.08.11 19:17:39.784,0.85672,0.85718,1.75,1.50
2015.08.11 19:17:45.595,0.85673,0.85717,2.25,1.37
2015.08.11 19:17:48.620,0.85673,0.85717,1.75,1.37
2015.08.11 19:17:56.034,0.85673,0.85717,1.75,1.37
2015.08.11 19:17:57.118,0.85673,0.85717,1.75,1.37
2015.08.11 19:17:57.677,0.85673,0.85717,1.75,1.37
2015.08.11 19:17:58.636,0.85673,0.85717,1.75,1.75
2015.08.11 19:17:58.966,0.85672,0.85718,1.75,1.75
2015.08.11 19:17:59.626,0.85672,0.85718,1.75,1.75
2015.08.11 19:18:01.163,0.85672,0.85718,1.75,1.75
2015.08.11 19:18:01.831,0.85671,0.85712,2.10,1.37
2015.08.11 19:18:04.132,0.85672,0.85718,1.75,1.75
2015.08.11 19:18:05.234,0.85672,0.85718,1.75,1.75
2015.08.11 19:18:11.649,0.85671,0.85712,1.75,1.37
2015.08.11 19:18:12.218,0.85671,0.85712,1.75,1.37
2015.08.11 19:18:12.648,0.85671,0.85712,1.37,1.50
2015.08.11 19:18:12.749,0.85671,0.85712,1.75,1.37
2015.08.11 19:18:13.580,0.85671,0.85712,1.75,1.75
2015.08.11 19:18:13.631,0.85671,0.85712,1.37,1.37
2015.08.11 19:18:13.851,0.85668,0.85712,2.10,1.75
2015.08.11 19:18:14.376,0.85668,0.85712,2.10,1.75
2015.08.11 19:18:15.566,0.85667,0.85707,1.50,1.75
2015.08.11 19:18:17.771,0.85664,0.85707,1.75,1.37
2015.08.11 19:18:17.872,0.85664,0.85713,1.75,1.75
2015.08.11 19:18:17.973,0.85664,0.85713,1.75,1.75
2015.08.11 19:18:18.527,0.85669,0.85718,1.75,1.75
2015.08.11 19:18:18.651,0.85669,0.85718,1.50,1.75
2015.08.11 19:18:19.854,0.85669,0.85718,1.37,2.25
2015.08.11 19:18:20.166,0.85667,0.85715,1.75,1.12
2015.08.11 19:18:22.566,0.85665,0.85713,1.35,1.75
2015.08.11 19:18:23.201,0.85665,0.85708,1.67,1.75
2015.08.11 19:18:23.260,0.85665,0.85708,1.67,1.75
2015.08.11 19:18:27.483,0.85662,0.85703,1.35,1.75
2015.08.11 19:18:29.714,0.85662,0.85703,1.35,1.37
2015.08.11 19:18:31.133,0.85662,0.85703,1.35,1.75
2015.08.11 19:18:45.358,0.85657,0.85703,2.25,1.75
2015.08.11 19:18:48.482,0.85657,0.85703,1.75,1.50
2015.08.11 19:18:48.987,0.85657,0.85702,1.75,1.50
2015.08.11 19:18:57.156,0.85658,0.85702,1.75,1.50
2015.08.11 19:19:11.255,0.85662,0.85705,1.75,1.75
2015.08.11 19:19:11.742,0.85663,0.85705,1.75,1.37
2015.08.11 19:19:12.158,0.85663,0.85707,1.75,1.75
2015.08.11 19:19:12.627,0.85663,0.85707,1.75,1.75
2015.08.11 19:19:18.512,0.85663,0.85705,1.50,1.75
2015.08.11 19:19:26.592,0.85667,0.85702,1.37,1.12
2015.08.11 19:19:27.913,0.85667,0.85702,1.37,1.37
2015.08.11 19:19:32.686,0.85667,0.85706,1.50,1.75
2015.08.11 19:19:33.472,0.85663,0.85706,1.75,1.37
2015.08.11 19:19:33.527,0.85663,0.85706,1.00,1.00
2015.08.11 19:19:33.910,0.85667,0.85706,1.75,1.37
2015.08.11 19:19:34.110,0.85668,0.85706,1.37,1.50
2015.08.11 19:19:34.210,0.85668,0.85706,1.37,1.75
2015.08.11 19:19:34.446,0.85664,0.85706,1.35,1.37
2015.08.11 19:19:35.533,0.85672,0.85708,1.37,1.75
2015.08.11 19:19:37.198,0.85668,0.85707,1.75,1.50
2015.08.11 19:19:38.571,0.85668,0.85707,1.37,1.37
2015.08.11 19:19:39.081,0.85668,0.85707,1.37,1.75
2015.08.11 19:19:40.570,0.85663,0.85706,1.35,1.75
2015.08.11 19:19:41.226,0.85663,0.85706,2.10,1.75
2015.08.11 19:19:41.328,0.85663,0.85706,1.35,1.75
2015.08.11 19:19:41.607,0.85663,0.85706,1.35,1.37
2015.08.11 19:19:42.113,0.85668,0.85707,1.75,1.37
2015.08.11 19:19:43.129,0.85668,0.85707,1.50,1.50
2015.08.11 19:19:43.721,0.85668,0.85709,1.75,1.37
2015.08.11 19:19:44.104,0.85668,0.85712,1.75,1.50
2015.08.11 19:19:44.205,0.85667,0.85713,2.25,1.75
2015.08.11 19:19:47.438,0.85667,0.85713,2.25,1.75
2015.08.11 19:19:47.841,0.85667,0.85713,2.25,1.75
2015.08.11 19:19:49.195,0.85667,0.85713,3.00,1.37
2015.08.11 19:19:50.698,0.85672,0.85715,1.75,1.75
2015.08.11 19:19:50.767,0.85672,0.85715,1.75,1.75
2015.08.11 19:19:51.396,0.85673,0.85715,1.75,1.75
2015.08.11 19:19:51.500,0.85673,0.85715,1.75,1.75
2015.08.11 19:19:53.218,0.85672,0.85713,1.75,1.37
2015.08.11 19:19:54.392,0.85672,0.85713,1.75,1.37
2015.08.11 19:19:56.020,0.85673,0.85715,1.75,1.37
2015.08.11 19:19:57.709,0.85673,0.85716,1.75,1.75
2015.08.11 19:20:21.387,0.85672,0.85718,1.75,1.75
2015.08.11 19:20:21.449,0.85672,0.85718,1.75,1.75
2015.08.11 19:20:21.958,0.85672,0.85718,1.75,1.75
2015.08.11 19:20:22.623,0.85675,0.85727,1.75,1.75
2015.08.11 19:20:22.673,0.85677,0.85727,1.75,1.75
2015.08.11 19:20:23.236,0.85675,0.85728,2.25,1.75
2015.08.11 19:20:23.388,0.85682,0.85728,1.75,1.50
2015.08.11 19:20:23.612,0.85682,0.85728,1.75,1.37
2015.08.11 19:20:24.707,0.85682,0.85728,1.75,1.37
2015.08.11 19:20:25.015,0.85682,0.85728,1.75,1.37
2015.08.11 19:20:27.719,0.85682,0.85728,1.75,1.50
2015.08.11 19:20:42.747,0.85683,0.85727,1.75,1.37
2015.08.11 19:20:46.911,0.85683,0.85727,1.75,1.37
2015.08.11 19:20:47.206,0.85683,0.85727,1.75,1.00
2015.08.11 19:20:47.306,0.85689,0.85731,1.35,1.37
2015.08.11 19:20:47.799,0.85689,0.85728,1.35,1.00
2015.08.11 19:20:48.470,0.85689,0.85728,1.35,1.12
2015.08.11 19:20:49.131,0.85689,0.85727,1.35,1.00
2015.08.11 19:21:01.134,0.85689,0.85732,1.35,1.37
2015.08.11 19:21:02.121,0.85689,0.85732,1.35,1.37
2015.08.11 19:21:09.109,0.85689,0.85732,1.35,1.37
2015.08.11 19:21:09.695,0.85693,0.85732,1.75,1.37
2015.08.11 19:21:10.813,0.85693,0.85732,1.50,1.37
2015.08.11 19:21:11.621,0.8569,0.85728,1.75,1.00
2015.08.11 19:21:11.924,0.85689,0.85723,1.35,1.12
2015.08.11 19:21:12.134,0.85688,0.85728,1.50,1.75
2015.08.11 19:21:12.235,0.85688,0.85728,1.37,1.75
2015.08.11 19:21:12.336,0.85688,0.85722,1.50,1.37
2015.08.11 19:21:12.517,0.85688,0.85722,1.37,1.37
2015.08.11 19:21:16.113,0.85682,0.85722,1.75,1.37
2015.08.11 19:21:16.714,0.85678,0.85722,1.75,1.37
2015.08.11 19:21:17.134,0.85676,0.85718,2.10,1.37
2015.08.11 19:21:18.236,0.85676,0.85717,2.10,1.50
2015.08.11 19:21:18.564,0.85676,0.85717,1.37,1.75
2015.08.11 19:21:18.885,0.85676,0.85712,1.37,1.75
2015.08.11 19:21:26.574,0.85667,0.85709,1.50,1.37
2015.08.11 19:21:26.675,0.8566,0.85709,1.35,1.75
2015.08.11 19:21:27.014,0.8566,0.85697,1.35,1.37
2015.08.11 19:21:32.737,0.85657,0.85703,1.75,1.37
2015.08.11 19:21:37.587,0.85663,0.85707,1.50,1.75
2015.08.11 19:21:38.890,0.85661,0.85703,1.75,1.75
2015.08.11 19:21:40.767,0.85659,0.85703,1.75,1.37
2015.08.11 19:21:57.892,0.85663,0.85707,1.75,1.75
2015.08.11 19:22:43.389,0.85658,0.85703,1.75,1.37
2015.08.11 19:23:01.654,0.85659,0.85707,2.25,1.75
2015.08.11 19:23:02.214,0.85659,0.85702,1.75,1.50
2015.08.11 19:23:02.265,0.85659,0.85702,1.75,1.50
2015.08.11 19:23:02.433,0.85659,0.85702,1.75,1.75
2015.08.11 19:23:08.939,0.85653,0.85697,1.75,1.37
2015.08.11 19:23:09.041,0.85653,0.85697,1.75,1.37
2015.08.11 19:23:09.549,0.85653,0.85697,1.75,1.50
2015.08.11 19:23:09.894,0.85653,0.85697,1.75,1.75
2015.08.11 19:23:21.604,0.85652,0.85693,2.10,1.37
2015.08.11 19:23:22.845,0.85652,0.85693,2.10,1.50
2015.08.11 19:23:23.452,0.85652,0.85692,1.72,1.75
2015.08.11 19:23:23.554,0.85652,0.8569,1.00,1.75
2015.08.11 19:23:24.102,0.85648,0.8569,1.37,1.75
2015.08.11 19:23:26.662,0.85638,0.85682,2.25,1.37
2015.08.11 19:23:28.478,0.85639,0.85682,1.75,1.50
2015.08.11 19:23:29.150,0.85639,0.85682,1.75,1.50
2015.08.11 19:23:30.275,0.85643,0.85681,1.75,1.12
2015.08.11 19:23:30.533,0.85649,0.85687,1.75,1.12
2015.08.11 19:23:30.785,0.85649,0.85692,1.00,1.00
2015.08.11 19:23:30.937,0.85649,0.85688,1.00,1.00
2015.08.11 19:23:31.530,0.85649,0.85693,1.00,1.12
2015.08.11 19:23:32.083,0.85649,0.85693,1.50,1.75
2015.08.11 19:23:32.613,0.85648,0.85694,1.75,1.75
2015.08.11 19:23:33.150,0.85648,0.85687,1.75,1.37
2015.08.11 19:23:34.940,0.85648,0.85687,1.50,1.37
2015.08.11 19:23:36.963,0.85647,0.85692,1.75,1.75
2015.08.11 19:23:38.242,0.85647,0.85692,1.75,1.75
2015.08.11 19:23:43.085,0.85651,0.85692,1.35,1.75
2015.08.11 19:23:46.632,0.85647,0.85693,1.75,1.12
2015.08.11 19:23:47.897,0.85648,0.85692,1.50,1.75
2015.08.11 19:23:57.720,0.85648,0.85692,1.75,1.75
2015.08.11 19:23:58.159,0.85648,0.85692,1.37,1.75
2015.08.11 19:24:09.376,0.85643,0.85685,2.10,1.12
2015.08.11 19:24:09.955,0.8564,0.85682,2.10,1.75
2015.08.11 19:24:10.282,0.8564,0.85678,1.37,1.37
2015.08.11 19:24:10.333,0.8564,0.85678,1.37,1.37
2015.08.11 19:24:10.742,0.85638,0.85682,1.75,1.87
2015.08.11 19:24:10.843,0.85638,0.85682,1.75,1.87
2015.08.11 19:24:11.474,0.85633,0.85682,2.25,1.00
2015.08.11 19:24:11.675,0.85643,0.85687,1.75,1.37
2015.08.11 19:24:12.283,0.85648,0.85692,1.75,1.37
2015.08.11 19:24:14.020,0.85642,0.85688,3.00,1.37
2015.08.11 19:24:15.270,0.85646,0.85687,1.75,1.37
2015.08.11 19:24:15.372,0.85646,0.85692,1.75,1.75
2015.08.11 19:24:15.913,0.85643,0.85689,1.75,1.75
2015.08.11 19:24:16.424,0.85642,0.85688,1.75,1.75
2015.08.11 19:24:16.676,0.85637,0.85688,2.25,1.75
2015.08.11 19:24:16.851,0.85637,0.85688,2.25,1.75
2015.08.11 19:24:17.789,0.85638,0.85682,1.75,1.75
2015.08.11 19:24:17.982,0.85638,0.85682,1.75,1.37
2015.08.11 19:24:18.234,0.85638,0.85687,2.25,1.75
2015.08.11 19:24:18.365,0.85643,0.85687,1.75,1.37
2015.08.11 19:24:19.254,0.85647,0.85686,1.75,1.37
2015.08.11 19:24:20.004,0.85647,0.85686,1.75,1.37
2015.08.11 19:24:21.186,0.85648,0.85686,1.37,1.50
2015.08.11 19:24:21.736,0.85648,0.85681,1.00,1.37
2015.08.11 19:24:21.786,0.85643,0.85681,1.12,1.37
2015.08.11 19:24:25.621,0.85637,0.85679,1.75,1.37
2015.08.11 19:24:26.696,0.85643,0.85685,1.37,1.75
2015.08.11 19:24:27.596,0.85643,0.85685,1.37,1.75
2015.08.11 19:24:27.998,0.85643,0.85685,1.37,1.75
2015.08.11 19:24:28.200,0.85643,0.85685,1.37,1.75
2015.08.11 19:24:31.565,0.85638,0.85682,1.75,1.50
2015.08.11 19:24:35.710,0.85642,0.8568,1.37,1.37
2015.08.11 19:24:37.586,0.85643,0.8568,1.37,1.37
2015.08.11 19:24:38.462,0.85643,0.85686,1.37,1.75
2015.08.11 19:24:40.027,0.85643,0.85686,1.50,1.75
2015.08.11 19:24:40.730,0.85643,0.85686,1.75,1.75
2015.08.11 19:24:40.830,0.85643,0.85686,1.75,1.12
2015.08.11 19:24:40.931,0.85643,0.85687,2.25,1.37
2015.08.11 19:24:43.234,0.85652,0.85695,1.37,1.75
2015.08.11 19:24:43.435,0.85653,0.85695,1.50,1.37
2015.08.11 19:24:43.536,0.85653,0.85697,1.75,1.75
2015.08.11 19:24:43.637,0.85653,0.85697,1.75,1.37
2015.08.11 19:24:43.738,0.85653,0.85697,1.75,1.50
2015.08.11 19:24:44.462,0.8566,0.85708,1.35,1.75
2015.08.11 19:24:44.563,0.8566,0.85708,1.35,1.75
2015.08.11 19:24:44.880,0.85663,0.85707,1.75,1.50
2015.08.11 19:24:45.658,0.85663,0.85707,1.75,1.50
2015.08.11 19:24:49.380,0.85662,0.85709,1.75,1.75
2015.08.11 19:24:51.056,0.85663,0.85702,1.50,1.37
2015.08.11 19:24:51.158,0.85662,0.85703,1.50,2.25
2015.08.11 19:24:52.764,0.85663,0.85702,1.37,1.37
2015.08.11 19:24:53.072,0.85663,0.85702,1.37,1.37
2015.08.11 19:24:53.581,0.85663,0.85702,1.37,1.37
2015.08.11 19:24:54.693,0.85663,0.85702,1.37,1.37
2015.08.11 19:24:58.212,0.85662,0.85703,1.50,1.87
2015.08.11 19:25:00.416,0.85662,0.85701,1.75,1.00
2015.08.11 19:25:05.224,0.85662,0.85702,1.75,1.37
2015.08.11 19:25:06.435,0.85663,0.85702,1.50,1.87
2015.08.11 19:25:06.662,0.85663,0.85702,1.75,1.87
2015.08.11 19:25:06.764,0.85663,0.85702,1.75,1.50
2015.08.11 19:25:06.930,0.85663,0.85702,1.75,1.50
2015.08.11 19:25:07.233,0.85662,0.85702,1.75,1.00
2015.08.11 19:25:08.231,0.85663,0.85702,1.75,1.87
2015.08.11 19:25:13.306,0.85663,0.85702,1.75,1.87
2015.08.11 19:25:21.230,0.8566,0.85697,1.12,1.00
2015.08.11 19:25:34.100,0.85659,0.85698,1.35,1.00
2015.08.11 19:25:38.281,0.85659,0.85702,1.35,1.87
2015.08.11 19:25:42.904,0.85662,0.85702,1.75,1.12
2015.08.11 19:25:43.595,0.85662,0.85702,1.75,1.12
2015.08.11 19:25:44.238,0.85662,0.85703,2.25,1.00
2015.08.11 19:25:44.294,0.85662,0.85703,2.25,1.37
2015.08.11 19:25:45.142,0.85663,0.85707,1.75,1.87
2015.08.11 19:25:56.417,0.85666,0.85702,1.37,1.00
2015.08.11 19:25:57.128,0.85665,0.85703,1.75,1.00
2015.08.11 19:25:57.687,0.85665,0.85702,1.75,1.00
2015.08.11 19:25:58.295,0.85665,0.85702,1.75,1.00
2015.08.11 19:25:59.290,0.85665,0.85703,1.75,1.00
2015.08.11 19:25:59.839,0.85665,0.85702,1.75,1.00
2015.08.11 19:26:01.959,0.85665,0.85702,1.75,1.00
2015.08.11 19:26:04.324,0.85665,0.85702,1.75,1.00
2015.08.11 19:26:04.570,0.85668,0.85707,1.37,1.37
2015.08.11 19:26:10.613,0.85667,0.85702,1.50,1.00
2015.08.11 19:26:11.169,0.85668,0.85707,1.37,1.37
2015.08.11 19:26:14.312,0.85668,0.85707,1.50,1.12
2015.08.11 19:26:14.514,0.85671,0.85707,1.67,1.00
2015.08.11 19:26:15.794,0.85671,0.85708,1.67,1.12
2015.08.11 19:26:16.341,0.85671,0.85707,1.35,1.00
2015.08.11 19:26:24.320,0.85671,0.85707,1.72,1.00
2015.08.11 19:26:25.235,0.85671,0.85707,1.35,1.00
2015.08.11 19:26:28.809,0.85671,0.85707,1.37,1.37
2015.08.11 19:26:28.910,0.85671,0.85702,1.37,1.00
2015.08.11 19:26:28.973,0.85671,0.85702,1.37,1.00
2015.08.11 19:26:29.074,0.85663,0.85702,1.75,1.37
2015.08.11 19:26:29.391,0.85659,0.85697,1.75,1.00
2015.08.11 19:26:29.745,0.85659,0.85692,1.75,1.00
2015.08.11 19:26:30.859,0.85659,0.85693,1.75,1.00
2015.08.11 19:26:33.401,0.85656,0.85693,2.10,1.00
2015.08.11 19:26:35.809,0.85659,0.85692,1.50,1.00
2015.08.11 19:26:36.237,0.85659,0.85692,1.37,1.00
2015.08.11 19:26:36.821,0.85659,0.85693,1.37,1.00
2015.08.11 19:26:37.581,0.85659,0.85692,1.37,1.00
2015.08.11 19:26:37.811,0.85663,0.85697,2.10,1.37
2015.08.11 19:26:38.317,0.85659,0.85697,1.75,1.00
2015.08.11 19:26:38.369,0.85662,0.85702,1.50,1.37
2015.08.11 19:26:38.470,0.85662,0.85702,1.37,1.75
2015.08.11 19:26:38.815,0.85662,0.85692,1.12,1.12
2015.08.11 19:26:39.929,0.85656,0.85697,1.37,1.37
2015.08.11 19:26:47.579,0.85652,0.85692,1.75,1.00
2015.08.11 19:26:48.322,0.85652,0.85693,1.75,1.12
2015.08.11 19:26:49.140,0.85652,0.85693,1.75,1.00
2015.08.11 19:26:49.779,0.85652,0.85692,1.75,1.00
2015.08.11 19:26:51.321,0.85648,0.85692,2.25,1.12
2015.08.11 19:26:52.132,0.85648,0.85687,1.75,1.00
2015.08.11 19:26:52.182,0.85648,0.85687,1.75,1.00
2015.08.11 19:26:52.309,0.85648,0.85693,1.75,1.37
2015.08.11 19:26:56.332,0.85648,0.85693,1.75,1.12
2015.08.11 19:26:56.382,0.85648,0.85696,1.75,1.50
2015.08.11 19:26:56.640,0.85648,0.85692,1.75,1.37
2015.08.11 19:26:57.857,0.85648,0.85687,1.75,1.00
2015.08.11 19:26:58.112,0.85649,0.85688,1.75,1.00
2015.08.11 19:26:58.603,0.85649,0.85698,1.37,1.75
2015.08.11 19:26:58.704,0.85649,0.85693,1.75,1.75
2015.08.11 19:26:59.280,0.85649,0.85683,1.37,1.00
2015.08.11 19:27:00.272,0.85639,0.85683,1.75,1.00
2015.08.11 19:27:00.340,0.85639,0.85688,1.75,1.37
2015.08.11 19:27:00.862,0.85639,0.85682,1.75,1.00
2015.08.11 19:27:01.708,0.8564,0.85683,2.25,1.00
2015.08.11 19:27:02.813,0.85643,0.85682,1.75,1.00
2015.08.11 19:27:11.229,0.85647,0.85683,1.12,1.00
2015.08.11 19:27:12.111,0.85647,0.85683,1.12,1.00
2015.08.11 19:27:12.161,0.85647,0.85688,1.87,1.37
2015.08.11 19:27:13.536,0.85647,0.85688,1.87,1.37
2015.08.11 19:27:19.812,0.85647,0.85688,1.87,1.50
2015.08.11 19:27:19.939,0.85648,0.85687,1.75,1.12
2015.08.11 19:27:22.043,0.85647,0.85688,1.87,1.37
2015.08.11 19:27:28.553,0.85648,0.85687,1.75,1.37
2015.08.11 19:27:41.357,0.85648,0.85687,1.75,1.12
2015.08.11 19:27:44.260,0.85654,0.85688,2.47,1.37
2015.08.11 19:28:01.228,0.85658,0.85693,1.30,1.50
2015.08.11 19:28:11.232,0.8565,0.85692,1.12,1.75
2015.08.11 19:28:11.333,0.8565,0.85692,1.37,1.50
2015.08.11 19:28:13.636,0.8565,0.85687,1.37,1.37
2015.08.11 19:28:14.838,0.85648,0.85687,1.37,1.75
2015.08.11 19:28:15.142,0.85645,0.85677,1.12,1.00
2015.08.11 19:28:17.020,0.85639,0.85678,1.75,1.12
2015.08.11 19:28:18.135,0.85639,0.85677,1.75,1.00
2015.08.11 19:28:19.322,0.85639,0.85678,1.75,1.12
2015.08.11 19:28:19.653,0.85639,0.85678,1.75,1.37
2015.08.11 19:28:19.949,0.85637,0.85678,1.87,1.37
2015.08.11 19:28:21.808,0.85637,0.85673,1.75,1.00
2015.08.11 19:28:23.404,0.85635,0.85672,1.35,1.00
2015.08.11 19:28:36.531,0.85635,0.85672,1.35,1.37
2015.08.11 19:28:36.583,0.85635,0.85669,1.35,1.00
2015.08.11 19:28:36.693,0.85634,0.85669,1.35,1.12
2015.08.11 19:28:36.917,0.85635,0.85669,1.35,1.00
2015.08.11 19:28:44.727,0.85633,0.85669,2.10,1.12
2015.08.11 19:28:46.567,0.85633,0.85666,1.37,1.00
2015.08.11 19:28:49.453,0.85628,0.85669,1.75,1.12
2015.08.11 19:28:57.885,0.85632,0.85675,1.75,1.37
2015.08.11 19:28:58.209,0.85632,0.85675,1.75,1.00
2015.08.11 19:28:58.759,0.85632,0.85675,2.25,1.00
2015.08.11 19:28:59.623,0.85627,0.85673,1.75,1.37
2015.08.11 19:29:00.667,0.85628,0.85669,2.25,1.00
2015.08.11 19:29:01.837,0.85632,0.85669,1.75,1.00
2015.08.11 19:29:03.166,0.85627,0.85672,2.25,1.37
2015.08.11 19:29:04.924,0.85627,0.85672,2.25,1.37
2015.08.11 19:29:08.531,0.85627,0.85673,1.75,1.87
2015.08.11 19:29:16.873,0.85628,0.85671,1.75,1.12
2015.08.11 19:29:16.951,0.85628,0.85671,1.50,1.37
2015.08.11 19:29:17.906,0.85627,0.85665,1.75,1.00
2015.08.11 19:29:27.531,0.85633,0.85654,1.12,1.00
2015.08.11 19:29:27.582,0.85622,0.85654,1.50,1.00
2015.08.11 19:29:27.733,0.85623,0.85654,1.37,1.37
2015.08.11 19:29:27.885,0.85613,0.85654,3.22,1.00
2015.08.11 19:29:29.157,0.85612,0.85654,1.75,1.37
2015.08.11 19:29:29.208,0.85612,0.85654,1.75,1.37
2015.08.11 19:29:29.309,0.85613,0.85654,1.75,1.12
2015.08.11 19:29:29.359,0.85613,0.85646,1.75,1.00
2015.08.11 19:29:29.611,0.85613,0.85646,1.37,1.00
2015.08.11 19:29:29.712,0.85614,0.85646,1.75,1.00
2015.08.11 19:29:29.813,0.85615,0.85646,1.00,1.00
2015.08.11 19:29:30.307,0.85617,0.85646,1.37,1.00
2015.08.11 19:29:30.358,0.85617,0.85658,1.37,1.00
2015.08.11 19:29:30.409,0.85618,0.85662,1.37,1.37
2015.08.11 19:29:31.336,0.85618,0.85662,1.37,2.25
2015.08.11 19:29:31.916,0.85618,0.85662,1.37,2.25
2015.08.11 19:29:32.464,0.85618,0.85662,1.37,2.25
2015.08.11 19:29:32.776,0.85617,0.85655,1.50,1.37
2015.08.11 19:29:33.440,0.85612,0.85653,2.10,1.00
2015.08.11 19:29:34.336,0.85613,0.85652,1.75,1.00
2015.08.11 19:29:34.924,0.85612,0.85653,2.10,1.00
2015.08.11 19:29:35.616,0.85612,0.85652,2.10,1.00
2015.08.11 19:29:43.832,0.85618,0.85652,1.75,1.12
2015.08.11 19:29:46.696,0.85618,0.85652,1.37,1.00
2015.08.11 19:29:46.747,0.85618,0.85649,1.37,1.00
2015.08.11 19:29:47.049,0.85618,0.85649,1.50,1.00
2015.08.11 19:29:47.762,0.85613,0.85657,1.75,1.37
2015.08.11 19:29:54.757,0.85618,0.85657,1.75,1.12
2015.08.11 19:29:56.411,0.85617,0.85658,1.75,1.37
2015.08.11 19:29:58.214,0.85617,0.85658,1.50,1.37
2015.08.11 19:30:00.520,0.85617,0.85658,1.75,1.37
2015.08.11 19:30:01.074,0.85617,0.85658,1.75,1.37
2015.08.11 19:30:01.603,0.85617,0.85658,1.75,1.37
2015.08.11 19:30:01.720,0.85617,0.85658,1.50,1.37
2015.08.11 19:30:04.759,0.85618,0.85657,1.75,1.37
2015.08.11 19:30:05.875,0.85618,0.85661,1.75,1.37
2015.08.11 19:30:06.044,0.85618,0.85661,1.75,1.00
2015.08.11 19:30:06.195,0.85618,0.85662,1.75,1.12
2015.08.11 19:30:06.346,0.85618,0.85662,1.75,1.12
2015.08.11 19:30:06.447,0.85622,0.85671,1.37,2.25
2015.08.11 19:30:06.649,0.85625,0.85663,2.10,1.00
2015.08.11 19:30:07.216,0.85622,0.85668,1.37,1.37
2015.08.11 19:30:07.338,0.85618,0.85663,1.35,1.00
2015.08.11 19:30:07.870,0.85618,0.85662,1.35,1.00
2015.08.11 19:30:07.920,0.85618,0.85667,2.10,2.62
2015.08.11 19:30:09.188,0.85619,0.85662,1.35,1.37
2015.08.11 19:30:13.676,0.85619,0.85662,1.35,1.75
2015.08.11 19:30:13.818,0.85619,0.85662,1.35,1.37
2015.08.11 19:30:14.452,0.85619,0.85662,1.35,1.75
2015.08.11 19:30:16.655,0.85618,0.85662,1.75,1.75
2015.08.11 19:30:17.485,0.85612,0.85658,2.10,1.75
2015.08.11 19:30:18.486,0.85612,0.85658,2.10,1.50
2015.08.11 19:30:19.195,0.85612,0.85658,2.10,1.75
2015.08.11 19:30:19.377,0.85612,0.85658,2.10,1.37
2015.08.11 19:30:19.661,0.85612,0.85658,2.10,1.50
2015.08.11 19:30:20.463,0.85612,0.85658,2.10,1.37
2015.08.11 19:30:23.587,0.85613,0.85657,1.75,1.37
2015.08.11 19:30:24.247,0.85613,0.85657,1.75,1.37
2015.08.11 19:30:27.519,0.85613,0.85657,1.75,1.37
2015.08.11 19:30:27.620,0.85613,0.85662,1.75,1.50
2015.08.11 19:30:28.487,0.85617,0.85663,1.75,2.25
2015.08.11 19:30:29.104,0.85613,0.85662,2.10,1.75
2015.08.11 19:30:35.350,0.85618,0.85662,1.35,1.50
2015.08.11 19:30:36.193,0.85618,0.85663,1.35,1.50
2015.08.11 19:30:36.854,0.85614,0.85663,2.10,1.00
2015.08.11 19:30:37.793,0.85618,0.85663,1.35,1.50
2015.08.11 19:30:41.399,0.85618,0.85663,1.35,1.37
2015.08.11 19:30:41.802,0.85618,0.85667,2.10,1.87
2015.08.11 19:30:46.150,0.85619,0.85662,1.75,1.37
2015.08.11 19:30:46.457,0.85628,0.85662,1.35,1.37
2015.08.11 19:30:46.676,0.85622,0.8567,2.10,1.50
2015.08.11 19:30:46.743,0.85622,0.8567,2.10,1.75
2015.08.11 19:30:46.945,0.85622,0.85662,1.35,1.37
2015.08.11 19:30:47.046,0.8562,0.85667,1.35,1.37
2015.08.11 19:30:48.072,0.8562,0.85662,1.35,1.00
2015.08.11 19:30:48.470,0.85622,0.85662,1.35,1.37
2015.08.11 19:30:48.571,0.85621,0.85662,1.35,1.00
2015.08.11 19:30:49.554,0.85622,0.85662,1.35,1.37
2015.08.11 19:30:50.100,0.85622,0.85666,1.67,1.12
2015.08.11 19:30:52.841,0.85618,0.85666,2.85,1.12
2015.08.11 19:30:53.328,0.85618,0.85666,3.22,1.12
2015.08.11 19:30:53.380,0.85612,0.85653,1.75,1.37
2015.08.11 19:30:53.698,0.85612,0.85653,1.50,1.00
2015.08.11 19:30:55.705,0.85612,0.85653,1.37,1.37
2015.08.11 19:30:56.530,0.85612,0.85653,1.75,1.37
2015.08.11 19:30:56.831,0.8561,0.85652,1.35,1.12
2015.08.11 19:30:56.932,0.85612,0.85653,1.75,1.37
2015.08.11 19:30:57.488,0.85612,0.85653,1.37,1.00
2015.08.11 19:30:58.133,0.85612,0.85653,1.75,1.37
2015.08.11 19:30:58.908,0.85612,0.85653,1.50,1.12
2015.08.11 19:30:59.550,0.85612,0.85653,1.50,1.37
2015.08.11 19:31:09.458,0.85612,0.85653,1.37,1.37
2015.08.11 19:31:09.969,0.85612,0.85653,1.75,1.50
2015.08.11 19:31:10.905,0.85613,0.85652,1.75,1.37
2015.08.11 19:31:11.163,0.85613,0.85652,1.37,1.37
2015.08.11 19:31:11.681,0.85613,0.85652,1.75,1.37
2015.08.11 19:31:14.399,0.85613,0.85652,1.75,1.37
2015.08.11 19:31:16.269,0.85613,0.85652,1.37,1.00
2015.08.11 19:31:16.999,0.85613,0.85652,1.37,1.00
2015.08.11 19:31:17.049,0.85613,0.85652,1.75,1.37
2015.08.11 19:31:17.100,0.85613,0.85652,1.37,1.00
2015.08.11 19:31:17.201,0.85618,0.85657,1.00,1.37
2015.08.11 19:31:17.676,0.85618,0.85657,1.37,1.00
2015.08.11 19:31:17.978,0.85618,0.85657,1.00,1.75
2015.08.11 19:31:18.743,0.85613,0.85652,1.37,1.37
2015.08.11 19:31:30.093,0.85612,0.85653,1.75,1.37
2015.08.11 19:31:30.194,0.85612,0.85653,1.37,1.00
2015.08.11 19:31:30.716,0.85612,0.85653,1.75,1.37
2015.08.11 19:31:33.330,0.85612,0.85653,1.50,1.00
2015.08.11 19:31:33.431,0.85612,0.85653,1.75,1.37
2015.08.11 19:31:35.636,0.85612,0.85653,1.50,1.00
2015.08.11 19:31:37.605,0.85612,0.85653,1.75,1.37
2015.08.11 19:31:38.105,0.85612,0.85653,1.50,1.00
2015.08.11 19:31:40.042,0.85612,0.85653,1.75,1.37
2015.08.11 19:31:40.609,0.85612,0.85653,1.75,1.37
2015.08.11 19:31:40.760,0.85615,0.85653,1.75,1.12
2015.08.11 19:31:41.304,0.85624,0.85663,1.35,1.87
2015.08.11 19:31:41.627,0.85624,0.85663,1.35,1.75
2015.08.11 19:31:42.124,0.85624,0.85662,1.35,1.75
2015.08.11 19:31:42.344,0.85624,0.85662,1.35,1.00
2015.08.11 19:31:42.897,0.85624,0.85663,1.35,1.00
2015.08.11 19:31:59.628,0.85624,0.85663,1.35,1.12
2015.08.11 19:32:07.395,0.85624,0.85667,1.35,1.37
2015.08.11 19:32:07.902,0.85627,0.85668,1.75,1.37
2015.08.11 19:32:11.704,0.85627,0.85668,1.75,1.50
2015.08.11 19:32:20.087,0.85628,0.85667,1.75,1.37
2015.08.11 19:32:20.472,0.85628,0.85667,1.75,1.50
2015.08.11 19:32:22.051,0.85627,0.85668,1.75,1.37
2015.08.11 19:32:22.164,0.85624,0.85668,1.35,1.37
2015.08.11 19:32:22.565,0.85627,0.85668,1.75,1.50
2015.08.11 19:32:24.177,0.85632,0.85673,2.10,1.37
2015.08.11 19:32:24.385,0.85633,0.85676,1.75,1.37
2015.08.11 19:32:58.727,0.85632,0.85673,1.35,1.37
2015.08.11 19:32:59.633,0.85632,0.85673,1.35,1.37
2015.08.11 19:33:00.165,0.85633,0.85673,1.75,1.37
2015.08.11 19:33:02.935,0.85632,0.85675,2.85,1.00
2015.08.11 19:33:03.616,0.85632,0.85672,2.10,1.00
2015.08.11 19:33:04.015,0.85633,0.85672,1.75,1.00
2015.08.11 19:33:04.139,0.85632,0.85672,2.10,1.00
2015.08.11 19:33:05.069,0.85634,0.85672,1.75,1.00
2015.08.11 19:33:05.593,0.85632,0.85672,2.10,1.00
2015.08.11 19:33:14.567,0.85633,0.85675,2.25,1.00
2015.08.11 19:33:24.873,0.85633,0.85672,1.75,1.00
2015.08.11 19:33:25.625,0.85633,0.85675,1.75,1.00
2015.08.11 19:33:28.346,0.85633,0.85678,1.75,1.50
2015.08.11 19:33:28.868,0.85632,0.85672,1.35,1.00
2015.08.11 19:33:29.488,0.85632,0.85672,2.10,1.00
2015.08.11 19:33:34.687,0.85632,0.85672,1.35,1.00
2015.08.11 19:33:35.551,0.85632,0.85673,1.35,1.00
2015.08.11 19:33:38.480,0.85632,0.85673,1.35,1.37
2015.08.11 19:33:50.676,0.85632,0.85672,1.35,1.00
2015.08.11 19:33:51.372,0.85632,0.85672,1.35,1.00
2015.08.11 19:33:55.877,0.85632,0.85672,1.35,1.12
2015.08.11 19:33:56.663,0.85632,0.85672,1.35,1.37
2015.08.11 19:34:00.420,0.85633,0.85673,1.35,1.37
2015.08.11 19:34:00.478,0.85633,0.85673,1.35,1.37
2015.08.11 19:34:00.578,0.85641,0.85673,1.67,1.12
2015.08.11 19:34:00.881,0.85641,0.85672,1.35,1.00
2015.08.11 19:34:01.993,0.85641,0.85672,1.35,1.00
2015.08.11 19:34:03.362,0.85641,0.85682,1.35,1.75
2015.08.11 19:34:03.563,0.85641,0.85673,1.35,1.00
2015.08.11 19:34:12.142,0.85641,0.85678,1.35,1.37
2015.08.11 19:34:14.297,0.85641,0.85678,1.67,1.37
2015.08.11 19:34:15.500,0.85641,0.85678,1.35,1.37
2015.08.11 19:34:15.890,0.85641,0.85672,1.35,1.00
2015.08.11 19:34:23.732,0.85641,0.85672,1.35,1.00
2015.08.11 19:34:27.982,0.85641,0.85673,1.35,1.12
2015.08.11 19:34:29.527,0.8564,0.85673,1.35,1.12
2015.08.11 19:34:30.547,0.85641,0.85673,1.35,1.00
2015.08.11 19:34:33.248,0.85641,0.85673,1.30,1.00
2015.08.11 19:34:33.349,0.85637,0.85673,2.47,1.75
2015.08.11 19:34:34.055,0.85632,0.85673,1.50,1.75
2015.08.11 19:34:44.372,0.85629,0.85662,1.35,1.00
2015.08.11 19:34:55.069,0.85629,0.85667,1.35,1.37
2015.08.11 19:35:00.112,0.85629,0.85665,1.35,1.00
2015.08.11 19:35:01.973,0.85629,0.85662,1.35,1.00
2015.08.11 19:35:02.024,0.85629,0.85662,1.67,1.87
2015.08.11 19:35:02.074,0.8562,0.85662,1.75,1.87
2015.08.11 19:35:02.687,0.85624,0.85662,1.75,1.00
2015.08.11 19:35:02.892,0.85623,0.85662,1.75,1.00
2015.08.11 19:35:02.993,0.85624,0.85662,2.25,1.00
2015.08.11 19:35:03.612,0.85629,0.85672,1.75,1.37
2015.08.11 19:35:03.663,0.85629,0.85672,1.75,1.12
2015.08.11 19:35:04.095,0.8563,0.85672,1.35,1.37
2015.08.11 19:35:04.697,0.85631,0.85672,1.75,1.00
2015.08.11 19:35:04.858,0.85631,0.85672,1.75,1.12
2015.08.11 19:35:05.794,0.85633,0.85673,1.37,1.75
2015.08.11 19:35:05.895,0.85626,0.85665,1.50,1.50
2015.08.11 19:35:05.996,0.85619,0.85665,1.35,2.25
2015.08.11 19:35:06.097,0.85614,0.85662,1.05,1.35
2015.08.11 19:35:06.398,0.85618,0.85663,1.35,1.00
2015.08.11 19:35:06.991,0.85619,0.85662,1.50,1.00
2015.08.11 19:35:07.547,0.85619,0.85655,1.75,1.00
2015.08.11 19:35:14.511,0.85618,0.85655,2.85,1.00
2015.08.11 19:35:31.525,0.85618,0.85655,2.10,1.00
2015.08.11 19:35:31.626,0.85619,0.85659,1.75,1.00
2015.08.11 19:35:32.132,0.85623,0.85659,1.75,1.00
2015.08.11 19:35:33.891,0.85623,0.85662,2.25,1.00
2015.08.11 19:35:34.794,0.85623,0.85662,2.25,1.00
2015.08.11 19:35:35.311,0.85623,0.85663,1.75,1.50
2015.08.11 19:35:36.302,0.85623,0.85662,2.25,1.00
2015.08.11 19:35:36.879,0.85623,0.8566,2.25,1.00
2015.08.11 19:35:39.940,0.85623,0.85658,2.25,1.00
2015.08.11 19:35:46.305,0.85623,0.85658,2.25,1.00
2015.08.11 19:35:46.355,0.85623,0.85655,1.75,1.00
2015.08.11 19:35:47.407,0.85618,0.85655,1.75,1.00
2015.08.11 19:35:49.291,0.85618,0.8566,1.75,1.37
2015.08.11 19:35:52.649,0.85618,0.8566,1.75,1.12
2015.08.11 19:35:52.825,0.85618,0.85661,1.75,1.12
2015.08.11 19:35:54.403,0.85626,0.85662,1.35,1.75
2015.08.11 19:35:55.341,0.85626,0.8566,1.35,1.00
2015.08.11 19:35:57.211,0.85626,0.85662,1.35,1.00
2015.08.11 19:36:06.112,0.85626,0.85663,1.35,1.00
2015.08.11 19:36:07.154,0.85626,0.85662,1.35,1.00
2015.08.11 19:36:08.860,0.85626,0.85663,1.35,1.00
2015.08.11 19:36:09.593,0.85626,0.85662,1.35,1.00
2015.08.11 19:36:09.880,0.85626,0.85667,1.35,1.37
2015.08.11 19:36:12.381,0.85626,0.85662,1.35,1.00
2015.08.11 19:36:14.701,0.85626,0.85662,1.35,1.00
2015.08.11 19:36:15.792,0.85628,0.85667,1.75,1.37
2015.08.11 19:36:16.122,0.85626,0.85662,1.35,1.00
2015.08.11 19:36:17.081,0.85623,0.85662,1.75,1.00
2015.08.11 19:36:17.345,0.85621,0.85657,1.35,1.00
2015.08.11 19:36:19.314,0.85621,0.85658,1.35,1.00
2015.08.11 19:36:20.110,0.85627,0.85659,1.37,1.00
2015.08.11 19:36:20.816,0.85628,0.85667,1.37,2.25
2015.08.11 19:36:20.917,0.85627,0.85667,1.35,1.37
2015.08.11 19:36:21.018,0.85627,0.85667,1.35,1.37
2015.08.11 19:36:22.201,0.85632,0.85673,1.75,1.75
2015.08.11 19:36:25.411,0.85628,0.85667,1.75,1.37
2015.08.11 19:36:39.153,0.85627,0.85663,1.35,1.00
2015.08.11 19:36:56.718,0.85628,0.85667,1.75,1.37
2015.08.11 19:37:01.279,0.85627,0.85668,1.75,1.75
2015.08.11 19:37:01.481,0.85628,0.85667,1.75,1.37
2015.08.11 19:37:01.532,0.85628,0.85667,1.37,1.00
2015.08.11 19:37:01.641,0.85628,0.85672,1.37,1.00
2015.08.11 19:37:01.692,0.85632,0.85673,1.00,1.00
2015.08.11 19:37:01.912,0.8563,0.85677,1.72,1.12
2015.08.11 19:37:02.473,0.85631,0.85677,1.35,1.50
2015.08.11 19:37:02.990,0.85634,0.85673,1.35,1.37
2015.08.11 19:37:03.442,0.85636,0.85678,1.12,1.50
2015.08.11 19:37:04.166,0.8564,0.85678,2.47,1.50
2015.08.11 19:37:07.550,0.85635,0.85677,1.67,1.50
2015.08.11 19:37:08.221,0.85635,0.85677,1.35,1.75
2015.08.11 19:37:08.873,0.85635,0.85677,1.67,1.75
2015.08.11 19:37:11.289,0.85628,0.85672,1.75,1.37
2015.08.11 19:37:14.681,0.85628,0.85672,1.75,1.37
2015.08.11 19:37:15.841,0.85628,0.85672,1.75,1.37
2015.08.11 19:37:16.538,0.85628,0.85673,1.75,1.37
2015.08.11 19:37:17.740,0.85627,0.85673,2.25,1.37
2015.08.11 19:37:19.932,0.85628,0.85672,1.75,1.37
2015.08.11 19:37:25.275,0.85632,0.85673,1.75,1.37
2015.08.11 19:37:31.596,0.85633,0.85672,1.75,1.12
2015.08.11 19:37:32.419,0.85628,0.85672,1.75,1.12
2015.08.11 19:37:35.779,0.85627,0.85673,1.75,1.37
2015.08.11 19:37:35.880,0.85627,0.85673,2.25,1.12
2015.08.11 19:37:36.182,0.85628,0.85672,1.75,1.37
2015.08.11 19:37:36.384,0.8563,0.85672,1.75,1.00
2015.08.11 19:37:37.545,0.8563,0.85668,1.97,1.00
2015.08.11 19:37:37.597,0.85633,0.85677,1.75,1.37
2015.08.11 19:37:37.899,0.85638,0.85677,1.75,1.37
2015.08.11 19:37:40.286,0.85638,0.85677,1.75,1.37
2015.08.11 19:37:44.298,0.85637,0.85678,1.75,1.37
2015.08.11 19:37:47.476,0.85637,0.85678,1.75,1.37
2015.08.11 19:37:48.730,0.85637,0.85678,1.75,1.37
2015.08.11 19:37:51.773,0.85638,0.85677,1.50,1.37
2015.08.11 19:37:53.637,0.85638,0.85677,1.37,1.37
2015.08.11 19:37:53.692,0.85634,0.85673,1.75,1.00
2015.08.11 19:37:53.801,0.85637,0.85678,1.37,1.37
2015.08.11 19:37:54.038,0.85637,0.85677,1.75,1.12
2015.08.11 19:37:54.340,0.85633,0.85677,2.25,1.87
2015.08.11 19:37:56.141,0.85633,0.85677,2.25,1.50
2015.08.11 19:37:56.714,0.85638,0.85675,1.37,1.00
2015.08.11 19:37:56.882,0.85633,0.85672,1.75,1.00
2015.08.11 19:37:57.369,0.85637,0.85675,1.50,1.00
2015.08.11 19:37:58.368,0.85638,0.85675,1.75,1.00
2015.08.11 19:37:58.696,0.85635,0.85675,1.75,1.00
2015.08.11 19:37:58.997,0.85637,0.85677,1.75,1.00
2015.08.11 19:37:59.098,0.85637,0.85683,2.25,1.75
2015.08.11 19:37:59.662,0.8564,0.85688,1.35,1.37
2015.08.11 19:38:00.347,0.8564,0.85688,1.35,1.00
2015.08.11 19:38:00.449,0.8564,0.85683,1.35,1.00
2015.08.11 19:38:00.769,0.85643,0.85682,1.75,1.00
2015.08.11 19:38:03.399,0.85642,0.85688,1.75,1.87
2015.08.11 19:38:03.808,0.85643,0.85682,1.75,1.00
2015.08.11 19:38:05.350,0.85642,0.85683,1.75,1.00
2015.08.11 19:38:06.506,0.85642,0.85683,1.75,1.00
2015.08.11 19:38:07.295,0.85648,0.85687,1.37,1.37
2015.08.11 19:38:07.608,0.85653,0.85687,1.35,1.00
2015.08.11 19:38:07.910,0.85671,0.85702,2.10,1.12
2015.08.11 19:38:08.063,0.85667,0.85702,1.00,1.12
2015.08.11 19:38:08.225,0.85658,0.857,1.00,1.00
2015.08.11 19:38:08.338,0.85657,0.85692,1.30,1.00
2015.08.11 19:38:09.225,0.85657,0.85693,1.30,1.37
2015.08.11 19:38:09.528,0.8565,0.85688,1.37,1.37
2015.08.11 19:38:09.881,0.85647,0.85683,1.35,1.00
2015.08.11 19:38:15.597,0.85647,0.85682,1.35,1.00
2015.08.11 19:38:18.410,0.85647,0.85683,1.67,1.00
2015.08.11 19:38:19.115,0.85647,0.85682,1.67,1.00
2015.08.11 19:38:21.413,0.85647,0.85683,1.67,1.00
2015.08.11 19:38:27.685,0.85647,0.85682,1.67,1.00
2015.08.11 19:38:29.917,0.85647,0.85682,1.35,1.12
2015.08.11 19:38:33.809,0.85642,0.85683,1.75,1.37
2015.08.11 19:38:34.896,0.85642,0.85683,1.75,1.50
2015.08.11 19:38:36.235,0.85638,0.85682,1.75,1.75
2015.08.11 19:38:36.936,0.85637,0.85683,2.10,1.75
2015.08.11 19:38:37.739,0.85638,0.85677,1.75,1.37
2015.08.11 19:38:38.713,0.85638,0.85677,1.75,1.00
2015.08.11 19:38:39.371,0.85637,0.85678,2.10,1.12
2015.08.11 19:38:42.818,0.85637,0.85681,2.85,1.37
2015.08.11 19:38:43.790,0.85637,0.85681,3.60,1.37
2015.08.11 19:38:44.450,0.8564,0.85677,1.75,1.00
2015.08.11 19:38:45.038,0.8564,0.85677,1.75,1.00
2015.08.11 19:38:45.088,0.85643,0.85682,1.75,1.37
2015.08.11 19:38:49.569,0.85639,0.85678,1.75,1.00
2015.08.11 19:38:50.112,0.85637,0.85678,2.10,1.12
2015.08.11 19:38:51.014,0.85638,0.85682,1.75,1.37
2015.08.11 19:38:51.625,0.85638,0.85682,1.75,1.37
2015.08.11 19:38:55.553,0.85638,0.85677,1.75,1.12
2015.08.11 19:38:56.069,0.85638,0.85677,1.75,1.37
2015.08.11 19:38:56.168,0.85637,0.85672,1.35,1.00
2015.08.11 19:38:56.658,0.85637,0.85672,1.35,1.12
2015.08.11 19:38:56.759,0.85637,0.85672,1.67,1.12
2015.08.11 19:38:57.401,0.85637,0.85672,1.35,1.37
2015.08.11 19:38:57.672,0.85633,0.85667,2.85,1.00
2015.08.11 19:38:58.370,0.85633,0.85668,2.85,1.00
2015.08.11 19:38:58.479,0.85635,0.85668,1.35,1.00
2015.08.11 19:39:00.190,0.85637,0.85668,1.67,1.00
2015.08.11 19:39:00.526,0.85637,0.85667,1.35,1.00
2015.08.11 19:39:02.688,0.85635,0.85672,1.35,1.87
2015.08.11 19:39:03.097,0.8563,0.85667,1.35,1.00
2015.08.11 19:39:05.629,0.8563,0.85672,1.35,1.37
2015.08.11 19:39:14.999,0.8563,0.8567,1.35,1.37
2015.08.11 19:39:17.298,0.8564,0.8567,1.30,1.00
2015.08.11 19:39:17.399,0.8564,0.85673,1.30,1.00
2015.08.11 19:39:17.505,0.8564,0.85673,1.67,1.00
2015.08.11 19:39:17.606,0.8564,0.85679,1.67,1.37
2015.08.11 19:39:17.706,0.85638,0.85679,1.35,1.75
2015.08.11 19:39:19.264,0.85637,0.85672,2.85,1.37
2015.08.11 19:39:19.315,0.85632,0.85673,1.35,1.75
2015.08.11 19:39:22.470,0.85632,0.85673,1.35,1.50
2015.08.11 19:39:24.668,0.85632,0.85673,1.67,1.87
2015.08.11 19:39:25.049,0.85632,0.85667,1.67,1.37
2015.08.11 19:39:38.918,0.85632,0.85662,1.67,1.00
2015.08.11 19:39:38.969,0.8563,0.85662,1.35,1.00
2015.08.11 19:39:39.138,0.8563,0.85668,1.35,1.87
2015.08.11 19:39:45.999,0.85632,0.85668,1.35,1.37
2015.08.11 19:39:46.337,0.85632,0.8567,1.35,1.37
2015.08.11 19:39:47.095,0.85632,0.8567,1.35,1.37
2015.08.11 19:39:47.459,0.85632,0.8567,1.35,1.37
2015.08.11 19:39:47.560,0.85634,0.85673,1.35,1.37
2015.08.11 19:39:47.662,0.85634,0.85678,1.35,1.37
2015.08.11 19:39:47.763,0.85635,0.85677,1.75,1.00
2015.08.11 19:39:48.994,0.85637,0.85678,1.75,1.12
2015.08.11 19:39:49.497,0.85638,0.85677,1.75,1.00
2015.08.11 19:39:52.973,0.85638,0.85677,1.75,1.12
2015.08.11 19:39:57.715,0.85638,0.85677,1.75,1.00
2015.08.11 19:39:57.766,0.85638,0.85677,1.75,1.00
2015.08.11 19:39:58.607,0.85637,0.85678,1.75,1.12
2015.08.11 19:40:01.870,0.85636,0.85683,1.75,1.87
2015.08.11 19:40:02.521,0.85637,0.85678,2.25,1.00
2015.08.11 19:40:02.902,0.85637,0.85682,1.75,1.37
2015.08.11 19:40:03.108,0.85639,0.85677,1.75,1.00
2015.08.11 19:40:03.904,0.85639,0.85682,1.75,1.37
2015.08.11 19:40:04.097,0.85639,0.85677,1.75,1.00
2015.08.11 19:40:04.899,0.85639,0.8568,1.75,1.00
2015.08.11 19:40:05.087,0.85639,0.85678,1.75,1.00
2015.08.11 19:40:05.881,0.85639,0.8568,1.75,1.00
2015.08.11 19:40:06.077,0.85639,0.85677,1.75,1.00
2015.08.11 19:40:09.047,0.85639,0.85678,1.75,1.00
2015.08.11 19:40:10.859,0.85637,0.85678,2.25,1.00
2015.08.11 19:40:11.510,0.85637,0.85678,2.25,1.12
2015.08.11 19:40:12.662,0.85638,0.85677,2.25,1.00
2015.08.11 19:40:13.119,0.85637,0.8568,1.75,1.37
2015.08.11 19:40:13.304,0.85635,0.8568,1.75,1.37
2015.08.11 19:40:14.101,0.85637,0.85678,1.75,1.12
2015.08.11 19:40:15.500,0.85638,0.85677,1.75,1.00
2015.08.11 19:40:16.098,0.85637,0.85678,2.25,1.12
2015.08.11 19:40:19.282,0.85638,0.85677,1.75,1.00
2015.08.11 19:40:19.794,0.85638,0.85677,1.75,1.00
2015.08.11 19:40:21.019,0.85638,0.85677,1.75,1.00
2015.08.11 19:40:21.849,0.85635,0.8568,2.10,1.37
2015.08.11 19:40:22.021,0.85637,0.8568,1.75,1.37
2015.08.11 19:40:23.142,0.85637,0.85678,2.25,1.00
2015.08.11 19:40:26.107,0.85638,0.8568,1.75,1.37
2015.08.11 19:40:26.428,0.85638,0.85677,1.75,1.00
2015.08.11 19:40:27.129,0.85638,0.85677,1.75,1.00
2015.08.11 19:40:34.997,0.85638,0.85676,1.75,1.00
2015.08.11 19:40:36.469,0.85638,0.85676,1.75,1.00
2015.08.11 19:40:37.197,0.85637,0.85676,1.75,1.00
2015.08.11 19:40:37.784,0.85638,0.85677,1.75,1.00
2015.08.11 19:40:40.335,0.85638,0.85677,1.75,1.00
2015.08.11 19:40:40.837,0.85638,0.85682,1.75,1.37
2015.08.11 19:40:42.012,0.85638,0.85677,2.25,1.00
2015.08.11 19:40:42.599,0.85638,0.85678,1.75,1.00
2015.08.11 19:40:44.117,0.85639,0.85678,1.75,1.00
2015.08.11 19:40:44.824,0.8564,0.85677,1.75,1.00
2015.08.11 19:40:46.512,0.85639,0.85677,1.75,1.00
2015.08.11 19:40:47.264,0.8564,0.85677,1.75,1.00
2015.08.11 19:40:51.647,0.8564,0.85677,1.75,1.00
2015.08.11 19:40:54.603,0.85639,0.85677,1.75,1.00
2015.08.11 19:40:55.135,0.85638,0.85677,1.75,1.00
2015.08.11 19:40:58.701,0.85638,0.85677,1.75,1.00
2015.08.11 19:41:00.339,0.85635,0.8568,1.35,1.37
2015.08.11 19:41:01.511,0.85643,0.85682,1.75,1.87
2015.08.11 19:41:01.893,0.85643,0.85682,1.75,1.87
2015.08.11 19:41:02.441,0.85638,0.85677,1.75,1.00
2015.08.11 19:41:03.515,0.85637,0.85678,1.75,1.12
2015.08.11 19:41:04.093,0.85637,0.85678,1.75,1.00
2015.08.11 19:41:04.596,0.85637,0.85678,1.75,1.37
2015.08.11 19:41:06.118,0.85635,0.8568,2.10,1.37
2015.08.11 19:41:07.023,0.85636,0.85672,1.75,1.00
2015.08.11 19:41:07.601,0.85637,0.85677,1.75,1.37
2015.08.11 19:41:07.901,0.85635,0.85678,1.75,1.87
2015.08.11 19:41:08.101,0.85634,0.85678,1.75,1.87
2015.08.11 19:41:08.152,0.85634,0.85672,1.75,1.00
2015.08.11 19:41:10.317,0.85633,0.85674,1.75,1.12
2015.08.11 19:41:11.194,0.85634,0.85674,1.75,1.12
2015.08.11 19:41:14.346,0.85634,0.85669,1.75,1.00
2015.08.11 19:41:14.998,0.85632,0.85668,1.75,1.00
2015.08.11 19:41:15.616,0.85633,0.85669,1.75,1.00
2015.08.11 19:41:15.667,0.85632,0.85676,1.75,1.37
2015.08.11 19:41:16.263,0.85635,0.85676,1.75,1.37
2015.08.11 19:41:19.116,0.85635,0.85672,1.75,1.00
2015.08.11 19:41:19.716,0.85635,0.85671,1.75,1.00
2015.08.11 19:41:22.026,0.85634,0.85676,1.75,1.37
2015.08.11 19:41:25.589,0.85634,0.8567,1.75,1.00
2015.08.11 19:41:36.229,0.85633,0.85677,1.75,1.37
2015.08.11 19:41:36.850,0.85632,0.85677,1.75,1.37
2015.08.11 19:41:36.951,0.85632,0.85677,2.25,1.37
2015.08.11 19:41:37.151,0.85632,0.85677,1.75,1.37
2015.08.11 19:41:38.242,0.85632,0.85675,1.75,1.12
2015.08.11 19:41:38.857,0.85632,0.85674,2.25,1.12
2015.08.11 19:41:39.139,0.85633,0.85672,1.75,1.12
2015.08.11 19:41:41.463,0.85633,0.85672,1.75,1.37
2015.08.11 19:41:42.665,0.85633,0.85672,1.75,1.12
2015.08.11 19:41:42.925,0.85633,0.85669,1.75,1.00
2015.08.11 19:41:47.985,0.85633,0.85672,1.75,1.12
2015.08.11 19:41:48.227,0.85633,0.85672,1.75,1.37
2015.08.11 19:41:49.200,0.85633,0.85672,1.75,1.37
2015.08.11 19:41:54.009,0.85633,0.85672,1.75,1.12
2015.08.11 19:41:54.704,0.85637,0.85677,1.75,1.75
2015.08.11 19:41:54.754,0.85637,0.85677,1.50,1.75
2015.08.11 19:41:55.411,0.85637,0.85677,1.75,1.75
2015.08.11 19:42:00.108,0.85639,0.85678,1.35,1.75
2015.08.11 19:42:00.685,0.85635,0.85672,1.35,1.37
2015.08.11 19:42:01.567,0.85631,0.85677,3.60,1.75
2015.08.11 19:42:02.021,0.85624,0.85665,1.75,1.37
2015.08.11 19:42:02.122,0.85622,0.85665,1.75,1.37
2015.08.11 19:42:02.422,0.85623,0.85665,1.75,1.37
2015.08.11 19:42:02.523,0.85626,0.85665,1.75,1.00
2015.08.11 19:42:02.624,0.85623,0.85672,1.75,1.12
2015.08.11 19:42:02.825,0.85631,0.85679,1.75,1.35
2015.08.11 19:42:03.335,0.85632,0.85678,2.25,1.37
2015.08.11 19:42:04.043,0.85632,0.85678,2.25,1.50
2015.08.11 19:42:05.529,0.85632,0.85678,2.85,1.37
2015.08.11 19:42:09.896,0.85635,0.85678,1.75,1.37
2015.08.11 19:42:10.610,0.85636,0.85677,1.75,1.12
2015.08.11 19:42:11.961,0.85634,0.85677,1.75,1.12
2015.08.11 19:42:16.342,0.85634,0.85677,1.75,1.12
2015.08.11 19:42:19.880,0.85634,0.85677,1.75,1.00
2015.08.11 19:42:19.931,0.85637,0.85683,1.75,1.37
2015.08.11 19:42:20.483,0.85637,0.85683,1.75,1.37
2015.08.11 19:42:21.100,0.85637,0.85683,1.75,1.37
2015.08.11 19:42:27.833,0.85638,0.85682,1.75,1.37
2015.08.11 19:42:30.005,0.85638,0.85679,1.75,1.00
2015.08.11 19:42:32.094,0.85638,0.85682,1.75,1.37
2015.08.11 19:42:33.855,0.85638,0.8568,1.75,1.12
2015.08.11 19:42:35.724,0.85638,0.85682,1.75,1.37
2015.08.11 19:42:37.973,0.85638,0.8568,1.75,1.37
2015.08.11 19:42:44.085,0.85638,0.85681,1.75,1.37
2015.08.11 19:42:44.192,0.85638,0.85681,1.37,1.75
2015.08.11 19:42:44.495,0.85637,0.85679,1.37,1.35
2015.08.11 19:42:45.079,0.85637,0.85667,1.00,1.00
2015.08.11 19:42:45.130,0.85628,0.85667,1.72,1.00
2015.08.11 19:42:45.399,0.85628,0.85667,2.10,1.12
2015.08.11 19:42:52.297,0.85632,0.85669,1.50,1.37
2015.08.11 19:42:52.348,0.85627,0.85669,1.87,1.72
2015.08.11 19:42:52.547,0.85627,0.85669,1.87,1.72
2015.08.11 19:42:52.749,0.85627,0.85667,1.12,1.00
2015.08.11 19:42:52.850,0.85627,0.85668,2.05,1.12
2015.08.11 19:42:53.379,0.85628,0.85667,1.75,1.00
2015.08.11 19:42:54.391,0.85633,0.85669,1.75,1.37
2015.08.11 19:42:55.602,0.85632,0.85669,1.75,1.12
2015.08.11 19:42:55.703,0.85632,0.85675,1.75,1.37
2015.08.11 19:42:56.372,0.85628,0.85675,2.25,1.50
2015.08.11 19:42:57.033,0.85628,0.85675,1.75,1.37
2015.08.11 19:42:59.520,0.85628,0.85677,1.75,1.50
2015.08.11 19:42:59.907,0.85628,0.85677,1.75,1.75
2015.08.11 19:43:00.121,0.85628,0.85677,1.75,1.75
2015.08.11 19:43:01.168,0.85628,0.85676,1.75,1.75
2015.08.11 19:43:01.651,0.8563,0.85676,1.75,1.37
2015.08.11 19:43:02.144,0.85632,0.85683,1.75,1.87
2015.08.11 19:43:02.324,0.85636,0.85683,1.35,1.87
2015.08.11 19:43:03.012,0.85636,0.85677,1.35,1.37
2015.08.11 19:43:03.420,0.85637,0.85683,1.75,1.87
2015.08.11 19:43:07.945,0.85638,0.85682,1.75,1.75
2015.08.11 19:43:08.514,0.85638,0.85677,1.75,1.37
2015.08.11 19:43:11.824,0.85636,0.85672,1.35,1.00
2015.08.11 19:43:14.801,0.85636,0.85677,1.35,1.37
2015.08.11 19:43:14.852,0.85636,0.85677,1.35,1.37
2015.08.11 19:43:15.194,0.85636,0.85672,1.35,1.00
2015.08.11 19:43:15.764,0.8564,0.85672,1.35,1.00
2015.08.11 19:43:16.829,0.85639,0.85672,1.35,1.00
2015.08.11 19:43:17.279,0.85635,0.85672,1.35,1.00
2015.08.11 19:43:17.684,0.85635,0.85675,1.35,1.37
2015.08.11 19:43:17.785,0.85635,0.85675,1.35,1.12
2015.08.11 19:43:18.303,0.85635,0.85677,1.35,1.37
2015.08.11 19:43:19.282,0.85633,0.85677,2.85,1.00
2015.08.11 19:43:19.333,0.85633,0.85676,1.37,1.35
2015.08.11 19:43:19.491,0.8563,0.85668,1.30,1.00
2015.08.11 19:43:19.841,0.8563,0.85672,1.30,1.00
2015.08.11 19:43:19.892,0.8563,0.85672,1.35,1.00
2015.08.11 19:43:20.055,0.85633,0.85677,1.37,1.75
2015.08.11 19:43:20.474,0.85635,0.85677,1.37,1.00
2015.08.11 19:43:20.576,0.85635,0.85677,3.22,1.00
2015.08.11 19:43:21.366,0.85639,0.85677,1.35,1.00
2015.08.11 19:43:21.693,0.85639,0.85677,1.35,1.00
2015.08.11 19:43:22.254,0.85639,0.85678,1.35,1.12
2015.08.11 19:43:22.557,0.85633,0.85677,1.75,1.50
2015.08.11 19:43:23.191,0.85634,0.85678,1.35,1.75
2015.08.11 19:43:23.405,0.85634,0.85677,1.67,1.75
2015.08.11 19:43:27.811,0.85634,0.85677,1.35,1.75
2015.08.11 19:43:28.136,0.85634,0.85673,1.35,1.50
2015.08.11 19:43:48.824,0.85633,0.85673,1.67,1.72
2015.08.11 19:43:48.924,0.85633,0.8567,1.67,1.12
2015.08.11 19:43:49.226,0.85635,0.85669,1.35,1.00
2015.08.11 19:43:54.523,0.85634,0.85672,1.35,1.37
2015.08.11 19:43:55.898,0.85633,0.85673,2.47,2.25
2015.08.11 19:43:56.245,0.85628,0.85668,1.35,1.75
2015.08.11 19:44:00.650,0.85628,0.85667,1.35,1.75
2015.08.11 19:44:02.674,0.8563,0.85667,1.35,1.37
2015.08.11 19:44:02.875,0.8563,0.85667,1.35,1.12
2015.08.11 19:44:38.160,0.85632,0.85673,1.35,1.50
2015.08.11 19:44:45.134,0.85632,0.85673,1.35,1.75
2015.08.11 19:44:47.338,0.85632,0.85673,1.35,1.75
2015.08.11 19:44:49.779,0.85632,0.85672,1.35,1.37
2015.08.11 19:44:55.092,0.85632,0.85667,1.35,1.00
2015.08.11 19:44:58.164,0.85632,0.85667,1.35,1.00
2015.08.11 19:45:00.157,0.85632,0.85673,1.35,1.50
2015.08.11 19:45:00.765,0.85632,0.85673,1.35,1.37
2015.08.11 19:45:01.570,0.85632,0.85672,1.35,1.37
2015.08.11 19:45:01.862,0.85632,0.85672,1.35,1.37
2015.08.11 19:45:06.113,0.85632,0.85672,1.35,1.75
2015.08.11 19:45:20.012,0.85632,0.85672,1.35,1.37
2015.08.11 19:45:26.130,0.85632,0.85672,1.35,1.75
2015.08.11 19:45:30.826,0.85632,0.85672,1.67,1.75
2015.08.11 19:45:40.455,0.85638,0.85677,1.35,1.00
2015.08.11 19:45:40.556,0.85638,0.85677,1.35,1.00
2015.08.11 19:45:40.657,0.85638,0.85683,2.10,1.37
2015.08.11 19:45:41.031,0.85642,0.85683,1.35,1.37
2015.08.11 19:45:42.149,0.85644,0.85682,1.75,1.00
2015.08.11 19:45:42.804,0.85644,0.85682,1.75,1.00
2015.08.11 19:45:43.347,0.85644,0.85683,1.75,1.12
2015.08.11 19:45:44.942,0.85642,0.85683,1.35,1.00
2015.08.11 19:45:45.043,0.85643,0.85687,1.75,1.12
2015.08.11 19:45:45.898,0.85645,0.85687,1.75,1.12
2015.08.11 19:45:49.168,0.85645,0.85687,1.75,1.37
2015.08.11 19:45:49.569,0.85643,0.85687,1.75,1.37
2015.08.11 19:45:50.614,0.85642,0.85688,2.10,1.37
2015.08.11 19:45:50.715,0.85643,0.85687,1.75,1.37
2015.08.11 19:45:51.132,0.85642,0.85683,1.35,1.37
2015.08.11 19:45:51.285,0.85642,0.85683,1.35,1.37
2015.08.11 19:46:00.301,0.85642,0.85683,2.10,1.37
2015.08.11 19:46:02.540,0.85642,0.85682,1.35,1.12
2015.08.11 19:46:02.843,0.85652,0.85687,1.50,1.00
2015.08.11 19:46:02.944,0.85652,0.85687,1.37,1.37
2015.08.11 19:46:03.136,0.85652,0.85687,1.12,1.75
2015.08.11 19:46:03.338,0.85652,0.85687,1.00,1.37
2015.08.11 19:46:04.089,0.85652,0.85683,1.12,1.12
2015.08.11 19:46:04.143,0.85642,0.85683,1.72,1.00
2015.08.11 19:46:04.243,0.85644,0.85683,1.35,1.37
2015.08.11 19:46:14.584,0.85644,0.85682,1.35,1.00
2015.08.11 19:46:18.828,0.85644,0.85682,1.67,1.37
2015.08.11 19:46:25.641,0.85644,0.85687,1.35,1.37
2015.08.11 19:46:27.244,0.85644,0.85687,1.35,1.50
2015.08.11 19:46:35.905,0.85643,0.85687,2.10,1.50
2015.08.11 19:46:40.358,0.85643,0.85687,2.10,1.75
2015.08.11 19:46:41.030,0.85643,0.85687,2.10,1.75
2015.08.11 19:46:41.080,0.85643,0.85687,2.10,1.37
2015.08.11 19:46:41.787,0.85643,0.85683,2.10,1.37
2015.08.11 19:46:41.888,0.85643,0.85682,2.10,1.12
2015.08.11 19:46:42.533,0.85643,0.85683,1.35,1.37
2015.08.11 19:46:45.376,0.85643,0.85683,1.35,1.37
2015.08.11 19:46:55.490,0.85643,0.85683,1.67,1.87
2015.08.11 19:46:57.042,0.85643,0.85683,1.35,1.87
2015.08.11 19:46:57.776,0.85643,0.85682,2.10,1.37
2015.08.11 19:46:58.781,0.8565,0.85682,2.47,1.37
2015.08.11 19:46:59.596,0.8565,0.85682,2.47,1.37
2015.08.11 19:47:00.154,0.8565,0.85682,2.47,1.12
2015.08.11 19:47:00.793,0.85653,0.85682,1.30,1.37
2015.08.11 19:47:00.954,0.85645,0.85691,1.35,1.75
2015.08.11 19:47:01.610,0.8566,0.85697,1.35,1.12
2015.08.11 19:47:01.712,0.85657,0.85697,2.10,1.00
2015.08.11 19:47:01.762,0.85668,0.85697,1.00,1.00
2015.08.11 19:47:01.913,0.85682,0.85717,2.10,1.00
2015.08.11 19:47:02.528,0.8568,0.85722,2.10,1.00
2015.08.11 19:47:02.710,0.8568,0.85718,2.10,1.00
2015.08.11 19:47:03.268,0.8568,0.85717,2.10,1.00
2015.08.11 19:47:03.319,0.85678,0.85717,3.22,1.00
2015.08.11 19:47:03.370,0.85678,0.85723,2.47,1.00
2015.08.11 19:47:03.853,0.85677,0.85717,1.35,1.00
2015.08.11 19:47:04.162,0.85677,0.85713,1.35,1.00
2015.08.11 19:47:04.263,0.85679,0.85713,1.30,1.00
2015.08.11 19:47:04.464,0.85672,0.85718,1.35,1.50
2015.08.11 19:47:04.675,0.85664,0.85712,1.57,1.75
2015.08.11 19:47:05.239,0.85666,0.85712,1.30,1.75
2015.08.11 19:47:05.289,0.85658,0.85702,1.35,1.37
2015.08.11 19:47:05.592,0.85658,0.85697,1.35,1.00
2015.08.11 19:47:06.275,0.85657,0.85697,1.35,1.12
2015.08.11 19:47:07.449,0.85658,0.85698,1.35,1.00
2015.08.11 19:47:07.506,0.85662,0.85713,1.35,1.75
2015.08.11 19:47:08.091,0.85662,0.85703,1.35,1.00
2015.08.11 19:47:08.951,0.85663,0.85707,1.50,1.37
2015.08.11 19:47:09.002,0.85662,0.85702,1.35,1.00
2015.08.11 19:47:09.591,0.85662,0.85703,1.35,1.00
2015.08.11 19:47:09.921,0.85662,0.85708,2.10,1.37
2015.08.11 19:47:10.760,0.85658,0.85697,2.10,1.00
2015.08.11 19:47:11.352,0.85658,0.85698,1.35,1.00
2015.08.11 19:47:11.656,0.85658,0.85698,2.10,1.00
2015.08.11 19:47:11.830,0.85663,0.85702,1.75,1.00
2015.08.11 19:47:12.345,0.85658,0.85703,2.10,1.00
2015.08.11 19:47:12.446,0.85658,0.85703,1.35,1.00
2015.08.11 19:47:12.597,0.85659,0.85708,1.75,1.37
2015.08.11 19:47:12.916,0.85658,0.85702,2.10,1.00
2015.08.11 19:47:13.325,0.85659,0.85702,1.75,1.00
2015.08.11 19:47:13.654,0.85658,0.85703,1.35,1.00
2015.08.11 19:47:13.805,0.8566,0.85707,1.75,1.37
2015.08.11 19:47:13.856,0.8566,0.85707,1.75,1.37
2015.08.11 19:47:14.444,0.8566,0.85707,1.75,1.37
2015.08.11 19:47:14.495,0.85658,0.85703,1.35,1.00
2015.08.11 19:47:14.686,0.85663,0.85707,1.37,1.37
2015.08.11 19:47:14.781,0.85669,0.85707,2.10,1.37
2015.08.11 19:47:15.139,0.8567,0.85707,1.35,1.37
2015.08.11 19:47:15.237,0.85669,0.85707,2.47,1.37
2015.08.11 19:47:15.741,0.85669,0.85707,2.85,1.12
2015.08.11 19:47:20.371,0.85669,0.85702,2.85,1.00
2015.08.11 19:47:21.420,0.85671,0.85702,1.35,1.00
2015.08.11 19:47:21.470,0.85673,0.85702,1.30,1.00
2015.08.11 19:47:21.529,0.85669,0.85702,2.47,1.37
2015.08.11 19:47:22.073,0.85665,0.85697,2.10,1.00
2015.08.11 19:47:22.174,0.85665,0.85697,1.72,1.00
2015.08.11 19:47:24.860,0.85664,0.85697,2.10,1.00
2015.08.11 19:47:24.911,0.85664,0.85703,2.10,1.12
2015.08.11 19:47:24.962,0.85665,0.85703,1.35,1.00
2015.08.11 19:47:25.599,0.85668,0.85707,1.35,1.37
2015.08.11 19:47:26.309,0.85668,0.85707,1.35,1.37
2015.08.11 19:47:26.974,0.85668,0.85707,1.35,1.37
2015.08.11 19:47:32.099,0.85668,0.85707,1.35,1.50
2015.08.11 19:47:33.825,0.85668,0.85702,1.35,1.00
2015.08.11 19:47:36.871,0.85668,0.85707,1.35,1.37
2015.08.11 19:47:39.411,0.85668,0.85702,1.35,1.00
2015.08.11 19:47:42.043,0.85668,0.85707,1.35,1.37
2015.08.11 19:47:42.591,0.85668,0.85702,1.35,1.00
2015.08.11 19:47:43.582,0.85668,0.85708,1.35,1.50
2015.08.11 19:47:46.341,0.85668,0.85703,1.67,1.37
2015.08.11 19:47:52.519,0.85674,0.85715,1.75,1.00
2015.08.11 19:47:53.040,0.85675,0.85718,1.75,1.37
2015.08.11 19:47:54.123,0.85675,0.85722,1.75,1.75
2015.08.11 19:47:54.173,0.85675,0.85713,1.75,1.00
2015.08.11 19:47:54.673,0.85671,0.85713,1.35,1.00
2015.08.11 19:48:01.944,0.85671,0.85713,1.35,1.00
2015.08.11 19:48:07.280,0.85671,0.85712,1.35,1.00
2015.08.11 19:48:07.889,0.85669,0.85712,2.10,1.12
2015.08.11 19:48:12.596,0.85673,0.85717,1.75,1.50
2015.08.11 19:48:13.685,0.85673,0.85717,1.75,1.75
2015.08.11 19:48:19.810,0.85669,0.85713,1.67,1.00
2015.08.11 19:48:19.861,0.8567,0.85717,1.37,1.50
2015.08.11 19:48:20.303,0.85673,0.85717,1.75,1.87
2015.08.11 19:48:20.818,0.85678,0.85717,1.35,1.00
2015.08.11 19:48:21.425,0.85678,0.85722,2.10,1.37
2015.08.11 19:48:23.580,0.85682,0.85722,1.75,1.12
2015.08.11 19:48:30.019,0.85686,0.85722,2.47,1.12
2015.08.11 19:48:30.120,0.85689,0.85723,1.97,1.12
2015.08.11 19:48:30.425,0.8569,0.85727,1.67,1.37
2015.08.11 19:48:31.205,0.85689,0.85728,1.97,1.75
2015.08.11 19:48:31.508,0.85689,0.85727,1.12,1.75
2015.08.11 19:48:31.609,0.85683,0.85726,1.35,1.75
2015.08.11 19:48:31.937,0.85679,0.85718,1.12,1.00
2015.08.11 19:48:32.703,0.85679,0.85718,1.75,1.00
2015.08.11 19:48:35.084,0.85678,0.85717,1.75,1.00
2015.08.11 19:48:38.980,0.85678,0.85717,1.75,1.12
2015.08.11 19:48:42.419,0.85678,0.85717,1.75,1.00
2015.08.11 19:48:42.722,0.85683,0.85717,1.75,1.00
2015.08.11 19:48:42.920,0.85683,0.85722,2.25,1.00
2015.08.11 19:48:43.833,0.85683,0.85722,2.25,1.00
2015.08.11 19:48:43.934,0.85683,0.85722,2.25,1.00
2015.08.11 19:48:44.672,0.85683,0.85722,2.25,1.12
2015.08.11 19:48:44.773,0.85683,0.85718,1.37,1.00
2015.08.11 19:48:47.080,0.8568,0.85717,1.75,1.00
2015.08.11 19:48:48.070,0.85683,0.85722,1.37,1.37
2015.08.11 19:48:53.028,0.85683,0.85722,1.75,1.37
2015.08.11 19:48:53.098,0.85683,0.85722,1.75,1.37
2015.08.11 19:48:54.120,0.85683,0.85722,1.75,1.00
2015.08.11 19:49:01.071,0.85683,0.85722,1.75,1.12
2015.08.11 19:49:01.472,0.85683,0.85722,1.37,1.37
2015.08.11 19:49:01.693,0.85683,0.85722,1.37,1.37
2015.08.11 19:49:02.621,0.8568,0.85718,1.50,1.00
2015.08.11 19:49:03.928,0.8568,0.85722,1.75,1.37
2015.08.11 19:49:04.240,0.85683,0.85722,1.75,1.37
2015.08.11 19:49:04.699,0.85683,0.85722,2.25,1.12
2015.08.11 19:49:05.297,0.85683,0.85722,2.25,1.00
2015.08.11 19:49:05.354,0.85687,0.85728,1.37,1.37
2015.08.11 19:49:06.194,0.85688,0.85729,1.50,1.12
2015.08.11 19:49:08.072,0.85689,0.85728,1.75,1.37
2015.08.11 19:49:08.124,0.85696,0.85731,1.30,1.37
2015.08.11 19:49:08.225,0.85696,0.85732,1.30,1.37
2015.08.11 19:49:08.439,0.85693,0.85732,2.10,1.12
2015.08.11 19:49:14.920,0.85688,0.85733,2.10,1.37
2015.08.11 19:49:15.465,0.85688,0.85733,2.10,1.37
2015.08.11 19:49:15.970,0.85688,0.85737,1.72,1.75
2015.08.11 19:49:16.636,0.85688,0.85727,1.35,1.37
2015.08.11 19:49:16.687,0.85685,0.85728,1.35,1.50
2015.08.11 19:49:16.738,0.85682,0.85728,3.60,1.50
2015.08.11 19:49:17.293,0.85682,0.85728,3.60,1.75
2015.08.11 19:49:18.274,0.85688,0.85728,1.30,1.75
2015.08.11 19:49:18.325,0.85681,0.85727,1.35,1.75
2015.08.11 19:49:18.629,0.8568,0.85723,2.10,1.75
2015.08.11 19:49:18.730,0.85678,0.85723,1.35,1.75
2015.08.11 19:49:30.689,0.85673,0.85718,1.75,1.87
2015.08.11 19:49:41.064,0.85672,0.85718,2.85,1.50
2015.08.11 19:49:45.312,0.85672,0.85718,2.85,1.50
2015.08.11 19:49:45.963,0.85673,0.85712,1.50,1.12
2015.08.11 19:49:46.014,0.85673,0.85712,1.37,1.37
2015.08.11 19:49:47.306,0.85673,0.85712,1.50,1.37
2015.08.11 19:49:47.642,0.85672,0.85717,2.10,1.75
2015.08.11 19:49:48.419,0.85678,0.85717,1.37,1.37
2015.08.11 19:49:48.521,0.85679,0.85717,1.35,1.50
2015.08.11 19:49:48.681,0.85678,0.85717,3.60,1.37
2015.08.11 19:49:50.424,0.85678,0.85712,2.47,1.37
2015.08.11 19:49:51.418,0.85674,0.85717,1.35,1.75
2015.08.11 19:49:55.304,0.85673,0.85718,1.75,1.50
2015.08.11 19:50:00.027,0.85673,0.85712,1.75,1.00
2015.08.11 19:50:00.551,0.85673,0.85717,2.25,1.37
2015.08.11 19:50:01.902,0.85673,0.85717,1.37,1.75
2015.08.11 19:50:02.561,0.85673,0.85713,1.37,1.75
2015.08.11 19:50:04.139,0.8567,0.85713,1.50,1.75
2015.08.11 19:50:06.444,0.8567,0.85713,1.75,1.50
2015.08.11 19:50:06.595,0.8567,0.85713,1.75,1.75
2015.08.11 19:50:09.762,0.85669,0.85702,1.37,1.00
2015.08.11 19:50:13.228,0.85669,0.85702,1.50,1.00
2015.08.11 19:50:13.329,0.8567,0.85702,1.37,1.00
2015.08.11 19:50:16.578,0.85668,0.85702,1.75,1.12
2015.08.11 19:50:25.932,0.8567,0.85702,1.37,1.37
2015.08.11 19:50:26.475,0.8567,0.85702,1.37,1.37
2015.08.11 19:50:27.048,0.8567,0.85702,1.37,1.37
2015.08.11 19:50:27.579,0.8567,0.85702,1.12,1.37
2015.08.11 19:50:31.795,0.85665,0.85702,1.12,1.37
2015.08.11 19:50:35.180,0.8566,0.85703,1.75,1.37
2015.08.11 19:50:44.233,0.85661,0.85703,1.12,1.37
2015.08.11 19:50:46.030,0.85661,0.85703,1.12,1.37
2015.08.11 19:50:46.335,0.85661,0.85702,1.75,1.37
2015.08.11 19:50:46.438,0.85663,0.85707,1.75,1.75
2015.08.11 19:50:46.942,0.85661,0.85702,1.37,1.75
2015.08.11 19:50:51.848,0.85658,0.85703,1.75,1.50
2015.08.11 19:50:53.052,0.85659,0.85702,1.75,1.37
2015.08.11 19:50:56.558,0.85659,0.85702,1.75,1.50
2015.08.11 19:50:57.447,0.85659,0.85702,1.75,1.75
2015.08.11 19:50:58.809,0.85662,0.85702,1.37,1.50
2015.08.11 19:51:01.375,0.85662,0.85702,1.37,1.50
2015.08.11 19:51:03.896,0.85662,0.85702,1.37,1.37
2015.08.11 19:51:05.908,0.85662,0.85702,1.00,1.75
2015.08.11 19:51:06.059,0.85654,0.85698,1.37,1.87
2015.08.11 19:51:06.210,0.85654,0.85698,1.37,1.12
2015.08.11 19:51:16.394,0.85652,0.85693,1.37,1.75
2015.08.11 19:51:16.963,0.85652,0.85693,1.37,1.75
2015.08.11 19:51:17.760,0.85652,0.85693,1.37,1.75
2015.08.11 19:51:18.398,0.85652,0.85693,1.37,1.75
2015.08.11 19:51:19.022,0.85652,0.85693,1.37,1.75
2015.08.11 19:51:26.117,0.85649,0.85687,1.67,1.37
2015.08.11 19:51:30.423,0.85648,0.85687,2.10,1.37
2015.08.11 19:51:31.471,0.85649,0.85687,1.67,1.37
2015.08.11 19:51:34.043,0.85648,0.85687,1.97,1.37
2015.08.11 19:51:35.647,0.85648,0.85688,1.35,1.37
2015.08.11 19:51:39.689,0.8565,0.85687,1.67,1.37
2015.08.11 19:51:40.783,0.85648,0.85687,2.10,1.37
2015.08.11 19:51:44.600,0.85648,0.85687,1.97,1.00
2015.08.11 19:51:45.122,0.8565,0.85698,2.85,1.37
2015.08.11 19:51:45.579,0.85653,0.85692,1.75,1.00
2015.08.11 19:51:45.929,0.8565,0.85697,1.75,2.25
2015.08.11 19:51:45.979,0.85648,0.85689,1.75,1.37
2015.08.11 19:51:46.080,0.85648,0.85689,1.75,1.37
2015.08.11 19:51:46.587,0.85648,0.85689,1.75,1.50
2015.08.11 19:51:51.216,0.85648,0.85688,1.75,1.37
2015.08.11 19:51:51.317,0.85648,0.85688,1.75,1.37
2015.08.11 19:51:51.608,0.85648,0.85692,1.75,1.75
2015.08.11 19:51:53.645,0.85653,0.85692,1.37,1.75
2015.08.11 19:51:54.046,0.85652,0.85693,1.75,2.25
2015.08.11 19:51:55.375,0.85653,0.85692,1.75,1.37
2015.08.11 19:51:55.884,0.85653,0.85692,1.50,1.37
2015.08.11 19:51:57.371,0.85653,0.85692,1.75,1.37
2015.08.11 19:51:59.936,0.85653,0.85697,1.50,1.75
2015.08.11 19:52:00.894,0.85653,0.85692,1.75,1.50
2015.08.11 19:52:01.696,0.85653,0.85692,1.37,1.50
2015.08.11 19:52:04.178,0.85652,0.85698,1.75,2.10
2015.08.11 19:52:08.754,0.85652,0.85693,1.50,1.87
2015.08.11 19:52:10.773,0.85652,0.85693,1.50,2.25
2015.08.11 19:52:11.355,0.85652,0.85698,1.75,2.10
2015.08.11 19:52:13.733,0.85653,0.85692,1.50,1.50
2015.08.11 19:52:14.631,0.85653,0.85692,1.37,1.75
2015.08.11 19:52:14.682,0.85653,0.85692,1.37,1.75
2015.08.11 19:52:15.235,0.85653,0.85692,1.37,1.75
2015.08.11 19:52:28.204,0.85653,0.85692,1.37,1.75
2015.08.11 19:52:28.733,0.85653,0.85692,1.00,1.75
2015.08.11 19:52:30.966,0.85653,0.85688,1.37,1.37
2015.08.11 19:52:38.404,0.85653,0.85692,1.37,2.25
2015.08.11 19:52:43.567,0.85653,0.85692,1.50,1.37
2015.08.11 19:52:44.105,0.85653,0.85692,1.50,1.50
2015.08.11 19:52:46.576,0.85653,0.85692,1.50,1.37
2015.08.11 19:52:46.777,0.85653,0.85692,1.50,1.50
2015.08.11 19:52:48.459,0.85653,0.85692,1.37,1.37
2015.08.11 19:52:49.121,0.85653,0.85691,1.37,1.12
2015.08.11 19:53:00.601,0.85653,0.85692,1.50,2.25
2015.08.11 19:53:01.185,0.85652,0.85691,1.75,1.12
2015.08.11 19:53:02.368,0.85653,0.85691,1.75,1.00
2015.08.11 19:53:02.895,0.85653,0.85692,1.75,1.12
2015.08.11 19:53:03.277,0.85652,0.85693,1.75,1.00
2015.08.11 19:53:04.392,0.85657,0.85698,1.75,1.87
2015.08.11 19:53:09.826,0.85657,0.85696,1.75,1.00
2015.08.11 19:53:11.195,0.85657,0.85696,1.75,1.37
2015.08.11 19:53:11.318,0.85657,0.85696,1.37,1.12
2015.08.11 19:53:11.822,0.85657,0.85695,1.37,1.37
2015.08.11 19:53:12.465,0.85653,0.85693,1.75,1.37
2015.08.11 19:53:16.103,0.85652,0.85692,1.75,1.37
2015.08.11 19:53:17.196,0.85652,0.85692,1.75,1.00
2015.08.11 19:53:17.310,0.85664,0.85705,1.35,1.37
2015.08.11 19:53:17.637,0.85673,0.85705,1.00,1.37
2015.08.11 19:53:17.862,0.85667,0.85705,1.37,1.37
2015.08.11 19:53:18.472,0.85667,0.85705,1.37,1.37
2015.08.11 19:53:18.734,0.85667,0.85705,1.37,1.37
2015.08.11 19:53:19.405,0.85672,0.85712,1.00,1.75
2015.08.11 19:53:20.225,0.85672,0.85712,1.37,1.75
2015.08.11 19:53:20.825,0.85667,0.85708,1.50,1.75
2015.08.11 19:53:23.243,0.85668,0.85709,1.37,1.75
2015.08.11 19:53:23.349,0.85667,0.85708,1.37,1.75
2015.08.11 19:53:23.450,0.85667,0.85709,1.37,1.75
2015.08.11 19:53:23.846,0.85668,0.85707,1.37,1.75
2015.08.11 19:53:25.494,0.85668,0.85706,1.37,1.12
2015.08.11 19:53:25.755,0.85668,0.85706,1.12,1.12
2015.08.11 19:53:26.678,0.85668,0.85706,1.37,1.12
2015.08.11 19:53:38.652,0.85664,0.85707,1.35,1.75
2015.08.11 19:53:38.880,0.85665,0.85707,1.30,1.75
2015.08.11 19:53:39.344,0.85663,0.85703,1.37,1.75
2015.08.11 19:53:39.855,0.85658,0.857,1.50,1.12
2015.08.11 19:53:41.386,0.85657,0.85696,1.37,1.50
2015.08.11 19:53:41.590,0.85653,0.85696,1.67,1.75
2015.08.11 19:53:41.875,0.85653,0.85696,1.37,1.75
2015.08.11 19:53:46.967,0.85653,0.85697,1.50,1.75
2015.08.11 19:53:47.335,0.85653,0.85699,1.75,1.50
2015.08.11 19:53:47.436,0.85653,0.85699,1.75,1.37
2015.08.11 19:53:47.948,0.85657,0.85699,1.75,1.37
2015.08.11 19:53:48.612,0.85656,0.85697,1.35,1.37
2015.08.11 19:53:55.167,0.85656,0.85697,1.35,1.37
2015.08.11 19:53:57.545,0.85656,0.85697,1.35,1.37
2015.08.11 19:54:11.187,0.85655,0.85698,1.35,1.50
2015.08.11 19:54:15.752,0.85653,0.85697,2.10,1.75
2015.08.11 19:54:16.477,0.85654,0.85697,1.35,1.75
2015.08.11 19:54:16.578,0.85656,0.85697,1.67,1.37
2015.08.11 19:54:16.679,0.85658,0.85702,1.50,1.75
2015.08.11 19:54:16.836,0.85658,0.85702,1.50,1.75
2015.08.11 19:54:17.464,0.85662,0.85703,1.00,2.25
2015.08.11 19:54:17.674,0.85658,0.85697,1.37,1.37
2015.08.11 19:54:17.954,0.85658,0.85697,1.37,1.37
2015.08.11 19:54:18.355,0.85662,0.85703,1.37,2.25
2015.08.11 19:54:18.728,0.85662,0.85703,1.12,2.25
2015.08.11 19:54:20.718,0.85657,0.85698,1.87,1.75
2015.08.11 19:54:22.868,0.85658,0.85697,1.50,1.50
2015.08.11 19:54:22.969,0.85658,0.85697,1.50,1.37
2015.08.11 19:54:23.556,0.85654,0.85698,1.35,1.50
2015.08.11 19:54:24.083,0.85654,0.85698,1.35,1.75
2015.08.11 19:54:24.484,0.85653,0.85697,1.35,1.75
2015.08.11 19:54:26.580,0.85654,0.85697,1.35,1.75
2015.08.11 19:54:26.681,0.85654,0.85698,1.35,1.75
2015.08.11 19:54:30.557,0.85652,0.85698,1.75,1.75
2015.08.11 19:54:30.607,0.85652,0.85698,1.50,1.75
2015.08.11 19:54:32.019,0.85647,0.85691,2.10,1.75
2015.08.11 19:54:39.175,0.85652,0.85693,1.37,1.75
2015.08.11 19:54:40.086,0.85652,0.85693,1.50,1.75
2015.08.11 19:54:40.403,0.85653,0.85692,1.75,1.37
2015.08.11 19:54:41.957,0.85653,0.85692,1.75,1.37
2015.08.11 19:54:46.095,0.85658,0.85697,1.37,1.50
2015.08.11 19:54:46.196,0.85657,0.857,1.75,1.75
2015.08.11 19:54:46.414,0.85657,0.857,1.75,1.75
2015.08.11 19:54:46.810,0.85658,0.85703,1.75,1.75
2015.08.11 19:54:48.017,0.85658,0.85705,1.37,1.75
2015.08.11 19:54:48.819,0.85653,0.85698,1.35,1.75
2015.08.11 19:54:49.813,0.85654,0.85697,1.35,1.50
2015.08.11 19:54:50.613,0.85657,0.85698,1.37,1.75
2015.08.11 19:54:51.005,0.85658,0.85697,1.00,1.37
2015.08.11 19:54:52.124,0.85658,0.85697,1.37,1.50
2015.08.11 19:54:53.030,0.85658,0.85697,1.12,1.50
2015.08.11 19:54:53.109,0.85658,0.85697,1.37,1.75
2015.08.11 19:54:53.828,0.85656,0.85697,1.35,1.12
2015.08.11 19:54:53.929,0.85656,0.85697,1.67,1.75
2015.08.11 19:54:55.181,0.85653,0.85696,1.75,1.37
2015.08.11 19:54:57.734,0.85653,0.85697,1.50,1.75
2015.08.11 19:54:58.273,0.85653,0.85697,1.75,1.75
2015.08.11 19:54:58.323,0.85653,0.85697,1.50,1.75
2015.08.11 19:54:58.966,0.85653,0.85693,1.75,1.37
2015.08.11 19:54:59.154,0.85653,0.85692,2.25,1.37
2015.08.11 19:54:59.539,0.85653,0.85693,1.50,1.37
2015.08.11 19:54:59.640,0.85653,0.85692,1.37,1.37
2015.08.11 19:54:59.841,0.85653,0.85692,1.37,1.75
2015.08.11 19:55:00.523,0.85653,0.85697,1.75,1.75
2015.08.11 19:55:00.742,0.85653,0.85697,1.75,1.50
2015.08.11 19:55:01.248,0.85653,0.85697,1.75,1.37
2015.08.11 19:55:02.001,0.85654,0.85698,1.75,1.37
2015.08.11 19:55:02.052,0.85654,0.85698,1.75,1.50
2015.08.11 19:55:02.450,0.85654,0.85698,1.75,1.75
2015.08.11 19:55:02.552,0.85654,0.85698,1.50,1.50
2015.08.11 19:55:02.850,0.85654,0.85693,1.50,1.37
2015.08.11 19:55:03.445,0.85652,0.85693,1.75,1.37
2015.08.11 19:55:09.287,0.85653,0.85697,1.75,1.75
2015.08.11 19:55:09.976,0.85653,0.85697,1.75,1.75
2015.08.11 19:55:16.374,0.85653,0.85696,1.75,1.50
2015.08.11 19:55:17.185,0.85653,0.85696,1.75,1.37
2015.08.11 19:55:25.671,0.85658,0.85702,1.75,2.25
2015.08.11 19:55:26.431,0.85653,0.85697,1.75,1.75
2015.08.11 19:55:32.006,0.85653,0.85697,1.75,1.50
2015.08.11 19:55:32.309,0.85658,0.85702,1.75,1.75
2015.08.11 19:55:32.608,0.85657,0.85698,1.75,1.37
2015.08.11 19:55:32.708,0.85657,0.85698,1.75,1.37
2015.08.11 19:55:33.031,0.85666,0.85703,2.47,1.75
2015.08.11 19:55:33.520,0.85666,0.85703,2.47,1.75
2015.08.11 19:55:33.811,0.85666,0.85703,2.47,1.75
2015.08.11 19:55:34.134,0.85663,0.85702,1.37,1.75
2015.08.11 19:55:42.795,0.85658,0.85697,1.50,1.37
2015.08.11 19:55:46.954,0.85662,0.85698,1.37,1.37
2015.08.11 19:56:01.963,0.85662,0.85699,1.37,1.37
2015.08.11 19:56:16.187,0.85662,0.85703,1.37,2.25
2015.08.11 19:56:16.995,0.85662,0.85703,1.37,2.25
2015.08.11 19:56:30.137,0.85662,0.85699,1.37,1.12
2015.08.11 19:56:32.080,0.85662,0.85699,1.37,1.12
2015.08.11 19:56:32.640,0.85662,0.85699,1.37,1.37
2015.08.11 19:56:34.199,0.85662,0.85699,1.50,1.37
2015.08.11 19:56:39.860,0.85663,0.85702,1.97,1.50
2015.08.11 19:56:41.332,0.85662,0.85701,1.97,1.75
2015.08.11 19:56:41.652,0.85667,0.857,2.47,1.37
2015.08.11 19:56:42.383,0.85663,0.85701,2.10,1.75
2015.08.11 19:56:42.433,0.85663,0.857,1.72,1.37
2015.08.11 19:56:51.197,0.85663,0.85702,1.72,1.75
2015.08.11 19:56:51.897,0.85663,0.85702,2.10,1.50
2015.08.11 19:56:54.856,0.85658,0.85697,1.37,1.37
2015.08.11 19:56:55.443,0.85656,0.85692,1.67,1.00
2015.08.11 19:56:55.712,0.85655,0.85692,1.35,1.37
2015.08.11 19:56:56.504,0.85653,0.85692,2.47,1.50
2015.08.11 19:56:57.743,0.85647,0.85688,2.10,1.37
2015.08.11 19:57:01.169,0.85647,0.85688,2.10,1.37
2015.08.11 19:57:01.542,0.85647,0.85692,1.35,1.37
2015.08.11 19:57:01.643,0.85647,0.85692,2.10,1.37
2015.08.11 19:57:03.943,0.85647,0.85692,2.10,1.37
2015.08.11 19:57:04.044,0.85649,0.85692,2.25,1.12
2015.08.11 19:57:04.918,0.85653,0.85692,1.75,1.00
2015.08.11 19:57:05.429,0.85653,0.85692,1.75,1.00
2015.08.11 19:57:05.631,0.85654,0.85698,1.05,1.37
2015.08.11 19:57:06.706,0.85657,0.85698,1.75,1.50
2015.08.11 19:57:06.759,0.85657,0.85698,1.50,1.75
2015.08.11 19:57:06.860,0.85657,0.85698,1.37,1.75
2015.08.11 19:57:06.961,0.85657,0.85698,1.37,1.75
2015.08.11 19:57:07.338,0.85649,0.85697,1.50,1.37
2015.08.11 19:57:07.388,0.85648,0.85692,2.25,1.00
2015.08.11 19:57:07.590,0.85648,0.85697,2.25,1.37
2015.08.11 19:57:08.149,0.85648,0.85697,2.25,1.75
2015.08.11 19:57:08.585,0.85656,0.85692,1.37,1.37
2015.08.11 19:57:08.902,0.85658,0.85693,1.35,1.00
2015.08.11 19:57:09.590,0.85663,0.85693,1.37,1.00
2015.08.11 19:57:09.641,0.85663,0.85698,1.37,1.00
2015.08.11 19:57:09.692,0.85663,0.85699,1.37,1.12
2015.08.11 19:57:10.239,0.8566,0.85697,1.67,1.12
2015.08.11 19:57:11.167,0.85661,0.85698,1.35,1.12
2015.08.11 19:57:12.243,0.8566,0.85703,1.35,1.50
2015.08.11 19:57:13.388,0.8566,0.85697,1.35,1.00
2015.08.11 19:57:14.018,0.8566,0.85698,1.35,1.37
2015.08.11 19:57:16.637,0.8566,0.85698,1.67,1.37
2015.08.11 19:57:17.399,0.8566,0.85698,1.35,1.37
2015.08.11 19:57:17.740,0.85658,0.85697,1.35,1.12
2015.08.11 19:57:18.043,0.85658,0.85697,1.75,1.37
2015.08.11 19:57:18.144,0.85658,0.85702,1.97,1.75
2015.08.11 19:57:18.762,0.85663,0.85702,1.00,1.75
2015.08.11 19:57:18.813,0.85658,0.85702,1.97,1.00
2015.08.11 19:57:19.369,0.85657,0.85703,2.47,1.00
2015.08.11 19:57:20.695,0.85659,0.85703,1.35,1.75
2015.08.11 19:57:24.475,0.85659,0.85703,1.67,1.75
2015.08.11 19:57:24.891,0.85659,0.85703,1.35,1.37
2015.08.11 19:57:25.093,0.8567,0.85707,1.67,1.37
2015.08.11 19:57:26.573,0.85658,0.85702,1.52,1.00
2015.08.11 19:57:26.625,0.85663,0.85707,1.00,2.62
2015.08.11 19:57:27.023,0.85658,0.85697,1.00,1.00
2015.08.11 19:57:27.872,0.85658,0.85697,1.50,1.37
2015.08.11 19:57:30.547,0.85658,0.85697,1.75,1.37
2015.08.11 19:57:31.804,0.85662,0.85698,1.75,1.00
2015.08.11 19:57:32.322,0.85668,0.85698,1.35,1.00
2015.08.11 19:57:32.376,0.85673,0.8571,1.37,1.37
2015.08.11 19:57:32.907,0.85673,0.8571,1.37,1.37
2015.08.11 19:57:35.197,0.85673,0.85712,1.37,1.50
2015.08.11 19:57:35.820,0.85673,0.85712,1.37,1.37
2015.08.11 19:57:36.878,0.85677,0.85718,1.37,1.50
2015.08.11 19:57:39.936,0.85673,0.85712,1.37,1.37
2015.08.11 19:57:40.498,0.85673,0.85712,1.37,1.37
2015.08.11 19:57:50.740,0.85672,0.85713,1.75,1.37
2015.08.11 19:57:51.312,0.85672,0.85713,1.75,1.12
2015.08.11 19:57:53.270,0.85672,0.85713,1.75,1.12
2015.08.11 19:57:53.580,0.85672,0.85713,1.37,1.37
2015.08.11 19:57:54.332,0.85678,0.85717,1.00,1.75
2015.08.11 19:57:54.551,0.85672,0.85713,1.37,1.37
2015.08.11 19:57:55.870,0.85673,0.85717,1.37,1.50
2015.08.11 19:57:56.514,0.85673,0.85717,1.37,1.75
2015.08.11 19:58:00.486,0.85668,0.85713,1.35,1.37
2015.08.11 19:58:02.701,0.85672,0.85713,2.25,1.37
2015.08.11 19:58:10.178,0.85673,0.85712,1.75,1.37
2015.08.11 19:58:10.644,0.85673,0.85712,1.37,1.37
2015.08.11 19:58:12.246,0.85673,0.85712,1.75,1.37
2015.08.11 19:58:12.546,0.85673,0.85712,1.12,1.50
2015.08.11 19:58:12.647,0.85673,0.85712,1.37,1.75
2015.08.11 19:58:13.151,0.85669,0.85708,1.72,1.37
2015.08.11 19:58:13.712,0.85669,0.85708,1.72,1.37
2015.08.11 19:58:14.030,0.85669,0.85708,1.72,1.37
2015.08.11 19:58:15.121,0.85673,0.85712,1.00,1.75
2015.08.11 19:58:15.776,0.85669,0.85707,1.97,1.37
2015.08.11 19:58:17.565,0.85669,0.85707,1.97,1.00
2015.08.11 19:58:20.053,0.85672,0.85713,1.37,1.50
2015.08.11 19:58:26.703,0.85672,0.85713,1.37,1.75
2015.08.11 19:58:27.490,0.8567,0.85707,1.30,1.50
2015.08.11 19:58:27.812,0.85668,0.85707,1.60,1.75
2015.08.11 19:58:32.301,0.85668,0.85707,1.97,1.75
2015.08.11 19:58:38.511,0.8567,0.85706,1.30,1.75
2015.08.11 19:58:43.122,0.8567,0.85708,1.30,1.75
2015.08.11 19:58:44.140,0.85673,0.8571,1.00,1.75
2015.08.11 19:58:44.787,0.85673,0.8571,1.37,1.75
2015.08.11 19:58:45.064,0.85673,0.8571,1.37,1.37
2015.08.11 19:58:45.283,0.85673,0.8571,1.37,1.75
2015.08.11 19:58:55.098,0.85673,0.85712,1.37,1.50
2015.08.11 19:58:55.198,0.85669,0.85713,1.35,1.75
2015.08.11 19:58:56.522,0.85671,0.85713,1.35,1.75
2015.08.11 19:58:58.699,0.85673,0.85712,1.37,1.50
2015.08.11 19:59:00.544,0.85672,0.85713,1.50,1.75
2015.08.11 19:59:00.899,0.8567,0.85711,1.35,1.75
2015.08.11 19:59:01.400,0.85671,0.85707,1.67,1.37
2015.08.11 19:59:02.090,0.85668,0.85708,1.35,1.37
2015.08.11 19:59:02.157,0.85668,0.85708,1.35,1.37
2015.08.11 19:59:02.605,0.85667,0.85708,2.10,1.75
2015.08.11 19:59:04.185,0.85668,0.85708,1.35,1.50
2015.08.11 19:59:05.568,0.85668,0.85708,1.35,1.37
2015.08.11 19:59:08.187,0.85673,0.85712,1.12,1.75
2015.08.11 19:59:10.192,0.85668,0.85708,1.35,1.37
2015.08.11 19:59:11.865,0.85668,0.85708,1.35,1.75
2015.08.11 19:59:28.245,0.85667,0.85708,1.87,1.37
2015.08.11 19:59:29.303,0.85667,0.85708,1.87,1.37
2015.08.11 19:59:29.612,0.85667,0.85708,1.87,1.37
2015.08.11 19:59:30.130,0.85673,0.85712,1.75,1.37
2015.08.11 19:59:30.707,0.85672,0.85708,1.50,1.00
2015.08.11 19:59:31.710,0.85672,0.85708,1.75,1.00
2015.08.11 19:59:32.507,0.85668,0.85708,1.12,1.37
2015.08.11 19:59:34.122,0.85668,0.85707,1.50,1.37
2015.08.11 19:59:34.240,0.85668,0.85707,1.87,1.75
2015.08.11 19:59:34.340,0.85668,0.85707,1.87,1.37
2015.08.11 19:59:34.542,0.85668,0.85712,1.50,1.75
2015.08.11 19:59:35.738,0.85668,0.85712,1.75,1.75
2015.08.11 19:59:36.937,0.85664,0.85708,1.97,1.75
2015.08.11 19:59:37.038,0.85664,0.85708,1.97,1.75
2015.08.11 19:59:38.160,0.85658,0.85698,1.35,1.37
2015.08.11 19:59:40.857,0.85658,0.85702,1.75,1.50
2015.08.11 19:59:43.438,0.85658,0.85706,1.75,1.75
2015.08.11 19:59:44.276,0.85658,0.85705,1.75,1.37
2015.08.11 19:59:44.778,0.85657,0.85706,2.25,1.75
2015.08.11 19:59:46.979,0.8567,0.85718,1.37,2.25
2015.08.11 19:59:47.194,0.8567,0.85718,1.12,2.25
2015.08.11 19:59:47.496,0.8567,0.85718,1.12,2.25
2015.08.11 19:59:56.246,0.85671,0.85718,1.12,1.75
2015.08.11 19:59:57.903,0.85671,0.85718,1.12,1.75
2015.08.11 19:59:58.005,0.85671,0.85718,1.12,1.50
2015.08.11 19:59:58.397,0.8567,0.85717,1.12,1.50
2015.08.11 19:59:58.498,0.8567,0.85717,1.75,1.75
2015.08.11 19:59:59.152,0.85668,0.85717,2.25,1.75
