2013.12.09 03:00:01.451,0.88445,0.88473,1.13,1.00
2013.12.09 03:00:08.493,0.88446,0.88473,1.38,1.00
2013.12.09 03:00:11.572,0.88444,0.88473,1.75,1.00
2013.12.09 03:00:11.673,0.88444,0.88469,1.38,1.00
2013.12.09 03:00:13.881,0.88444,0.88469,1.00,1.00
2013.12.09 03:00:35.029,0.88442,0.88469,1.13,1.00
2013.12.09 03:00:56.089,0.8844,0.88469,1.00,1.00
2013.12.09 03:01:13.493,0.8844,0.88471,1.00,1.00
2013.12.09 03:01:17.030,0.88439,0.88471,1.00,1.00
2013.12.09 03:01:38.076,0.8844,0.88471,1.00,1.00
2013.12.09 03:01:50.070,0.8844,0.88464,1.00,1.00
2013.12.09 03:01:50.702,0.88437,0.88464,1.13,1.00
2013.12.09 03:01:53.809,0.88437,0.88463,1.50,1.00
2013.12.09 03:01:54.360,0.88437,0.88459,1.00,1.00
2013.12.09 03:02:10.237,0.88434,0.88459,1.38,1.00
2013.12.09 03:02:10.400,0.88434,0.88459,1.13,1.00
2013.12.09 03:02:10.660,0.88434,0.88459,1.38,1.00
2013.12.09 03:02:29.779,0.88436,0.88459,1.13,1.00
2013.12.09 03:02:33.648,0.88436,0.88459,1.38,1.00
2013.12.09 03:02:37.678,0.88436,0.88459,1.13,1.00
2013.12.09 03:02:38.380,0.88434,0.88459,1.38,1.00
2013.12.09 03:02:39.109,0.88436,0.88459,1.13,1.00
2013.12.09 03:02:41.859,0.88436,0.88459,1.38,1.00
2013.12.09 03:02:48.622,0.88439,0.88459,1.00,1.00
2013.12.09 03:03:01.376,0.88439,0.88458,1.00,1.00
2013.12.09 03:03:01.427,0.88436,0.88458,1.38,1.00
2013.12.09 03:03:01.730,0.88432,0.88458,1.88,1.00
2013.12.09 03:03:03.708,0.88432,0.88458,1.88,1.00
2013.12.09 03:03:25.098,0.88432,0.88458,1.88,1.00
2013.12.09 03:03:36.568,0.88436,0.88459,1.00,1.00
2013.12.09 03:03:36.684,0.88436,0.88459,1.38,1.00
2013.12.09 03:03:36.987,0.88436,0.88459,1.38,1.00
2013.12.09 03:04:01.808,0.88433,0.88458,1.38,1.00
2013.12.09 03:04:01.917,0.88436,0.88459,1.38,1.00
2013.12.09 03:04:03.237,0.88433,0.88459,1.38,1.00
2013.12.09 03:04:19.037,0.88433,0.88459,1.38,1.00
2013.12.09 03:04:30.847,0.88437,0.88459,1.38,1.00
2013.12.09 03:04:32.827,0.88432,0.88459,1.38,1.00
2013.12.09 03:04:32.928,0.88432,0.88459,1.38,1.00
2013.12.09 03:04:33.603,0.88431,0.88459,1.38,1.00
2013.12.09 03:04:33.667,0.88431,0.88459,1.38,1.00
2013.12.09 03:04:34.107,0.88431,0.88459,1.38,1.00
2013.12.09 03:04:34.437,0.88431,0.88459,1.38,1.00
2013.12.09 03:04:36.347,0.88429,0.88453,1.38,1.00
2013.12.09 03:04:36.417,0.88429,0.88453,1.38,1.00
2013.12.09 03:04:36.637,0.88429,0.88453,1.13,1.00
2013.12.09 03:04:38.877,0.88431,0.88454,1.00,1.00
2013.12.09 03:04:41.838,0.88431,0.88454,1.38,1.00
2013.12.09 03:04:48.885,0.88431,0.88454,1.00,1.00
2013.12.09 03:04:48.935,0.88429,0.88454,1.13,1.00
2013.12.09 03:04:49.246,0.88421,0.88449,1.13,1.00
2013.12.09 03:04:49.448,0.88425,0.88449,1.00,1.00
2013.12.09 03:04:51.456,0.88421,0.88449,1.00,1.13
2013.12.09 03:04:51.608,0.88421,0.88449,1.00,1.38
2013.12.09 03:04:53.926,0.8842,0.88444,1.00,1.00
2013.12.09 03:05:12.029,0.88419,0.88444,1.00,1.00
2013.12.09 03:05:18.408,0.88419,0.88434,1.00,1.00
2013.12.09 03:05:18.458,0.88415,0.88434,1.00,1.00
2013.12.09 03:05:19.049,0.88418,0.88434,1.00,1.00
2013.12.09 03:05:39.091,0.88417,0.88434,1.00,1.00
2013.12.09 03:05:40.495,0.88413,0.88434,1.38,1.00
2013.12.09 03:05:47.618,0.88413,0.88434,1.00,1.00
2013.12.09 03:05:48.178,0.88413,0.88434,1.38,1.00
2013.12.09 03:05:49.036,0.88413,0.88434,1.13,1.00
2013.12.09 03:05:50.917,0.88413,0.88434,1.50,1.00
2013.12.09 03:05:59.938,0.88413,0.88434,1.00,1.00
2013.12.09 03:06:00.141,0.8841,0.88434,1.38,1.00
2013.12.09 03:06:02.627,0.8841,0.88434,1.38,1.00
2013.12.09 03:06:02.981,0.88415,0.88434,1.00,1.00
2013.12.09 03:06:03.082,0.88412,0.88434,1.50,1.00
2013.12.09 03:06:03.617,0.88412,0.88434,1.13,1.00
2013.12.09 03:06:05.291,0.88408,0.88434,1.00,1.00
2013.12.09 03:06:05.693,0.88411,0.88434,1.00,1.00
2013.12.09 03:06:26.028,0.8841,0.88434,1.00,1.00
2013.12.09 03:06:28.033,0.88405,0.88434,1.00,1.00
2013.12.09 03:06:28.537,0.88408,0.88434,1.00,1.00
2013.12.09 03:06:28.917,0.88408,0.88429,1.00,1.00
2013.12.09 03:06:30.248,0.88404,0.88429,1.00,1.00
2013.12.09 03:06:37.783,0.88398,0.88429,1.38,1.00
2013.12.09 03:06:41.306,0.88406,0.88434,1.00,1.00
2013.12.09 03:06:41.720,0.88408,0.88434,1.75,1.00
2013.12.09 03:06:47.176,0.88406,0.88434,1.75,1.00
2013.12.09 03:06:47.227,0.88406,0.88434,1.75,1.00
2013.12.09 03:06:48.124,0.88404,0.88434,1.75,1.00
2013.12.09 03:06:49.595,0.884,0.88434,1.88,1.00
2013.12.09 03:07:00.158,0.88399,0.88434,2.25,1.00
2013.12.09 03:07:00.337,0.88399,0.88428,1.75,1.00
2013.12.09 03:07:01.105,0.88399,0.88424,1.75,1.00
2013.12.09 03:07:01.325,0.88399,0.88424,1.75,1.00
2013.12.09 03:07:03.235,0.88399,0.88424,1.88,1.00
2013.12.09 03:07:13.916,0.88399,0.88428,1.88,1.50
2013.12.09 03:07:15.845,0.88399,0.88428,1.75,1.00
2013.12.09 03:07:17.165,0.88399,0.88428,1.75,1.00
2013.12.09 03:07:22.555,0.88399,0.88428,1.75,1.00
2013.12.09 03:07:27.805,0.88397,0.88428,1.13,1.00
2013.12.09 03:07:34.544,0.88395,0.88423,1.88,1.00
2013.12.09 03:07:36.427,0.88396,0.88424,1.50,1.00
2013.12.09 03:07:40.675,0.88396,0.88424,1.00,1.00
2013.12.09 03:08:21.523,0.88392,0.88423,1.88,1.00
2013.12.09 03:08:21.681,0.88392,0.88423,1.88,1.00
2013.12.09 03:09:08.051,0.88397,0.88423,1.00,1.00
2013.12.09 03:09:21.032,0.88391,0.88423,1.38,1.00
2013.12.09 03:09:21.193,0.88391,0.88423,1.13,1.00
2013.12.09 03:09:27.902,0.88391,0.88423,1.00,1.38
2013.12.09 03:09:29.040,0.88391,0.88419,1.00,2.13
2013.12.09 03:09:29.141,0.88382,0.88413,2.25,1.00
2013.12.09 03:09:29.541,0.88382,0.88413,3.00,1.00
2013.12.09 03:09:52.642,0.88383,0.88413,1.00,1.00
2013.12.09 03:09:52.823,0.8838,0.88408,1.13,1.00
2013.12.09 03:10:00.343,0.88382,0.88408,1.13,1.00
2013.12.09 03:10:02.614,0.88387,0.88412,1.00,1.00
2013.12.09 03:10:06.573,0.88392,0.88412,1.00,1.00
2013.12.09 03:10:06.674,0.88392,0.88416,1.00,1.00
2013.12.09 03:10:11.564,0.88392,0.88416,1.75,1.00
2013.12.09 03:10:11.766,0.88396,0.8842,1.00,1.00
2013.12.09 03:10:11.866,0.88397,0.88428,1.00,1.75
2013.12.09 03:10:12.394,0.88397,0.88427,1.00,1.00
2013.12.09 03:10:12.685,0.88397,0.88427,1.00,1.00
2013.12.09 03:10:13.295,0.88397,0.88428,1.50,1.38
2013.12.09 03:10:14.104,0.88397,0.88428,1.50,1.50
2013.12.09 03:10:14.621,0.88397,0.88428,1.00,1.00
2013.12.09 03:10:15.243,0.88391,0.88425,1.75,1.00
2013.12.09 03:10:15.294,0.88391,0.88425,1.00,2.13
2013.12.09 03:10:20.621,0.88388,0.88419,1.00,1.00
2013.12.09 03:10:20.671,0.88384,0.88419,1.00,1.00
2013.12.09 03:10:22.304,0.88384,0.88413,1.00,1.00
2013.12.09 03:10:22.679,0.88381,0.88413,1.50,1.00
2013.12.09 03:10:24.836,0.8838,0.88413,1.50,1.00
2013.12.09 03:10:25.056,0.88382,0.88413,1.00,1.00
2013.12.09 03:10:26.848,0.8838,0.88413,1.50,1.00
2013.12.09 03:10:27.033,0.88382,0.88413,1.00,1.00
2013.12.09 03:10:29.944,0.88382,0.88413,1.38,1.00
2013.12.09 03:10:32.512,0.88382,0.88413,1.38,1.00
2013.12.09 03:10:41.552,0.88381,0.88413,1.38,1.00
2013.12.09 03:10:41.947,0.88381,0.88411,1.00,2.13
2013.12.09 03:10:42.082,0.88381,0.8841,1.00,3.25
2013.12.09 03:10:42.922,0.88381,0.8841,1.38,3.25
2013.12.09 03:10:43.913,0.88381,0.8841,1.13,3.25
2013.12.09 03:10:43.964,0.88381,0.8841,1.13,1.00
2013.12.09 03:10:44.622,0.88381,0.8841,1.13,1.00
2013.12.09 03:10:49.382,0.88381,0.8841,1.00,1.75
2013.12.09 03:11:11.270,0.88381,0.8841,1.00,1.50
2013.12.09 03:11:15.302,0.88381,0.8841,1.00,2.25
2013.12.09 03:11:15.456,0.88376,0.88409,1.88,2.88
2013.12.09 03:11:15.673,0.88373,0.88407,1.38,2.13
2013.12.09 03:11:15.853,0.88372,0.88407,1.00,1.88
2013.12.09 03:11:15.903,0.8837,0.88403,1.00,2.13
2013.12.09 03:11:15.954,0.88367,0.88402,1.00,1.00
2013.12.09 03:11:16.093,0.88366,0.88393,1.13,1.00
2013.12.09 03:11:16.245,0.8836,0.88393,1.13,1.00
2013.12.09 03:11:16.346,0.88361,0.88393,1.00,1.00
2013.12.09 03:11:17.906,0.88364,0.88394,1.00,1.00
2013.12.09 03:11:36.472,0.88366,0.88394,1.00,1.00
2013.12.09 03:11:42.040,0.88366,0.88398,1.50,1.00
2013.12.09 03:11:49.126,0.88366,0.88398,1.00,1.00
2013.12.09 03:11:49.366,0.88363,0.88398,1.00,2.50
2013.12.09 03:11:49.618,0.88362,0.88395,1.00,1.00
2013.12.09 03:11:50.071,0.88357,0.88393,1.75,1.00
2013.12.09 03:11:51.161,0.88359,0.8839,1.00,2.50
2013.12.09 03:11:56.205,0.88357,0.8839,1.38,1.00
2013.12.09 03:11:57.101,0.88357,0.8839,1.00,1.00
2013.12.09 03:11:58.361,0.88357,0.8839,1.38,2.13
2013.12.09 03:11:59.871,0.88361,0.8839,1.00,1.00
2013.12.09 03:12:00.091,0.88357,0.8839,1.38,2.13
2013.12.09 03:12:00.803,0.88357,0.88388,1.38,2.13
2013.12.09 03:12:04.411,0.88357,0.88388,1.00,2.13
2013.12.09 03:12:09.881,0.88361,0.88388,1.00,1.00
2013.12.09 03:12:14.851,0.88356,0.88388,1.38,1.00
2013.12.09 03:12:14.902,0.88356,0.88388,1.38,1.00
2013.12.09 03:12:16.041,0.88362,0.88388,1.00,1.00
2013.12.09 03:12:17.078,0.88362,0.88389,1.00,1.00
2013.12.09 03:12:17.800,0.88357,0.88389,1.38,1.00
2013.12.09 03:12:17.941,0.88357,0.88389,1.13,1.00
2013.12.09 03:12:19.151,0.88357,0.88389,1.38,1.00
2013.12.09 03:12:21.100,0.88367,0.88389,1.00,1.00
2013.12.09 03:12:23.299,0.88367,0.88389,1.00,1.00
2013.12.09 03:12:26.506,0.88367,0.88387,1.00,2.13
2013.12.09 03:12:38.631,0.88367,0.88387,1.00,1.00
2013.12.09 03:12:50.954,0.88367,0.88389,1.00,1.13
2013.12.09 03:12:51.957,0.88367,0.88389,1.00,1.00
2013.12.09 03:13:11.539,0.88357,0.88389,1.13,2.13
2013.12.09 03:13:11.794,0.88357,0.88388,1.00,2.13
2013.12.09 03:13:12.120,0.88351,0.88378,1.00,1.00
2013.12.09 03:13:12.369,0.88347,0.88375,1.00,2.13
2013.12.09 03:13:12.930,0.88347,0.88375,1.00,1.38
2013.12.09 03:13:13.361,0.88345,0.88375,1.00,1.50
2013.12.09 03:13:13.412,0.88341,0.88374,1.00,2.50
2013.12.09 03:13:13.800,0.88347,0.88373,1.00,2.13
2013.12.09 03:13:23.125,0.88347,0.88373,1.00,1.50
2013.12.09 03:13:24.799,0.88356,0.88374,1.00,1.75
2013.12.09 03:13:24.907,0.88356,0.88374,1.00,1.00
2013.12.09 03:13:25.220,0.88356,0.88378,1.00,1.00
2013.12.09 03:13:25.361,0.88356,0.88382,1.00,1.13
2013.12.09 03:13:25.895,0.88357,0.88385,1.00,1.50
2013.12.09 03:13:26.839,0.88357,0.88385,1.00,1.00
2013.12.09 03:13:30.648,0.88357,0.88385,1.00,1.00
2013.12.09 03:13:31.288,0.88356,0.88385,1.00,1.00
2013.12.09 03:13:31.601,0.88356,0.88379,1.00,1.00
2013.12.09 03:13:35.579,0.88346,0.88379,1.13,1.50
2013.12.09 03:13:44.601,0.88341,0.88374,1.88,1.00
2013.12.09 03:13:50.150,0.88341,0.88371,1.00,2.63
2013.12.09 03:13:50.452,0.88347,0.88371,1.00,1.00
2013.12.09 03:13:50.502,0.88347,0.88372,1.00,1.75
2013.12.09 03:13:51.368,0.88347,0.88372,1.00,1.00
2013.12.09 03:13:53.069,0.88342,0.88372,1.38,1.00
2013.12.09 03:13:54.999,0.88342,0.88372,1.00,2.13
2013.12.09 03:14:04.619,0.88347,0.88372,1.00,1.00
2013.12.09 03:14:05.610,0.88347,0.88372,1.00,1.00
2013.12.09 03:14:07.369,0.88342,0.88368,1.00,1.00
2013.12.09 03:14:19.399,0.88336,0.88364,1.50,1.00
2013.12.09 03:14:20.518,0.88336,0.88364,1.50,1.00
2013.12.09 03:14:30.027,0.88337,0.88364,1.38,1.13
2013.12.09 03:14:30.198,0.88337,0.88364,1.38,1.38
2013.12.09 03:14:31.283,0.88337,0.88364,1.13,1.38
2013.12.09 03:14:32.001,0.88337,0.88364,1.13,1.38
2013.12.09 03:14:33.109,0.88331,0.88359,1.13,2.13
2013.12.09 03:14:36.384,0.88331,0.88359,1.00,1.38
2013.12.09 03:14:38.130,0.88331,0.88359,1.00,1.38
2013.12.09 03:14:39.857,0.88327,0.88353,1.75,1.00
2013.12.09 03:14:40.368,0.88331,0.88353,1.00,1.38
2013.12.09 03:14:40.469,0.88331,0.88353,1.00,1.00
2013.12.09 03:14:40.576,0.88331,0.88354,1.00,1.13
2013.12.09 03:14:41.138,0.88326,0.88354,2.25,1.00
2013.12.09 03:14:48.281,0.88326,0.88354,2.25,1.00
2013.12.09 03:14:48.382,0.88331,0.88354,1.13,1.38
2013.12.09 03:14:48.808,0.88337,0.88356,1.00,1.00
2013.12.09 03:14:48.984,0.88337,0.88358,1.00,1.00
2013.12.09 03:14:49.607,0.88333,0.88353,1.75,1.00
2013.12.09 03:14:49.808,0.88337,0.88355,1.13,1.00
2013.12.09 03:14:49.975,0.88337,0.88358,1.13,1.00
2013.12.09 03:14:50.129,0.88333,0.88358,1.75,1.00
2013.12.09 03:14:50.568,0.88337,0.88363,1.13,1.38
2013.12.09 03:14:51.165,0.88332,0.88358,1.13,1.00
2013.12.09 03:15:03.330,0.88336,0.88359,1.00,1.38
2013.12.09 03:15:04.093,0.88336,0.88359,1.00,1.50
2013.12.09 03:15:05.860,0.88331,0.88359,1.13,1.00
2013.12.09 03:15:14.080,0.88331,0.88357,1.00,2.13
2013.12.09 03:15:14.690,0.88331,0.88357,1.00,1.00
2013.12.09 03:15:18.428,0.88331,0.88357,1.50,1.00
2013.12.09 03:15:19.405,0.88337,0.88359,1.00,1.00
2013.12.09 03:15:19.968,0.88337,0.88359,1.13,1.00
2013.12.09 03:15:24.889,0.88333,0.88359,1.13,1.00
2013.12.09 03:15:25.548,0.8833,0.88353,1.75,1.00
2013.12.09 03:15:25.908,0.88327,0.88353,1.50,1.00
2013.12.09 03:15:27.639,0.88331,0.88354,1.00,1.00
2013.12.09 03:15:41.277,0.88326,0.88354,1.88,1.00
2013.12.09 03:15:41.609,0.88326,0.88349,1.13,1.00
2013.12.09 03:15:42.627,0.88321,0.88349,1.75,1.00
2013.12.09 03:15:45.537,0.88321,0.88349,1.00,1.00
2013.12.09 03:16:01.080,0.88322,0.88349,1.00,1.00
2013.12.09 03:16:03.087,0.88322,0.88349,2.25,1.00
2013.12.09 03:16:04.599,0.88327,0.88353,1.00,1.00
2013.12.09 03:16:05.147,0.88337,0.88358,1.00,1.00
2013.12.09 03:16:05.248,0.88337,0.88361,1.00,1.00
2013.12.09 03:16:05.408,0.88328,0.88359,1.38,1.00
2013.12.09 03:16:05.908,0.88337,0.88361,1.00,1.00
2013.12.09 03:16:06.733,0.88337,0.88361,1.00,1.00
2013.12.09 03:16:08.119,0.88327,0.88359,1.50,1.00
2013.12.09 03:16:10.118,0.88336,0.88361,1.00,1.00
2013.12.09 03:16:12.537,0.8833,0.88359,1.13,1.00
2013.12.09 03:16:20.917,0.88331,0.88359,1.00,1.00
2013.12.09 03:16:24.798,0.88328,0.88359,1.50,1.00
2013.12.09 03:16:25.403,0.88331,0.88359,1.00,1.00
2013.12.09 03:16:25.706,0.88333,0.88359,1.00,1.00
2013.12.09 03:16:27.813,0.88331,0.88359,1.00,1.00
2013.12.09 03:16:27.957,0.88334,0.88359,1.00,1.00
2013.12.09 03:16:28.048,0.88336,0.88364,1.00,1.00
2013.12.09 03:16:28.818,0.88336,0.88364,1.00,1.38
2013.12.09 03:16:30.429,0.88336,0.88364,1.00,1.38
2013.12.09 03:16:32.639,0.88336,0.88364,1.00,1.75
2013.12.09 03:16:33.058,0.88336,0.88364,1.00,1.00
2013.12.09 03:16:36.088,0.88336,0.88364,1.00,1.13
2013.12.09 03:16:36.458,0.88336,0.88364,1.00,1.00
2013.12.09 03:16:39.868,0.88336,0.88364,1.13,1.00
2013.12.09 03:16:41.592,0.88342,0.88364,1.00,1.00
2013.12.09 03:16:41.976,0.88342,0.88365,1.00,1.00
2013.12.09 03:16:42.347,0.88337,0.88365,1.00,1.00
2013.12.09 03:16:49.386,0.88341,0.88366,1.00,1.13
2013.12.09 03:16:49.886,0.88341,0.88366,1.00,1.50
2013.12.09 03:16:56.927,0.88341,0.88366,1.00,1.38
2013.12.09 03:16:57.367,0.88336,0.88364,1.00,1.00
2013.12.09 03:16:57.697,0.88336,0.88361,1.00,2.51
2013.12.09 03:16:58.906,0.88336,0.88361,1.00,2.13
2013.12.09 03:17:03.856,0.88336,0.88361,1.00,1.88
2013.12.09 03:17:07.926,0.88336,0.88361,1.00,1.50
2013.12.09 03:17:10.419,0.88336,0.88361,1.00,1.88
2013.12.09 03:17:11.276,0.88336,0.88361,1.00,1.50
2013.12.09 03:17:11.607,0.88336,0.88361,1.00,1.88
2013.12.09 03:17:11.819,0.88332,0.88361,1.00,1.38
2013.12.09 03:17:11.970,0.88332,0.8836,1.00,1.38
2013.12.09 03:17:12.157,0.88332,0.8836,1.00,1.38
2013.12.09 03:17:25.556,0.88336,0.8836,1.00,1.38
2013.12.09 03:17:25.730,0.88336,0.8836,1.00,1.38
2013.12.09 03:17:25.917,0.88341,0.88363,1.00,1.13
2013.12.09 03:17:25.967,0.88341,0.88363,1.00,1.00
2013.12.09 03:17:26.113,0.88336,0.88363,1.00,2.13
2013.12.09 03:17:26.326,0.88332,0.88363,1.00,2.50
2013.12.09 03:17:26.377,0.88332,0.88363,1.00,2.51
2013.12.09 03:17:26.898,0.88332,0.88363,1.00,2.51
2013.12.09 03:17:29.866,0.88332,0.88363,1.50,1.38
2013.12.09 03:17:30.391,0.88329,0.88356,1.75,2.13
2013.12.09 03:17:30.746,0.88327,0.88356,1.00,1.38
2013.12.09 03:17:32.046,0.88321,0.88354,2.25,1.00
2013.12.09 03:17:35.346,0.88327,0.88354,1.00,1.38
2013.12.09 03:17:36.672,0.88327,0.88354,1.00,1.38
2013.12.09 03:17:37.176,0.88327,0.88354,1.00,1.38
2013.12.09 03:17:38.849,0.88327,0.88353,1.00,2.13
2013.12.09 03:17:39.152,0.88322,0.8835,1.00,1.00
2013.12.09 03:17:39.535,0.88326,0.8835,1.00,1.00
2013.12.09 03:17:40.635,0.88321,0.88349,1.00,2.50
2013.12.09 03:17:41.061,0.88321,0.88349,1.00,2.63
2013.12.09 03:17:41.686,0.88321,0.88349,1.00,2.63
2013.12.09 03:17:42.796,0.88321,0.88349,1.00,2.63
2013.12.09 03:17:45.588,0.88317,0.88348,1.00,2.50
2013.12.09 03:17:50.315,0.88322,0.88348,1.00,2.63
2013.12.09 03:17:50.375,0.88322,0.88348,1.00,2.63
2013.12.09 03:17:52.076,0.88316,0.88348,1.00,2.13
2013.12.09 03:17:55.046,0.88321,0.88348,1.00,2.13
2013.12.09 03:17:55.375,0.88317,0.88347,1.00,2.13
2013.12.09 03:17:55.656,0.88317,0.88347,1.00,1.38
2013.12.09 03:17:58.361,0.88317,0.88347,1.00,1.38
2013.12.09 03:18:01.665,0.88317,0.88347,1.00,1.38
2013.12.09 03:18:04.636,0.88322,0.88347,1.00,1.38
2013.12.09 03:18:09.145,0.88316,0.88347,1.00,1.38
2013.12.09 03:18:09.586,0.88322,0.88347,1.00,1.38
2013.12.09 03:18:09.915,0.88322,0.88347,1.00,1.38
2013.12.09 03:18:10.356,0.88316,0.88347,1.00,1.38
2013.12.09 03:18:15.085,0.88322,0.88347,1.00,1.38
2013.12.09 03:18:15.195,0.88322,0.88347,1.00,1.38
2013.12.09 03:18:18.055,0.88317,0.88347,1.00,1.38
2013.12.09 03:18:18.639,0.88317,0.88347,1.00,1.38
2013.12.09 03:18:31.365,0.88322,0.88347,1.00,1.38
2013.12.09 03:18:33.126,0.88316,0.88347,1.00,1.38
2013.12.09 03:18:37.855,0.88316,0.88347,1.00,1.38
2013.12.09 03:19:33.142,0.8831,0.88346,1.00,1.38
2013.12.09 03:19:33.598,0.88312,0.88346,1.00,1.88
2013.12.09 03:19:48.803,0.88321,0.88346,1.00,1.50
2013.12.09 03:19:50.516,0.88321,0.88346,1.00,1.38
2013.12.09 03:19:58.813,0.88316,0.88346,1.00,1.38
2013.12.09 03:20:00.041,0.88316,0.88346,1.00,1.38
2013.12.09 03:20:01.124,0.88321,0.88346,1.00,1.38
2013.12.09 03:20:10.366,0.88316,0.88346,1.00,2.51
2013.12.09 03:20:12.565,0.88321,0.88346,1.00,1.38
2013.12.09 03:20:16.304,0.88316,0.88342,1.00,2.63
2013.12.09 03:20:17.625,0.88321,0.88342,1.00,2.63
2013.12.09 03:20:17.845,0.88316,0.88342,1.00,2.63
2013.12.09 03:20:18.155,0.88316,0.88342,1.00,2.63
2013.12.09 03:20:18.292,0.88311,0.88342,1.00,3.38
2013.12.09 03:20:18.376,0.88311,0.88342,1.00,3.38
2013.12.09 03:20:18.705,0.88311,0.88342,1.00,3.38
2013.12.09 03:20:19.368,0.88311,0.88342,1.00,2.25
2013.12.09 03:20:20.403,0.88316,0.88342,1.00,1.50
2013.12.09 03:20:20.625,0.88312,0.88339,1.00,2.51
2013.12.09 03:20:20.891,0.88316,0.8834,1.00,1.13
2013.12.09 03:20:21.064,0.88312,0.8834,1.00,1.38
2013.12.09 03:20:21.284,0.88317,0.8834,1.00,1.13
2013.12.09 03:20:21.455,0.88317,0.8834,1.00,1.13
2013.12.09 03:20:32.894,0.88317,0.8834,1.00,1.38
2013.12.09 03:20:39.604,0.88317,0.8834,1.00,2.13
2013.12.09 03:21:01.487,0.88317,0.8834,1.00,1.00
2013.12.09 03:21:16.613,0.88322,0.88341,1.00,1.88
2013.12.09 03:21:17.282,0.88322,0.88341,1.00,1.88
2013.12.09 03:21:17.822,0.88327,0.88345,1.00,1.88
2013.12.09 03:21:17.891,0.88327,0.88345,1.00,1.88
2013.12.09 03:21:18.237,0.88327,0.88345,1.00,1.88
2013.12.09 03:21:18.375,0.88322,0.88345,1.00,1.88
2013.12.09 03:21:19.077,0.88322,0.88345,1.00,1.88
2013.12.09 03:21:31.613,0.88322,0.88348,1.00,1.88
2013.12.09 03:21:33.444,0.88318,0.88348,1.00,1.38
2013.12.09 03:21:40.483,0.88322,0.88348,1.00,1.88
2013.12.09 03:21:43.933,0.88322,0.88348,1.00,1.88
2013.12.09 03:21:50.402,0.88319,0.88348,1.00,1.38
2013.12.09 03:21:56.452,0.88319,0.88348,1.00,1.38
2013.12.09 03:22:00.835,0.88322,0.88348,1.00,1.88
2013.12.09 03:22:02.593,0.88319,0.88348,1.00,1.38
2013.12.09 03:22:02.812,0.88321,0.88348,1.00,1.13
2013.12.09 03:22:03.663,0.88321,0.88348,1.00,1.13
2013.12.09 03:22:03.883,0.88321,0.88348,1.00,1.13
2013.12.09 03:22:11.831,0.88322,0.88348,1.00,2.13
2013.12.09 03:22:16.582,0.88322,0.88348,1.50,1.50
2013.12.09 03:22:16.642,0.88322,0.88348,1.50,1.50
2013.12.09 03:22:18.621,0.88322,0.88348,1.00,1.50
2013.12.09 03:22:25.031,0.88319,0.88348,1.00,1.00
2013.12.09 03:22:25.361,0.88321,0.88349,1.00,1.88
2013.12.09 03:22:26.041,0.88321,0.88349,1.00,1.88
2013.12.09 03:22:29.872,0.88319,0.88348,1.00,1.00
2013.12.09 03:22:30.311,0.88322,0.88348,1.00,1.50
2013.12.09 03:22:30.392,0.88322,0.88348,1.00,1.50
2013.12.09 03:22:45.391,0.88322,0.88348,1.00,1.50
2013.12.09 03:22:57.602,0.88322,0.88348,1.00,1.88
2013.12.09 03:23:06.181,0.88322,0.88348,1.00,1.50
2013.12.09 03:23:10.571,0.88319,0.88343,1.00,1.00
2013.12.09 03:23:10.741,0.88317,0.88343,1.00,1.00
2013.12.09 03:23:11.171,0.88316,0.88344,1.50,1.38
2013.12.09 03:23:11.370,0.88316,0.88344,1.50,1.38
2013.12.09 03:23:12.694,0.88316,0.88344,1.50,1.38
2013.12.09 03:23:14.101,0.88316,0.88344,1.50,1.88
2013.12.09 03:23:14.310,0.88321,0.88344,1.00,1.38
2013.12.09 03:23:15.439,0.88321,0.88346,1.00,1.13
2013.12.09 03:23:18.169,0.88321,0.88346,1.00,1.13
2013.12.09 03:23:24.219,0.88321,0.88346,1.00,1.13
2013.12.09 03:23:25.091,0.88317,0.88346,1.00,2.13
2013.12.09 03:23:27.400,0.88327,0.88346,1.00,1.00
2013.12.09 03:23:28.839,0.88327,0.88348,1.00,1.50
2013.12.09 03:23:29.649,0.88327,0.88348,1.00,1.50
2013.12.09 03:23:29.821,0.88332,0.88349,1.00,1.88
2013.12.09 03:23:30.101,0.88332,0.88352,1.00,1.00
2013.12.09 03:23:30.432,0.88332,0.88353,1.00,1.38
2013.12.09 03:23:31.023,0.88332,0.88353,1.00,1.38
2013.12.09 03:23:33.620,0.88332,0.88353,1.00,1.38
2013.12.09 03:23:33.892,0.88336,0.88355,1.00,1.13
2013.12.09 03:23:36.150,0.88336,0.88358,1.00,1.13
2013.12.09 03:23:36.341,0.88331,0.88358,1.00,1.13
2013.12.09 03:23:36.442,0.88332,0.88359,1.00,1.00
2013.12.09 03:23:36.617,0.88336,0.88359,1.00,1.00
2013.12.09 03:23:37.142,0.88337,0.88359,1.00,1.13
2013.12.09 03:23:37.467,0.88337,0.88359,1.00,1.13
2013.12.09 03:23:37.631,0.88331,0.88359,1.00,1.38
2013.12.09 03:23:39.610,0.88337,0.88359,1.00,1.13
2013.12.09 03:23:39.890,0.88337,0.88359,1.00,1.13
2013.12.09 03:23:40.881,0.88337,0.88359,1.00,1.50
2013.12.09 03:23:41.190,0.88337,0.88362,1.00,1.00
2013.12.09 03:23:41.249,0.88341,0.88363,1.00,1.00
2013.12.09 03:23:41.552,0.88343,0.88363,1.00,1.00
2013.12.09 03:23:42.251,0.88346,0.88363,1.00,1.00
2013.12.09 03:23:42.814,0.88347,0.88363,1.00,1.00
2013.12.09 03:23:42.956,0.88344,0.88363,1.00,1.00
2013.12.09 03:23:44.358,0.88344,0.88369,1.00,1.00
2013.12.09 03:23:44.867,0.88347,0.88369,1.00,1.00
2013.12.09 03:23:45.111,0.88347,0.88374,1.00,1.88
2013.12.09 03:23:45.162,0.88347,0.88374,1.00,1.50
2013.12.09 03:23:45.379,0.88344,0.88373,1.00,1.00
2013.12.09 03:23:45.757,0.88347,0.88373,1.00,1.00
2013.12.09 03:23:45.808,0.88344,0.88373,1.00,1.00
2013.12.09 03:23:46.786,0.88343,0.88373,1.00,1.00
2013.12.09 03:23:46.887,0.88343,0.88368,1.00,1.00
2013.12.09 03:23:47.791,0.88346,0.88368,1.00,1.00
2013.12.09 03:23:49.290,0.88346,0.88369,1.50,1.13
2013.12.09 03:23:49.806,0.88346,0.88374,1.00,1.38
2013.12.09 03:23:49.951,0.88346,0.88374,1.00,1.38
2013.12.09 03:23:50.171,0.88346,0.88374,1.00,1.13
2013.12.09 03:23:50.279,0.88346,0.88374,1.00,1.00
2013.12.09 03:23:50.610,0.88346,0.88374,1.00,1.38
2013.12.09 03:23:50.966,0.88347,0.88374,1.00,1.13
2013.12.09 03:23:51.428,0.88347,0.88374,1.00,1.00
2013.12.09 03:23:51.600,0.88347,0.88368,1.00,1.00
2013.12.09 03:23:51.751,0.88342,0.88368,1.00,1.00
2013.12.09 03:23:52.149,0.88342,0.88368,1.00,1.38
2013.12.09 03:23:54.174,0.88342,0.88364,1.00,1.00
2013.12.09 03:23:54.382,0.88342,0.88364,1.00,1.00
2013.12.09 03:24:07.329,0.88346,0.88373,1.00,1.88
2013.12.09 03:24:07.439,0.88346,0.88373,1.00,1.50
2013.12.09 03:24:08.060,0.88346,0.88373,1.00,1.13
2013.12.09 03:24:09.648,0.88346,0.88373,1.00,1.38
2013.12.09 03:24:10.299,0.88342,0.88373,1.00,2.13
2013.12.09 03:24:13.407,0.88346,0.88373,1.00,3.75
2013.12.09 03:24:13.599,0.88346,0.88373,1.00,3.76
2013.12.09 03:24:15.630,0.88346,0.88369,1.00,1.00
2013.12.09 03:24:16.399,0.88337,0.88363,1.88,1.00
2013.12.09 03:24:16.917,0.88341,0.88363,1.00,1.00
2013.12.09 03:24:20.640,0.88341,0.88359,1.00,1.00
2013.12.09 03:24:20.859,0.88341,0.88359,1.00,1.00
2013.12.09 03:24:21.770,0.88342,0.88359,1.00,1.00
2013.12.09 03:24:28.778,0.88342,0.88359,1.00,1.00
2013.12.09 03:24:29.113,0.88342,0.88359,1.00,1.00
2013.12.09 03:24:29.429,0.88337,0.88359,1.00,1.00
2013.12.09 03:24:45.645,0.88339,0.88359,1.00,1.00
2013.12.09 03:24:46.199,0.88342,0.88363,1.00,1.00
2013.12.09 03:24:46.378,0.88342,0.88368,1.50,1.00
2013.12.09 03:24:47.359,0.88343,0.88368,1.00,1.00
2013.12.09 03:24:50.560,0.88343,0.88368,1.00,1.00
2013.12.09 03:24:50.889,0.88343,0.88369,1.00,1.13
2013.12.09 03:24:54.078,0.88343,0.88369,1.00,1.00
2013.12.09 03:24:54.210,0.88338,0.88369,1.00,1.00
2013.12.09 03:24:57.049,0.88341,0.88369,1.00,1.13
2013.12.09 03:24:59.307,0.88342,0.88369,1.00,1.00
2013.12.09 03:25:01.163,0.88343,0.88369,1.00,1.00
2013.12.09 03:25:01.690,0.88342,0.88369,1.00,1.00
2013.12.09 03:25:02.115,0.88342,0.88369,1.00,1.00
2013.12.09 03:25:04.311,0.88342,0.88363,1.00,1.00
2013.12.09 03:25:04.461,0.8834,0.88363,1.00,1.00
2013.12.09 03:25:05.300,0.8834,0.88364,1.00,1.00
2013.12.09 03:25:06.621,0.8834,0.88364,1.00,1.00
2013.12.09 03:25:09.656,0.88337,0.88364,1.00,1.00
2013.12.09 03:25:09.757,0.88333,0.88364,1.50,1.00
2013.12.09 03:25:10.383,0.88333,0.88353,1.50,1.00
2013.12.09 03:25:10.939,0.88333,0.88353,1.00,1.00
2013.12.09 03:25:13.374,0.88333,0.88353,1.00,1.00
2013.12.09 03:25:13.499,0.88336,0.88353,1.00,1.00
2013.12.09 03:25:14.204,0.88332,0.88353,1.00,1.00
2013.12.09 03:25:15.640,0.88332,0.88353,1.00,1.00
2013.12.09 03:25:15.862,0.88332,0.88354,1.00,1.00
2013.12.09 03:25:18.420,0.88329,0.88354,1.00,1.00
2013.12.09 03:25:22.350,0.88329,0.88353,1.00,1.00
2013.12.09 03:25:22.570,0.88329,0.88354,1.00,1.00
2013.12.09 03:25:25.642,0.88326,0.88354,1.00,1.00
2013.12.09 03:25:25.693,0.88324,0.88354,1.13,1.00
2013.12.09 03:25:27.630,0.88327,0.88354,1.00,1.50
2013.12.09 03:25:28.111,0.88331,0.88359,1.00,1.88
2013.12.09 03:25:28.620,0.88331,0.88359,1.00,1.00
2013.12.09 03:25:29.565,0.88329,0.88359,1.00,1.00
2013.12.09 03:25:38.596,0.88326,0.88359,2.25,1.00
2013.12.09 03:25:39.104,0.88329,0.88359,1.00,2.13
2013.12.09 03:25:39.438,0.88329,0.88359,2.25,1.00
2013.12.09 03:25:42.129,0.88331,0.88359,1.50,1.00
2013.12.09 03:25:48.310,0.88332,0.88359,1.13,1.00
2013.12.09 03:25:48.744,0.88336,0.88359,1.00,1.00
2013.12.09 03:26:03.839,0.88337,0.88363,1.00,1.00
2013.12.09 03:26:07.912,0.8834,0.88363,1.00,1.00
2013.12.09 03:26:08.822,0.88344,0.88363,1.00,1.00
2013.12.09 03:26:08.922,0.88347,0.88373,1.00,1.00
2013.12.09 03:26:09.272,0.8835,0.88373,1.00,1.00
2013.12.09 03:26:09.388,0.88351,0.88379,1.00,1.13
2013.12.09 03:26:09.488,0.88353,0.88379,1.00,1.00
2013.12.09 03:26:09.959,0.88354,0.88378,1.00,1.00
2013.12.09 03:26:10.171,0.88349,0.88378,1.00,1.00
2013.12.09 03:26:10.282,0.88347,0.88378,1.50,1.00
2013.12.09 03:26:10.383,0.88347,0.88374,1.00,1.00
2013.12.09 03:26:10.920,0.8835,0.88374,1.00,1.00
2013.12.09 03:26:12.076,0.88348,0.88374,1.00,1.00
2013.12.09 03:26:12.779,0.88351,0.88374,1.00,1.00
2013.12.09 03:26:13.382,0.88354,0.88374,1.00,1.00
2013.12.09 03:26:13.909,0.88353,0.88374,1.00,1.00
2013.12.09 03:26:14.899,0.88353,0.88379,1.00,1.00
2013.12.09 03:26:15.398,0.88356,0.88379,1.00,1.00
2013.12.09 03:26:16.099,0.88357,0.88379,1.00,1.00
2013.12.09 03:26:16.609,0.8836,0.88379,1.00,1.00
2013.12.09 03:26:17.860,0.8836,0.88384,1.00,1.00
2013.12.09 03:26:19.017,0.88358,0.88384,1.00,1.00
2013.12.09 03:26:21.875,0.88356,0.88384,1.00,1.00
2013.12.09 03:26:23.149,0.88362,0.88388,1.00,1.50
2013.12.09 03:26:26.068,0.88362,0.88388,1.00,1.88
2013.12.09 03:26:26.328,0.88357,0.88388,1.00,2.13
2013.12.09 03:26:27.099,0.88361,0.88388,1.00,1.38
2013.12.09 03:26:27.439,0.88357,0.88388,1.00,2.13
2013.12.09 03:26:41.179,0.88353,0.88383,1.50,1.00
2013.12.09 03:26:43.708,0.88353,0.88383,1.00,1.00
2013.12.09 03:26:45.195,0.88352,0.88383,1.00,1.00
2013.12.09 03:26:48.679,0.88349,0.88379,1.50,1.00
2013.12.09 03:26:49.607,0.8835,0.88379,1.13,1.00
2013.12.09 03:26:51.078,0.8835,0.88369,1.13,1.00
2013.12.09 03:26:51.660,0.88346,0.88369,1.50,1.00
2013.12.09 03:27:02.099,0.88347,0.88369,1.00,1.00
2013.12.09 03:27:04.079,0.88346,0.88368,1.00,1.00
2013.12.09 03:27:09.139,0.88346,0.88369,1.50,1.00
2013.12.09 03:27:10.130,0.88346,0.88368,1.00,1.00
2013.12.09 03:27:12.190,0.88344,0.88368,1.13,1.00
2013.12.09 03:27:17.007,0.88344,0.88368,1.50,1.00
2013.12.09 03:27:19.159,0.88339,0.88363,1.13,1.00
2013.12.09 03:27:19.682,0.8834,0.88363,1.38,1.00
2013.12.09 03:27:21.906,0.8834,0.88363,2.25,1.00
2013.12.09 03:27:41.706,0.88341,0.88363,1.75,1.00
2013.12.09 03:27:55.602,0.88341,0.88364,1.75,1.00
2013.12.09 03:27:59.086,0.8834,0.88364,1.00,1.00
2013.12.09 03:28:00.407,0.88339,0.88364,1.00,1.00
2013.12.09 03:28:03.367,0.88342,0.88368,1.00,1.00
2013.12.09 03:28:06.117,0.88341,0.88368,1.00,1.00
2013.12.09 03:28:06.287,0.88339,0.88368,1.00,1.00
2013.12.09 03:28:06.338,0.88339,0.88364,1.00,1.00
2013.12.09 03:28:06.664,0.88337,0.88364,1.00,1.00
2013.12.09 03:28:07.335,0.88336,0.88363,1.00,1.00
2013.12.09 03:28:18.978,0.88333,0.88363,1.00,1.00
2013.12.09 03:28:21.647,0.88333,0.88363,1.00,1.00
2013.12.09 03:28:21.855,0.88336,0.88364,1.00,1.50
2013.12.09 03:28:22.881,0.88337,0.88364,1.00,1.00
2013.12.09 03:28:29.195,0.88336,0.88364,1.00,1.00
2013.12.09 03:28:40.898,0.88346,0.88366,1.00,1.00
2013.12.09 03:28:47.547,0.88346,0.88366,1.00,1.00
2013.12.09 03:28:49.470,0.88346,0.88368,1.00,1.38
2013.12.09 03:28:49.897,0.88346,0.88372,1.00,1.00
2013.12.09 03:28:50.144,0.88352,0.88372,1.00,1.00
2013.12.09 03:28:50.349,0.88347,0.88372,1.00,1.00
2013.12.09 03:28:51.876,0.88342,0.88372,1.00,1.00
2013.12.09 03:28:52.915,0.88342,0.88372,1.50,1.00
2013.12.09 03:28:59.905,0.88346,0.88372,1.00,1.00
2013.12.09 03:29:00.126,0.88351,0.88372,1.00,1.00
2013.12.09 03:29:01.116,0.88346,0.88372,1.00,1.00
2013.12.09 03:29:02.898,0.88342,0.88372,1.75,1.00
2013.12.09 03:29:03.043,0.88342,0.88372,1.13,1.00
2013.12.09 03:29:06.617,0.88347,0.88372,1.00,1.00
2013.12.09 03:29:07.489,0.88341,0.88372,1.50,1.00
2013.12.09 03:29:08.585,0.88347,0.88372,1.00,1.00
2013.12.09 03:29:10.039,0.88347,0.88373,1.00,1.50
2013.12.09 03:29:15.655,0.88346,0.88373,1.00,1.00
2013.12.09 03:29:15.706,0.88346,0.88376,1.00,1.00
2013.12.09 03:29:15.865,0.88356,0.88376,1.00,1.00
2013.12.09 03:29:15.966,0.88356,0.88379,1.00,1.00
2013.12.09 03:29:18.408,0.88362,0.88379,1.00,1.00
2013.12.09 03:29:18.595,0.88351,0.88379,1.00,1.50
2013.12.09 03:29:19.034,0.88357,0.88379,1.00,1.00
2013.12.09 03:29:19.426,0.88351,0.88379,1.00,1.00
2013.12.09 03:29:20.795,0.88356,0.88379,1.00,1.00
2013.12.09 03:29:27.071,0.88356,0.8838,1.00,1.00
2013.12.09 03:29:31.136,0.88361,0.8838,1.00,1.00
2013.12.09 03:29:31.406,0.88362,0.88383,1.00,1.00
2013.12.09 03:29:32.225,0.88361,0.88383,1.00,1.00
2013.12.09 03:29:34.544,0.88362,0.88383,1.00,1.00
2013.12.09 03:29:37.234,0.88361,0.88383,1.00,1.00
2013.12.09 03:29:37.855,0.88371,0.88383,1.00,1.00
2013.12.09 03:29:37.906,0.88371,0.88389,1.00,1.00
2013.12.09 03:29:38.107,0.88362,0.88388,2.25,1.00
2013.12.09 03:29:38.309,0.88362,0.88388,1.00,1.00
2013.12.09 03:29:38.410,0.88367,0.8839,1.00,1.00
2013.12.09 03:29:38.621,0.88362,0.88388,1.00,1.00
2013.12.09 03:29:38.835,0.88356,0.88388,1.50,1.00
2013.12.09 03:29:39.415,0.88356,0.88387,1.00,1.00
2013.12.09 03:29:42.795,0.88361,0.88387,1.00,1.00
2013.12.09 03:29:42.947,0.88361,0.88387,1.00,1.00
2013.12.09 03:30:05.785,0.88361,0.88387,1.00,1.00
2013.12.09 03:30:25.845,0.88356,0.88387,1.00,1.00
2013.12.09 03:30:28.189,0.88357,0.88383,1.00,1.00
2013.12.09 03:30:30.578,0.88361,0.88383,1.00,1.00
2013.12.09 03:30:30.815,0.88357,0.88382,1.00,2.13
2013.12.09 03:30:33.654,0.88362,0.88382,1.00,1.00
2013.12.09 03:30:36.657,0.88352,0.88382,1.00,2.13
2013.12.09 03:30:37.354,0.88352,0.8838,1.00,2.13
2013.12.09 03:30:40.635,0.88344,0.88378,1.13,2.13
2013.12.09 03:30:40.685,0.88343,0.88377,1.38,1.00
2013.12.09 03:30:40.987,0.88346,0.88375,1.00,2.50
2013.12.09 03:30:42.252,0.88346,0.88371,1.00,1.00
2013.12.09 03:30:42.466,0.88336,0.88369,1.13,1.00
2013.12.09 03:30:42.565,0.88334,0.88363,1.50,1.00
2013.12.09 03:30:42.728,0.88334,0.88363,1.00,2.50
2013.12.09 03:30:42.829,0.88332,0.88363,1.13,2.25
2013.12.09 03:30:42.930,0.88332,0.88359,1.00,1.00
2013.12.09 03:30:43.335,0.88326,0.88359,1.00,2.13
2013.12.09 03:30:43.922,0.88326,0.88359,1.00,2.13
2013.12.09 03:30:47.075,0.88325,0.88358,1.00,1.00
2013.12.09 03:30:47.294,0.88326,0.88358,1.00,1.00
2013.12.09 03:30:47.630,0.88336,0.8836,1.00,1.38
2013.12.09 03:30:47.882,0.88329,0.88359,1.00,1.00
2013.12.09 03:30:47.982,0.88326,0.88356,1.50,2.13
2013.12.09 03:30:48.065,0.88332,0.88356,1.00,1.00
2013.12.09 03:30:48.615,0.88337,0.88356,1.00,1.00
2013.12.09 03:30:48.949,0.88337,0.88359,1.00,1.00
2013.12.09 03:30:49.051,0.88337,0.88359,1.00,1.00
2013.12.09 03:30:49.384,0.88332,0.88359,1.00,2.50
2013.12.09 03:30:50.962,0.88332,0.88359,1.00,2.13
2013.12.09 03:30:52.138,0.88336,0.88359,1.00,1.88
2013.12.09 03:30:58.845,0.88346,0.88359,1.00,1.13
2013.12.09 03:30:58.996,0.88346,0.88362,1.00,1.00
2013.12.09 03:30:59.238,0.88346,0.88364,1.00,1.00
2013.12.09 03:31:00.116,0.88351,0.8837,1.00,1.50
2013.12.09 03:31:00.404,0.88351,0.88372,1.00,1.00
2013.12.09 03:31:02.512,0.88351,0.88372,1.00,1.00
2013.12.09 03:31:04.516,0.88351,0.88373,1.00,1.00
2013.12.09 03:31:04.784,0.88347,0.88373,1.00,1.50
2013.12.09 03:31:04.955,0.88347,0.88373,1.00,1.00
2013.12.09 03:31:05.338,0.88352,0.88373,1.00,1.00
2013.12.09 03:31:08.940,0.88352,0.88375,1.00,1.00
2013.12.09 03:31:09.091,0.88342,0.88374,1.00,1.00
2013.12.09 03:31:09.625,0.88346,0.88374,1.00,2.13
2013.12.09 03:31:10.114,0.88346,0.88374,1.00,1.38
2013.12.09 03:31:10.529,0.88346,0.88374,1.00,1.00
2013.12.09 03:31:12.594,0.88346,0.88375,1.00,1.00
2013.12.09 03:31:14.934,0.88346,0.88377,1.50,1.00
2013.12.09 03:31:18.703,0.88346,0.88377,1.00,1.00
2013.12.09 03:31:29.096,0.88347,0.88377,1.00,1.00
2013.12.09 03:31:30.084,0.88352,0.88377,1.00,1.00
2013.12.09 03:31:30.676,0.88346,0.88377,1.00,1.00
2013.12.09 03:31:31.294,0.88351,0.88377,1.00,1.00
2013.12.09 03:31:32.835,0.88347,0.88377,1.00,1.00
2013.12.09 03:31:33.405,0.88347,0.88376,1.00,2.50
2013.12.09 03:31:33.844,0.88343,0.88374,1.00,2.13
2013.12.09 03:31:33.895,0.88339,0.88372,1.00,2.13
2013.12.09 03:31:33.996,0.88336,0.88366,1.00,1.00
2013.12.09 03:31:42.085,0.88336,0.88366,1.00,1.00
2013.12.09 03:31:52.315,0.88336,0.88367,1.50,1.00
2013.12.09 03:31:55.386,0.88341,0.88367,1.00,1.00
2013.12.09 03:31:55.487,0.88341,0.88369,1.00,1.13
2013.12.09 03:32:16.643,0.88341,0.88369,1.00,1.38
2013.12.09 03:32:18.427,0.88341,0.88369,1.00,1.00
2013.12.09 03:32:20.383,0.88341,0.88369,1.00,1.38
2013.12.09 03:32:29.374,0.88346,0.8837,1.00,1.38
2013.12.09 03:32:29.425,0.88346,0.8837,1.00,1.00
2013.12.09 03:32:29.595,0.88342,0.8837,1.00,1.00
2013.12.09 03:32:32.882,0.88346,0.8837,1.00,1.38
2013.12.09 03:32:32.933,0.88346,0.8837,1.00,1.00
2013.12.09 03:32:33.103,0.88342,0.8837,1.00,1.00
2013.12.09 03:32:37.313,0.88341,0.88368,1.00,2.13
2013.12.09 03:32:37.646,0.88342,0.88368,1.00,2.13
2013.12.09 03:32:37.833,0.88341,0.88368,1.00,2.13
2013.12.09 03:32:38.692,0.88341,0.88368,1.00,2.50
2013.12.09 03:32:40.036,0.88336,0.88367,1.00,2.13
2013.12.09 03:32:40.363,0.88342,0.88367,1.00,2.63
2013.12.09 03:32:41.384,0.88346,0.88367,1.00,1.00
2013.12.09 03:32:45.862,0.88342,0.88367,1.00,1.50
2013.12.09 03:32:49.823,0.88337,0.88363,1.00,2.13
2013.12.09 03:32:51.363,0.88342,0.88363,1.00,1.88
2013.12.09 03:32:53.643,0.88342,0.88363,1.00,1.88
2013.12.09 03:32:53.925,0.88331,0.88361,1.00,2.13
2013.12.09 03:33:01.343,0.88337,0.88361,1.00,1.00
2013.12.09 03:33:02.112,0.88336,0.88361,1.00,1.00
2013.12.09 03:33:04.904,0.88331,0.88361,1.00,1.00
2013.12.09 03:33:16.867,0.88336,0.88361,1.00,2.50
2013.12.09 03:33:19.093,0.88346,0.88363,1.00,1.13
2013.12.09 03:33:19.595,0.88346,0.88364,1.00,1.00
2013.12.09 03:33:20.412,0.88346,0.88369,1.00,1.00
2013.12.09 03:33:21.581,0.88352,0.88372,1.00,1.00
2013.12.09 03:33:21.928,0.88346,0.88372,1.00,1.00
2013.12.09 03:33:22.352,0.88352,0.88372,1.00,1.00
2013.12.09 03:33:23.142,0.88352,0.88373,1.00,1.00
2013.12.09 03:33:23.342,0.88346,0.88373,1.00,1.00
2013.12.09 03:33:23.562,0.88352,0.88373,1.00,1.38
2013.12.09 03:33:24.674,0.88352,0.88373,1.00,1.00
2013.12.09 03:33:57.334,0.88347,0.88373,1.00,1.00
2013.12.09 03:34:11.791,0.88342,0.88369,1.00,1.00
2013.12.09 03:34:16.630,0.88347,0.88369,1.00,1.00
2013.12.09 03:34:17.137,0.88347,0.88369,1.38,1.00
2013.12.09 03:34:17.660,0.88347,0.88368,1.38,1.00
2013.12.09 03:34:18.390,0.88347,0.88368,1.38,1.00
2013.12.09 03:34:18.651,0.88342,0.88368,1.00,1.00
2013.12.09 03:34:22.581,0.88346,0.88369,1.00,1.38
2013.12.09 03:34:22.701,0.88346,0.88369,1.00,1.38
2013.12.09 03:34:42.149,0.88341,0.88369,1.50,1.00
2013.12.09 03:34:56.912,0.8834,0.88364,1.00,1.00
2013.12.09 03:34:56.962,0.88335,0.88364,1.00,1.00
2013.12.09 03:34:57.063,0.88331,0.88364,1.88,1.00
2013.12.09 03:34:57.114,0.88337,0.88364,1.00,1.00
2013.12.09 03:35:02.257,0.88337,0.88364,1.00,1.00
2013.12.09 03:35:02.653,0.88341,0.88364,1.00,1.00
2013.12.09 03:35:02.861,0.88337,0.88363,1.00,1.00
2013.12.09 03:35:03.051,0.88342,0.88362,1.00,1.13
2013.12.09 03:35:03.188,0.88342,0.88362,1.00,1.00
2013.12.09 03:35:03.396,0.88347,0.88362,1.00,1.00
2013.12.09 03:35:03.821,0.88341,0.88362,1.00,1.00
2013.12.09 03:35:05.622,0.88346,0.88362,1.00,1.00
2013.12.09 03:35:11.632,0.88341,0.88362,1.00,1.00
2013.12.09 03:35:30.221,0.88341,0.88362,1.00,1.00
2013.12.09 03:35:30.351,0.88336,0.88361,1.00,2.13
2013.12.09 03:35:31.321,0.88342,0.88361,1.00,1.00
2013.12.09 03:35:31.841,0.88342,0.88361,1.00,2.51
2013.12.09 03:35:31.891,0.88337,0.88358,1.00,2.51
2013.12.09 03:35:32.130,0.88337,0.88358,1.00,2.50
2013.12.09 03:35:44.971,0.88337,0.88358,1.00,1.88
2013.12.09 03:35:59.908,0.88337,0.88358,1.00,2.13
2013.12.09 03:36:15.319,0.88332,0.88357,1.00,2.13
2013.12.09 03:36:15.540,0.88327,0.88357,1.00,2.13
2013.12.09 03:36:16.078,0.88327,0.88354,1.00,2.13
2013.12.09 03:36:32.069,0.88327,0.88354,1.00,1.13
2013.12.09 03:36:41.839,0.88337,0.88356,1.00,1.38
2013.12.09 03:36:44.869,0.88337,0.88356,1.00,1.00
2013.12.09 03:36:46.900,0.88327,0.88356,1.00,2.13
2013.12.09 03:37:00.842,0.88327,0.88356,1.00,2.13
2013.12.09 03:37:03.447,0.88327,0.88356,1.00,2.13
2013.12.09 03:37:04.413,0.88327,0.88353,1.00,1.00
2013.12.09 03:37:04.599,0.88321,0.88349,1.00,1.00
2013.12.09 03:37:06.149,0.88321,0.88349,1.00,1.38
2013.12.09 03:37:06.401,0.88316,0.88344,1.50,1.00
2013.12.09 03:37:06.578,0.88312,0.88338,2.25,1.00
2013.12.09 03:37:11.893,0.88317,0.88338,1.00,1.00
2013.12.09 03:37:51.137,0.88322,0.8834,1.00,1.00
2013.12.09 03:37:51.448,0.88322,0.88343,1.00,1.00
2013.12.09 03:37:56.307,0.88327,0.88344,1.00,1.00
2013.12.09 03:38:05.877,0.88322,0.88344,1.00,1.00
2013.12.09 03:38:14.129,0.88326,0.88345,1.00,1.00
2013.12.09 03:38:14.733,0.88326,0.88348,1.00,1.00
2013.12.09 03:38:35.205,0.88326,0.88349,1.00,1.00
2013.12.09 03:38:49.108,0.88331,0.8835,1.00,1.00
2013.12.09 03:38:49.657,0.88331,0.88353,1.00,1.50
2013.12.09 03:38:54.178,0.88331,0.88354,1.00,1.38
2013.12.09 03:38:54.360,0.88327,0.88353,1.00,1.00
2013.12.09 03:38:54.591,0.88326,0.88353,1.00,1.38
2013.12.09 03:38:55.112,0.88326,0.88353,1.00,1.00
2013.12.09 03:38:55.162,0.88331,0.88353,1.00,1.00
2013.12.09 03:38:55.363,0.88326,0.88353,1.00,1.00
2013.12.09 03:38:55.722,0.88326,0.88353,1.00,1.00
2013.12.09 03:38:56.126,0.88331,0.88353,1.00,1.00
2013.12.09 03:38:56.336,0.88327,0.88353,1.00,1.00
2013.12.09 03:38:56.538,0.88327,0.88348,1.00,1.00
2013.12.09 03:38:57.106,0.88327,0.88348,1.00,1.00
2013.12.09 03:38:57.913,0.88332,0.88348,1.00,1.00
2013.12.09 03:38:57.963,0.88332,0.88348,1.00,1.00
2013.12.09 03:38:58.096,0.88327,0.88348,1.00,1.00
2013.12.09 03:38:58.867,0.88326,0.88348,1.00,1.00
2013.12.09 03:38:58.967,0.88326,0.88348,1.00,1.00
2013.12.09 03:38:59.957,0.88326,0.88348,1.00,1.00
2013.12.09 03:39:00.542,0.88326,0.88348,1.00,1.00
2013.12.09 03:39:06.346,0.88316,0.88348,1.00,1.50
2013.12.09 03:39:11.017,0.88316,0.88345,1.00,1.00
2013.12.09 03:39:16.016,0.88316,0.88341,1.00,1.00
2013.12.09 03:39:16.957,0.88316,0.88341,1.00,1.00
2013.12.09 03:39:22.327,0.88316,0.88341,1.00,1.00
2013.12.09 03:39:24.646,0.88316,0.88341,1.00,1.00
2013.12.09 03:39:24.736,0.88316,0.88341,1.00,1.00
2013.12.09 03:39:32.320,0.88312,0.88337,1.00,1.00
2013.12.09 03:39:33.708,0.88312,0.88336,1.00,1.00
2013.12.09 03:39:34.196,0.88312,0.88336,1.00,1.00
2013.12.09 03:39:34.599,0.88312,0.88336,1.00,1.00
2013.12.09 03:39:48.526,0.88312,0.88336,1.00,1.00
2013.12.09 03:39:52.835,0.88312,0.88336,1.00,1.00
2013.12.09 03:40:00.953,0.88312,0.88336,1.00,1.00
2013.12.09 03:40:04.536,0.88316,0.88336,1.00,1.00
2013.12.09 03:40:04.867,0.88316,0.88335,1.00,1.00
2013.12.09 03:40:09.693,0.88316,0.88335,1.00,1.00
2013.12.09 03:40:12.121,0.88316,0.88335,1.00,1.00
2013.12.09 03:40:15.037,0.88316,0.88335,1.00,1.00
2013.12.09 03:40:18.398,0.88316,0.88335,1.00,1.00
2013.12.09 03:40:18.448,0.88321,0.88335,1.00,1.00
2013.12.09 03:40:18.600,0.88321,0.88338,1.00,1.00
2013.12.09 03:40:18.712,0.88317,0.88338,1.00,1.00
2013.12.09 03:40:18.762,0.88317,0.88338,1.00,1.00
2013.12.09 03:40:26.536,0.88311,0.88338,1.00,1.00
2013.12.09 03:40:29.125,0.88311,0.88338,1.00,1.00
2013.12.09 03:40:33.968,0.88311,0.88338,1.00,1.00
2013.12.09 03:40:43.303,0.88311,0.88339,1.00,1.00
2013.12.09 03:40:43.855,0.88311,0.8834,1.00,1.00
2013.12.09 03:40:46.520,0.88311,0.8834,1.00,1.00
2013.12.09 03:40:46.622,0.88311,0.88341,1.00,1.00
2013.12.09 03:40:46.673,0.88317,0.88341,1.00,1.00
2013.12.09 03:40:49.075,0.88317,0.88341,1.00,1.00
2013.12.09 03:40:52.596,0.88306,0.88341,1.00,1.00
2013.12.09 03:40:56.085,0.88311,0.88341,1.00,1.00
2013.12.09 03:40:56.394,0.88316,0.88341,1.00,1.00
2013.12.09 03:40:56.507,0.88316,0.88341,1.00,1.00
2013.12.09 03:40:56.558,0.88312,0.88341,1.00,1.00
2013.12.09 03:40:56.609,0.88312,0.88342,1.00,1.00
2013.12.09 03:40:57.474,0.88312,0.88342,1.00,1.00
2013.12.09 03:41:18.555,0.88317,0.88342,1.00,1.00
2013.12.09 03:41:18.926,0.88311,0.88342,1.00,1.00
2013.12.09 03:41:20.264,0.88311,0.88342,1.00,1.00
2013.12.09 03:41:21.087,0.88317,0.88342,1.00,1.00
2013.12.09 03:41:25.195,0.88312,0.88342,1.13,1.00
2013.12.09 03:41:39.101,0.88312,0.88342,1.00,1.00
2013.12.09 03:41:39.405,0.88317,0.88342,1.00,1.00
2013.12.09 03:41:39.566,0.88311,0.88342,1.00,1.00
2013.12.09 03:41:39.743,0.88311,0.88338,1.00,1.00
2013.12.09 03:41:40.844,0.88311,0.88338,1.00,1.00
2013.12.09 03:41:44.995,0.88311,0.88338,1.00,1.00
2013.12.09 03:41:45.165,0.88311,0.88338,1.00,1.00
2013.12.09 03:41:48.745,0.88311,0.88338,1.00,1.88
2013.12.09 03:41:48.846,0.88306,0.88334,1.00,1.50
2013.12.09 03:41:52.690,0.88306,0.88331,1.00,2.13
2013.12.09 03:41:54.723,0.88306,0.88328,1.00,1.00
2013.12.09 03:41:54.894,0.88302,0.88328,1.00,1.50
2013.12.09 03:41:54.944,0.88302,0.88328,1.00,1.88
2013.12.09 03:41:55.124,0.88302,0.88328,1.00,1.50
2013.12.09 03:42:23.145,0.88307,0.88328,1.00,1.00
2013.12.09 03:42:24.083,0.88312,0.88329,1.00,1.00
2013.12.09 03:42:24.628,0.88311,0.88329,1.00,1.00
2013.12.09 03:42:27.303,0.88306,0.88329,1.00,1.00
2013.12.09 03:42:36.106,0.88301,0.88329,1.00,1.50
2013.12.09 03:42:36.212,0.88301,0.88329,1.00,1.00
2013.12.09 03:42:36.532,0.88306,0.88329,1.00,1.00
2013.12.09 03:42:41.605,0.88302,0.88329,1.00,1.00
2013.12.09 03:42:42.083,0.88306,0.88329,1.00,1.00
2013.12.09 03:42:46.334,0.88312,0.88329,1.00,1.00
2013.12.09 03:42:56.996,0.88312,0.88329,1.00,1.00
2013.12.09 03:43:05.219,0.88312,0.88329,1.00,1.00
2013.12.09 03:43:19.894,0.88307,0.88329,1.00,1.00
2013.12.09 03:43:20.140,0.88307,0.88329,1.00,1.00
2013.12.09 03:43:27.458,0.88307,0.88329,1.00,1.00
2013.12.09 03:43:30.552,0.88312,0.88329,1.00,1.00
2013.12.09 03:43:30.703,0.88312,0.88333,1.00,1.00
2013.12.09 03:43:49.420,0.88312,0.88336,1.00,1.00
2013.12.09 03:43:49.952,0.88312,0.88338,1.00,1.00
2013.12.09 03:43:51.891,0.88312,0.88338,1.50,1.00
2013.12.09 03:43:52.914,0.88308,0.88338,1.75,1.00
2013.12.09 03:43:54.971,0.88307,0.88338,2.25,1.00
2013.12.09 03:43:58.823,0.88307,0.88333,1.75,1.00
2013.12.09 03:43:58.874,0.88307,0.88333,1.00,1.00
2013.12.09 03:43:59.076,0.88302,0.88333,1.75,1.00
2013.12.09 03:43:59.191,0.88307,0.88337,1.00,1.00
2013.12.09 03:43:59.701,0.88307,0.88337,1.75,1.00
2013.12.09 03:44:10.665,0.88307,0.88338,2.25,1.50
2013.12.09 03:44:12.171,0.88307,0.88338,1.75,1.50
2013.12.09 03:44:17.672,0.88311,0.88338,1.00,1.00
2013.12.09 03:44:17.722,0.88311,0.88342,1.00,1.00
2013.12.09 03:44:17.773,0.88311,0.88342,1.50,1.00
2013.12.09 03:44:20.732,0.88309,0.88342,1.50,1.00
2013.12.09 03:44:20.953,0.88307,0.88341,1.75,1.00
2013.12.09 03:44:21.590,0.88307,0.88341,1.00,1.00
2013.12.09 03:44:41.351,0.88307,0.8834,1.00,1.00
2013.12.09 03:45:01.101,0.88307,0.8834,1.00,1.00
2013.12.09 03:45:02.733,0.88311,0.8834,1.00,1.00
2013.12.09 03:45:03.021,0.88317,0.88348,1.00,1.13
2013.12.09 03:45:03.114,0.88322,0.88349,1.00,1.38
2013.12.09 03:45:03.265,0.88317,0.88349,1.00,1.13
2013.12.09 03:45:05.702,0.88317,0.88349,1.00,1.75
2013.12.09 03:45:05.838,0.88313,0.88349,1.00,3.25
2013.12.09 03:45:08.783,0.88313,0.88348,1.00,2.88
2013.12.09 03:45:20.771,0.88313,0.88348,1.00,2.25
2013.12.09 03:45:26.081,0.88314,0.88348,1.00,2.88
2013.12.09 03:45:29.185,0.88316,0.88348,1.00,1.75
2013.12.09 03:45:29.244,0.88316,0.88349,1.13,2.63
2013.12.09 03:45:29.395,0.88322,0.88349,1.00,1.00
2013.12.09 03:45:29.748,0.88326,0.88356,1.00,1.75
2013.12.09 03:45:30.121,0.88324,0.88354,1.00,1.00
2013.12.09 03:45:30.808,0.88322,0.88354,1.00,2.13
2013.12.09 03:45:34.516,0.88319,0.88353,1.00,3.25
2013.12.09 03:45:35.170,0.88319,0.88353,1.00,1.50
2013.12.09 03:45:37.540,0.88317,0.88351,1.00,1.00
2013.12.09 03:45:51.410,0.88317,0.88348,1.00,1.00
2013.12.09 03:45:51.811,0.88317,0.88345,1.00,1.00
2013.12.09 03:46:02.131,0.88311,0.88345,1.00,1.00
2013.12.09 03:46:06.903,0.88317,0.88345,1.00,1.00
2013.12.09 03:46:07.304,0.88317,0.88338,1.00,1.00
2013.12.09 03:46:07.455,0.88311,0.88338,1.00,1.00
2013.12.09 03:46:07.681,0.88311,0.88333,1.00,1.00
2013.12.09 03:46:09.279,0.88311,0.88331,1.00,1.00
2013.12.09 03:46:09.480,0.88311,0.88331,1.00,1.00
2013.12.09 03:46:09.581,0.88311,0.88336,1.00,1.00
2013.12.09 03:46:09.632,0.88311,0.88336,1.00,1.00
2013.12.09 03:46:09.833,0.88306,0.88336,1.00,1.00
2013.12.09 03:46:10.051,0.88312,0.88336,1.00,1.00
2013.12.09 03:46:11.236,0.88312,0.88336,1.00,1.75
2013.12.09 03:46:11.450,0.88312,0.88336,1.00,1.00
2013.12.09 03:46:11.670,0.88312,0.88337,1.00,1.75
2013.12.09 03:46:12.781,0.88312,0.88336,1.00,1.00
2013.12.09 03:46:25.421,0.88312,0.88336,1.00,1.00
2013.12.09 03:46:26.790,0.88303,0.88336,1.00,1.00
2013.12.09 03:46:29.434,0.88302,0.88334,1.00,1.00
2013.12.09 03:46:29.754,0.88291,0.8832,1.00,2.51
2013.12.09 03:46:30.058,0.88291,0.88317,1.00,2.13
2013.12.09 03:46:30.624,0.88291,0.88317,1.00,1.13
2013.12.09 03:46:31.280,0.88287,0.88317,1.00,2.13
2013.12.09 03:46:31.831,0.88292,0.88317,1.00,1.13
2013.12.09 03:46:32.680,0.88292,0.88318,1.00,1.75
2013.12.09 03:46:33.149,0.88287,0.88318,1.00,1.00
2013.12.09 03:46:33.371,0.88291,0.88319,1.00,2.25
2013.12.09 03:46:34.111,0.88291,0.88319,1.00,1.00
2013.12.09 03:46:34.362,0.88301,0.88325,1.00,1.75
2013.12.09 03:46:35.160,0.88297,0.88325,1.00,1.75
2013.12.09 03:46:37.190,0.88297,0.88325,1.00,1.13
2013.12.09 03:46:37.603,0.88297,0.88325,1.00,1.00
2013.12.09 03:46:40.213,0.88297,0.88325,1.00,1.00
2013.12.09 03:46:40.314,0.88297,0.88327,1.00,1.00
2013.12.09 03:46:40.539,0.88297,0.88327,1.00,1.00
2013.12.09 03:46:40.942,0.88293,0.88323,1.00,1.00
2013.12.09 03:46:41.842,0.88297,0.88323,1.00,1.00
2013.12.09 03:46:42.371,0.88297,0.88323,1.00,1.00
2013.12.09 03:46:42.471,0.88297,0.88323,1.00,1.00
2013.12.09 03:46:48.331,0.88291,0.88323,1.00,2.50
2013.12.09 03:46:48.960,0.88291,0.8832,1.00,2.51
2013.12.09 03:46:50.541,0.88291,0.8832,1.00,2.13
2013.12.09 03:46:51.980,0.88291,0.8832,1.00,1.00
2013.12.09 03:47:03.590,0.88291,0.88319,1.00,1.00
2013.12.09 03:47:04.061,0.88286,0.88317,1.00,2.13
2013.12.09 03:47:04.360,0.88292,0.88317,1.00,1.13
2013.12.09 03:47:10.630,0.88286,0.88317,1.00,1.00
2013.12.09 03:47:10.850,0.88291,0.88317,1.00,1.00
2013.12.09 03:47:10.911,0.88291,0.88319,1.00,1.00
2013.12.09 03:47:11.087,0.88296,0.88321,1.00,1.38
2013.12.09 03:47:11.314,0.88296,0.88322,1.00,1.00
2013.12.09 03:47:14.078,0.88296,0.88322,1.00,1.38
2013.12.09 03:47:14.533,0.88296,0.88322,1.00,1.00
2013.12.09 03:47:16.551,0.88296,0.88322,1.00,1.00
2013.12.09 03:47:17.658,0.88296,0.88323,1.00,1.13
2013.12.09 03:47:17.778,0.88291,0.88323,1.50,2.13
2013.12.09 03:47:19.210,0.88297,0.88323,1.00,1.88
2013.12.09 03:47:23.648,0.88297,0.88323,1.00,2.25
2013.12.09 03:47:26.619,0.88297,0.88323,1.00,2.25
2013.12.09 03:47:45.851,0.88292,0.88323,1.00,1.00
2013.12.09 03:47:45.902,0.88292,0.88323,1.00,1.38
2013.12.09 03:47:46.132,0.88292,0.88323,1.00,1.50
2013.12.09 03:48:00.949,0.88292,0.88323,1.00,1.88
2013.12.09 03:48:03.867,0.88292,0.88323,1.00,1.88
2013.12.09 03:48:04.089,0.88287,0.88318,1.00,2.13
2013.12.09 03:48:31.587,0.88287,0.88318,1.00,2.51
2013.12.09 03:48:32.140,0.88287,0.88312,1.00,2.13
2013.12.09 03:48:33.871,0.88281,0.88309,1.50,1.00
2013.12.09 03:48:33.921,0.88283,0.88309,1.00,1.00
2013.12.09 03:48:35.858,0.88286,0.88309,1.00,1.00
2013.12.09 03:48:41.179,0.88283,0.88309,1.00,1.00
2013.12.09 03:48:47.621,0.88287,0.88309,1.00,1.00
2013.12.09 03:48:52.178,0.88292,0.88313,1.00,1.00
2013.12.09 03:48:52.458,0.88286,0.88313,1.00,1.00
2013.12.09 03:48:58.838,0.88283,0.88309,1.00,1.00
2013.12.09 03:48:58.990,0.88281,0.88309,1.13,1.00
2013.12.09 03:48:59.091,0.88286,0.88309,1.00,1.00
2013.12.09 03:49:04.557,0.88291,0.88314,1.00,1.50
2013.12.09 03:49:05.358,0.88291,0.88314,1.00,1.13
2013.12.09 03:49:05.889,0.88291,0.88314,1.00,1.50
2013.12.09 03:49:05.940,0.88291,0.88314,1.00,1.50
2013.12.09 03:49:06.097,0.88297,0.88314,1.00,1.00
2013.12.09 03:49:07.088,0.88292,0.88314,1.00,1.00
2013.12.09 03:49:49.628,0.88296,0.88314,1.00,1.00
2013.12.09 03:49:50.075,0.88292,0.88314,1.00,1.00
2013.12.09 03:50:09.098,0.88287,0.88313,1.00,1.00
2013.12.09 03:50:11.408,0.88291,0.88314,1.00,1.13
2013.12.09 03:50:11.948,0.88292,0.88318,1.00,1.88
2013.12.09 03:50:12.658,0.88291,0.88319,1.00,1.75
2013.12.09 03:50:13.397,0.88291,0.8832,1.00,1.00
2013.12.09 03:50:17.343,0.88291,0.8832,1.38,1.13
2013.12.09 03:50:17.658,0.88302,0.88324,1.00,1.00
2013.12.09 03:50:20.130,0.88306,0.88324,1.00,1.00
2013.12.09 03:50:21.307,0.88302,0.88324,1.00,1.00
2013.12.09 03:50:21.408,0.88302,0.88328,1.00,1.50
2013.12.09 03:50:24.277,0.88312,0.88328,1.00,1.00
2013.12.09 03:50:24.428,0.88312,0.88333,1.00,1.88
2013.12.09 03:50:24.651,0.88307,0.88333,1.00,1.00
2013.12.09 03:50:24.827,0.88306,0.88333,1.00,1.13
2013.12.09 03:50:24.928,0.88306,0.88333,1.00,1.00
2013.12.09 03:50:25.817,0.88297,0.88333,1.75,1.00
2013.12.09 03:50:25.868,0.88297,0.88333,1.00,1.00
2013.12.09 03:50:26.038,0.88306,0.88333,1.00,1.00
2013.12.09 03:50:26.359,0.88306,0.88328,1.00,1.00
2013.12.09 03:50:26.409,0.88301,0.88328,1.00,1.00
2013.12.09 03:50:27.358,0.88292,0.88328,1.00,2.13
2013.12.09 03:50:27.578,0.88301,0.88328,1.00,1.00
2013.12.09 03:50:27.977,0.88292,0.88328,1.50,1.50
2013.12.09 03:50:29.086,0.88301,0.88328,1.00,1.00
2013.12.09 03:50:29.187,0.88301,0.88328,1.00,1.00
2013.12.09 03:50:29.848,0.88297,0.88328,1.00,1.00
2013.12.09 03:50:30.474,0.88297,0.88328,1.00,1.00
2013.12.09 03:50:30.619,0.88292,0.88328,1.00,1.50
2013.12.09 03:50:32.152,0.88295,0.88328,1.00,1.00
2013.12.09 03:50:38.327,0.88302,0.88328,1.00,1.00
2013.12.09 03:50:38.497,0.88302,0.8833,1.00,1.00
2013.12.09 03:50:42.856,0.88297,0.8833,1.00,1.00
2013.12.09 03:50:42.989,0.88295,0.8833,1.00,1.00
2013.12.09 03:50:44.036,0.88297,0.8833,1.00,1.13
2013.12.09 03:50:44.802,0.88298,0.8833,1.00,1.00
2013.12.09 03:50:45.306,0.883,0.88333,1.00,1.50
2013.12.09 03:50:45.606,0.88302,0.88333,1.00,1.50
2013.12.09 03:50:46.426,0.88303,0.88336,1.00,1.00
2013.12.09 03:50:46.613,0.88306,0.88339,1.00,1.13
2013.12.09 03:50:47.017,0.88307,0.88339,1.00,1.00
2013.12.09 03:50:47.762,0.88307,0.88339,1.00,1.00
2013.12.09 03:50:47.957,0.88307,0.88342,1.00,1.00
2013.12.09 03:50:48.158,0.88306,0.88342,1.00,1.00
2013.12.09 03:50:48.947,0.88303,0.8834,1.00,1.00
2013.12.09 03:51:00.158,0.88302,0.8834,1.00,1.00
2013.12.09 03:51:00.535,0.88307,0.8834,1.00,1.00
2013.12.09 03:51:00.686,0.88307,0.8834,1.00,1.00
2013.12.09 03:51:00.890,0.88307,0.88339,1.00,1.00
2013.12.09 03:51:01.086,0.88301,0.88339,1.50,1.00
2013.12.09 03:51:01.467,0.88301,0.88337,1.00,1.00
2013.12.09 03:51:01.856,0.88302,0.88337,1.00,1.00
2013.12.09 03:51:02.076,0.88306,0.88337,1.00,1.00
2013.12.09 03:51:02.273,0.88306,0.88339,1.00,1.00
2013.12.09 03:51:02.373,0.88306,0.88339,1.00,1.00
2013.12.09 03:51:02.675,0.88306,0.88339,1.00,1.00
2013.12.09 03:51:03.479,0.88306,0.88338,1.00,1.00
2013.12.09 03:51:03.786,0.88311,0.88338,1.00,1.00
2013.12.09 03:51:03.938,0.88312,0.88338,1.00,1.00
2013.12.09 03:51:04.396,0.88306,0.88338,1.00,1.00
2013.12.09 03:51:04.447,0.88306,0.88337,1.00,1.00
2013.12.09 03:51:04.707,0.88307,0.88337,1.00,1.00
2013.12.09 03:51:04.808,0.88307,0.88337,1.00,1.00
2013.12.09 03:51:05.132,0.88307,0.88337,1.00,1.00
2013.12.09 03:51:06.233,0.88307,0.88339,1.50,1.00
2013.12.09 03:51:06.415,0.88307,0.88339,1.00,1.00
2013.12.09 03:51:06.728,0.88307,0.88339,1.00,1.00
2013.12.09 03:51:07.127,0.88307,0.88339,1.00,1.00
2013.12.09 03:51:08.567,0.88306,0.88339,1.00,1.00
2013.12.09 03:51:08.941,0.88306,0.88336,1.00,1.00
2013.12.09 03:51:09.596,0.883,0.88336,1.00,1.00
2013.12.09 03:51:09.697,0.88296,0.88334,1.50,1.00
2013.12.09 03:51:18.477,0.88296,0.88331,1.00,1.00
2013.12.09 03:51:23.086,0.88306,0.88331,1.00,1.00
2013.12.09 03:51:39.005,0.88306,0.88331,1.00,1.00
2013.12.09 03:51:40.356,0.88307,0.88331,1.00,1.00
2013.12.09 03:51:40.576,0.88296,0.88331,1.00,1.00
2013.12.09 03:51:42.068,0.88296,0.88328,1.00,1.00
2013.12.09 03:51:42.119,0.88291,0.88328,1.00,1.00
2013.12.09 03:51:42.225,0.88294,0.88328,1.00,1.00
2013.12.09 03:51:42.528,0.88297,0.88328,1.00,1.00
2013.12.09 03:51:42.668,0.88294,0.88328,1.00,1.00
2013.12.09 03:51:42.912,0.88296,0.88328,1.00,1.00
2013.12.09 03:51:42.963,0.88297,0.8833,1.00,1.00
2013.12.09 03:51:43.264,0.88302,0.8833,1.00,1.00
2013.12.09 03:51:43.698,0.88302,0.8833,1.00,1.00
2013.12.09 03:51:43.766,0.88296,0.8833,1.00,1.00
2013.12.09 03:51:43.911,0.88296,0.88327,1.00,1.00
2013.12.09 03:51:44.214,0.88296,0.88327,1.00,1.00
2013.12.09 03:51:48.630,0.88296,0.88327,1.00,1.00
2013.12.09 03:51:50.136,0.88296,0.88327,1.00,1.00
2013.12.09 03:51:50.187,0.88292,0.88327,1.00,1.00
2013.12.09 03:51:50.365,0.88296,0.88327,1.00,1.00
2013.12.09 03:51:50.586,0.88292,0.88327,1.00,1.00
2013.12.09 03:51:51.145,0.88292,0.88325,1.00,1.00
2013.12.09 03:51:53.109,0.88292,0.88325,1.38,1.00
2013.12.09 03:51:54.108,0.88301,0.88325,1.00,1.00
2013.12.09 03:51:57.098,0.88291,0.88325,1.00,1.00
2013.12.09 03:52:02.666,0.88291,0.88325,1.00,1.00
2013.12.09 03:52:10.293,0.88291,0.88323,1.00,1.00
2013.12.09 03:52:21.825,0.88292,0.88323,1.00,1.00
2013.12.09 03:52:23.395,0.88291,0.88323,1.00,1.00
2013.12.09 03:52:31.267,0.88291,0.88322,1.00,1.00
2013.12.09 03:52:52.431,0.88291,0.88322,1.00,1.00
2013.12.09 03:53:03.152,0.88291,0.88322,1.00,1.00
2013.12.09 03:53:06.853,0.88286,0.88322,1.00,1.00
2013.12.09 03:53:07.356,0.88286,0.88321,1.00,1.00
2013.12.09 03:53:07.845,0.88292,0.88321,1.00,1.00
2013.12.09 03:53:10.153,0.88287,0.88321,1.00,1.00
2013.12.09 03:53:27.037,0.88287,0.8832,1.00,1.00
2013.12.09 03:53:30.554,0.88288,0.8832,1.00,1.00
2013.12.09 03:53:30.614,0.88292,0.8832,1.00,1.00
2013.12.09 03:53:37.622,0.88302,0.88324,1.00,1.00
2013.12.09 03:53:37.875,0.88296,0.88324,1.00,1.50
2013.12.09 03:53:39.871,0.88297,0.88324,1.00,1.00
2013.12.09 03:53:40.664,0.88297,0.88329,1.50,1.00
2013.12.09 03:53:41.173,0.88298,0.88332,1.00,1.00
2013.12.09 03:53:41.508,0.88297,0.88332,1.50,1.00
2013.12.09 03:53:41.773,0.88299,0.88333,1.00,1.50
2013.12.09 03:53:42.678,0.88303,0.88333,1.00,1.00
2013.12.09 03:53:52.529,0.88298,0.88333,1.00,1.00
2013.12.09 03:53:52.817,0.88302,0.88333,1.00,1.00
2013.12.09 03:53:56.344,0.88302,0.88335,1.50,1.00
2013.12.09 03:54:08.910,0.88307,0.88335,1.00,1.00
2013.12.09 03:54:13.402,0.88304,0.88335,1.00,1.00
2013.12.09 03:54:28.136,0.88304,0.88335,1.00,1.00
2013.12.09 03:54:28.478,0.88299,0.88335,1.13,1.00
2013.12.09 03:54:29.345,0.88299,0.88334,1.13,1.00
2013.12.09 03:54:29.912,0.88299,0.88333,1.00,1.00
2013.12.09 03:54:30.458,0.88295,0.88333,1.50,1.50
2013.12.09 03:54:30.852,0.88302,0.88333,1.75,1.00
2013.12.09 03:54:31.003,0.88302,0.88334,1.75,1.50
2013.12.09 03:54:33.601,0.88306,0.88334,1.13,1.00
2013.12.09 03:54:33.852,0.88307,0.88337,1.00,1.00
2013.12.09 03:54:34.983,0.88307,0.88337,1.00,1.00
2013.12.09 03:54:35.832,0.88302,0.88337,3.00,1.00
2013.12.09 03:54:41.552,0.88307,0.88337,1.13,1.00
2013.12.09 03:54:42.322,0.88303,0.88337,1.75,1.00
2013.12.09 03:54:46.831,0.88306,0.88337,1.38,1.00
2013.12.09 03:54:47.391,0.88306,0.88337,1.13,1.00
2013.12.09 03:54:49.922,0.88306,0.88337,1.75,1.00
2013.12.09 03:54:50.563,0.88305,0.88337,1.75,1.00
2013.12.09 03:54:50.718,0.88301,0.88337,1.13,2.13
2013.12.09 03:54:50.769,0.88301,0.88331,1.13,1.00
2013.12.09 03:54:51.023,0.88296,0.88331,1.00,1.00
2013.12.09 03:54:51.847,0.88294,0.88329,1.00,1.00
2013.12.09 03:54:51.898,0.88291,0.88329,1.50,1.50
2013.12.09 03:54:55.794,0.88291,0.88325,1.00,1.00
2013.12.09 03:54:56.655,0.88291,0.88325,1.88,1.50
2013.12.09 03:54:56.847,0.88302,0.88325,1.00,1.00
2013.12.09 03:54:58.602,0.88291,0.88325,1.50,1.50
2013.12.09 03:54:58.652,0.88291,0.88324,1.00,1.00
2013.12.09 03:55:00.033,0.88301,0.88324,1.00,1.00
2013.12.09 03:55:02.674,0.88301,0.88324,1.00,1.00
2013.12.09 03:55:13.788,0.88301,0.88324,1.00,1.00
2013.12.09 03:55:15.103,0.88291,0.88324,1.00,1.00
2013.12.09 03:55:21.555,0.88291,0.88324,1.00,1.00
2013.12.09 03:55:22.016,0.88291,0.88324,1.00,1.00
2013.12.09 03:55:25.230,0.88292,0.88324,1.00,1.00
2013.12.09 03:55:25.333,0.88302,0.88324,1.00,1.00
2013.12.09 03:55:26.134,0.88302,0.88324,1.00,1.00
2013.12.09 03:55:26.322,0.88292,0.88324,1.13,1.00
2013.12.09 03:55:27.036,0.88292,0.88324,1.50,1.50
2013.12.09 03:55:28.152,0.88292,0.88324,1.00,1.00
2013.12.09 03:55:29.842,0.88301,0.88324,1.00,1.00
2013.12.09 03:55:32.262,0.88301,0.88322,1.00,1.00
2013.12.09 03:55:35.414,0.88301,0.88323,1.00,1.00
2013.12.09 03:55:36.883,0.88292,0.88323,1.00,1.50
2013.12.09 03:55:43.023,0.88292,0.88323,1.00,1.00
2013.12.09 03:55:43.832,0.88292,0.88323,1.00,1.00
2013.12.09 03:55:45.133,0.88301,0.88323,1.00,1.00
2013.12.09 03:55:45.353,0.88291,0.88323,1.00,1.00
2013.12.09 03:55:45.572,0.88302,0.88323,1.00,1.00
2013.12.09 03:55:46.848,0.88302,0.88322,1.00,1.00
2013.12.09 03:55:47.553,0.88292,0.88322,1.00,1.00
2013.12.09 03:55:48.060,0.88292,0.88322,1.00,1.00
2013.12.09 03:55:48.306,0.88292,0.88322,1.00,1.00
2013.12.09 03:55:49.646,0.88301,0.88322,1.00,1.00
2013.12.09 03:55:51.295,0.88301,0.88322,1.00,1.00
2013.12.09 03:55:51.862,0.88292,0.88322,1.00,1.00
2013.12.09 03:55:59.928,0.88292,0.88322,1.00,1.00
2013.12.09 03:56:05.062,0.88302,0.88322,1.00,1.00
2013.12.09 03:56:08.860,0.88302,0.88324,1.00,1.00
2013.12.09 03:56:12.384,0.88302,0.88324,1.00,1.00
2013.12.09 03:56:14.577,0.88302,0.88324,1.00,1.00
2013.12.09 03:56:16.281,0.88296,0.88324,1.00,1.00
2013.12.09 03:56:16.612,0.88291,0.88324,1.13,1.00
2013.12.09 03:56:18.424,0.88291,0.88323,1.00,1.00
2013.12.09 03:56:19.402,0.88291,0.8832,1.00,1.00
2013.12.09 03:56:29.811,0.88297,0.8832,1.00,1.00
2013.12.09 03:56:29.932,0.88297,0.8832,1.00,1.00
2013.12.09 03:56:31.736,0.88297,0.8832,1.00,1.00
2013.12.09 03:56:31.839,0.88297,0.8832,1.00,1.00
2013.12.09 03:56:34.324,0.88291,0.8832,1.00,1.00
2013.12.09 03:56:34.442,0.88291,0.8832,1.00,1.00
2013.12.09 03:56:34.604,0.88291,0.8832,1.00,1.00
2013.12.09 03:56:35.381,0.88291,0.8832,1.00,1.00
2013.12.09 03:56:40.891,0.88291,0.8832,1.00,1.00
2013.12.09 03:56:46.913,0.88291,0.8832,1.00,1.00
2013.12.09 03:56:50.382,0.88297,0.8832,1.00,1.00
2013.12.09 03:56:56.681,0.88302,0.8832,1.00,1.00
2013.12.09 03:56:59.921,0.88302,0.88321,1.00,1.00
2013.12.09 03:57:03.056,0.88302,0.88323,1.00,1.00
2013.12.09 03:57:04.488,0.88302,0.88323,1.00,1.00
2013.12.09 03:57:13.371,0.88301,0.88323,1.00,1.00
2013.12.09 03:57:25.193,0.88301,0.88323,1.00,1.00
2013.12.09 03:57:30.221,0.88301,0.88323,1.00,1.00
2013.12.09 03:57:30.620,0.88301,0.88323,1.00,1.00
2013.12.09 03:57:32.829,0.88301,0.88323,1.00,1.00
2013.12.09 03:57:39.120,0.88302,0.88323,1.00,1.00
2013.12.09 03:57:41.539,0.88306,0.88323,1.00,1.00
2013.12.09 03:57:41.711,0.88306,0.88327,1.00,1.00
2013.12.09 03:57:41.873,0.88306,0.88329,1.00,1.00
2013.12.09 03:57:42.430,0.88306,0.88329,1.38,1.00
2013.12.09 03:57:43.189,0.88306,0.88329,1.75,1.00
2013.12.09 03:57:43.300,0.88312,0.88332,1.00,1.00
2013.12.09 03:57:43.671,0.88316,0.88336,1.00,1.00
2013.12.09 03:57:43.933,0.88316,0.88338,1.00,1.00
2013.12.09 03:57:45.061,0.88311,0.88338,1.88,1.00
2013.12.09 03:57:45.612,0.88316,0.88338,1.00,1.00
2013.12.09 03:57:45.795,0.88316,0.88342,1.00,1.00
2013.12.09 03:57:47.386,0.88316,0.88342,1.00,1.00
2013.12.09 03:57:47.813,0.88322,0.88342,1.00,1.00
2013.12.09 03:57:48.911,0.88316,0.88342,1.00,1.00
2013.12.09 03:58:00.063,0.88316,0.88342,1.00,1.00
2013.12.09 03:58:00.872,0.88316,0.88342,1.00,1.00
2013.12.09 03:58:02.994,0.88316,0.88342,1.00,1.00
2013.12.09 03:58:04.638,0.88312,0.88342,1.00,1.00
2013.12.09 03:58:05.613,0.88312,0.88341,1.00,1.00
2013.12.09 03:58:05.814,0.88312,0.88341,1.00,1.00
2013.12.09 03:58:06.332,0.88312,0.88341,1.00,1.00
2013.12.09 03:58:06.820,0.88312,0.88341,1.00,1.00
2013.12.09 03:58:09.590,0.88316,0.88341,1.00,1.00
2013.12.09 03:58:10.100,0.88316,0.88341,1.00,1.00
2013.12.09 03:58:14.549,0.88312,0.88341,1.00,1.00
2013.12.09 03:58:15.209,0.88312,0.8834,1.00,1.00
2013.12.09 03:58:30.599,0.88311,0.88339,1.00,1.00
2013.12.09 03:58:31.161,0.88311,0.88337,1.00,2.13
2013.12.09 03:58:36.099,0.88316,0.88337,1.00,1.00
2013.12.09 03:58:47.762,0.88316,0.88337,1.00,1.00
2013.12.09 03:59:00.849,0.88311,0.88337,1.00,1.00
2013.12.09 03:59:03.495,0.88311,0.88337,1.00,1.00
2013.12.09 03:59:11.628,0.88311,0.88334,1.00,1.00
2013.12.09 03:59:11.679,0.88306,0.88334,1.50,1.50
2013.12.09 03:59:11.931,0.88303,0.8833,1.75,1.00
2013.12.09 03:59:12.058,0.88302,0.8833,1.13,1.00
2013.12.09 03:59:12.538,0.88302,0.88325,1.00,1.00
2013.12.09 03:59:12.878,0.88296,0.88325,1.00,1.00
2013.12.09 03:59:14.599,0.88301,0.88325,1.00,1.00
2013.12.09 03:59:15.147,0.88296,0.88325,1.00,1.00
2013.12.09 03:59:29.888,0.88301,0.88325,1.00,1.00
2013.12.09 03:59:31.430,0.88301,0.88325,1.00,1.00
2013.12.09 03:59:44.077,0.88297,0.88325,1.00,1.00
2013.12.09 03:59:50.041,0.88297,0.88325,1.00,1.00
2013.12.09 03:59:56.955,0.88297,0.88322,1.00,1.00
