2014.11.24 12:00:08.391,0.88523,0.88557,1.00,1.12
2014.11.24 12:00:18.776,0.88523,0.88553,1.00,1.00
2014.11.24 12:00:19.081,0.88519,0.88553,1.00,3.00
2014.11.24 12:00:19.182,0.88517,0.88549,1.00,1.37
2014.11.24 12:00:19.283,0.88513,0.88547,1.00,1.12
2014.11.24 12:00:19.484,0.88512,0.88549,1.50,1.50
2014.11.24 12:00:19.793,0.88513,0.8854,1.00,1.00
2014.11.24 12:00:19.844,0.88508,0.8854,1.00,1.00
2014.11.24 12:00:20.218,0.88507,0.88537,1.00,1.00
2014.11.24 12:00:21.299,0.88507,0.88543,1.00,1.37
2014.11.24 12:00:21.621,0.88507,0.88543,1.00,1.37
2014.11.24 12:00:22.019,0.88507,0.88543,1.00,1.37
2014.11.24 12:00:22.172,0.88513,0.88546,1.00,1.37
2014.11.24 12:00:22.996,0.88513,0.88546,1.00,1.37
2014.11.24 12:00:23.749,0.88512,0.88546,1.00,1.37
2014.11.24 12:00:25.472,0.88512,0.88546,1.00,1.00
2014.11.24 12:00:25.576,0.88509,0.88546,1.50,1.00
2014.11.24 12:00:25.727,0.88512,0.88546,1.50,1.00
2014.11.24 12:00:25.828,0.88513,0.8855,1.50,1.37
2014.11.24 12:00:25.928,0.88517,0.8855,1.00,1.37
2014.11.24 12:00:26.889,0.88518,0.8855,1.00,1.37
2014.11.24 12:00:27.840,0.88518,0.8855,1.00,1.37
2014.11.24 12:00:29.839,0.88517,0.88551,1.00,1.72
2014.11.24 12:00:29.890,0.88517,0.88551,1.00,1.72
2014.11.24 12:00:30.983,0.88517,0.88551,1.00,1.35
2014.11.24 12:00:34.434,0.88518,0.88553,1.50,2.47
2014.11.24 12:00:34.920,0.88523,0.88553,1.00,1.97
2014.11.24 12:00:35.120,0.88518,0.88552,1.00,1.72
2014.11.24 12:00:37.790,0.88523,0.88553,1.00,1.97
2014.11.24 12:00:41.309,0.88519,0.88552,1.00,1.72
2014.11.24 12:00:42.639,0.88518,0.88552,1.00,1.72
2014.11.24 12:00:49.619,0.88518,0.88552,1.00,1.72
2014.11.24 12:00:50.659,0.88522,0.88553,1.00,3.22
2014.11.24 12:00:52.089,0.88523,0.88553,1.00,2.85
2014.11.24 12:00:53.629,0.88522,0.88553,1.00,2.85
2014.11.24 12:00:54.117,0.88519,0.88553,1.00,3.22
2014.11.24 12:00:54.168,0.88519,0.88553,1.00,1.12
2014.11.24 12:00:54.319,0.88518,0.88551,1.00,1.00
2014.11.24 12:00:54.634,0.88517,0.88551,1.00,1.37
2014.11.24 12:00:57.693,0.88517,0.88553,1.00,1.37
2014.11.24 12:00:57.894,0.88517,0.88553,1.00,1.12
2014.11.24 12:00:58.096,0.88517,0.88553,1.37,1.00
2014.11.24 12:00:58.197,0.88515,0.88561,2.25,1.37
2014.11.24 12:00:58.359,0.88522,0.88561,1.00,1.37
2014.11.24 12:00:59.291,0.88522,0.8856,1.00,1.37
2014.11.24 12:01:02.616,0.88522,0.88562,1.00,1.50
2014.11.24 12:01:03.319,0.88523,0.88562,1.00,2.25
2014.11.24 12:01:07.730,0.88523,0.88562,1.00,1.87
2014.11.24 12:01:08.288,0.88523,0.88558,1.00,1.00
2014.11.24 12:01:08.601,0.88528,0.88558,1.00,1.00
2014.11.24 12:01:08.921,0.88523,0.88558,1.00,1.00
2014.11.24 12:01:09.361,0.88528,0.88558,1.00,1.00
2014.11.24 12:01:09.901,0.88528,0.88558,1.00,1.75
2014.11.24 12:01:10.153,0.88518,0.88549,1.00,1.37
2014.11.24 12:01:12.870,0.88518,0.88549,1.00,1.00
2014.11.24 12:01:13.420,0.88517,0.88549,1.00,1.00
2014.11.24 12:01:14.098,0.88517,0.88548,1.00,1.00
2014.11.24 12:01:16.303,0.88513,0.8855,1.37,1.00
2014.11.24 12:01:16.642,0.88523,0.8855,1.00,1.00
2014.11.24 12:01:19.378,0.88523,0.88549,1.00,1.00
2014.11.24 12:01:22.119,0.88518,0.88549,1.00,1.00
2014.11.24 12:01:23.466,0.88518,0.88548,1.00,1.00
2014.11.24 12:01:29.404,0.88517,0.88548,1.00,1.00
2014.11.24 12:01:30.818,0.88517,0.88547,1.00,1.00
2014.11.24 12:01:36.638,0.88523,0.88547,1.00,1.00
2014.11.24 12:01:39.638,0.88523,0.88548,1.00,1.00
2014.11.24 12:01:41.780,0.88523,0.88551,1.00,1.00
2014.11.24 12:01:42.305,0.88522,0.88551,1.00,1.00
2014.11.24 12:01:42.358,0.88517,0.88551,1.37,1.00
2014.11.24 12:01:42.919,0.88517,0.88551,1.00,1.12
2014.11.24 12:01:43.568,0.88523,0.88551,1.00,1.00
2014.11.24 12:01:43.898,0.88518,0.88551,1.00,1.00
2014.11.24 12:01:44.119,0.88522,0.88551,1.00,1.00
2014.11.24 12:01:44.368,0.88522,0.88555,1.00,1.37
2014.11.24 12:01:44.873,0.88522,0.88555,1.00,1.00
2014.11.24 12:01:45.180,0.88518,0.88555,1.00,1.37
2014.11.24 12:01:45.331,0.88523,0.88555,1.00,1.37
2014.11.24 12:01:46.040,0.88527,0.88556,1.00,1.37
2014.11.24 12:01:46.261,0.88528,0.88556,1.00,1.12
2014.11.24 12:01:46.319,0.88522,0.88556,1.00,1.12
2014.11.24 12:01:47.888,0.88522,0.88555,1.00,1.00
2014.11.24 12:01:49.178,0.88527,0.88555,1.00,1.00
2014.11.24 12:02:00.576,0.88527,0.8856,1.00,1.37
2014.11.24 12:02:03.040,0.88523,0.8856,1.00,1.37
2014.11.24 12:02:09.475,0.88523,0.88557,1.00,1.50
2014.11.24 12:02:09.983,0.88522,0.88557,1.00,1.50
2014.11.24 12:02:10.490,0.88523,0.88554,1.00,1.37
2014.11.24 12:02:11.033,0.88522,0.88554,1.00,2.62
2014.11.24 12:02:11.298,0.88518,0.88554,1.00,2.62
2014.11.24 12:02:12.159,0.88518,0.88554,1.00,1.37
2014.11.24 12:02:12.260,0.88518,0.88554,1.00,1.12
2014.11.24 12:02:12.558,0.88521,0.88556,1.00,1.37
2014.11.24 12:02:13.279,0.88523,0.88556,1.00,1.37
2014.11.24 12:02:13.568,0.88523,0.88556,1.00,1.12
2014.11.24 12:02:19.008,0.88527,0.88556,1.00,1.12
2014.11.24 12:02:19.159,0.88522,0.88556,1.00,1.12
2014.11.24 12:02:19.567,0.88528,0.88556,1.00,1.12
2014.11.24 12:02:20.509,0.88528,0.88556,1.00,1.37
2014.11.24 12:02:21.718,0.88528,0.88559,1.00,1.72
2014.11.24 12:02:39.129,0.88523,0.88557,1.00,1.87
2014.11.24 12:02:40.642,0.88523,0.88556,1.00,1.37
2014.11.24 12:02:46.057,0.88523,0.88556,1.00,1.00
2014.11.24 12:02:46.468,0.88522,0.88557,1.00,1.37
2014.11.24 12:02:46.669,0.88522,0.88557,1.00,1.00
2014.11.24 12:02:47.158,0.88528,0.88557,1.00,1.00
2014.11.24 12:02:47.432,0.88528,0.88563,1.00,1.00
2014.11.24 12:02:47.765,0.88528,0.88563,1.00,1.37
2014.11.24 12:02:48.587,0.88522,0.88563,1.50,1.37
2014.11.24 12:02:48.837,0.88527,0.88563,1.00,1.37
2014.11.24 12:02:50.349,0.88528,0.88565,1.00,1.50
2014.11.24 12:02:51.899,0.88528,0.88565,1.00,1.75
2014.11.24 12:02:59.368,0.88523,0.88562,1.00,1.37
2014.11.24 12:02:59.933,0.88523,0.88562,1.00,1.50
2014.11.24 12:03:10.366,0.88527,0.88564,1.00,2.25
2014.11.24 12:03:13.337,0.88523,0.88562,1.00,1.50
2014.11.24 12:03:16.308,0.88528,0.88564,1.00,2.25
2014.11.24 12:03:16.459,0.88528,0.88564,1.00,1.50
2014.11.24 12:03:16.996,0.88528,0.88564,1.00,1.37
2014.11.24 12:03:18.236,0.88528,0.88567,1.00,1.75
2014.11.24 12:03:19.127,0.88528,0.88567,1.00,1.75
2014.11.24 12:03:20.157,0.88528,0.88567,1.00,1.75
2014.11.24 12:03:25.218,0.88523,0.88562,1.00,1.37
2014.11.24 12:03:26.384,0.88523,0.88562,1.00,1.50
2014.11.24 12:03:29.350,0.88523,0.88562,1.00,1.37
2014.11.24 12:03:29.451,0.88526,0.88562,1.00,1.37
2014.11.24 12:03:29.645,0.88526,0.88562,1.00,1.37
2014.11.24 12:03:31.946,0.88523,0.88562,1.00,1.37
2014.11.24 12:03:32.268,0.88523,0.88562,1.00,1.12
2014.11.24 12:03:32.369,0.8852,0.88562,1.37,1.37
2014.11.24 12:03:32.716,0.88528,0.88562,1.00,1.37
2014.11.24 12:03:33.271,0.88527,0.88563,1.00,1.37
2014.11.24 12:03:35.559,0.88528,0.88562,1.00,1.37
2014.11.24 12:03:36.678,0.88523,0.88562,1.00,1.75
2014.11.24 12:03:36.779,0.88523,0.88559,1.00,2.25
2014.11.24 12:03:36.995,0.88517,0.88559,2.25,2.25
2014.11.24 12:03:37.196,0.88517,0.88553,1.00,1.37
2014.11.24 12:03:41.154,0.88517,0.88553,1.00,1.37
2014.11.24 12:03:41.606,0.88513,0.88553,1.87,1.37
2014.11.24 12:03:41.707,0.88512,0.88553,1.37,1.12
2014.11.24 12:03:41.827,0.88517,0.88555,1.00,1.37
2014.11.24 12:03:42.045,0.88512,0.88553,1.37,1.12
2014.11.24 12:03:49.146,0.88512,0.88553,1.12,1.37
2014.11.24 12:03:51.050,0.88512,0.88553,1.00,1.87
2014.11.24 12:03:52.385,0.88513,0.88552,1.00,1.37
2014.11.24 12:03:58.723,0.88513,0.88551,1.12,1.37
2014.11.24 12:03:59.026,0.88515,0.88552,1.87,1.00
2014.11.24 12:03:59.637,0.88515,0.88553,1.87,1.00
2014.11.24 12:04:00.680,0.88515,0.88553,1.87,1.00
2014.11.24 12:04:04.057,0.88513,0.88554,1.87,1.12
2014.11.24 12:04:04.437,0.88518,0.88555,1.00,1.37
2014.11.24 12:04:05.409,0.88515,0.88558,1.87,1.37
2014.11.24 12:04:05.815,0.8852,0.88558,1.50,1.37
2014.11.24 12:04:06.705,0.88519,0.88558,1.87,1.00
2014.11.24 12:04:10.219,0.8852,0.88558,1.50,1.00
2014.11.24 12:04:19.373,0.88523,0.88562,1.00,1.37
2014.11.24 12:04:19.624,0.88523,0.88562,1.12,1.00
2014.11.24 12:04:20.127,0.88526,0.88557,1.50,1.00
2014.11.24 12:04:21.106,0.88524,0.88557,1.50,1.00
2014.11.24 12:04:21.326,0.88524,0.8856,1.50,1.00
2014.11.24 12:04:22.645,0.88522,0.8856,2.62,1.00
2014.11.24 12:04:30.164,0.88528,0.8856,1.00,1.12
2014.11.24 12:04:31.954,0.88528,0.88559,1.00,1.00
2014.11.24 12:04:32.995,0.88528,0.8856,1.00,1.12
2014.11.24 12:04:35.631,0.88521,0.8856,1.87,1.12
2014.11.24 12:04:35.890,0.88528,0.88561,1.00,1.37
2014.11.24 12:04:36.285,0.88533,0.88561,1.00,1.37
2014.11.24 12:04:37.388,0.88533,0.88561,1.00,1.00
2014.11.24 12:04:37.438,0.88533,0.88567,1.00,2.47
2014.11.24 12:04:37.976,0.88532,0.88567,1.00,1.37
2014.11.24 12:04:50.828,0.88532,0.88568,1.00,1.87
2014.11.24 12:04:55.644,0.88537,0.88568,1.00,1.37
2014.11.24 12:04:55.891,0.88532,0.88568,1.00,1.87
2014.11.24 12:04:58.405,0.88537,0.88568,1.00,1.37
2014.11.24 12:04:58.716,0.88531,0.88562,1.87,1.00
2014.11.24 12:04:58.968,0.88537,0.88577,1.00,1.50
2014.11.24 12:04:59.406,0.88542,0.88577,1.00,1.50
2014.11.24 12:04:59.736,0.88537,0.88577,1.00,1.50
2014.11.24 12:05:00.699,0.88538,0.88577,1.00,2.25
2014.11.24 12:05:01.158,0.88538,0.88577,1.00,1.87
2014.11.24 12:05:01.648,0.88538,0.88577,1.00,2.25
2014.11.24 12:05:02.329,0.88538,0.88577,1.00,1.37
2014.11.24 12:05:02.380,0.88543,0.8858,1.00,2.25
2014.11.24 12:05:02.796,0.88537,0.88578,1.00,1.37
2014.11.24 12:05:10.113,0.88537,0.88578,1.00,1.75
2014.11.24 12:05:10.214,0.88537,0.88578,1.00,1.37
2014.11.24 12:05:10.673,0.88537,0.88578,1.00,1.75
2014.11.24 12:05:13.201,0.88537,0.88575,1.00,1.50
2014.11.24 12:05:13.824,0.88538,0.88572,1.00,1.37
2014.11.24 12:05:14.309,0.88538,0.88568,1.00,1.00
2014.11.24 12:05:15.117,0.88542,0.88568,1.00,1.00
2014.11.24 12:05:16.651,0.88542,0.88571,1.00,1.00
2014.11.24 12:05:18.684,0.88543,0.88571,1.00,1.00
2014.11.24 12:05:18.862,0.88537,0.88574,1.37,1.00
2014.11.24 12:05:19.086,0.88542,0.88574,1.00,1.00
2014.11.24 12:05:20.623,0.8854,0.8858,1.87,1.37
2014.11.24 12:05:20.674,0.8854,0.8858,1.87,1.00
2014.11.24 12:05:21.183,0.88552,0.8858,1.00,1.00
2014.11.24 12:05:24.206,0.88552,0.88582,1.00,1.37
2014.11.24 12:05:25.344,0.88552,0.88573,1.00,1.00
2014.11.24 12:05:25.394,0.88548,0.88573,1.00,1.00
2014.11.24 12:05:25.906,0.88553,0.88573,1.00,1.00
2014.11.24 12:05:26.846,0.88553,0.88581,1.00,1.00
2014.11.24 12:05:27.552,0.88553,0.88581,1.00,1.37
2014.11.24 12:05:27.703,0.88547,0.88581,1.00,1.37
2014.11.24 12:05:28.165,0.88548,0.88573,1.00,1.00
2014.11.24 12:05:36.896,0.88547,0.88573,1.00,1.00
2014.11.24 12:05:37.406,0.88547,0.88575,1.00,1.00
2014.11.24 12:05:37.557,0.88543,0.88574,1.00,1.87
2014.11.24 12:05:37.708,0.88543,0.88574,1.00,2.85
2014.11.24 12:05:38.050,0.88538,0.88564,1.00,1.00
2014.11.24 12:05:38.355,0.88542,0.88564,1.00,1.00
2014.11.24 12:05:38.896,0.88537,0.88564,1.00,1.00
2014.11.24 12:05:39.436,0.88537,0.88566,1.00,1.00
2014.11.24 12:05:42.356,0.88537,0.88567,1.00,1.00
2014.11.24 12:05:42.507,0.88543,0.88567,1.00,1.00
2014.11.24 12:05:42.658,0.88538,0.88567,1.50,1.00
2014.11.24 12:05:42.809,0.88539,0.88574,1.87,1.00
2014.11.24 12:05:42.860,0.88548,0.88574,1.00,1.00
2014.11.24 12:05:44.361,0.88548,0.88575,1.00,1.00
2014.11.24 12:05:47.305,0.88548,0.88574,1.00,1.00
2014.11.24 12:05:49.295,0.88548,0.88568,1.00,1.00
2014.11.24 12:05:49.346,0.88537,0.88568,1.00,1.00
2014.11.24 12:05:50.385,0.88537,0.88563,1.00,1.00
2014.11.24 12:05:51.105,0.88533,0.88563,1.00,1.00
2014.11.24 12:05:51.156,0.88533,0.88559,1.00,1.00
2014.11.24 12:05:51.715,0.88532,0.88559,1.00,1.00
2014.11.24 12:05:54.125,0.88532,0.8856,1.00,1.00
2014.11.24 12:05:57.095,0.88532,0.88562,1.00,1.00
2014.11.24 12:06:00.064,0.88532,0.88564,1.00,1.12
2014.11.24 12:06:01.865,0.88538,0.88564,1.00,1.12
2014.11.24 12:06:03.036,0.88538,0.88565,1.00,1.00
2014.11.24 12:06:03.407,0.88532,0.88565,2.62,1.00
2014.11.24 12:06:03.658,0.88538,0.88565,1.00,1.00
2014.11.24 12:06:04.615,0.88532,0.88565,1.00,1.00
2014.11.24 12:06:04.835,0.88538,0.88565,1.00,1.00
2014.11.24 12:06:05.894,0.88538,0.88563,1.00,1.00
2014.11.24 12:06:08.864,0.88538,0.88562,1.00,1.00
2014.11.24 12:06:09.966,0.88538,0.8856,1.00,1.00
2014.11.24 12:06:10.892,0.88533,0.8856,1.00,1.00
2014.11.24 12:06:10.993,0.88533,0.88564,1.00,1.00
2014.11.24 12:06:11.094,0.88537,0.88564,1.00,1.00
2014.11.24 12:06:12.366,0.88533,0.88564,1.00,1.00
2014.11.24 12:06:12.670,0.88538,0.88563,1.00,1.00
2014.11.24 12:06:15.684,0.88538,0.88562,1.00,1.00
2014.11.24 12:06:17.664,0.88538,0.88565,1.00,1.12
2014.11.24 12:06:23.714,0.88538,0.88564,1.00,1.00
2014.11.24 12:06:38.355,0.88538,0.88564,1.00,1.37
2014.11.24 12:06:38.657,0.88533,0.88562,1.00,1.75
2014.11.24 12:06:38.758,0.88533,0.88562,1.00,1.50
2014.11.24 12:06:39.213,0.88533,0.88562,1.00,2.62
2014.11.24 12:06:39.387,0.88527,0.88562,1.00,1.37
2014.11.24 12:06:39.608,0.88533,0.88562,1.00,2.62
2014.11.24 12:06:41.522,0.88527,0.88561,1.00,1.87
2014.11.24 12:06:53.643,0.88527,0.8856,1.00,1.37
2014.11.24 12:06:57.344,0.88533,0.8856,1.00,1.37
2014.11.24 12:06:57.395,0.88533,0.88562,1.00,1.87
2014.11.24 12:06:57.716,0.88533,0.88565,1.00,1.37
2014.11.24 12:06:58.093,0.88527,0.88563,1.00,1.37
2014.11.24 12:06:58.225,0.88527,0.88563,1.00,2.62
2014.11.24 12:06:58.757,0.88527,0.88563,1.00,2.62
2014.11.24 12:07:08.644,0.88528,0.88562,1.00,1.37
2014.11.24 12:07:09.134,0.88527,0.88562,1.50,2.62
2014.11.24 12:07:09.854,0.88533,0.8856,1.00,1.87
2014.11.24 12:07:11.515,0.88533,0.8856,1.00,1.12
2014.11.24 12:07:11.913,0.88533,0.88562,1.00,1.00
2014.11.24 12:07:11.965,0.88527,0.88562,1.00,1.12
2014.11.24 12:07:12.163,0.88533,0.88562,1.00,1.12
2014.11.24 12:07:17.613,0.88533,0.88561,1.00,1.00
2014.11.24 12:07:21.573,0.88533,0.88562,1.00,1.12
2014.11.24 12:07:31.083,0.88527,0.88562,1.00,1.12
2014.11.24 12:07:31.413,0.88532,0.88562,1.00,1.12
2014.11.24 12:07:31.853,0.88528,0.88556,1.00,1.00
2014.11.24 12:07:32.163,0.88533,0.88556,1.00,1.00
2014.11.24 12:07:33.614,0.88528,0.88556,1.00,1.00
2014.11.24 12:07:59.550,0.88528,0.88557,1.00,1.00
2014.11.24 12:08:01.791,0.88527,0.88557,1.00,1.00
2014.11.24 12:08:01.841,0.88527,0.88555,1.00,1.00
2014.11.24 12:08:04.032,0.88527,0.88554,1.00,1.00
2014.11.24 12:08:07.003,0.88527,0.88555,1.00,1.00
2014.11.24 12:08:09.972,0.88527,0.88557,1.00,1.00
2014.11.24 12:08:16.813,0.88527,0.88556,1.00,1.00
2014.11.24 12:08:17.779,0.88528,0.88556,1.00,1.00
2014.11.24 12:08:22.732,0.88528,0.88557,1.00,1.00
2014.11.24 12:08:25.812,0.88528,0.88556,1.00,1.00
2014.11.24 12:08:27.262,0.88528,0.88562,1.00,1.87
2014.11.24 12:08:29.249,0.88528,0.88556,1.00,1.00
2014.11.24 12:08:30.652,0.88528,0.88562,1.00,1.50
2014.11.24 12:08:32.352,0.88527,0.88562,2.62,1.00
2014.11.24 12:08:32.561,0.88527,0.88557,1.00,1.00
2014.11.24 12:08:34.983,0.88527,0.88563,1.00,1.87
2014.11.24 12:08:35.212,0.88529,0.88563,1.50,1.50
2014.11.24 12:08:35.692,0.88533,0.88563,1.00,1.00
2014.11.24 12:08:36.422,0.88532,0.88563,1.00,1.00
2014.11.24 12:08:36.660,0.88522,0.8856,1.37,1.12
2014.11.24 12:08:36.761,0.88522,0.8856,1.00,1.37
2014.11.24 12:08:37.082,0.88527,0.88551,1.00,1.00
2014.11.24 12:08:39.781,0.88527,0.88553,1.00,1.00
2014.11.24 12:08:42.751,0.88527,0.88552,1.00,1.00
2014.11.24 12:08:44.669,0.88527,0.88555,1.00,1.00
2014.11.24 12:08:45.440,0.88528,0.88555,1.00,1.00
2014.11.24 12:08:47.702,0.88528,0.88556,1.00,1.00
2014.11.24 12:08:48.475,0.88528,0.88555,1.00,1.00
2014.11.24 12:08:49.323,0.88527,0.88555,1.00,1.00
2014.11.24 12:08:54.555,0.88527,0.88556,1.00,1.00
2014.11.24 12:09:02.382,0.88528,0.88556,1.00,1.00
2014.11.24 12:09:03.054,0.88533,0.88556,1.00,1.00
2014.11.24 12:09:05.851,0.88533,0.88555,1.00,1.00
2014.11.24 12:09:09.343,0.88532,0.88555,1.00,1.00
2014.11.24 12:09:10.251,0.88532,0.88556,1.00,1.00
2014.11.24 12:09:10.782,0.88533,0.88556,1.00,1.00
2014.11.24 12:09:11.681,0.88533,0.88555,1.00,1.00
2014.11.24 12:09:16.411,0.88533,0.88556,1.00,1.00
2014.11.24 12:09:17.391,0.88532,0.88556,1.00,1.00
2014.11.24 12:09:26.316,0.88532,0.88555,1.00,1.00
2014.11.24 12:09:26.962,0.88528,0.88555,1.00,1.00
2014.11.24 12:09:27.741,0.88528,0.88556,1.00,1.00
2014.11.24 12:09:30.270,0.88528,0.88555,1.00,1.00
2014.11.24 12:09:31.862,0.88527,0.88555,1.00,1.00
2014.11.24 12:09:32.410,0.88533,0.88555,1.00,1.00
2014.11.24 12:09:32.631,0.88528,0.88555,1.00,1.00
2014.11.24 12:09:33.112,0.88533,0.88556,1.00,1.00
2014.11.24 12:09:34.611,0.88532,0.88556,1.00,1.00
2014.11.24 12:09:34.942,0.88528,0.88545,1.00,1.00
2014.11.24 12:09:35.093,0.88523,0.88545,1.00,1.00
2014.11.24 12:09:43.232,0.88522,0.88545,1.00,1.00
2014.11.24 12:09:43.340,0.88523,0.88556,1.00,1.00
2014.11.24 12:09:43.442,0.88533,0.88556,1.00,1.00
2014.11.24 12:09:47.811,0.88528,0.88556,1.00,1.00
2014.11.24 12:09:49.300,0.88528,0.88555,1.00,1.00
2014.11.24 12:09:50.561,0.88533,0.88555,1.00,1.00
2014.11.24 12:09:50.781,0.88533,0.88564,1.00,1.37
2014.11.24 12:09:51.296,0.88534,0.88568,1.50,1.00
2014.11.24 12:09:51.346,0.88538,0.88568,1.00,1.00
2014.11.24 12:09:54.062,0.88538,0.88566,1.00,1.00
2014.11.24 12:09:55.328,0.88537,0.88566,1.00,1.00
2014.11.24 12:09:56.560,0.88537,0.88567,1.00,1.00
2014.11.24 12:09:59.640,0.88537,0.88568,1.00,1.00
2014.11.24 12:10:00.902,0.88538,0.88568,1.00,1.00
2014.11.24 12:10:02.611,0.88538,0.88567,1.00,1.00
2014.11.24 12:10:06.109,0.88537,0.88567,1.00,1.00
2014.11.24 12:10:10.861,0.88537,0.88566,1.00,1.00
2014.11.24 12:10:20.352,0.88537,0.88567,1.00,1.12
2014.11.24 12:10:23.291,0.88537,0.88566,1.00,1.00
2014.11.24 12:10:26.261,0.88537,0.88567,1.00,1.12
2014.11.24 12:10:29.341,0.88537,0.88566,1.00,1.00
2014.11.24 12:10:41.680,0.88537,0.88569,1.00,1.00
2014.11.24 12:11:01.810,0.88537,0.88567,1.00,1.00
2014.11.24 12:11:02.720,0.88538,0.88567,1.00,1.00
2014.11.24 12:11:15.341,0.88538,0.88568,1.00,1.00
2014.11.24 12:11:18.310,0.88538,0.88566,1.00,1.00
2014.11.24 12:11:19.566,0.88542,0.88566,1.00,1.00
2014.11.24 12:11:19.880,0.88538,0.88566,1.00,1.00
2014.11.24 12:11:21.650,0.88542,0.88566,1.00,1.00
2014.11.24 12:11:24.381,0.88542,0.88568,1.00,1.00
2014.11.24 12:11:27.329,0.88542,0.88567,1.00,1.00
2014.11.24 12:11:27.380,0.88538,0.88567,1.00,1.00
2014.11.24 12:11:29.381,0.88538,0.88567,1.00,1.37
2014.11.24 12:11:29.928,0.88538,0.88567,1.00,1.37
2014.11.24 12:11:36.476,0.88538,0.88566,1.00,1.00
2014.11.24 12:11:36.833,0.88542,0.88567,1.00,1.00
2014.11.24 12:11:40.121,0.88538,0.88567,1.00,1.00
2014.11.24 12:11:41.299,0.88538,0.88568,1.00,1.00
2014.11.24 12:11:47.569,0.88538,0.88567,1.00,1.00
2014.11.24 12:11:49.691,0.88543,0.88567,1.00,1.00
2014.11.24 12:11:50.476,0.88543,0.8857,1.00,1.00
2014.11.24 12:11:52.549,0.88538,0.8857,1.00,1.00
2014.11.24 12:11:56.479,0.88538,0.88569,1.00,1.00
2014.11.24 12:12:03.410,0.88538,0.88568,1.00,1.00
2014.11.24 12:12:03.881,0.88543,0.88568,1.00,1.00
2014.11.24 12:12:04.244,0.88538,0.88568,1.12,1.00
2014.11.24 12:12:04.295,0.88538,0.88577,1.12,1.37
2014.11.24 12:12:04.346,0.88542,0.88577,1.00,1.37
2014.11.24 12:12:04.852,0.88543,0.88577,1.00,1.37
2014.11.24 12:12:05.104,0.88539,0.88577,1.87,1.00
2014.11.24 12:12:05.320,0.88548,0.88577,1.00,1.00
2014.11.24 12:12:06.190,0.88548,0.88578,1.00,1.00
2014.11.24 12:12:06.359,0.88542,0.88578,1.37,1.00
2014.11.24 12:12:06.766,0.88542,0.88578,1.00,1.12
2014.11.24 12:12:07.504,0.88543,0.88578,1.00,1.12
2014.11.24 12:12:07.555,0.88543,0.88578,1.37,1.00
2014.11.24 12:12:07.893,0.88547,0.88578,1.00,1.00
2014.11.24 12:12:08.072,0.88544,0.88578,1.50,1.00
2014.11.24 12:12:08.621,0.88547,0.88578,1.00,1.12
2014.11.24 12:12:09.140,0.88547,0.88577,1.00,1.00
2014.11.24 12:12:09.909,0.88547,0.88577,1.00,1.37
2014.11.24 12:12:10.228,0.88543,0.8857,1.00,1.00
2014.11.24 12:12:10.775,0.88542,0.8857,1.00,1.12
2014.11.24 12:12:11.401,0.88543,0.8857,1.00,1.12
2014.11.24 12:12:12.141,0.88538,0.88568,1.00,1.00
2014.11.24 12:12:19.079,0.88537,0.88568,1.00,1.00
2014.11.24 12:12:20.018,0.88537,0.88572,1.00,1.37
2014.11.24 12:12:22.370,0.88538,0.88572,1.00,1.87
2014.11.24 12:12:22.421,0.88538,0.88572,1.00,1.87
2014.11.24 12:12:30.621,0.88537,0.88573,1.00,1.37
2014.11.24 12:12:31.179,0.88537,0.88573,1.00,1.12
2014.11.24 12:12:31.340,0.88537,0.88573,1.00,1.72
2014.11.24 12:12:31.391,0.88534,0.88573,1.87,1.72
2014.11.24 12:12:31.441,0.88534,0.88573,1.50,1.97
2014.11.24 12:12:31.643,0.88533,0.88572,1.37,1.00
2014.11.24 12:12:31.844,0.88537,0.88573,1.00,1.50
2014.11.24 12:12:32.380,0.88543,0.88576,1.00,1.37
2014.11.24 12:12:32.820,0.88537,0.88576,1.37,1.37
2014.11.24 12:12:33.609,0.88542,0.88576,1.00,1.37
2014.11.24 12:12:34.051,0.88538,0.88576,1.12,1.37
2014.11.24 12:12:34.387,0.88543,0.88582,1.00,1.75
2014.11.24 12:12:35.129,0.88537,0.88583,1.37,2.25
2014.11.24 12:12:35.508,0.88538,0.88577,2.62,1.00
2014.11.24 12:12:41.401,0.88538,0.88577,1.37,1.00
2014.11.24 12:12:45.209,0.88539,0.88577,1.87,1.00
2014.11.24 12:12:45.360,0.8854,0.88579,1.87,1.00
2014.11.24 12:12:45.578,0.88543,0.88577,1.12,1.00
2014.11.24 12:12:46.568,0.88548,0.88582,1.00,1.87
2014.11.24 12:12:51.081,0.88544,0.88578,1.50,1.00
2014.11.24 12:12:51.785,0.88542,0.88578,2.62,1.00
2014.11.24 12:12:52.724,0.88542,0.88578,2.62,1.00
2014.11.24 12:12:53.297,0.88543,0.88578,1.50,1.00
2014.11.24 12:12:53.896,0.88542,0.88578,1.12,1.00
2014.11.24 12:12:55.850,0.88545,0.88578,1.50,1.00
2014.11.24 12:12:56.201,0.88547,0.88582,1.00,1.00
2014.11.24 12:12:56.762,0.88547,0.88583,1.00,1.87
2014.11.24 12:13:08.308,0.88547,0.88582,1.00,1.00
2014.11.24 12:13:11.278,0.88547,0.88583,1.00,1.87
2014.11.24 12:13:12.549,0.88548,0.88582,1.00,1.00
2014.11.24 12:13:28.919,0.88547,0.88583,1.00,1.50
2014.11.24 12:13:29.139,0.88547,0.88583,1.00,1.87
2014.11.24 12:13:29.391,0.88543,0.88583,1.00,3.75
2014.11.24 12:13:29.545,0.88543,0.88583,1.00,4.50
2014.11.24 12:13:30.086,0.88542,0.88574,1.00,1.00
2014.11.24 12:13:30.237,0.88542,0.88576,1.50,1.12
2014.11.24 12:13:31.637,0.8854,0.88583,1.00,2.25
2014.11.24 12:13:32.659,0.8854,0.88577,1.00,1.00
2014.11.24 12:13:33.097,0.88542,0.88578,1.00,1.12
2014.11.24 12:13:33.869,0.88541,0.88577,1.50,1.00
2014.11.24 12:13:34.524,0.8854,0.88578,1.00,1.12
2014.11.24 12:13:34.858,0.88543,0.88577,1.00,1.00
2014.11.24 12:13:36.106,0.88542,0.88578,1.00,1.37
2014.11.24 12:13:36.247,0.88537,0.88578,1.87,1.87
2014.11.24 12:13:36.298,0.88537,0.88578,1.50,1.87
2014.11.24 12:13:36.973,0.88537,0.88578,1.87,1.87
2014.11.24 12:13:37.800,0.88537,0.88575,2.62,1.00
2014.11.24 12:13:38.453,0.88537,0.88575,2.62,1.00
2014.11.24 12:13:40.759,0.8854,0.88576,1.87,1.00
2014.11.24 12:13:41.132,0.88542,0.88576,1.00,1.00
2014.11.24 12:13:41.859,0.88543,0.88576,1.00,1.00
2014.11.24 12:13:44.186,0.88543,0.88577,1.00,1.12
2014.11.24 12:13:44.879,0.88537,0.88577,2.62,1.12
2014.11.24 12:13:45.647,0.88542,0.88577,1.00,1.12
2014.11.24 12:13:50.590,0.88542,0.88572,1.00,1.00
2014.11.24 12:13:50.809,0.88542,0.88577,1.00,1.12
2014.11.24 12:13:51.317,0.88538,0.88577,1.37,1.12
2014.11.24 12:13:51.902,0.88538,0.88577,1.00,1.37
2014.11.24 12:13:55.751,0.88538,0.88577,1.37,1.37
2014.11.24 12:14:00.458,0.88539,0.88575,1.12,1.00
2014.11.24 12:14:00.817,0.88539,0.88568,1.00,1.00
2014.11.24 12:14:00.918,0.88532,0.88568,1.37,1.00
2014.11.24 12:14:00.969,0.88532,0.88568,1.37,1.00
2014.11.24 12:14:01.070,0.88533,0.8857,1.12,1.12
2014.11.24 12:14:01.147,0.88533,0.88567,1.12,1.00
2014.11.24 12:14:01.367,0.88532,0.8857,1.37,1.12
2014.11.24 12:14:01.569,0.88532,0.8857,1.00,1.37
2014.11.24 12:14:01.871,0.8853,0.88563,1.00,1.00
2014.11.24 12:14:02.273,0.88528,0.88563,2.62,1.00
2014.11.24 12:14:04.198,0.88528,0.88562,1.87,1.00
2014.11.24 12:14:05.888,0.88528,0.88567,1.37,1.87
2014.11.24 12:14:06.689,0.88529,0.88567,1.87,1.50
2014.11.24 12:14:07.092,0.88533,0.88567,1.37,1.00
2014.11.24 12:14:07.193,0.88535,0.88572,1.87,1.00
2014.11.24 12:14:07.691,0.88537,0.88573,2.62,1.00
2014.11.24 12:14:08.087,0.88538,0.88578,1.87,1.37
2014.11.24 12:14:09.837,0.88539,0.88573,1.87,1.00
2014.11.24 12:14:12.157,0.88539,0.88573,1.87,1.00
2014.11.24 12:14:14.581,0.88539,0.88577,1.87,1.00
2014.11.24 12:14:25.982,0.88539,0.88577,1.87,1.00
2014.11.24 12:14:28.868,0.88537,0.88578,2.62,1.87
2014.11.24 12:14:29.086,0.88539,0.88572,1.87,1.00
2014.11.24 12:14:29.317,0.88543,0.88577,1.00,1.00
2014.11.24 12:14:39.448,0.88543,0.88577,1.00,1.87
2014.11.24 12:14:39.549,0.88538,0.88572,1.12,1.00
2014.11.24 12:14:39.877,0.88536,0.88573,1.50,1.37
2014.11.24 12:14:40.087,0.88538,0.88577,1.00,2.25
2014.11.24 12:14:40.188,0.88538,0.88577,1.00,1.87
2014.11.24 12:14:41.048,0.88538,0.88577,1.00,1.87
2014.11.24 12:14:41.408,0.88538,0.88572,2.25,1.00
2014.11.24 12:14:41.849,0.88538,0.88577,2.25,1.87
2014.11.24 12:14:42.397,0.88535,0.88577,1.87,1.87
2014.11.24 12:14:42.627,0.88543,0.88577,1.00,1.87
2014.11.24 12:14:43.166,0.88538,0.88572,2.25,1.00
2014.11.24 12:14:43.399,0.88543,0.88577,1.00,1.87
2014.11.24 12:14:44.064,0.88538,0.88572,2.25,1.00
2014.11.24 12:14:44.697,0.88534,0.88572,1.87,1.00
2014.11.24 12:14:44.857,0.88538,0.88577,1.00,1.87
2014.11.24 12:14:47.686,0.88534,0.88577,2.25,1.87
2014.11.24 12:14:48.116,0.88543,0.88577,1.00,1.87
2014.11.24 12:14:48.598,0.88537,0.88573,2.62,1.00
2014.11.24 12:14:49.886,0.88537,0.88572,1.50,1.00
2014.11.24 12:14:50.138,0.88538,0.88576,1.00,1.37
2014.11.24 12:14:50.868,0.88537,0.88576,2.25,1.37
2014.11.24 12:14:51.976,0.88538,0.88577,1.00,1.37
2014.11.24 12:14:52.627,0.88542,0.88578,1.00,1.87
2014.11.24 12:14:58.587,0.88542,0.88578,1.00,1.87
2014.11.24 12:14:58.839,0.88542,0.88582,2.62,1.37
2014.11.24 12:14:58.889,0.88545,0.88582,1.50,1.00
2014.11.24 12:14:59.274,0.88542,0.88583,3.37,1.37
2014.11.24 12:14:59.374,0.88548,0.88582,1.00,1.37
2014.11.24 12:14:59.888,0.88548,0.88582,1.50,1.00
2014.11.24 12:15:00.556,0.88548,0.88586,2.62,1.00
2014.11.24 12:15:00.657,0.88548,0.88586,1.00,1.37
2014.11.24 12:15:01.166,0.88547,0.88582,1.00,1.00
2014.11.24 12:15:02.483,0.88547,0.88582,1.00,1.37
2014.11.24 12:15:03.368,0.88547,0.88582,1.00,1.12
2014.11.24 12:15:04.838,0.88545,0.88577,1.87,1.00
2014.11.24 12:15:06.385,0.88544,0.88582,1.87,1.12
2014.11.24 12:15:06.636,0.88547,0.88582,1.00,1.12
2014.11.24 12:15:07.170,0.88547,0.88581,1.00,1.00
2014.11.24 12:15:07.378,0.88545,0.88581,1.12,1.00
2014.11.24 12:15:07.598,0.88545,0.88578,1.12,1.00
2014.11.24 12:15:10.618,0.88544,0.88578,1.00,1.00
2014.11.24 12:15:11.879,0.88547,0.88582,1.00,1.37
2014.11.24 12:15:12.321,0.88544,0.88577,1.00,1.00
2014.11.24 12:15:12.576,0.88548,0.88582,1.00,1.87
2014.11.24 12:15:13.105,0.88548,0.88581,1.00,1.00
2014.11.24 12:15:18.047,0.88548,0.8858,1.00,1.00
2014.11.24 12:15:19.399,0.88547,0.8858,1.00,1.00
2014.11.24 12:15:21.017,0.88547,0.88579,1.00,1.00
2014.11.24 12:15:23.987,0.88547,0.8858,1.00,1.00
2014.11.24 12:15:27.067,0.88547,0.88579,1.00,1.00
2014.11.24 12:15:38.273,0.88548,0.88579,1.50,1.00
2014.11.24 12:15:41.037,0.88548,0.8858,1.50,1.00
2014.11.24 12:15:41.378,0.88553,0.8858,1.00,1.00
2014.11.24 12:15:45.997,0.88548,0.8858,2.25,1.00
2014.11.24 12:15:53.417,0.88549,0.8858,1.50,1.00
2014.11.24 12:15:56.278,0.88548,0.8858,1.00,1.00
2014.11.24 12:16:05.016,0.88548,0.88579,1.00,1.00
2014.11.24 12:16:08.880,0.88553,0.8858,1.00,1.00
2014.11.24 12:16:11.836,0.88553,0.88579,1.00,1.00
2014.11.24 12:16:18.117,0.88548,0.88579,2.25,1.00
2014.11.24 12:16:19.328,0.88552,0.88579,1.00,1.00
2014.11.24 12:16:19.876,0.88548,0.88579,1.50,1.00
2014.11.24 12:16:20.417,0.88547,0.88579,1.00,1.00
2014.11.24 12:16:20.468,0.88547,0.88579,1.00,1.37
2014.11.24 12:16:20.569,0.88543,0.88579,1.50,1.37
2014.11.24 12:16:20.857,0.88543,0.88577,1.00,1.37
2014.11.24 12:16:20.908,0.88538,0.88577,1.00,1.37
2014.11.24 12:16:21.447,0.88537,0.88577,1.00,1.37
2014.11.24 12:16:21.648,0.88537,0.88571,1.00,1.00
2014.11.24 12:16:24.706,0.88537,0.8857,1.00,1.00
2014.11.24 12:16:29.157,0.88543,0.88572,1.00,1.00
2014.11.24 12:16:30.207,0.88537,0.88573,1.00,1.12
2014.11.24 12:16:32.626,0.88537,0.88578,1.12,1.87
2014.11.24 12:16:37.228,0.88538,0.88578,1.50,1.37
2014.11.24 12:16:38.406,0.88539,0.88578,1.50,1.37
2014.11.24 12:16:38.972,0.88537,0.88578,1.00,1.87
2014.11.24 12:16:39.910,0.88537,0.88574,1.37,1.00
2014.11.24 12:16:40.412,0.88537,0.88574,1.00,1.12
2014.11.24 12:16:42.016,0.88537,0.88573,1.00,1.00
2014.11.24 12:16:44.896,0.88538,0.88573,1.00,1.00
2014.11.24 12:16:45.827,0.88538,0.88572,1.00,1.00
2014.11.24 12:16:47.261,0.88538,0.88577,1.00,1.87
2014.11.24 12:16:55.931,0.88538,0.88575,1.00,2.25
2014.11.24 12:16:56.081,0.88536,0.88576,1.00,3.00
2014.11.24 12:16:56.283,0.88532,0.88564,1.35,1.00
2014.11.24 12:16:56.434,0.88528,0.88564,1.00,1.37
2014.11.24 12:16:56.935,0.88527,0.88568,1.00,1.75
2014.11.24 12:16:57.561,0.88527,0.88568,1.37,1.37
2014.11.24 12:16:57.662,0.88525,0.88568,1.87,1.37
2014.11.24 12:16:59.361,0.88528,0.88567,1.00,1.37
2014.11.24 12:17:00.095,0.88529,0.88567,1.50,1.37
2014.11.24 12:17:00.673,0.88529,0.88567,1.87,1.00
2014.11.24 12:17:11.674,0.88528,0.88567,2.62,1.00
2014.11.24 12:17:12.222,0.88529,0.88567,1.87,1.12
2014.11.24 12:17:16.775,0.88528,0.88567,2.62,1.00
2014.11.24 12:17:17.405,0.88533,0.88572,1.00,1.37
2014.11.24 12:17:19.035,0.88533,0.8857,1.00,1.37
2014.11.24 12:17:19.087,0.88533,0.8857,1.00,1.50
2014.11.24 12:17:19.416,0.88537,0.8857,1.00,1.00
2014.11.24 12:17:19.689,0.88534,0.8857,1.87,1.00
2014.11.24 12:17:19.856,0.88542,0.88572,1.00,1.12
2014.11.24 12:17:21.037,0.88537,0.88573,1.00,1.37
2014.11.24 12:17:21.588,0.88538,0.88572,1.00,1.87
2014.11.24 12:17:21.816,0.88535,0.88572,1.12,1.12
2014.11.24 12:17:21.945,0.88537,0.88572,1.00,1.12
2014.11.24 12:17:26.170,0.88537,0.88576,1.00,1.50
2014.11.24 12:17:26.371,0.88533,0.88573,1.37,1.37
2014.11.24 12:17:26.421,0.88533,0.88572,1.00,1.37
2014.11.24 12:17:27.188,0.88532,0.88573,1.12,1.87
2014.11.24 12:17:28.017,0.88532,0.88573,1.00,2.25
2014.11.24 12:17:35.991,0.88532,0.88564,1.00,1.37
2014.11.24 12:17:36.904,0.88532,0.88564,1.00,1.37
2014.11.24 12:17:40.726,0.88532,0.88564,1.00,1.37
2014.11.24 12:17:45.405,0.88528,0.88561,1.00,1.37
2014.11.24 12:17:49.915,0.88523,0.88561,1.00,1.87
2014.11.24 12:17:57.458,0.88524,0.88561,1.00,1.87
2014.11.24 12:17:57.509,0.88528,0.88561,1.00,1.87
2014.11.24 12:17:57.922,0.88524,0.88561,1.00,1.87
2014.11.24 12:17:58.137,0.88524,0.88561,1.12,1.87
2014.11.24 12:17:58.356,0.88528,0.88561,1.00,1.87
2014.11.24 12:17:59.485,0.88528,0.88562,1.00,1.00
2014.11.24 12:18:01.104,0.88527,0.88562,1.00,1.00
2014.11.24 12:18:02.664,0.88527,0.8856,1.00,1.00
2014.11.24 12:18:09.114,0.88527,0.88558,1.00,1.00
2014.11.24 12:18:18.857,0.88528,0.88558,1.00,1.00
2014.11.24 12:18:19.145,0.88528,0.88562,1.00,1.00
2014.11.24 12:18:19.246,0.8853,0.88562,1.50,1.00
2014.11.24 12:18:19.582,0.88536,0.88563,1.50,1.00
2014.11.24 12:18:19.894,0.88534,0.88563,1.50,1.00
2014.11.24 12:18:20.004,0.88534,0.88568,1.50,1.00
2014.11.24 12:18:20.214,0.88532,0.88568,3.00,1.00
2014.11.24 12:18:21.764,0.88532,0.88567,1.00,1.00
2014.11.24 12:18:23.930,0.88532,0.88567,1.37,1.00
2014.11.24 12:18:24.232,0.88537,0.8857,1.00,1.00
2014.11.24 12:18:24.598,0.88536,0.88567,1.50,1.00
2014.11.24 12:18:24.648,0.88534,0.88567,1.50,1.00
2014.11.24 12:18:24.799,0.88538,0.8857,1.00,1.12
2014.11.24 12:18:24.951,0.88533,0.8857,1.12,1.12
2014.11.24 12:18:25.134,0.88533,0.88567,1.00,1.00
2014.11.24 12:18:27.324,0.88537,0.88569,1.00,1.37
2014.11.24 12:18:28.913,0.88537,0.88567,1.00,1.00
2014.11.24 12:18:30.431,0.88533,0.88567,1.00,1.50
2014.11.24 12:19:01.533,0.88533,0.88568,1.50,1.00
2014.11.24 12:19:02.783,0.88532,0.88568,2.25,1.12
2014.11.24 12:19:03.884,0.88533,0.88568,1.50,1.87
2014.11.24 12:19:04.552,0.88532,0.88568,1.00,1.87
2014.11.24 12:19:04.848,0.88533,0.88567,2.62,1.00
2014.11.24 12:19:05.163,0.88538,0.88568,1.00,1.00
2014.11.24 12:19:05.603,0.88533,0.88567,2.62,1.00
2014.11.24 12:19:08.575,0.88537,0.8857,1.00,1.00
2014.11.24 12:19:11.105,0.88533,0.88567,1.37,1.00
2014.11.24 12:19:11.894,0.88538,0.88571,1.00,1.12
2014.11.24 12:19:12.863,0.88534,0.88568,1.87,1.00
2014.11.24 12:19:14.712,0.88532,0.88568,1.12,1.00
2014.11.24 12:19:15.134,0.88532,0.88568,1.00,1.87
2014.11.24 12:19:15.696,0.88533,0.88567,1.00,1.37
2014.11.24 12:19:20.779,0.88533,0.88567,1.00,1.87
2014.11.24 12:19:20.930,0.88528,0.88561,1.00,1.12
2014.11.24 12:19:21.535,0.88533,0.88561,1.00,1.00
2014.11.24 12:19:22.732,0.88533,0.88567,1.00,1.87
2014.11.24 12:19:28.379,0.88528,0.88562,1.00,1.00
2014.11.24 12:19:28.581,0.88528,0.88562,1.00,1.87
2014.11.24 12:19:28.631,0.88524,0.88562,2.25,1.37
2014.11.24 12:19:28.833,0.88524,0.88556,1.00,1.00
2014.11.24 12:19:29.624,0.88525,0.88556,1.50,1.00
2014.11.24 12:19:30.377,0.88528,0.88556,1.00,1.00
2014.11.24 12:19:31.533,0.88528,0.88559,1.00,1.00
2014.11.24 12:19:31.673,0.88525,0.88558,1.50,1.00
2014.11.24 12:19:31.893,0.88528,0.88559,1.00,1.00
2014.11.24 12:19:34.612,0.88528,0.88558,1.00,1.00
2014.11.24 12:19:36.442,0.88525,0.88557,1.50,1.00
2014.11.24 12:19:36.692,0.88523,0.88557,3.37,1.00
2014.11.24 12:19:37.627,0.88524,0.88556,1.00,1.00
2014.11.24 12:19:39.154,0.88527,0.88556,1.00,1.00
2014.11.24 12:19:39.605,0.88524,0.88556,1.00,1.00
2014.11.24 12:19:43.522,0.88523,0.88557,1.12,1.00
2014.11.24 12:19:44.493,0.88524,0.88557,1.50,1.00
2014.11.24 12:19:46.602,0.88524,0.88556,2.25,1.00
2014.11.24 12:19:52.552,0.88523,0.88557,1.12,1.00
2014.11.24 12:19:59.702,0.88524,0.88557,1.00,1.50
2014.11.24 12:20:02.782,0.88523,0.88557,3.37,1.00
2014.11.24 12:20:05.752,0.88524,0.88557,1.00,1.50
2014.11.24 12:20:15.652,0.88523,0.88557,3.37,1.00
2014.11.24 12:20:18.622,0.88524,0.88557,1.00,1.50
2014.11.24 12:20:20.622,0.88523,0.88551,1.00,1.00
2014.11.24 12:20:22.033,0.88523,0.88552,1.00,1.00
2014.11.24 12:20:22.084,0.88523,0.88557,1.00,1.87
2014.11.24 12:20:25.002,0.88524,0.88557,1.00,1.87
2014.11.24 12:20:37.812,0.88524,0.88552,1.00,1.00
2014.11.24 12:20:38.014,0.88522,0.88552,1.00,1.00
2014.11.24 12:20:40.451,0.88522,0.88553,1.00,1.00
2014.11.24 12:20:40.953,0.88523,0.88553,1.00,1.00
2014.11.24 12:20:41.662,0.88523,0.88552,1.00,1.00
2014.11.24 12:20:41.885,0.88523,0.88557,1.50,1.12
2014.11.24 12:20:44.031,0.88524,0.88557,1.00,1.87
2014.11.24 12:20:49.862,0.88523,0.88557,1.00,1.87
2014.11.24 12:20:53.102,0.88522,0.88557,1.00,1.12
2014.11.24 12:20:53.872,0.88523,0.88557,1.00,1.87
2014.11.24 12:20:55.852,0.88522,0.88557,1.00,1.12
2014.11.24 12:21:05.312,0.88523,0.88557,1.00,1.87
2014.11.24 12:21:07.688,0.88523,0.88556,1.00,1.00
2014.11.24 12:21:15.761,0.88523,0.88557,1.00,1.00
2014.11.24 12:21:16.791,0.88524,0.88557,1.50,1.00
2014.11.24 12:21:17.891,0.88523,0.88557,2.25,1.00
2014.11.24 12:21:19.431,0.88524,0.88557,1.50,1.00
2014.11.24 12:21:21.278,0.88523,0.88558,1.50,1.00
2014.11.24 12:21:22.071,0.88522,0.88558,2.25,1.50
2014.11.24 12:21:22.911,0.88523,0.88557,1.00,1.00
2014.11.24 12:21:23.621,0.88524,0.88557,1.50,1.00
2014.11.24 12:21:27.572,0.88523,0.88557,1.00,1.00
2014.11.24 12:21:35.894,0.88522,0.88558,2.62,1.00
2014.11.24 12:21:37.833,0.88523,0.88557,1.00,1.00
2014.11.24 12:21:40.071,0.88522,0.88558,2.25,1.00
2014.11.24 12:21:43.590,0.88522,0.88556,2.25,1.00
2014.11.24 12:21:46.711,0.88524,0.88556,1.50,1.00
2014.11.24 12:21:48.544,0.88523,0.88552,1.50,1.00
2014.11.24 12:21:55.581,0.88523,0.88556,1.50,1.00
2014.11.24 12:21:58.330,0.88523,0.88552,1.50,1.00
2014.11.24 12:22:00.142,0.88522,0.88552,1.50,1.00
2014.11.24 12:22:00.861,0.88522,0.88553,1.50,1.00
2014.11.24 12:22:05.202,0.88524,0.88553,1.50,1.00
2014.11.24 12:22:05.960,0.88523,0.88553,1.50,1.00
2014.11.24 12:22:06.657,0.88522,0.88553,1.50,1.00
2014.11.24 12:22:08.120,0.88521,0.88552,1.50,1.00
2014.11.24 12:22:14.643,0.88521,0.88553,1.50,1.00
2014.11.24 12:22:15.389,0.8852,0.88552,3.22,1.00
2014.11.24 12:22:16.812,0.8852,0.88553,3.22,1.00
2014.11.24 12:22:18.901,0.8852,0.88552,3.22,1.00
2014.11.24 12:22:20.480,0.88521,0.88552,1.50,1.00
2014.11.24 12:22:29.170,0.8852,0.88552,3.22,1.00
2014.11.24 12:22:29.567,0.8852,0.88547,3.22,1.00
2014.11.24 12:22:31.221,0.8852,0.88552,2.47,1.00
2014.11.24 12:22:34.194,0.8852,0.88548,3.22,1.00
2014.11.24 12:22:34.661,0.8852,0.88552,1.30,1.00
2014.11.24 12:22:34.870,0.88519,0.88547,1.00,1.00
2014.11.24 12:22:34.971,0.88515,0.88547,1.87,1.00
2014.11.24 12:22:35.223,0.88513,0.88543,1.87,1.00
2014.11.24 12:22:35.550,0.88513,0.88543,1.87,1.00
2014.11.24 12:22:36.171,0.88512,0.88545,1.87,1.00
2014.11.24 12:22:36.390,0.8851,0.88543,1.87,1.00
2014.11.24 12:22:37.944,0.88512,0.88542,1.50,1.00
2014.11.24 12:22:39.375,0.88511,0.88542,2.62,1.00
2014.11.24 12:22:39.909,0.88512,0.88542,1.00,1.00
2014.11.24 12:22:40.292,0.88517,0.88546,1.50,1.00
2014.11.24 12:22:40.493,0.88516,0.88552,1.87,1.00
2014.11.24 12:22:40.594,0.88515,0.88547,1.50,1.00
2014.11.24 12:22:40.860,0.88513,0.88546,3.37,1.00
2014.11.24 12:22:43.541,0.8852,0.88548,1.00,1.00
2014.11.24 12:22:43.905,0.8852,0.8855,1.00,1.00
2014.11.24 12:22:44.130,0.8852,0.88548,1.00,1.00
2014.11.24 12:22:44.310,0.88513,0.88546,2.25,1.00
2014.11.24 12:22:45.079,0.88513,0.88542,2.25,1.00
2014.11.24 12:22:47.349,0.88514,0.88542,1.50,1.00
2014.11.24 12:22:47.651,0.88524,0.88548,1.00,1.00
2014.11.24 12:22:48.233,0.88524,0.88547,1.00,1.00
2014.11.24 12:22:48.820,0.88524,0.88548,1.00,1.00
2014.11.24 12:22:50.580,0.88523,0.88548,1.00,1.00
2014.11.24 12:22:51.789,0.88523,0.88552,1.00,1.00
2014.11.24 12:22:52.119,0.88523,0.88543,1.00,1.00
2014.11.24 12:22:52.849,0.88524,0.88543,1.00,1.00
2014.11.24 12:22:52.899,0.88524,0.88547,1.00,1.00
2014.11.24 12:22:54.353,0.88524,0.88548,1.00,1.00
2014.11.24 12:22:55.089,0.8852,0.88548,1.00,1.00
2014.11.24 12:22:55.796,0.8852,0.88547,1.00,1.00
2014.11.24 12:22:57.839,0.8852,0.88548,1.00,1.00
2014.11.24 12:22:58.091,0.88519,0.88542,1.00,1.00
2014.11.24 12:22:58.392,0.88519,0.88548,1.00,1.00
2014.11.24 12:22:58.609,0.88517,0.88548,1.50,1.00
2014.11.24 12:22:59.139,0.88516,0.88548,1.30,1.00
2014.11.24 12:22:59.669,0.88514,0.88547,2.47,1.00
2014.11.24 12:23:00.411,0.88514,0.88548,3.22,1.00
2014.11.24 12:23:02.799,0.88514,0.88547,3.22,1.00
2014.11.24 12:23:03.668,0.88514,0.88543,2.10,1.00
2014.11.24 12:23:04.669,0.88514,0.88547,2.10,1.00
2014.11.24 12:23:05.099,0.88514,0.88542,2.10,1.00
2014.11.24 12:23:17.638,0.88508,0.88543,3.22,1.00
2014.11.24 12:23:24.852,0.88509,0.88543,1.97,1.00
2014.11.24 12:23:25.407,0.88513,0.88543,1.00,1.00
2014.11.24 12:23:25.609,0.88513,0.88545,1.00,1.00
2014.11.24 12:23:25.710,0.88513,0.88537,1.00,1.00
2014.11.24 12:23:26.218,0.88513,0.88538,1.00,1.00
2014.11.24 12:23:27.870,0.8851,0.88538,1.87,1.00
2014.11.24 12:23:27.920,0.8851,0.88542,1.87,1.00
2014.11.24 12:23:32.270,0.88509,0.88542,1.50,1.00
2014.11.24 12:23:32.742,0.88507,0.88533,1.37,1.00
2014.11.24 12:23:32.893,0.88507,0.88533,1.12,1.00
2014.11.24 12:23:33.196,0.88501,0.88536,1.00,1.12
2014.11.24 12:23:33.403,0.88501,0.88532,1.12,1.00
2014.11.24 12:23:33.907,0.88501,0.88533,1.12,1.00
2014.11.24 12:23:35.352,0.88501,0.88532,1.12,1.00
2014.11.24 12:23:40.072,0.885,0.88532,1.37,1.00
2014.11.24 12:23:40.478,0.88498,0.88532,2.25,1.00
2014.11.24 12:23:40.881,0.88497,0.88523,1.00,1.00
2014.11.24 12:23:41.289,0.88497,0.88527,1.00,1.00
2014.11.24 12:23:41.838,0.88495,0.88527,1.37,1.00
2014.11.24 12:23:43.587,0.88495,0.88527,1.00,1.00
2014.11.24 12:23:44.368,0.88496,0.88527,1.50,1.00
2014.11.24 12:23:45.223,0.88495,0.88527,1.30,1.00
2014.11.24 12:23:45.733,0.88492,0.88528,3.22,1.00
2014.11.24 12:23:46.350,0.88493,0.88527,1.72,1.00
2014.11.24 12:23:52.869,0.88492,0.88528,3.22,1.00
2014.11.24 12:23:54.162,0.88493,0.88527,1.72,1.00
2014.11.24 12:23:55.480,0.88492,0.88528,3.97,1.00
2014.11.24 12:24:00.928,0.88492,0.88525,2.85,1.00
2014.11.24 12:24:06.707,0.88492,0.88524,3.60,1.00
2014.11.24 12:24:08.798,0.88492,0.88528,2.85,1.50
2014.11.24 12:24:09.338,0.88493,0.88527,1.72,1.00
2014.11.24 12:24:13.443,0.88495,0.88528,1.30,1.00
2014.11.24 12:24:13.645,0.88497,0.88533,1.37,1.50
2014.11.24 12:24:13.961,0.88502,0.88532,2.25,1.00
2014.11.24 12:24:14.162,0.88508,0.88543,1.35,1.05
2014.11.24 12:24:14.464,0.88509,0.88543,1.87,1.00
2014.11.24 12:24:14.766,0.88513,0.88544,1.00,1.00
2014.11.24 12:24:15.059,0.88511,0.88544,1.50,1.00
2014.11.24 12:24:15.722,0.88511,0.88543,1.00,1.00
2014.11.24 12:24:16.148,0.88513,0.88543,1.50,1.00
2014.11.24 12:24:16.620,0.88511,0.88543,1.00,1.00
2014.11.24 12:24:16.698,0.88513,0.88543,1.50,1.00
2014.11.24 12:24:17.468,0.88511,0.88543,2.25,1.00
2014.11.24 12:24:18.367,0.88512,0.88542,1.50,1.00
2014.11.24 12:24:19.128,0.88513,0.88547,1.00,1.00
2014.11.24 12:24:19.467,0.88517,0.88548,1.00,1.00
2014.11.24 12:24:20.428,0.88517,0.88547,1.00,1.00
2014.11.24 12:24:21.368,0.88513,0.88547,1.00,1.00
2014.11.24 12:24:22.859,0.88512,0.88548,1.12,1.00
2014.11.24 12:24:23.648,0.88513,0.88547,1.00,1.00
2014.11.24 12:24:24.662,0.88511,0.88542,1.00,1.00
2014.11.24 12:24:26.208,0.88508,0.88542,3.22,1.00
2014.11.24 12:24:27.918,0.88513,0.88547,1.00,1.12
2014.11.24 12:24:28.797,0.88508,0.88543,1.30,1.00
2014.11.24 12:24:40.348,0.88508,0.88547,1.72,1.12
2014.11.24 12:24:40.398,0.88513,0.88547,1.00,1.00
2014.11.24 12:24:40.999,0.88513,0.88548,1.12,1.00
2014.11.24 12:24:42.237,0.88512,0.88548,1.12,1.00
2014.11.24 12:24:44.137,0.88507,0.88543,2.85,1.00
2014.11.24 12:24:44.508,0.88507,0.88543,2.47,1.00
2014.11.24 12:24:44.797,0.88507,0.88543,2.47,1.00
2014.11.24 12:24:44.898,0.88513,0.88547,1.00,1.00
2014.11.24 12:24:48.049,0.88508,0.88543,2.62,1.00
2014.11.24 12:24:48.599,0.88508,0.88542,1.87,1.00
2014.11.24 12:24:49.368,0.88513,0.88547,1.00,1.00
2014.11.24 12:25:03.669,0.88512,0.88548,1.00,1.37
2014.11.24 12:25:04.658,0.88508,0.88543,1.37,1.00
2014.11.24 12:25:04.708,0.88508,0.88543,1.00,1.00
2014.11.24 12:25:06.358,0.88509,0.88543,1.00,1.12
2014.11.24 12:25:07.869,0.88506,0.88538,1.30,1.00
2014.11.24 12:25:08.071,0.88507,0.88543,1.00,1.12
2014.11.24 12:25:08.610,0.88507,0.88543,1.37,1.00
2014.11.24 12:25:08.838,0.88506,0.88538,2.47,1.00
2014.11.24 12:25:10.048,0.88506,0.88542,2.47,1.00
2014.11.24 12:25:10.433,0.88505,0.88542,3.60,1.00
2014.11.24 12:25:10.759,0.88509,0.88547,1.87,1.00
2014.11.24 12:25:10.960,0.88512,0.88543,1.50,1.00
2014.11.24 12:25:11.370,0.88513,0.88547,1.12,1.00
2014.11.24 12:25:11.698,0.88513,0.88547,2.62,1.00
2014.11.24 12:25:12.360,0.88515,0.88542,1.87,1.00
2014.11.24 12:25:13.257,0.88518,0.88542,1.50,1.00
2014.11.24 12:25:13.790,0.88519,0.88547,1.50,1.00
2014.11.24 12:25:14.359,0.8852,0.88547,1.50,1.00
2014.11.24 12:25:15.060,0.88519,0.88547,1.50,1.00
2014.11.24 12:25:15.111,0.88519,0.88543,1.50,1.00
2014.11.24 12:25:15.368,0.88515,0.88543,1.87,1.00
2014.11.24 12:25:15.878,0.88515,0.88542,1.87,1.00
2014.11.24 12:25:16.648,0.88515,0.88543,1.87,1.00
2014.11.24 12:25:26.851,0.88513,0.88543,1.87,1.00
2014.11.24 12:25:27.799,0.88515,0.88543,1.50,1.00
2014.11.24 12:25:28.503,0.88514,0.88543,1.87,1.00
2014.11.24 12:25:28.861,0.88514,0.88547,1.87,1.00
2014.11.24 12:25:29.778,0.88515,0.88547,1.50,1.00
2014.11.24 12:25:30.287,0.88515,0.88548,1.50,1.00
2014.11.24 12:25:30.857,0.88512,0.88548,3.37,1.00
2014.11.24 12:25:35.160,0.88512,0.88543,1.37,1.00
2014.11.24 12:25:36.557,0.88513,0.88547,1.37,1.00
2014.11.24 12:25:39.301,0.88513,0.88547,2.62,1.00
2014.11.24 12:25:41.661,0.88513,0.88547,3.37,1.00
2014.11.24 12:25:42.169,0.88513,0.88542,1.37,1.00
2014.11.24 12:25:42.457,0.88515,0.88548,1.87,1.00
2014.11.24 12:25:42.966,0.88516,0.88548,1.87,1.00
2014.11.24 12:25:43.413,0.88516,0.88553,1.87,1.00
2014.11.24 12:25:43.817,0.88516,0.88547,1.87,1.00
2014.11.24 12:25:48.579,0.88516,0.88548,1.87,1.00
2014.11.24 12:25:49.129,0.88515,0.88547,2.62,1.00
2014.11.24 12:25:49.901,0.88515,0.88547,2.62,1.00
2014.11.24 12:25:50.002,0.88515,0.88547,2.62,1.00
2014.11.24 12:25:50.790,0.88511,0.88543,1.87,1.00
2014.11.24 12:25:52.867,0.88513,0.88547,1.37,1.00
2014.11.24 12:25:54.321,0.88513,0.88547,1.12,1.00
2014.11.24 12:25:55.618,0.88511,0.88542,1.87,1.00
2014.11.24 12:25:59.490,0.88513,0.88542,1.87,1.00
2014.11.24 12:25:59.591,0.88513,0.88547,2.62,1.00
2014.11.24 12:26:01.216,0.88517,0.88547,1.87,1.00
2014.11.24 12:26:01.911,0.88519,0.88553,2.25,1.00
2014.11.24 12:26:01.967,0.88522,0.88553,1.50,1.00
2014.11.24 12:26:02.118,0.88522,0.88556,1.87,1.00
2014.11.24 12:26:02.330,0.88522,0.88552,1.87,1.00
2014.11.24 12:26:02.632,0.8852,0.88552,1.37,1.00
2014.11.24 12:26:02.733,0.8852,0.88552,1.12,1.00
2014.11.24 12:26:03.272,0.8852,0.88553,1.00,1.00
2014.11.24 12:26:03.790,0.8852,0.88552,1.37,1.00
2014.11.24 12:26:04.302,0.88521,0.88552,1.87,1.00
2014.11.24 12:26:04.353,0.88521,0.88552,1.87,1.00
2014.11.24 12:26:04.726,0.88522,0.88552,1.00,1.00
2014.11.24 12:26:04.880,0.88522,0.88558,1.00,1.12
2014.11.24 12:26:05.631,0.88522,0.88557,1.00,1.00
2014.11.24 12:26:09.390,0.88523,0.88558,1.00,1.00
2014.11.24 12:26:15.631,0.88523,0.88552,1.00,1.00
2014.11.24 12:26:16.158,0.88523,0.88553,1.00,1.00
2014.11.24 12:26:18.817,0.88519,0.88553,1.37,1.00
2014.11.24 12:26:21.127,0.88519,0.88557,1.37,1.00
2014.11.24 12:26:29.830,0.88519,0.88558,1.37,1.00
2014.11.24 12:26:30.379,0.88519,0.88552,1.37,1.00
2014.11.24 12:26:32.126,0.88519,0.88558,1.37,1.00
2014.11.24 12:26:36.307,0.88519,0.88561,1.72,1.37
2014.11.24 12:26:36.636,0.8852,0.88552,1.87,1.00
2014.11.24 12:26:36.887,0.88519,0.88558,1.72,1.00
2014.11.24 12:26:37.406,0.88521,0.88552,1.50,1.00
2014.11.24 12:26:47.675,0.88521,0.88552,1.87,1.00
2014.11.24 12:26:47.977,0.88526,0.88553,1.50,1.00
2014.11.24 12:26:48.095,0.88526,0.88557,1.87,1.00
2014.11.24 12:26:48.196,0.88529,0.88557,1.87,1.00
2014.11.24 12:26:48.749,0.88532,0.88557,1.50,1.00
2014.11.24 12:26:48.947,0.88529,0.88557,1.87,1.00
2014.11.24 12:26:49.316,0.88529,0.88554,1.87,1.00
2014.11.24 12:26:49.427,0.88525,0.88554,1.12,1.00
2014.11.24 12:26:49.849,0.88525,0.88552,1.87,1.00
2014.11.24 12:26:50.166,0.88525,0.88552,1.87,1.00
2014.11.24 12:26:50.397,0.88525,0.88552,1.87,1.00
2014.11.24 12:26:54.443,0.88525,0.88552,1.87,1.00
2014.11.24 12:26:55.668,0.88525,0.88557,1.87,1.00
2014.11.24 12:26:55.888,0.88523,0.88553,1.87,1.00
2014.11.24 12:26:55.989,0.88523,0.88553,1.87,1.00
2014.11.24 12:26:56.382,0.88521,0.88553,1.87,1.00
2014.11.24 12:26:56.883,0.8852,0.88553,1.00,1.00
2014.11.24 12:26:57.097,0.8852,0.88548,1.12,1.00
2014.11.24 12:26:57.316,0.8852,0.88553,1.12,1.00
2014.11.24 12:26:58.091,0.8852,0.88548,1.00,1.00
2014.11.24 12:27:03.567,0.88521,0.88548,1.50,1.00
2014.11.24 12:27:05.576,0.88521,0.88553,1.50,1.00
2014.11.24 12:27:05.828,0.88521,0.88553,1.87,1.00
2014.11.24 12:27:05.928,0.88521,0.88553,1.87,1.00
2014.11.24 12:27:06.537,0.8852,0.88553,1.87,1.00
2014.11.24 12:27:07.767,0.88519,0.88552,1.87,1.00
2014.11.24 12:27:12.606,0.88518,0.88547,1.37,1.00
2014.11.24 12:27:13.089,0.88518,0.88552,1.37,1.00
2014.11.24 12:27:13.189,0.88518,0.88547,1.37,1.00
2014.11.24 12:27:13.353,0.88514,0.88547,2.47,1.00
2014.11.24 12:27:13.404,0.88513,0.88553,1.87,1.00
2014.11.24 12:27:13.555,0.88512,0.88553,1.87,1.37
2014.11.24 12:27:13.863,0.88506,0.88547,1.50,1.00
2014.11.24 12:27:14.182,0.88506,0.88542,1.50,1.00
2014.11.24 12:27:15.848,0.88507,0.88542,1.37,1.00
2014.11.24 12:27:20.307,0.88507,0.88543,1.37,1.00
2014.11.24 12:27:22.085,0.88507,0.88543,1.00,1.12
2014.11.24 12:27:22.756,0.88505,0.88543,1.37,1.12
2014.11.24 12:27:24.236,0.88502,0.88543,1.00,1.87
2014.11.24 12:27:25.035,0.88503,0.88542,1.00,1.37
2014.11.24 12:27:28.365,0.88498,0.88537,1.37,1.00
2014.11.24 12:27:30.533,0.88498,0.88537,1.37,1.00
2014.11.24 12:27:30.634,0.88498,0.88537,1.12,1.12
2014.11.24 12:27:30.889,0.88496,0.88532,1.72,1.00
2014.11.24 12:27:34.055,0.88498,0.88536,1.12,1.00
2014.11.24 12:27:49.640,0.88496,0.88533,1.72,1.00
2014.11.24 12:27:54.885,0.88497,0.88536,1.37,1.00
2014.11.24 12:27:57.496,0.88497,0.88533,1.37,1.00
2014.11.24 12:27:58.206,0.88494,0.88532,1.37,1.00
2014.11.24 12:27:58.715,0.88498,0.88533,1.12,1.00
2014.11.24 12:27:59.804,0.88498,0.88536,1.12,1.37
2014.11.24 12:28:00.447,0.88496,0.88532,1.12,1.00
2014.11.24 12:28:00.754,0.88503,0.88537,1.00,1.00
2014.11.24 12:28:01.056,0.88503,0.88527,1.00,1.00
2014.11.24 12:28:01.157,0.88494,0.88527,1.37,1.00
2014.11.24 12:28:02.365,0.88494,0.88528,1.37,1.00
2014.11.24 12:28:04.785,0.88493,0.88523,2.62,1.00
2014.11.24 12:28:04.936,0.88494,0.88528,1.00,1.12
2014.11.24 12:28:05.137,0.88494,0.88523,1.12,1.00
2014.11.24 12:28:05.338,0.88486,0.88523,3.00,1.00
2014.11.24 12:28:06.030,0.88489,0.88523,1.87,1.00
2014.11.24 12:28:06.131,0.88492,0.88528,2.62,1.00
2014.11.24 12:28:06.182,0.88492,0.88528,3.37,1.00
2014.11.24 12:28:06.732,0.88495,0.88527,1.87,1.00
2014.11.24 12:28:08.665,0.88494,0.88531,1.87,1.00
2014.11.24 12:28:08.766,0.88494,0.88531,1.87,1.00
2014.11.24 12:28:08.857,0.88494,0.88522,1.87,1.00
2014.11.24 12:28:11.827,0.88493,0.88527,1.87,1.00
2014.11.24 12:28:12.200,0.88493,0.88527,1.87,1.00
2014.11.24 12:28:13.835,0.88493,0.88522,1.87,1.00
2014.11.24 12:28:15.565,0.88492,0.88527,2.62,1.00
2014.11.24 12:28:15.925,0.88493,0.88531,1.87,1.00
2014.11.24 12:28:16.118,0.88493,0.88522,1.87,1.00
2014.11.24 12:28:16.384,0.88493,0.88527,2.62,1.00
2014.11.24 12:28:17.017,0.88493,0.88527,3.00,1.00
2014.11.24 12:28:17.319,0.88504,0.88528,1.87,1.00
2014.11.24 12:28:17.470,0.88507,0.88532,1.50,1.00
2014.11.24 12:28:17.621,0.88507,0.88532,1.87,1.00
2014.11.24 12:28:17.672,0.88505,0.88538,1.37,1.00
2014.11.24 12:28:17.964,0.88505,0.88538,1.75,1.00
2014.11.24 12:28:18.484,0.88505,0.88537,2.62,1.00
2014.11.24 12:28:18.686,0.88506,0.88543,1.12,1.87
2014.11.24 12:28:18.888,0.88506,0.88532,1.00,1.00
2014.11.24 12:28:19.384,0.88499,0.88533,1.37,1.00
2014.11.24 12:28:21.065,0.88499,0.88527,1.37,1.00
2014.11.24 12:28:22.605,0.885,0.88528,1.37,1.00
2014.11.24 12:28:24.631,0.885,0.88532,1.37,1.00
2014.11.24 12:28:25.134,0.88501,0.88532,2.62,1.00
2014.11.24 12:28:25.566,0.88501,0.88532,1.37,1.00
2014.11.24 12:28:26.897,0.88501,0.88527,1.37,1.00
2014.11.24 12:28:27.142,0.88501,0.88532,1.00,1.00
2014.11.24 12:28:27.304,0.88498,0.88532,3.37,1.00
2014.11.24 12:28:30.856,0.88498,0.88528,1.37,1.00
2014.11.24 12:28:34.486,0.88498,0.88533,1.37,1.00
2014.11.24 12:28:35.883,0.88499,0.88533,1.87,1.00
2014.11.24 12:28:36.575,0.88498,0.88528,1.87,1.00
2014.11.24 12:28:37.128,0.88499,0.88532,1.87,1.00
2014.11.24 12:28:39.135,0.88497,0.88533,3.37,1.00
2014.11.24 12:28:41.339,0.88499,0.88533,1.12,1.00
2014.11.24 12:28:41.742,0.88496,0.88531,1.37,1.00
2014.11.24 12:28:42.062,0.88496,0.88527,1.00,1.00
2014.11.24 12:28:43.505,0.88496,0.88527,1.37,1.00
2014.11.24 12:28:45.675,0.88498,0.88528,1.12,1.00
2014.11.24 12:28:46.834,0.88493,0.88528,3.37,1.00
2014.11.24 12:28:47.344,0.88492,0.88528,1.37,1.00
2014.11.24 12:28:47.395,0.88492,0.88517,1.37,1.00
2014.11.24 12:28:47.856,0.88492,0.88522,1.12,1.00
2014.11.24 12:28:48.157,0.88486,0.88526,1.50,1.50
2014.11.24 12:28:48.525,0.8849,0.88517,1.87,1.00
2014.11.24 12:28:48.630,0.8849,0.88522,1.87,1.00
2014.11.24 12:28:48.681,0.8849,0.88522,1.87,1.00
2014.11.24 12:28:49.398,0.88491,0.88517,1.87,1.00
2014.11.24 12:28:49.813,0.88494,0.88523,1.87,1.00
2014.11.24 12:28:50.576,0.88494,0.88518,1.87,1.00
2014.11.24 12:28:52.334,0.88494,0.88522,1.87,1.00
2014.11.24 12:28:54.045,0.88495,0.88522,1.50,1.00
2014.11.24 12:28:55.889,0.88495,0.88526,3.00,1.00
2014.11.24 12:28:56.191,0.88505,0.88527,1.12,1.00
2014.11.24 12:28:56.241,0.88505,0.88533,1.12,1.00
2014.11.24 12:28:56.758,0.88505,0.88532,2.62,1.00
2014.11.24 12:28:57.555,0.88506,0.88533,1.00,1.00
2014.11.24 12:28:58.227,0.88507,0.88533,1.00,1.00
2014.11.24 12:28:59.162,0.88507,0.88532,1.00,1.00
2014.11.24 12:28:59.262,0.88507,0.88537,1.00,1.00
2014.11.24 12:28:59.429,0.88507,0.88533,1.00,1.00
2014.11.24 12:28:59.644,0.88507,0.88537,1.00,1.00
2014.11.24 12:29:01.293,0.88508,0.88537,1.00,1.00
2014.11.24 12:29:03.124,0.88508,0.88538,1.00,1.00
2014.11.24 12:29:05.804,0.88502,0.88538,3.37,1.00
2014.11.24 12:29:06.822,0.88503,0.88537,1.37,1.00
2014.11.24 12:29:06.873,0.88502,0.88533,1.37,1.00
2014.11.24 12:29:06.973,0.88499,0.88533,1.87,1.00
2014.11.24 12:29:07.175,0.88494,0.88534,1.37,1.00
2014.11.24 12:29:07.539,0.88494,0.88528,1.37,1.00
2014.11.24 12:29:07.590,0.88493,0.88528,1.37,1.00
2014.11.24 12:29:07.892,0.88493,0.88523,1.00,1.00
2014.11.24 12:29:08.043,0.88487,0.88522,1.37,1.00
2014.11.24 12:29:09.645,0.88483,0.88517,3.00,1.00
2014.11.24 12:29:09.847,0.88488,0.88522,1.37,1.00
2014.11.24 12:29:10.235,0.88488,0.88517,1.37,1.00
2014.11.24 12:29:10.717,0.88483,0.88517,1.37,1.50
2014.11.24 12:29:11.196,0.88482,0.88513,3.00,1.00
2014.11.24 12:29:11.377,0.88482,0.88517,3.75,1.00
2014.11.24 12:29:11.428,0.88483,0.88517,1.87,1.00
2014.11.24 12:29:11.528,0.88488,0.88518,1.00,1.00
2014.11.24 12:29:11.830,0.88488,0.88507,1.00,1.00
2014.11.24 12:29:12.185,0.88488,0.88512,1.00,1.00
2014.11.24 12:29:12.387,0.88488,0.88517,1.00,1.00
2014.11.24 12:29:13.575,0.88486,0.88518,2.62,1.00
2014.11.24 12:29:14.380,0.88488,0.88512,2.85,1.00
2014.11.24 12:29:14.682,0.88488,0.88507,2.85,1.00
2014.11.24 12:29:15.179,0.88493,0.88507,1.00,1.00
2014.11.24 12:29:15.343,0.88493,0.88518,1.00,2.10
2014.11.24 12:29:15.495,0.88484,0.88514,1.00,1.50
2014.11.24 12:29:15.697,0.88484,0.88503,1.00,1.00
2014.11.24 12:29:15.949,0.88475,0.88502,1.00,1.00
2014.11.24 12:29:16.436,0.88475,0.88498,1.00,1.00
2014.11.24 12:29:16.745,0.88481,0.88498,1.00,1.00
2014.11.24 12:29:16.899,0.88481,0.88508,1.00,1.00
2014.11.24 12:29:17.504,0.88476,0.88508,1.00,1.00
2014.11.24 12:29:17.655,0.88476,0.88503,1.00,1.00
2014.11.24 12:29:18.854,0.88476,0.88507,1.00,1.00
2014.11.24 12:29:19.301,0.88476,0.88502,1.00,1.00
2014.11.24 12:29:20.084,0.88476,0.88507,1.00,1.00
2014.11.24 12:29:20.592,0.88472,0.88508,1.87,1.00
2014.11.24 12:29:21.150,0.88472,0.88508,2.62,1.00
2014.11.24 12:29:21.755,0.88476,0.88508,1.50,1.00
2014.11.24 12:29:22.904,0.88476,0.88508,1.87,1.00
2014.11.24 12:29:24.589,0.88476,0.88507,2.62,1.00
2014.11.24 12:29:24.891,0.88483,0.88507,2.62,1.00
2014.11.24 12:29:24.941,0.88483,0.88518,2.62,1.00
2014.11.24 12:29:25.042,0.88483,0.88518,2.62,1.00
2014.11.24 12:29:25.294,0.88486,0.88522,1.72,1.00
2014.11.24 12:29:25.345,0.88486,0.88518,1.72,1.00
2014.11.24 12:29:25.446,0.88486,0.88518,1.72,1.00
2014.11.24 12:29:25.798,0.88486,0.88522,1.00,1.12
2014.11.24 12:29:25.913,0.88486,0.88518,1.00,1.00
2014.11.24 12:29:26.267,0.88488,0.88517,1.50,1.00
2014.11.24 12:29:26.367,0.88488,0.88522,1.50,1.00
2014.11.24 12:29:26.418,0.88486,0.88522,1.12,1.00
2014.11.24 12:29:26.585,0.88488,0.88522,1.00,1.00
2014.11.24 12:29:27.323,0.88488,0.88517,1.30,1.00
2014.11.24 12:29:27.873,0.88488,0.88523,1.30,1.00
2014.11.24 12:29:28.534,0.88488,0.88518,2.47,1.00
2014.11.24 12:29:29.305,0.88488,0.88522,1.72,1.00
2014.11.24 12:29:30.526,0.88488,0.88522,1.72,1.00
2014.11.24 12:29:30.845,0.88493,0.88527,1.00,1.00
2014.11.24 12:29:31.062,0.88493,0.88522,1.00,1.00
2014.11.24 12:29:32.118,0.88495,0.88522,1.50,1.00
2014.11.24 12:29:32.219,0.88493,0.88522,1.00,1.00
2014.11.24 12:29:32.994,0.88488,0.88522,1.72,1.00
2014.11.24 12:29:33.817,0.88487,0.88523,1.97,1.00
2014.11.24 12:29:33.868,0.88487,0.88523,1.72,1.00
2014.11.24 12:29:34.169,0.88487,0.88517,1.00,1.00
2014.11.24 12:29:36.182,0.88486,0.88517,1.00,1.00
2014.11.24 12:29:36.924,0.88486,0.88518,1.00,1.00
2014.11.24 12:29:38.579,0.88486,0.88517,1.00,1.00
2014.11.24 12:29:38.908,0.88488,0.88518,1.00,1.00
2014.11.24 12:29:39.651,0.88488,0.88517,1.00,1.00
2014.11.24 12:29:41.018,0.88488,0.88516,1.00,1.50
2014.11.24 12:29:41.320,0.88478,0.88512,1.00,2.25
2014.11.24 12:29:41.421,0.88478,0.88502,1.00,1.00
2014.11.24 12:29:41.673,0.88478,0.88512,1.00,1.87
2014.11.24 12:29:41.874,0.88478,0.88507,1.00,1.00
2014.11.24 12:29:41.975,0.88466,0.88505,1.75,1.50
2014.11.24 12:29:42.133,0.88466,0.88503,1.00,1.50
2014.11.24 12:29:42.183,0.88472,0.88503,1.00,1.50
2014.11.24 12:29:42.285,0.88468,0.88501,1.00,1.50
2014.11.24 12:29:42.804,0.88468,0.88502,1.00,1.00
2014.11.24 12:29:42.905,0.88466,0.88501,1.12,1.50
2014.11.24 12:29:43.163,0.88463,0.88497,1.37,1.00
2014.11.24 12:29:44.375,0.88468,0.88502,1.00,1.00
2014.11.24 12:29:45.514,0.88468,0.88502,1.37,1.00
2014.11.24 12:29:45.846,0.88469,0.88502,1.87,1.00
2014.11.24 12:29:46.313,0.88469,0.88502,2.25,1.00
2014.11.24 12:29:47.343,0.88469,0.88503,2.25,1.00
2014.11.24 12:29:48.894,0.88469,0.88502,2.25,1.00
2014.11.24 12:29:48.944,0.88469,0.88502,1.87,1.00
2014.11.24 12:29:49.146,0.88468,0.88498,1.87,1.00
2014.11.24 12:29:49.247,0.88468,0.88498,1.50,1.00
2014.11.24 12:29:49.770,0.88466,0.88497,1.12,1.00
2014.11.24 12:29:50.238,0.88466,0.88498,1.37,1.00
2014.11.24 12:29:50.684,0.88467,0.88503,1.37,1.00
2014.11.24 12:29:52.947,0.88467,0.88503,1.37,1.00
2014.11.24 12:29:54.357,0.88469,0.88503,2.47,1.00
2014.11.24 12:29:55.025,0.88472,0.88503,1.30,1.00
2014.11.24 12:29:55.555,0.88469,0.88502,2.47,1.00
2014.11.24 12:29:57.870,0.88469,0.88502,4.72,1.00
2014.11.24 12:29:58.172,0.88476,0.88502,1.37,1.00
2014.11.24 12:29:59.020,0.88481,0.88502,1.00,1.00
2014.11.24 12:29:59.152,0.88481,0.88508,1.00,1.00
2014.11.24 12:29:59.666,0.88481,0.88507,1.00,1.00
2014.11.24 12:29:59.885,0.88481,0.88513,1.37,1.00
2014.11.24 12:30:00.108,0.88481,0.88508,1.00,1.00
2014.11.24 12:30:00.450,0.88477,0.88508,1.87,1.00
2014.11.24 12:30:00.551,0.88476,0.88508,1.00,1.00
2014.11.24 12:30:00.840,0.88476,0.88502,1.00,1.00
2014.11.24 12:30:01.422,0.88475,0.88502,1.00,1.00
2014.11.24 12:30:01.770,0.88487,0.88502,1.00,1.00
2014.11.24 12:30:01.977,0.88487,0.88507,1.00,1.00
2014.11.24 12:30:02.098,0.88478,0.88512,1.00,1.00
2014.11.24 12:30:02.318,0.88476,0.88513,1.00,1.00
2014.11.24 12:30:02.419,0.88482,0.88513,1.50,1.00
2014.11.24 12:30:02.519,0.8848,0.88513,1.50,1.00
2014.11.24 12:30:02.570,0.88485,0.88513,1.00,1.00
2014.11.24 12:30:02.671,0.88485,0.88518,1.00,1.00
2014.11.24 12:30:03.283,0.88485,0.88517,1.00,1.00
2014.11.24 12:30:03.435,0.88487,0.88517,1.00,1.00
2014.11.24 12:30:04.924,0.88487,0.88517,1.37,1.00
2014.11.24 12:30:06.104,0.88489,0.88522,1.00,1.00
2014.11.24 12:30:06.456,0.88489,0.88513,1.00,1.00
2014.11.24 12:30:06.960,0.88489,0.88512,1.00,1.00
2014.11.24 12:30:07.111,0.88489,0.88517,1.00,1.00
2014.11.24 12:30:07.403,0.88489,0.88512,1.00,1.00
2014.11.24 12:30:07.604,0.88478,0.88512,2.25,1.00
2014.11.24 12:30:07.655,0.88478,0.88512,1.12,1.00
2014.11.24 12:30:07.856,0.88478,0.88507,1.00,1.00
2014.11.24 12:30:08.401,0.88478,0.88508,1.00,1.00
2014.11.24 12:30:10.602,0.88478,0.88507,1.00,1.00
2014.11.24 12:30:11.154,0.88478,0.88511,1.00,1.50
2014.11.24 12:30:11.366,0.88478,0.88502,1.00,1.00
2014.11.24 12:30:12.007,0.88479,0.88502,1.00,1.00
2014.11.24 12:30:13.447,0.88475,0.88502,1.00,1.00
2014.11.24 12:30:13.548,0.88472,0.88502,1.00,1.50
2014.11.24 12:30:13.750,0.88472,0.88499,1.00,1.50
2014.11.24 12:30:14.092,0.88472,0.88492,1.00,1.00
2014.11.24 12:30:14.444,0.88465,0.88493,1.00,1.00
2014.11.24 12:30:15.124,0.88465,0.88492,1.00,1.00
2014.11.24 12:30:15.614,0.88459,0.88492,1.37,1.00
2014.11.24 12:30:15.891,0.88459,0.88487,1.37,1.00
2014.11.24 12:30:16.644,0.88459,0.88483,1.00,1.00
2014.11.24 12:30:17.374,0.88457,0.88482,1.12,1.00
2014.11.24 12:30:18.793,0.88457,0.88483,1.12,1.00
2014.11.24 12:30:19.297,0.88458,0.88482,1.00,1.00
2014.11.24 12:30:19.649,0.88458,0.88478,1.00,1.00
2014.11.24 12:30:19.912,0.88453,0.88477,1.00,1.00
2014.11.24 12:30:21.703,0.88453,0.88478,1.00,1.00
2014.11.24 12:30:22.653,0.88452,0.88478,1.00,1.00
2014.11.24 12:30:24.125,0.88452,0.88477,1.00,1.00
2014.11.24 12:30:24.784,0.88452,0.88479,1.00,1.50
2014.11.24 12:30:25.114,0.88453,0.88472,1.00,1.00
2014.11.24 12:30:26.345,0.88453,0.88473,1.00,1.00
2014.11.24 12:30:27.053,0.8845,0.88473,1.00,1.00
2014.11.24 12:30:28.084,0.8845,0.88472,1.00,1.00
2014.11.24 12:30:30.041,0.88451,0.88472,1.00,1.00
2014.11.24 12:30:30.617,0.88451,0.88468,1.00,1.00
2014.11.24 12:30:31.163,0.88451,0.88472,1.00,1.00
2014.11.24 12:30:31.827,0.88451,0.88473,1.00,1.00
2014.11.24 12:30:33.365,0.88446,0.88473,1.12,1.00
2014.11.24 12:30:34.135,0.88446,0.88472,1.12,1.00
2014.11.24 12:30:34.903,0.88446,0.88468,1.12,1.00
2014.11.24 12:30:35.347,0.88446,0.88472,1.12,1.00
2014.11.24 12:30:35.588,0.88446,0.88467,1.12,1.00
2014.11.24 12:30:37.984,0.88446,0.88468,1.12,1.00
2014.11.24 12:30:38.994,0.88446,0.88472,1.12,1.00
2014.11.24 12:30:39.105,0.88446,0.88468,1.12,1.00
2014.11.24 12:30:39.826,0.88447,0.88468,1.00,1.00
2014.11.24 12:30:42.343,0.88446,0.88468,1.00,1.00
2014.11.24 12:30:44.387,0.88446,0.88467,1.00,1.00
2014.11.24 12:30:44.656,0.88446,0.88472,1.00,1.00
2014.11.24 12:30:44.823,0.88446,0.88467,1.00,1.00
2014.11.24 12:30:45.353,0.88445,0.88467,1.12,1.00
2014.11.24 12:30:45.607,0.88445,0.88473,1.00,1.00
2014.11.24 12:30:45.758,0.88437,0.88472,1.87,1.00
2014.11.24 12:30:45.859,0.88437,0.88467,1.37,1.00
2014.11.24 12:30:46.161,0.88438,0.88467,1.37,1.00
2014.11.24 12:30:46.573,0.8844,0.88467,1.37,1.00
2014.11.24 12:30:47.384,0.8844,0.88462,1.37,1.00
2014.11.24 12:30:47.574,0.8844,0.88468,1.37,1.00
2014.11.24 12:30:51.902,0.88444,0.88468,1.87,1.00
2014.11.24 12:30:52.417,0.88442,0.88468,2.62,1.00
2014.11.24 12:30:52.752,0.88442,0.88462,1.87,1.00
2014.11.24 12:30:52.856,0.88442,0.88468,1.87,1.00
2014.11.24 12:30:53.514,0.88442,0.88463,1.87,1.00
2014.11.24 12:30:54.420,0.88442,0.88462,1.87,1.00
2014.11.24 12:30:54.796,0.88441,0.88462,2.62,1.00
2014.11.24 12:31:00.553,0.88442,0.88463,1.37,1.00
2014.11.24 12:31:05.503,0.88441,0.88463,1.12,1.00
2014.11.24 12:31:06.826,0.88441,0.88462,1.12,1.00
2014.11.24 12:31:07.553,0.88442,0.88462,1.00,1.00
2014.11.24 12:31:09.092,0.88441,0.88462,1.12,1.00
2014.11.24 12:31:13.408,0.88436,0.88462,1.37,1.00
2014.11.24 12:31:13.911,0.88436,0.88463,1.00,1.00
2014.11.24 12:31:14.066,0.88433,0.88463,1.00,1.00
2014.11.24 12:31:14.418,0.88434,0.88457,1.50,1.00
2014.11.24 12:31:14.633,0.88434,0.88466,1.87,1.00
2014.11.24 12:31:14.834,0.88432,0.88466,1.00,1.00
2014.11.24 12:31:14.885,0.88432,0.88458,1.00,1.00
2014.11.24 12:31:17.384,0.88432,0.88457,2.62,1.00
2014.11.24 12:31:19.418,0.88433,0.88457,1.00,1.00
2014.11.24 12:31:20.532,0.88432,0.88457,1.12,1.00
2014.11.24 12:31:25.853,0.88432,0.88458,1.00,1.00
2014.11.24 12:31:26.582,0.88433,0.88458,1.00,1.00
2014.11.24 12:31:28.825,0.88433,0.88457,1.00,1.00
2014.11.24 12:31:29.336,0.88433,0.88458,1.00,1.00
2014.11.24 12:31:35.713,0.88434,0.88458,1.37,1.00
2014.11.24 12:31:35.764,0.88434,0.88463,1.37,1.00
2014.11.24 12:31:35.814,0.88434,0.88463,2.62,1.00
2014.11.24 12:31:36.135,0.88445,0.88467,1.00,1.00
2014.11.24 12:31:37.623,0.88445,0.88472,2.25,1.00
2014.11.24 12:31:37.842,0.88445,0.88468,2.25,1.00
2014.11.24 12:31:39.052,0.88445,0.88467,2.25,1.00
2014.11.24 12:31:39.582,0.88444,0.88467,2.25,1.00
2014.11.24 12:31:39.633,0.88444,0.88472,2.25,1.00
2014.11.24 12:31:39.834,0.88444,0.88467,2.25,1.00
2014.11.24 12:31:45.889,0.88444,0.88472,2.25,1.00
2014.11.24 12:31:46.191,0.88445,0.88473,1.87,1.00
2014.11.24 12:31:46.494,0.88455,0.88473,1.00,1.00
2014.11.24 12:31:46.862,0.88455,0.88478,1.00,1.00
2014.11.24 12:31:48.691,0.88456,0.88478,1.00,1.00
2014.11.24 12:31:49.442,0.88456,0.88483,1.00,1.00
2014.11.24 12:31:49.629,0.88456,0.88478,1.00,1.00
2014.11.24 12:31:51.374,0.88456,0.88477,1.00,1.00
2014.11.24 12:32:01.062,0.88456,0.88483,1.00,1.00
2014.11.24 12:32:01.381,0.88456,0.88478,1.00,1.00
2014.11.24 12:32:01.654,0.88464,0.88492,1.00,1.00
2014.11.24 12:32:02.006,0.88456,0.8849,2.25,2.25
2014.11.24 12:32:02.107,0.88456,0.88487,2.25,1.50
2014.11.24 12:32:02.652,0.88456,0.8849,2.25,1.00
2014.11.24 12:32:02.703,0.88458,0.88491,1.00,1.50
2014.11.24 12:32:03.248,0.88458,0.88492,1.00,2.25
2014.11.24 12:32:03.571,0.88458,0.88483,1.00,1.00
2014.11.24 12:32:03.622,0.88458,0.88488,1.12,1.00
2014.11.24 12:32:03.911,0.88458,0.88482,1.12,1.00
2014.11.24 12:32:04.227,0.88458,0.88482,1.37,1.00
2014.11.24 12:32:05.123,0.88457,0.88487,1.37,1.00
2014.11.24 12:32:08.973,0.88455,0.88483,1.50,1.00
2014.11.24 12:32:10.071,0.88455,0.88488,1.50,1.00
2014.11.24 12:32:10.426,0.88455,0.88482,1.50,1.00
2014.11.24 12:32:12.956,0.88454,0.88482,1.12,1.00
2014.11.24 12:32:13.538,0.88454,0.88483,1.12,1.00
2014.11.24 12:32:14.338,0.88454,0.88488,1.00,2.25
2014.11.24 12:32:14.389,0.88454,0.88488,1.37,2.25
2014.11.24 12:32:14.691,0.88461,0.88488,1.00,1.00
2014.11.24 12:32:16.191,0.88454,0.88488,1.37,1.00
2014.11.24 12:32:17.173,0.88454,0.88487,1.37,1.00
2014.11.24 12:32:17.285,0.88454,0.88487,1.12,1.00
2014.11.24 12:32:17.441,0.88454,0.88482,1.12,1.00
2014.11.24 12:32:19.593,0.88454,0.88488,1.12,1.00
2014.11.24 12:32:20.143,0.88454,0.88487,1.12,1.00
2014.11.24 12:32:20.244,0.88454,0.88484,1.00,1.50
2014.11.24 12:32:20.731,0.88448,0.88487,2.62,2.62
2014.11.24 12:32:20.783,0.88448,0.88487,2.62,2.25
2014.11.24 12:32:21.231,0.88448,0.88482,3.00,1.00
2014.11.24 12:32:21.853,0.88455,0.88482,1.00,1.00
2014.11.24 12:32:21.954,0.88455,0.88487,1.37,1.00
2014.11.24 12:32:22.155,0.88455,0.88492,1.37,1.00
2014.11.24 12:32:22.206,0.88455,0.88492,1.75,1.00
2014.11.24 12:32:22.357,0.88463,0.88498,1.12,1.00
2014.11.24 12:32:22.609,0.88463,0.88492,1.12,1.00
2014.11.24 12:32:22.812,0.88463,0.88497,1.87,1.00
2014.11.24 12:32:23.098,0.88463,0.88497,1.87,1.00
2014.11.24 12:32:24.100,0.88466,0.88494,1.12,1.50
2014.11.24 12:32:24.150,0.88463,0.88494,1.00,1.50
2014.11.24 12:32:24.452,0.88454,0.88493,1.00,1.37
2014.11.24 12:32:24.553,0.88454,0.88487,1.00,1.50
2014.11.24 12:32:24.855,0.88454,0.88483,1.00,1.00
2014.11.24 12:32:24.905,0.88447,0.88483,1.37,1.00
2014.11.24 12:32:24.956,0.88447,0.88483,1.37,1.00
2014.11.24 12:32:25.210,0.88447,0.88481,1.37,1.50
2014.11.24 12:32:25.311,0.88447,0.88481,1.37,1.50
2014.11.24 12:32:25.411,0.88444,0.88481,1.37,1.50
2014.11.24 12:32:25.691,0.88444,0.88477,1.37,1.00
2014.11.24 12:32:28.963,0.88444,0.88477,1.12,1.00
2014.11.24 12:32:31.661,0.88444,0.88477,1.37,1.00
2014.11.24 12:32:31.813,0.88448,0.88482,1.12,1.00
2014.11.24 12:32:32.131,0.88448,0.88482,2.62,1.00
2014.11.24 12:32:32.658,0.88452,0.88482,1.00,1.00
2014.11.24 12:32:33.342,0.88452,0.88483,1.00,1.00
2014.11.24 12:32:33.774,0.88448,0.88482,1.50,3.37
2014.11.24 12:32:33.880,0.88448,0.88478,1.50,1.50
2014.11.24 12:32:34.333,0.88448,0.88473,1.00,1.00
2014.11.24 12:32:35.190,0.88448,0.88477,1.00,1.00
2014.11.24 12:32:35.910,0.88445,0.88477,2.25,1.00
2014.11.24 12:32:36.691,0.88445,0.88481,2.25,2.62
2014.11.24 12:32:36.861,0.88445,0.88472,2.25,1.00
2014.11.24 12:32:37.566,0.8845,0.88478,1.00,1.00
2014.11.24 12:32:38.069,0.8845,0.88477,1.00,1.00
2014.11.24 12:32:38.437,0.8845,0.88483,1.00,1.00
2014.11.24 12:32:38.539,0.8845,0.88483,1.87,1.00
2014.11.24 12:32:38.841,0.88453,0.88483,1.87,1.00
2014.11.24 12:32:38.892,0.88453,0.88493,1.87,2.62
2014.11.24 12:32:39.390,0.88456,0.88487,1.50,1.00
2014.11.24 12:32:42.782,0.88453,0.88487,1.37,1.00
2014.11.24 12:32:43.351,0.88453,0.88488,1.87,1.00
2014.11.24 12:32:44.341,0.88455,0.88487,1.87,1.00
2014.11.24 12:32:48.383,0.88453,0.88487,2.62,1.00
2014.11.24 12:32:49.337,0.88454,0.88488,1.87,1.00
2014.11.24 12:32:50.312,0.88453,0.88488,1.87,1.00
2014.11.24 12:32:50.891,0.88453,0.88487,1.37,1.00
2014.11.24 12:32:53.134,0.88453,0.88487,1.12,1.00
2014.11.24 12:32:54.921,0.88449,0.88483,2.62,1.00
2014.11.24 12:32:55.430,0.88448,0.88482,2.62,1.00
2014.11.24 12:32:56.459,0.88449,0.88477,1.00,1.00
2014.11.24 12:32:56.821,0.88445,0.88477,1.00,1.00
2014.11.24 12:32:57.352,0.88445,0.88472,1.00,1.00
2014.11.24 12:32:59.780,0.88443,0.88472,1.37,1.00
2014.11.24 12:33:00.841,0.88443,0.88477,1.87,1.00
2014.11.24 12:33:02.050,0.88443,0.88479,3.37,1.00
2014.11.24 12:33:02.101,0.8845,0.88478,1.00,1.00
2014.11.24 12:33:02.201,0.88443,0.88479,1.00,1.12
2014.11.24 12:33:02.417,0.88439,0.88478,1.37,2.25
2014.11.24 12:33:02.518,0.88439,0.88476,1.37,1.50
2014.11.24 12:33:02.858,0.88439,0.88472,1.37,1.00
2014.11.24 12:33:04.170,0.88437,0.88473,1.87,1.00
2014.11.24 12:33:04.221,0.88437,0.88473,1.37,1.00
2014.11.24 12:33:04.780,0.88437,0.88473,1.12,2.25
2014.11.24 12:33:06.326,0.88437,0.88472,1.12,1.50
2014.11.24 12:33:06.561,0.88433,0.88467,1.87,1.00
2014.11.24 12:33:09.358,0.88438,0.88467,1.00,1.00
2014.11.24 12:33:09.721,0.88433,0.88464,1.00,1.00
2014.11.24 12:33:09.872,0.88428,0.88462,1.00,1.00
2014.11.24 12:33:10.124,0.88432,0.88462,1.00,1.50
2014.11.24 12:33:10.630,0.88433,0.88462,1.00,1.00
2014.11.24 12:33:14.241,0.88433,0.88461,1.00,1.50
2014.11.24 12:33:14.640,0.88429,0.88463,1.00,2.62
2014.11.24 12:33:15.154,0.88428,0.88465,1.00,1.37
2014.11.24 12:33:15.510,0.8843,0.88467,1.00,1.50
2014.11.24 12:33:15.909,0.88433,0.8847,1.00,2.25
2014.11.24 12:33:16.601,0.8843,0.88471,1.00,2.25
2014.11.24 12:33:18.811,0.88425,0.88463,1.87,1.37
2014.11.24 12:33:18.912,0.88425,0.88463,1.87,1.00
2014.11.24 12:33:19.213,0.88433,0.88467,1.00,1.37
2014.11.24 12:33:19.741,0.88432,0.88468,1.00,1.37
2014.11.24 12:33:20.523,0.88433,0.88467,1.00,1.37
2014.11.24 12:33:28.310,0.88432,0.88468,1.00,1.37
2014.11.24 12:33:28.912,0.88432,0.88468,1.12,1.00
2014.11.24 12:33:29.013,0.88434,0.88468,1.87,1.00
2014.11.24 12:33:29.315,0.88438,0.88472,2.25,1.00
2014.11.24 12:33:29.466,0.88435,0.88474,2.62,1.37
2014.11.24 12:33:29.668,0.88435,0.88468,2.25,1.00
2014.11.24 12:33:30.002,0.88435,0.88465,1.87,1.00
2014.11.24 12:33:32.669,0.88434,0.88466,1.37,1.00
2014.11.24 12:33:39.641,0.88434,0.88471,3.00,1.00
2014.11.24 12:33:39.859,0.88437,0.88471,1.37,1.00
2014.11.24 12:33:40.223,0.88439,0.88471,1.50,1.00
2014.11.24 12:33:41.909,0.88439,0.8847,1.50,1.00
2014.11.24 12:33:42.441,0.8844,0.8847,1.50,1.00
2014.11.24 12:33:42.821,0.88439,0.88472,1.50,1.50
2014.11.24 12:33:43.540,0.88438,0.88472,1.87,1.50
2014.11.24 12:33:47.389,0.88439,0.88472,1.50,1.50
2014.11.24 12:33:48.839,0.88439,0.88471,2.25,1.00
2014.11.24 12:33:49.439,0.88442,0.88471,1.00,1.00
2014.11.24 12:33:50.159,0.88442,0.88476,1.00,1.00
2014.11.24 12:33:53.255,0.88442,0.88478,1.00,1.87
2014.11.24 12:33:59.189,0.88442,0.88476,1.00,1.00
2014.11.24 12:34:02.159,0.88442,0.88477,1.00,1.12
2014.11.24 12:34:02.985,0.88443,0.88477,1.00,1.87
2014.11.24 12:34:04.198,0.88446,0.88478,1.00,1.00
2014.11.24 12:34:04.747,0.88447,0.88478,1.00,1.00
2014.11.24 12:34:05.516,0.88446,0.88478,1.00,1.00
2014.11.24 12:34:05.617,0.88442,0.88478,1.00,1.00
2014.11.24 12:34:08.103,0.88446,0.88478,1.00,1.00
2014.11.24 12:34:08.429,0.88448,0.88479,1.00,1.00
2014.11.24 12:34:09.097,0.88448,0.88479,1.00,1.37
2014.11.24 12:34:09.148,0.88446,0.88479,1.00,1.37
2014.11.24 12:34:09.312,0.88443,0.88478,1.00,1.12
2014.11.24 12:34:12.029,0.88443,0.88477,1.00,1.00
2014.11.24 12:34:12.414,0.88443,0.88479,1.37,1.00
2014.11.24 12:34:12.950,0.88442,0.88478,1.00,1.12
2014.11.24 12:34:13.309,0.8844,0.88477,1.87,1.00
2014.11.24 12:34:13.410,0.88447,0.88477,1.00,1.00
2014.11.24 12:34:13.561,0.88447,0.88483,1.00,3.37
2014.11.24 12:34:13.662,0.88447,0.88478,1.00,1.00
2014.11.24 12:34:14.079,0.88447,0.88483,1.50,1.87
2014.11.24 12:34:14.299,0.88447,0.88477,1.00,1.00
2014.11.24 12:34:15.069,0.88447,0.88478,1.00,1.00
2014.11.24 12:34:15.839,0.88447,0.88477,1.00,1.00
2014.11.24 12:34:16.140,0.88443,0.88477,1.00,1.00
2014.11.24 12:34:16.279,0.88443,0.88482,1.00,1.37
2014.11.24 12:34:16.791,0.88442,0.88478,2.62,1.00
2014.11.24 12:34:17.961,0.88443,0.88478,1.87,1.00
2014.11.24 12:34:18.744,0.88444,0.88478,1.87,1.00
2014.11.24 12:34:20.570,0.88445,0.88482,1.87,1.00
2014.11.24 12:34:20.898,0.88448,0.88482,1.00,1.00
2014.11.24 12:34:21.420,0.88445,0.88477,1.87,1.00
2014.11.24 12:34:22.549,0.88448,0.88482,1.00,1.00
2014.11.24 12:34:23.279,0.88446,0.88482,1.87,1.00
2014.11.24 12:34:24.089,0.88449,0.88483,1.12,1.00
2014.11.24 12:34:24.815,0.88448,0.88483,1.00,1.37
2014.11.24 12:34:24.866,0.88443,0.88478,1.87,1.00
2014.11.24 12:34:25.079,0.88442,0.88483,2.62,1.87
2014.11.24 12:34:25.129,0.88443,0.88483,1.87,1.50
2014.11.24 12:34:25.660,0.88444,0.88477,1.87,1.00
2014.11.24 12:34:27.390,0.88448,0.88482,1.00,1.00
2014.11.24 12:34:28.681,0.88448,0.88482,1.00,1.37
2014.11.24 12:34:34.177,0.88448,0.88482,1.00,1.00
2014.11.24 12:34:40.887,0.88448,0.88482,1.00,1.37
2014.11.24 12:34:47.204,0.88444,0.88483,1.50,1.37
2014.11.24 12:34:47.439,0.88448,0.88482,1.00,1.37
2014.11.24 12:34:47.969,0.88449,0.88482,1.37,1.00
2014.11.24 12:34:48.170,0.88452,0.88488,1.87,1.00
2014.11.24 12:34:50.425,0.88452,0.88488,1.87,1.00
2014.11.24 12:34:51.379,0.88453,0.88488,1.00,1.00
2014.11.24 12:34:51.888,0.88452,0.88487,1.00,1.00
2014.11.24 12:34:52.801,0.88453,0.88487,1.00,1.00
2014.11.24 12:34:54.543,0.88458,0.88487,1.00,1.00
2014.11.24 12:34:54.694,0.88458,0.88493,1.37,1.00
2014.11.24 12:34:54.795,0.88459,0.88493,1.87,1.00
2014.11.24 12:34:54.896,0.88463,0.88502,1.12,1.87
2014.11.24 12:34:55.260,0.88462,0.88502,1.87,1.50
2014.11.24 12:34:55.589,0.88468,0.88502,1.00,1.87
2014.11.24 12:34:55.977,0.88465,0.88498,1.00,1.00
2014.11.24 12:34:58.917,0.88466,0.88498,1.00,1.00
2014.11.24 12:35:00.408,0.88468,0.88502,1.00,1.37
2014.11.24 12:35:00.660,0.88462,0.88497,2.25,1.12
2014.11.24 12:35:00.711,0.88462,0.88497,1.00,1.37
2014.11.24 12:35:00.862,0.88459,0.88497,1.00,1.87
2014.11.24 12:35:01.013,0.88459,0.88497,2.25,1.87
2014.11.24 12:35:01.114,0.88459,0.88497,1.00,2.25
2014.11.24 12:35:01.365,0.88455,0.8849,4.12,1.00
2014.11.24 12:35:01.416,0.88457,0.8849,1.00,1.00
2014.11.24 12:35:01.718,0.88457,0.88496,1.37,1.12
2014.11.24 12:35:02.148,0.88459,0.88492,1.87,1.00
2014.11.24 12:35:02.377,0.88459,0.88497,1.87,1.37
2014.11.24 12:35:02.628,0.88457,0.88498,1.37,1.00
2014.11.24 12:35:03.046,0.88458,0.88502,1.87,1.50
2014.11.24 12:35:03.096,0.8846,0.88502,1.50,3.00
2014.11.24 12:35:03.464,0.88461,0.88492,1.50,1.00
2014.11.24 12:35:03.985,0.8846,0.88492,1.50,1.00
2014.11.24 12:35:04.327,0.88458,0.88492,1.87,1.00
2014.11.24 12:35:04.957,0.88458,0.88493,1.00,1.00
2014.11.24 12:35:05.440,0.88458,0.88498,1.12,1.37
2014.11.24 12:35:06.221,0.88458,0.88497,1.50,1.37
2014.11.24 12:35:06.769,0.88458,0.88496,1.00,1.37
2014.11.24 12:35:07.091,0.88458,0.88493,1.50,1.00
2014.11.24 12:35:08.479,0.8846,0.88492,1.50,1.00
2014.11.24 12:35:10.812,0.88459,0.88492,1.50,1.00
2014.11.24 12:35:11.215,0.88459,0.88487,1.50,1.00
2014.11.24 12:35:12.769,0.88457,0.88487,1.50,1.00
2014.11.24 12:35:13.911,0.88455,0.88487,2.25,1.00
2014.11.24 12:35:14.673,0.88456,0.88487,1.00,1.00
2014.11.24 12:35:15.428,0.88457,0.88487,1.50,1.00
2014.11.24 12:35:15.956,0.88456,0.88487,2.25,1.00
2014.11.24 12:35:17.060,0.88457,0.88493,1.00,1.37
2014.11.24 12:35:19.602,0.88458,0.88492,1.00,1.37
2014.11.24 12:35:21.349,0.88457,0.88493,1.00,1.37
2014.11.24 12:35:21.541,0.88457,0.88493,1.00,1.37
2014.11.24 12:35:22.118,0.88458,0.88492,1.00,1.37
2014.11.24 12:35:23.360,0.88458,0.88492,1.00,1.37
2014.11.24 12:35:23.879,0.88457,0.88493,1.00,1.37
2014.11.24 12:35:24.369,0.88455,0.88493,2.25,1.37
2014.11.24 12:35:24.678,0.88455,0.88487,1.00,1.00
2014.11.24 12:35:26.528,0.88456,0.88487,1.00,1.00
2014.11.24 12:35:27.209,0.88463,0.88487,1.00,1.00
2014.11.24 12:35:27.425,0.88463,0.88492,1.00,1.00
2014.11.24 12:35:28.388,0.88463,0.88497,1.50,1.72
2014.11.24 12:35:28.619,0.88465,0.88496,1.00,1.12
2014.11.24 12:35:30.281,0.88466,0.88497,1.00,2.10
2014.11.24 12:35:30.809,0.88466,0.88493,1.00,1.00
2014.11.24 12:35:31.140,0.88466,0.88497,1.00,2.10
2014.11.24 12:35:31.919,0.88466,0.88496,1.00,1.00
2014.11.24 12:35:34.008,0.88467,0.88496,1.00,1.00
2014.11.24 12:35:35.482,0.88464,0.88497,1.00,2.10
2014.11.24 12:35:38.410,0.88464,0.88496,1.00,1.00
2014.11.24 12:35:39.539,0.88463,0.88496,1.00,1.12
2014.11.24 12:35:39.703,0.88462,0.88496,1.00,1.37
2014.11.24 12:35:50.306,0.88462,0.88497,1.50,1.35
2014.11.24 12:35:50.407,0.88468,0.88497,1.00,1.35
2014.11.24 12:35:51.238,0.88468,0.88496,1.00,1.00
2014.11.24 12:35:53.581,0.88467,0.88496,1.50,1.00
2014.11.24 12:35:55.091,0.88466,0.88494,1.00,1.00
2014.11.24 12:35:56.111,0.88466,0.88493,1.00,1.00
2014.11.24 12:35:56.300,0.88462,0.88493,1.00,1.50
2014.11.24 12:35:58.987,0.88461,0.88493,1.12,1.00
2014.11.24 12:35:59.437,0.88461,0.88488,1.00,1.00
2014.11.24 12:35:59.537,0.88458,0.88489,1.00,1.87
2014.11.24 12:35:59.638,0.88453,0.88492,2.10,2.62
2014.11.24 12:35:59.857,0.88452,0.88491,1.87,2.47
2014.11.24 12:36:00.069,0.88452,0.88488,1.12,1.00
2014.11.24 12:36:00.270,0.88447,0.88487,1.12,1.87
2014.11.24 12:36:00.321,0.88447,0.88487,1.00,1.87
2014.11.24 12:36:00.627,0.88446,0.88478,1.12,1.00
2014.11.24 12:36:00.840,0.88448,0.88482,1.00,1.00
2014.11.24 12:36:02.009,0.88449,0.88482,1.00,1.00
2014.11.24 12:36:03.459,0.88448,0.88482,1.50,1.00
2014.11.24 12:36:05.497,0.88449,0.88482,1.50,1.00
2014.11.24 12:36:06.049,0.88448,0.88482,1.50,1.00
2014.11.24 12:36:06.558,0.88448,0.88482,2.62,1.00
2014.11.24 12:36:06.709,0.88451,0.88483,1.50,1.00
2014.11.24 12:36:06.942,0.88449,0.88482,1.87,1.00
2014.11.24 12:36:07.508,0.88448,0.88482,1.00,1.00
2014.11.24 12:36:08.727,0.88449,0.88482,1.00,1.00
2014.11.24 12:36:11.478,0.8845,0.88482,1.00,1.00
2014.11.24 12:36:11.865,0.8845,0.88477,1.00,1.00
2014.11.24 12:36:12.058,0.8845,0.88482,1.00,1.00
2014.11.24 12:36:13.390,0.88448,0.88483,1.87,1.00
2014.11.24 12:36:13.441,0.88451,0.88483,1.50,1.12
2014.11.24 12:36:13.542,0.88447,0.88483,1.50,1.37
2014.11.24 12:36:14.045,0.88447,0.88477,1.00,1.00
2014.11.24 12:36:14.599,0.88447,0.88483,1.00,1.37
2014.11.24 12:36:14.919,0.88447,0.88477,1.00,1.00
2014.11.24 12:36:15.377,0.88448,0.88483,1.50,1.12
2014.11.24 12:36:15.918,0.88449,0.88483,1.50,1.12
2014.11.24 12:36:16.194,0.88449,0.88487,1.50,1.37
2014.11.24 12:36:16.379,0.88452,0.88488,1.00,1.37
2014.11.24 12:36:16.699,0.88453,0.88482,1.00,1.00
2014.11.24 12:36:17.337,0.88453,0.88478,1.00,1.00
2014.11.24 12:36:17.527,0.88446,0.88478,1.00,1.00
2014.11.24 12:36:18.635,0.88445,0.88478,1.00,1.00
2014.11.24 12:36:19.148,0.88445,0.88481,1.00,1.87
2014.11.24 12:36:19.837,0.88445,0.88478,1.00,1.00
2014.11.24 12:36:19.955,0.88447,0.88477,1.50,1.00
2014.11.24 12:36:20.116,0.88447,0.88487,2.62,1.37
2014.11.24 12:36:20.167,0.88449,0.88487,1.50,1.37
2014.11.24 12:36:20.217,0.88449,0.88487,1.50,1.12
2014.11.24 12:36:20.319,0.88449,0.88487,1.87,1.50
2014.11.24 12:36:20.665,0.88447,0.88483,2.62,1.00
2014.11.24 12:36:21.174,0.88448,0.88482,1.00,1.00
2014.11.24 12:36:21.628,0.88447,0.88483,1.00,2.62
2014.11.24 12:36:21.914,0.88445,0.88483,1.00,1.87
2014.11.24 12:36:22.068,0.88445,0.88477,1.00,1.00
2014.11.24 12:36:22.418,0.88455,0.88477,1.00,1.00
2014.11.24 12:36:22.660,0.88455,0.88483,1.00,1.00
2014.11.24 12:36:22.761,0.88452,0.88483,1.00,1.00
2014.11.24 12:36:22.911,0.88452,0.88483,1.00,1.37
2014.11.24 12:36:23.264,0.88452,0.88479,1.00,1.50
2014.11.24 12:36:23.570,0.88445,0.88472,1.00,1.00
2014.11.24 12:36:25.600,0.88445,0.88473,1.00,1.00
2014.11.24 12:36:26.437,0.88444,0.88473,1.00,1.00
2014.11.24 12:36:30.288,0.88443,0.88473,1.00,1.00
2014.11.24 12:36:30.957,0.88443,0.88472,1.00,1.00
2014.11.24 12:36:31.318,0.88443,0.88477,1.00,1.12
2014.11.24 12:36:31.620,0.88446,0.88477,1.00,1.00
2014.11.24 12:36:32.909,0.88446,0.88478,1.00,1.00
2014.11.24 12:36:37.217,0.88445,0.88478,1.50,1.00
2014.11.24 12:36:38.630,0.88444,0.88478,1.37,1.00
2014.11.24 12:36:39.241,0.88444,0.88477,2.62,1.00
2014.11.24 12:36:39.709,0.88447,0.88483,1.00,1.12
2014.11.24 12:36:45.519,0.88447,0.88483,1.00,1.37
2014.11.24 12:36:45.648,0.88445,0.88478,1.12,1.00
2014.11.24 12:36:48.408,0.88447,0.88478,1.50,1.00
2014.11.24 12:36:48.955,0.88448,0.88478,1.50,1.00
2014.11.24 12:36:49.088,0.88448,0.88482,1.50,1.00
2014.11.24 12:36:49.327,0.8845,0.88482,1.00,1.00
2014.11.24 12:36:49.845,0.8845,0.88483,1.00,1.00
2014.11.24 12:36:50.379,0.8845,0.88482,1.00,1.00
2014.11.24 12:36:51.761,0.88452,0.88482,1.00,1.00
2014.11.24 12:36:52.265,0.88455,0.88483,1.50,1.00
2014.11.24 12:36:52.416,0.88453,0.88483,1.50,1.00
2014.11.24 12:36:52.596,0.88452,0.88487,2.25,1.60
2014.11.24 12:36:52.698,0.88452,0.88487,1.12,1.00
2014.11.24 12:36:52.801,0.88452,0.8849,1.12,1.00
2014.11.24 12:36:52.952,0.88454,0.88492,1.50,1.72
2014.11.24 12:36:53.267,0.88454,0.88487,1.50,1.00
2014.11.24 12:36:53.790,0.88453,0.88492,2.25,1.87
2014.11.24 12:36:54.037,0.88453,0.88492,2.25,3.97
2014.11.24 12:36:54.339,0.88453,0.88482,2.25,1.00
2014.11.24 12:36:55.270,0.88452,0.88482,2.62,1.00
2014.11.24 12:36:58.108,0.88452,0.88488,1.12,1.00
2014.11.24 12:36:58.348,0.88454,0.88488,1.00,1.00
2014.11.24 12:36:58.679,0.88455,0.88493,1.87,1.87
2014.11.24 12:36:58.847,0.88455,0.88488,1.87,1.00
2014.11.24 12:36:59.411,0.88456,0.88488,1.50,1.00
2014.11.24 12:36:59.662,0.88459,0.88493,1.00,1.00
2014.11.24 12:36:59.864,0.88459,0.88488,1.00,1.00
2014.11.24 12:37:00.081,0.88463,0.88493,1.50,1.00
2014.11.24 12:37:00.727,0.88464,0.88493,1.50,1.00
2014.11.24 12:37:01.280,0.88463,0.88492,1.50,1.00
2014.11.24 12:37:01.817,0.88462,0.88492,1.50,1.00
2014.11.24 12:37:02.591,0.88462,0.88497,1.50,1.12
2014.11.24 12:37:02.805,0.8846,0.88497,1.87,1.12
2014.11.24 12:37:02.930,0.88462,0.88499,1.50,1.37
2014.11.24 12:37:03.359,0.88462,0.88492,1.50,1.00
2014.11.24 12:37:03.705,0.8846,0.88492,1.87,1.00
2014.11.24 12:37:03.856,0.8846,0.88485,1.50,1.00
2014.11.24 12:37:03.956,0.88453,0.88485,1.87,1.00
2014.11.24 12:37:04.158,0.88452,0.88483,1.00,1.00
2014.11.24 12:37:04.617,0.88453,0.88481,1.00,1.00
2014.11.24 12:37:05.118,0.88449,0.88478,1.87,1.00
2014.11.24 12:37:06.358,0.88448,0.88481,1.87,1.60
2014.11.24 12:37:06.657,0.88448,0.88478,1.87,1.00
2014.11.24 12:37:07.097,0.88448,0.88482,1.87,1.00
2014.11.24 12:37:07.952,0.88449,0.88483,1.87,1.00
2014.11.24 12:37:08.980,0.88451,0.88483,1.50,1.00
2014.11.24 12:37:10.067,0.88451,0.88482,1.50,1.00
2014.11.24 12:37:11.066,0.8845,0.88482,1.87,1.00
2014.11.24 12:37:14.577,0.88453,0.88487,1.00,2.47
2014.11.24 12:37:14.808,0.88446,0.88487,1.37,1.72
2014.11.24 12:37:14.858,0.88451,0.88488,1.12,1.60
2014.11.24 12:37:15.177,0.88453,0.88487,1.00,1.35
2014.11.24 12:37:16.558,0.88452,0.88488,1.00,1.60
2014.11.24 12:37:17.088,0.88453,0.88487,1.00,1.35
2014.11.24 12:37:17.446,0.88451,0.88482,1.50,1.00
2014.11.24 12:37:20.086,0.8845,0.88482,1.87,1.00
2014.11.24 12:37:21.099,0.88451,0.88482,1.50,1.00
2014.11.24 12:37:25.896,0.88451,0.88478,1.50,1.00
2014.11.24 12:37:25.946,0.88446,0.88478,2.25,1.00
2014.11.24 12:37:26.198,0.88446,0.88478,2.62,1.00
2014.11.24 12:37:26.527,0.88451,0.88482,1.00,1.00
2014.11.24 12:37:27.826,0.8845,0.88482,1.50,1.00
2014.11.24 12:37:27.888,0.8845,0.88478,1.50,1.00
2014.11.24 12:37:28.670,0.88451,0.88478,1.50,1.00
2014.11.24 12:37:30.088,0.88451,0.88482,1.50,1.00
2014.11.24 12:37:31.307,0.8845,0.88482,1.50,1.00
2014.11.24 12:37:31.796,0.88449,0.88479,1.50,1.00
2014.11.24 12:37:31.948,0.88443,0.88479,2.25,1.00
2014.11.24 12:37:32.168,0.88443,0.88479,2.62,1.00
2014.11.24 12:37:32.470,0.8845,0.88482,1.87,1.00
2014.11.24 12:37:32.975,0.88452,0.88483,1.50,1.00
2014.11.24 12:37:33.486,0.88453,0.88482,1.87,1.00
2014.11.24 12:37:34.010,0.88452,0.88482,1.50,1.00
2014.11.24 12:37:34.467,0.88453,0.88482,1.87,1.00
2014.11.24 12:37:34.618,0.88454,0.88488,1.87,1.00
2014.11.24 12:37:34.820,0.88454,0.88482,1.50,1.00
2014.11.24 12:37:35.486,0.88455,0.88482,1.50,1.00
2014.11.24 12:37:36.576,0.88456,0.88488,1.50,1.00
2014.11.24 12:37:37.138,0.88455,0.88488,1.50,1.00
2014.11.24 12:37:37.467,0.88453,0.88487,2.62,1.00
2014.11.24 12:37:37.920,0.88453,0.88482,1.50,1.00
2014.11.24 12:37:38.145,0.8845,0.88487,1.12,1.12
2014.11.24 12:37:38.347,0.8845,0.88483,1.00,1.00
2014.11.24 12:37:38.895,0.8845,0.88482,1.00,1.00
2014.11.24 12:37:39.556,0.8845,0.88487,1.00,1.37
2014.11.24 12:37:39.901,0.88452,0.88488,2.25,1.37
2014.11.24 12:37:40.206,0.88454,0.88488,1.50,1.37
2014.11.24 12:37:40.876,0.88452,0.88488,2.25,1.37
2014.11.24 12:37:41.756,0.88453,0.88488,1.50,1.37
2014.11.24 12:37:43.434,0.88452,0.88488,2.25,1.37
2014.11.24 12:37:43.968,0.88451,0.88487,1.00,1.37
2014.11.24 12:37:44.068,0.88451,0.88483,1.00,1.00
2014.11.24 12:37:45.166,0.88452,0.88483,1.50,1.00
2014.11.24 12:37:45.437,0.88454,0.88488,1.50,1.12
2014.11.24 12:37:45.943,0.88454,0.88487,1.50,1.00
2014.11.24 12:37:49.786,0.88453,0.88487,1.00,1.00
2014.11.24 12:37:51.326,0.8845,0.88487,2.25,1.12
2014.11.24 12:37:51.436,0.88452,0.88487,1.50,1.12
2014.11.24 12:37:51.954,0.88453,0.88487,1.00,1.12
2014.11.24 12:37:53.316,0.88453,0.88488,1.50,1.00
2014.11.24 12:37:54.079,0.88452,0.88488,2.62,1.00
2014.11.24 12:37:54.129,0.88452,0.88492,1.87,1.37
2014.11.24 12:37:54.455,0.88457,0.88492,1.00,1.87
2014.11.24 12:37:55.116,0.88458,0.88492,1.00,1.37
2014.11.24 12:37:55.417,0.88454,0.88487,1.87,1.00
2014.11.24 12:37:55.619,0.88452,0.88487,2.25,1.00
2014.11.24 12:37:56.139,0.88453,0.88488,1.50,1.00
2014.11.24 12:37:56.737,0.88458,0.88488,1.50,1.00
2014.11.24 12:37:58.145,0.88456,0.88488,1.50,1.00
2014.11.24 12:37:58.806,0.88455,0.88488,1.50,1.00
2014.11.24 12:37:59.797,0.88454,0.88488,1.50,1.00
2014.11.24 12:38:00.599,0.88454,0.88487,1.50,1.00
2014.11.24 12:38:00.816,0.88454,0.88482,1.50,1.00
2014.11.24 12:38:00.895,0.88452,0.88482,1.50,1.00
2014.11.24 12:38:02.135,0.88452,0.88487,1.50,1.00
2014.11.24 12:38:02.267,0.88454,0.88487,1.50,1.00
2014.11.24 12:38:02.894,0.88455,0.88487,1.50,1.00
2014.11.24 12:38:03.256,0.88456,0.88487,1.87,1.00
2014.11.24 12:38:03.407,0.88462,0.88493,1.50,1.00
2014.11.24 12:38:03.975,0.88464,0.88493,1.50,1.00
2014.11.24 12:38:04.504,0.88465,0.88493,1.50,1.00
2014.11.24 12:38:05.076,0.88464,0.88492,1.50,1.00
2014.11.24 12:38:05.885,0.88463,0.88492,1.50,1.00
2014.11.24 12:38:07.014,0.88466,0.88492,1.00,1.00
2014.11.24 12:38:07.114,0.88466,0.88497,1.00,1.00
2014.11.24 12:38:07.215,0.8847,0.88497,1.50,1.00
2014.11.24 12:38:07.316,0.88468,0.88498,1.50,1.00
2014.11.24 12:38:07.468,0.88468,0.88502,1.50,1.60
2014.11.24 12:38:07.636,0.88468,0.88498,1.50,1.00
2014.11.24 12:38:07.978,0.88471,0.88497,1.50,1.00
2014.11.24 12:38:08.625,0.88471,0.88502,1.50,1.50
2014.11.24 12:38:09.295,0.88472,0.88502,1.50,1.50
2014.11.24 12:38:10.306,0.88473,0.88502,1.50,1.00
2014.11.24 12:38:10.357,0.88471,0.88502,1.00,1.00
2014.11.24 12:38:10.931,0.88471,0.88503,1.00,1.00
2014.11.24 12:38:11.835,0.8847,0.88503,1.50,1.00
2014.11.24 12:38:13.136,0.8847,0.88507,1.50,1.37
2014.11.24 12:38:13.795,0.8847,0.88502,1.50,1.00
2014.11.24 12:38:14.315,0.88469,0.88502,2.25,1.00
2014.11.24 12:38:14.365,0.88469,0.88507,2.25,1.12
2014.11.24 12:38:14.955,0.8847,0.88507,1.00,1.12
2014.11.24 12:38:15.525,0.88471,0.88507,1.50,1.12
2014.11.24 12:38:16.845,0.8847,0.88507,2.25,1.12
2014.11.24 12:38:16.896,0.8847,0.88507,2.25,1.37
2014.11.24 12:38:17.885,0.88469,0.88507,1.00,1.37
2014.11.24 12:38:19.980,0.88469,0.88507,1.12,1.37
2014.11.24 12:38:20.288,0.88468,0.88499,1.00,1.00
2014.11.24 12:38:20.765,0.88465,0.88502,1.50,1.37
2014.11.24 12:38:21.355,0.88464,0.88502,1.00,1.87
2014.11.24 12:38:21.606,0.88468,0.88502,1.00,1.87
2014.11.24 12:38:22.378,0.88469,0.88503,1.00,1.37
2014.11.24 12:38:23.305,0.88469,0.88503,1.00,1.37
2014.11.24 12:38:23.807,0.88469,0.88504,1.00,1.37
2014.11.24 12:38:24.325,0.88469,0.88504,1.00,1.00
2014.11.24 12:38:24.905,0.88469,0.88507,1.00,1.37
2014.11.24 12:38:30.908,0.88469,0.88505,1.00,1.37
2014.11.24 12:38:33.413,0.88469,0.88505,1.00,1.12
2014.11.24 12:38:34.619,0.88472,0.88505,1.00,1.12
2014.11.24 12:38:35.325,0.88473,0.88505,1.87,1.00
2014.11.24 12:38:35.375,0.88473,0.8851,1.87,1.30
2014.11.24 12:38:37.334,0.88473,0.88507,1.12,1.00
2014.11.24 12:38:37.786,0.88475,0.88507,1.50,1.00
2014.11.24 12:38:38.115,0.88475,0.88502,1.50,1.00
2014.11.24 12:38:38.885,0.88476,0.88502,1.50,1.00
2014.11.24 12:38:45.555,0.88474,0.88502,1.50,1.00
2014.11.24 12:38:45.665,0.88477,0.88502,1.50,1.00
2014.11.24 12:38:46.356,0.88477,0.88507,1.50,1.00
2014.11.24 12:38:46.795,0.88478,0.88512,1.00,2.47
2014.11.24 12:38:46.965,0.88478,0.88512,1.00,1.72
2014.11.24 12:38:50.316,0.88477,0.88507,1.50,1.00
2014.11.24 12:38:52.045,0.88476,0.88507,1.50,1.00
2014.11.24 12:38:52.295,0.88478,0.88512,1.00,2.10
2014.11.24 12:38:52.845,0.88479,0.88507,1.50,1.00
2014.11.24 12:38:54.137,0.88479,0.88512,1.50,1.35
2014.11.24 12:38:55.015,0.88478,0.88512,1.50,1.35
2014.11.24 12:38:55.895,0.88478,0.88508,1.50,1.00
2014.11.24 12:38:56.996,0.88475,0.88508,1.87,1.00
2014.11.24 12:38:57.165,0.88478,0.88512,1.00,2.10
2014.11.24 12:38:57.325,0.88475,0.88507,1.87,1.00
2014.11.24 12:38:57.657,0.88478,0.88512,1.00,2.10
2014.11.24 12:38:58.789,0.88479,0.88512,1.87,1.35
2014.11.24 12:38:59.414,0.88481,0.88512,1.50,1.00
2014.11.24 12:39:00.752,0.88479,0.88512,2.25,1.00
2014.11.24 12:39:01.284,0.88478,0.88512,1.50,1.00
2014.11.24 12:39:01.416,0.88478,0.88512,1.50,2.62
2014.11.24 12:39:01.618,0.88473,0.88506,1.00,1.12
2014.11.24 12:39:02.054,0.88472,0.88503,1.00,1.00
2014.11.24 12:39:02.425,0.88473,0.88505,1.00,1.12
2014.11.24 12:39:02.476,0.88463,0.88505,1.37,1.37
2014.11.24 12:39:02.954,0.88471,0.88505,1.50,1.00
2014.11.24 12:39:03.315,0.88471,0.88503,1.50,1.00
2014.11.24 12:39:04.001,0.8847,0.88503,1.00,1.00
2014.11.24 12:39:05.844,0.88469,0.88503,1.00,1.12
2014.11.24 12:39:08.045,0.88468,0.88503,1.50,1.12
2014.11.24 12:39:09.509,0.88467,0.88503,2.25,1.12
2014.11.24 12:39:10.735,0.88467,0.88508,1.37,1.37
2014.11.24 12:39:13.773,0.88467,0.88508,1.00,1.87
2014.11.24 12:39:14.153,0.88468,0.88507,1.00,1.37
2014.11.24 12:39:14.735,0.88468,0.88507,1.37,1.37
2014.11.24 12:39:15.973,0.88475,0.88508,1.00,1.00
2014.11.24 12:39:16.509,0.88475,0.88507,1.00,1.00
2014.11.24 12:39:17.137,0.88475,0.88508,1.00,1.00
2014.11.24 12:39:19.345,0.88475,0.88507,1.50,1.00
2014.11.24 12:39:20.372,0.88475,0.88507,1.87,1.00
2014.11.24 12:39:21.674,0.88475,0.88507,1.87,1.00
2014.11.24 12:39:21.854,0.88477,0.88513,1.00,1.97
2014.11.24 12:39:24.275,0.88478,0.88512,1.00,1.60
2014.11.24 12:39:27.574,0.88476,0.88507,1.87,1.00
2014.11.24 12:39:34.944,0.88478,0.88512,1.00,1.00
2014.11.24 12:39:39.142,0.88475,0.88507,1.87,1.00
2014.11.24 12:39:39.615,0.88475,0.88507,1.50,1.00
2014.11.24 12:39:39.766,0.88473,0.88507,1.50,1.50
2014.11.24 12:39:40.115,0.88473,0.88503,1.00,1.00
2014.11.24 12:39:40.273,0.8847,0.88503,1.87,1.00
2014.11.24 12:39:44.183,0.88469,0.88502,1.87,1.00
2014.11.24 12:39:45.616,0.88469,0.88503,1.87,1.00
2014.11.24 12:39:45.767,0.88469,0.88503,1.00,1.00
2014.11.24 12:39:46.394,0.88469,0.88502,1.00,1.00
2014.11.24 12:39:46.566,0.8847,0.88499,1.00,1.00
2014.11.24 12:39:46.918,0.88464,0.88499,1.50,1.12
2014.11.24 12:39:47.153,0.88464,0.88497,1.50,1.00
2014.11.24 12:39:47.644,0.88466,0.88497,2.25,1.00
2014.11.24 12:39:48.364,0.88466,0.88498,2.25,1.50
2014.11.24 12:39:50.343,0.88467,0.88498,1.00,1.00
2014.11.24 12:39:50.956,0.88467,0.88499,1.12,1.00
2014.11.24 12:39:51.553,0.88468,0.88499,1.00,1.00
2014.11.24 12:39:58.374,0.88467,0.88499,1.12,1.00
2014.11.24 12:39:58.768,0.88467,0.88496,1.12,1.00
2014.11.24 12:39:59.514,0.88464,0.88496,1.87,1.00
2014.11.24 12:40:01.504,0.88463,0.88497,1.87,1.00
2014.11.24 12:40:02.335,0.88468,0.88497,1.00,1.00
2014.11.24 12:40:05.089,0.88464,0.88497,1.87,1.50
2014.11.24 12:40:05.673,0.88469,0.88497,1.50,1.00
2014.11.24 12:40:07.085,0.88468,0.88497,2.25,1.00
2014.11.24 12:40:12.146,0.88467,0.88497,2.25,1.00
2014.11.24 12:40:16.575,0.88467,0.88496,2.25,1.00
2014.11.24 12:40:19.922,0.88468,0.88496,1.00,1.00
2014.11.24 12:40:22.911,0.88463,0.88496,1.00,1.00
2014.11.24 12:40:23.136,0.8846,0.88496,1.00,1.00
2014.11.24 12:40:23.186,0.88458,0.88487,2.62,1.00
2014.11.24 12:40:23.488,0.88461,0.88487,1.87,1.00
2014.11.24 12:40:23.538,0.88462,0.88495,1.12,1.00
2014.11.24 12:40:23.916,0.88468,0.88495,1.00,1.00
2014.11.24 12:40:24.118,0.88463,0.88495,1.00,1.00
2014.11.24 12:40:24.386,0.88463,0.88492,1.00,1.00
2014.11.24 12:40:24.937,0.88464,0.88492,1.50,1.00
2014.11.24 12:40:25.285,0.88466,0.88492,1.50,1.00
2014.11.24 12:40:25.374,0.88466,0.88498,1.50,1.00
2014.11.24 12:40:25.456,0.88464,0.88498,1.50,1.00
2014.11.24 12:40:25.675,0.88467,0.88498,1.50,1.00
2014.11.24 12:40:26.336,0.88465,0.88498,1.50,1.00
2014.11.24 12:40:27.286,0.88464,0.88498,1.50,1.00
2014.11.24 12:40:28.003,0.88462,0.88498,1.00,1.00
2014.11.24 12:40:28.524,0.88463,0.88498,1.50,1.00
2014.11.24 12:40:28.675,0.88468,0.88499,1.00,1.00
2014.11.24 12:40:29.186,0.88468,0.885,1.00,1.00
2014.11.24 12:40:29.636,0.8847,0.88501,1.50,1.00
2014.11.24 12:40:33.747,0.88468,0.88501,2.25,1.00
2014.11.24 12:40:36.935,0.8847,0.88501,1.50,1.00
2014.11.24 12:40:40.676,0.88468,0.88501,2.25,1.00
2014.11.24 12:40:41.715,0.88467,0.88501,1.00,1.00
2014.11.24 12:40:42.426,0.88468,0.88501,1.00,1.00
2014.11.24 12:40:43.194,0.88468,0.885,1.00,1.00
2014.11.24 12:40:43.588,0.88464,0.88497,2.62,1.00
2014.11.24 12:40:44.137,0.88464,0.88498,2.62,1.00
2014.11.24 12:40:44.653,0.88465,0.88497,1.87,1.00
2014.11.24 12:40:52.294,0.88465,0.88497,1.87,1.00
2014.11.24 12:40:52.669,0.88469,0.88498,1.50,1.00
2014.11.24 12:40:53.744,0.8847,0.88498,1.50,1.00
2014.11.24 12:40:53.846,0.88472,0.88501,1.50,1.00
2014.11.24 12:40:54.246,0.88474,0.88501,1.50,1.00
2014.11.24 12:40:55.002,0.88474,0.88502,1.50,1.00
2014.11.24 12:40:59.776,0.88468,0.88502,1.00,1.00
2014.11.24 12:40:59.878,0.88463,0.88498,1.37,1.00
2014.11.24 12:40:59.928,0.88463,0.88498,1.12,1.00
2014.11.24 12:41:00.131,0.88467,0.88498,1.00,1.00
2014.11.24 12:41:00.414,0.88463,0.88497,1.12,1.00
2014.11.24 12:41:00.594,0.88467,0.88497,1.00,1.00
2014.11.24 12:41:01.294,0.88467,0.88498,1.00,1.00
2014.11.24 12:41:01.865,0.88468,0.88498,1.00,1.00
2014.11.24 12:41:04.520,0.88468,0.88502,1.00,1.37
2014.11.24 12:41:06.357,0.88466,0.88498,1.00,1.00
2014.11.24 12:41:06.457,0.88463,0.88497,1.00,1.00
2014.11.24 12:41:06.759,0.88463,0.88497,1.00,1.37
2014.11.24 12:41:07.064,0.88457,0.88494,1.37,1.00
2014.11.24 12:41:07.115,0.88458,0.88492,1.12,1.00
2014.11.24 12:41:07.165,0.88454,0.88492,1.37,1.00
2014.11.24 12:41:07.713,0.88457,0.88493,1.00,1.00
2014.11.24 12:41:08.079,0.8846,0.88493,1.00,1.00
2014.11.24 12:41:08.129,0.8846,0.88496,1.00,1.00
2014.11.24 12:41:08.180,0.8846,0.88496,1.37,1.00
2014.11.24 12:41:08.493,0.88468,0.88496,1.00,1.00
2014.11.24 12:41:08.762,0.88468,0.885,1.00,1.37
2014.11.24 12:41:08.885,0.88463,0.88497,1.00,1.00
2014.11.24 12:41:09.873,0.88463,0.88497,1.37,1.00
2014.11.24 12:41:09.924,0.88467,0.885,1.00,1.00
2014.11.24 12:41:11.594,0.88467,0.88501,1.00,1.50
2014.11.24 12:41:12.374,0.88467,0.88502,1.00,1.00
2014.11.24 12:41:13.069,0.88468,0.88502,1.00,1.50
2014.11.24 12:41:13.376,0.88468,0.88502,2.62,1.00
2014.11.24 12:41:13.686,0.88468,0.88506,1.75,1.50
2014.11.24 12:41:13.736,0.88471,0.88508,1.87,1.50
2014.11.24 12:41:14.305,0.88471,0.88508,3.22,1.50
2014.11.24 12:41:14.355,0.88472,0.88508,1.35,1.50
2014.11.24 12:41:14.456,0.88471,0.88508,2.85,1.00
2014.11.24 12:41:14.874,0.88473,0.88507,1.37,1.00
2014.11.24 12:41:15.412,0.88473,0.88507,1.37,1.00
2014.11.24 12:41:15.815,0.88477,0.88511,1.12,1.50
2014.11.24 12:41:16.444,0.88478,0.88511,1.00,1.50
2014.11.24 12:41:17.154,0.88472,0.88511,1.50,1.50
2014.11.24 12:41:17.695,0.88476,0.88512,1.37,1.50
2014.11.24 12:41:18.123,0.88476,0.88508,1.37,1.00
2014.11.24 12:41:19.358,0.88476,0.88512,1.00,1.50
2014.11.24 12:41:19.560,0.88476,0.88508,1.00,1.00
2014.11.24 12:41:19.926,0.88477,0.8851,1.00,1.50
2014.11.24 12:41:20.104,0.88475,0.88507,1.00,1.00
2014.11.24 12:41:21.314,0.88475,0.8851,1.00,1.50
2014.11.24 12:41:21.415,0.88473,0.88508,1.87,1.50
2014.11.24 12:41:22.484,0.88472,0.88508,1.37,3.00
2014.11.24 12:41:22.934,0.8847,0.88503,1.37,1.00
2014.11.24 12:41:29.269,0.88468,0.88503,2.25,1.00
2014.11.24 12:41:30.423,0.88467,0.88503,5.25,1.00
2014.11.24 12:41:30.524,0.88467,0.88503,3.37,1.00
2014.11.24 12:41:37.816,0.88472,0.88507,1.00,1.50
2014.11.24 12:41:37.917,0.88472,0.88508,1.37,2.25
2014.11.24 12:41:38.415,0.88471,0.88507,2.25,1.00
2014.11.24 12:41:38.814,0.88473,0.88507,1.75,1.00
2014.11.24 12:41:38.970,0.88473,0.88507,1.37,1.00
2014.11.24 12:41:40.344,0.88472,0.88508,2.25,1.00
2014.11.24 12:41:41.674,0.88473,0.88507,1.87,1.00
2014.11.24 12:41:41.853,0.88473,0.88507,1.50,1.00
2014.11.24 12:41:44.744,0.88472,0.88508,1.12,2.25
2014.11.24 12:41:46.178,0.8847,0.88503,1.37,1.00
2014.11.24 12:41:46.844,0.8847,0.88503,1.12,1.00
2014.11.24 12:41:47.065,0.8847,0.88501,1.00,1.50
2014.11.24 12:41:47.367,0.8847,0.88498,1.00,1.50
2014.11.24 12:41:47.467,0.88463,0.88498,1.72,2.25
2014.11.24 12:41:47.904,0.88463,0.88496,1.12,1.50
2014.11.24 12:41:49.653,0.88465,0.88496,1.00,1.50
2014.11.24 12:41:50.476,0.88465,0.88495,1.00,1.50
2014.11.24 12:41:52.115,0.88468,0.88495,1.00,1.50
2014.11.24 12:41:52.336,0.88465,0.88495,1.00,1.50
2014.11.24 12:41:55.383,0.88465,0.88496,1.00,1.50
2014.11.24 12:42:02.224,0.88465,0.88498,1.00,1.87
2014.11.24 12:42:02.275,0.88465,0.88498,1.00,2.25
2014.11.24 12:42:02.375,0.88457,0.88488,1.00,1.50
2014.11.24 12:42:02.426,0.88457,0.8849,1.00,1.87
2014.11.24 12:42:02.743,0.88457,0.88488,1.00,1.00
2014.11.24 12:42:03.363,0.88454,0.88488,1.00,1.00
2014.11.24 12:42:03.414,0.88462,0.8849,1.00,1.50
2014.11.24 12:42:03.464,0.88462,0.88492,1.00,2.25
2014.11.24 12:42:03.844,0.8846,0.88493,1.00,2.25
2014.11.24 12:42:03.894,0.88463,0.88496,1.12,2.25
2014.11.24 12:42:04.196,0.88468,0.88499,1.00,2.25
2014.11.24 12:42:04.700,0.88468,0.88497,1.00,1.00
2014.11.24 12:42:04.833,0.88464,0.88497,1.37,1.50
2014.11.24 12:42:04.883,0.88468,0.88497,1.00,1.00
2014.11.24 12:42:05.093,0.88464,0.88497,1.37,1.50
2014.11.24 12:42:07.207,0.88463,0.88497,1.87,1.00
2014.11.24 12:42:11.594,0.88464,0.88498,2.62,1.50
2014.11.24 12:42:11.644,0.88464,0.88498,2.62,1.50
2014.11.24 12:42:12.374,0.88464,0.88497,1.37,1.00
2014.11.24 12:42:12.636,0.88464,0.88497,1.12,1.00
2014.11.24 12:42:16.136,0.88463,0.88497,1.37,1.00
2014.11.24 12:42:16.618,0.88468,0.88497,1.00,1.00
2014.11.24 12:42:16.668,0.88468,0.88507,1.37,1.00
2014.11.24 12:42:16.769,0.88468,0.88507,1.75,1.00
2014.11.24 12:42:16.870,0.88473,0.88511,2.62,1.00
2014.11.24 12:42:17.171,0.88474,0.8851,1.12,1.00
2014.11.24 12:42:17.373,0.88477,0.8851,1.50,1.00
2014.11.24 12:42:17.717,0.8848,0.88512,1.00,1.00
2014.11.24 12:42:20.854,0.8848,0.88513,1.00,1.00
2014.11.24 12:42:23.647,0.88481,0.88512,1.00,1.00
2014.11.24 12:42:25.032,0.88481,0.88513,1.00,1.00
2014.11.24 12:42:26.612,0.88482,0.88513,1.00,1.00
2014.11.24 12:42:27.463,0.88482,0.88512,1.00,1.00
2014.11.24 12:42:27.765,0.88485,0.88512,1.50,1.00
2014.11.24 12:42:27.815,0.88485,0.88517,1.50,1.00
2014.11.24 12:42:28.435,0.88483,0.88517,1.37,1.00
2014.11.24 12:42:28.664,0.88483,0.88522,1.87,1.00
2014.11.24 12:42:29.033,0.88489,0.88522,1.00,1.00
2014.11.24 12:42:29.349,0.88489,0.88517,1.00,1.00
2014.11.24 12:42:30.574,0.88484,0.88517,1.12,1.00
2014.11.24 12:42:30.876,0.88484,0.88508,1.00,1.00
2014.11.24 12:42:31.063,0.88481,0.88508,1.00,1.00
2014.11.24 12:42:32.604,0.88475,0.88508,1.00,1.00
2014.11.24 12:42:32.859,0.88475,0.88502,1.00,1.00
2014.11.24 12:42:32.910,0.88473,0.88502,1.00,1.00
2014.11.24 12:42:33.161,0.88473,0.88499,1.00,1.50
2014.11.24 12:42:33.364,0.88462,0.88495,1.50,1.50
2014.11.24 12:42:33.415,0.88462,0.88493,1.00,1.50
2014.11.24 12:42:33.634,0.88463,0.88495,1.00,1.50
2014.11.24 12:42:33.935,0.88463,0.88497,2.25,1.00
2014.11.24 12:42:34.036,0.88465,0.88497,1.50,1.00
2014.11.24 12:42:34.364,0.8847,0.88497,1.00,1.00
2014.11.24 12:42:34.414,0.8847,0.88502,1.00,1.00
2014.11.24 12:42:34.942,0.8847,0.88503,1.00,1.50
2014.11.24 12:42:35.403,0.8847,0.88508,1.00,2.47
2014.11.24 12:42:35.454,0.8847,0.88508,1.00,2.47
2014.11.24 12:42:35.605,0.88473,0.88507,1.00,1.00
2014.11.24 12:42:37.366,0.88474,0.88503,1.50,1.00
2014.11.24 12:42:37.572,0.88477,0.88508,1.50,1.00
2014.11.24 12:42:38.121,0.88476,0.88508,1.50,1.00
2014.11.24 12:42:39.578,0.88477,0.88508,1.50,1.00
2014.11.24 12:42:39.679,0.88484,0.88508,1.50,1.00
2014.11.24 12:42:39.931,0.88487,0.88512,1.50,1.00
2014.11.24 12:42:40.527,0.88488,0.88513,1.50,1.00
2014.11.24 12:42:40.654,0.88488,0.88515,1.50,1.00
2014.11.24 12:42:40.905,0.88487,0.88512,1.50,1.00
2014.11.24 12:42:41.863,0.88487,0.88513,1.50,1.00
2014.11.24 12:42:42.064,0.88485,0.88513,1.50,1.00
2014.11.24 12:42:43.082,0.88486,0.88513,1.50,1.00
2014.11.24 12:42:45.603,0.88486,0.88512,1.50,1.00
2014.11.24 12:42:45.704,0.88488,0.88512,1.50,1.00
2014.11.24 12:42:46.006,0.88493,0.88512,1.50,1.00
2014.11.24 12:42:46.308,0.88496,0.88512,1.50,1.00
2014.11.24 12:42:46.358,0.88494,0.88512,1.50,1.00
2014.11.24 12:42:46.409,0.88494,0.88517,1.50,1.00
2014.11.24 12:42:46.592,0.88494,0.88522,1.50,1.00
2014.11.24 12:42:46.693,0.88497,0.88522,1.50,1.00
2014.11.24 12:42:47.015,0.88499,0.88522,1.50,1.00
2014.11.24 12:42:47.317,0.88508,0.88522,1.50,1.00
2014.11.24 12:42:47.367,0.88508,0.88532,1.50,1.00
2014.11.24 12:42:51.083,0.8851,0.88532,1.50,1.00
2014.11.24 12:42:52.952,0.88509,0.88532,1.50,1.00
2014.11.24 12:42:54.012,0.88508,0.88532,1.50,1.00
2014.11.24 12:42:54.334,0.8851,0.88532,1.50,1.00
2014.11.24 12:42:55.874,0.8851,0.88533,1.50,1.00
2014.11.24 12:42:56.364,0.88508,0.88533,1.50,1.00
2014.11.24 12:42:57.134,0.88507,0.88533,1.50,1.00
2014.11.24 12:42:59.132,0.88507,0.88532,1.50,1.00
2014.11.24 12:42:59.577,0.88505,0.88532,1.50,1.00
2014.11.24 12:43:00.982,0.88508,0.88532,1.50,1.00
2014.11.24 12:43:01.664,0.88508,0.88533,1.50,1.00
2014.11.24 12:43:01.883,0.88508,0.88538,1.50,1.00
2014.11.24 12:43:03.242,0.88508,0.88537,1.50,1.00
2014.11.24 12:43:03.802,0.88509,0.88538,1.50,1.00
2014.11.24 12:43:03.853,0.88512,0.88538,1.50,1.00
2014.11.24 12:43:04.172,0.88514,0.88538,1.50,1.00
2014.11.24 12:43:04.323,0.88515,0.88542,1.50,1.00
2014.11.24 12:43:04.573,0.88518,0.88542,1.50,1.00
2014.11.24 12:43:05.602,0.88517,0.88542,1.50,1.00
2014.11.24 12:43:06.063,0.88517,0.88548,1.50,1.00
2014.11.24 12:43:08.132,0.88515,0.88548,2.25,1.00
2014.11.24 12:43:09.802,0.88515,0.88547,2.25,1.00
2014.11.24 12:43:10.472,0.88516,0.88548,1.50,1.00
2014.11.24 12:43:11.344,0.88516,0.88547,1.50,1.00
2014.11.24 12:43:12.113,0.88516,0.88548,2.25,1.00
2014.11.24 12:43:14.644,0.88516,0.88547,1.50,1.00
2014.11.24 12:43:15.082,0.88515,0.88542,1.00,1.00
2014.11.24 12:43:16.843,0.88515,0.88543,1.00,1.00
2014.11.24 12:43:18.053,0.88515,0.88548,1.00,1.00
2014.11.24 12:43:18.603,0.88515,0.88547,1.00,1.00
2014.11.24 12:43:19.152,0.88516,0.88542,1.50,1.00
2014.11.24 12:43:21.832,0.88516,0.88543,1.00,1.00
2014.11.24 12:43:25.093,0.88516,0.88542,1.00,1.00
2014.11.24 12:43:26.562,0.88515,0.88543,1.00,1.00
2014.11.24 12:43:27.769,0.88515,0.88542,1.00,1.00
2014.11.24 12:43:29.578,0.88516,0.88542,1.00,1.00
2014.11.24 12:43:30.152,0.88516,0.88543,1.00,1.00
2014.11.24 12:43:35.581,0.88517,0.88543,1.00,1.00
2014.11.24 12:43:36.974,0.88517,0.88547,1.00,1.00
2014.11.24 12:43:37.194,0.88517,0.88542,1.00,1.00
2014.11.24 12:43:37.852,0.88517,0.88543,1.00,1.00
2014.11.24 12:43:39.062,0.88517,0.88547,1.00,1.00
2014.11.24 12:43:39.392,0.88517,0.88543,1.00,1.00
2014.11.24 12:43:40.161,0.88517,0.88542,1.00,1.00
2014.11.24 12:43:40.822,0.88517,0.88548,1.00,1.00
2014.11.24 12:43:41.196,0.88516,0.88543,1.00,1.00
2014.11.24 12:43:41.498,0.88516,0.88545,1.00,2.25
2014.11.24 12:43:41.806,0.88516,0.88537,1.00,1.00
2014.11.24 12:43:41.857,0.88509,0.88537,1.00,1.00
2014.11.24 12:43:43.271,0.88509,0.88538,1.00,1.00
2014.11.24 12:43:43.822,0.88508,0.88538,1.00,1.00
2014.11.24 12:43:44.152,0.88508,0.88533,1.00,1.00
2014.11.24 12:43:44.592,0.88508,0.88538,1.00,1.00
2014.11.24 12:43:44.952,0.88504,0.88537,2.25,1.00
2014.11.24 12:43:45.391,0.88504,0.88532,2.25,1.00
2014.11.24 12:43:46.442,0.88505,0.88532,1.50,1.00
2014.11.24 12:43:47.562,0.88505,0.88533,1.50,1.00
2014.11.24 12:43:48.112,0.88505,0.88532,1.50,1.00
2014.11.24 12:43:49.321,0.88505,0.88533,1.50,1.00
2014.11.24 12:43:50.093,0.88505,0.88532,1.50,1.00
2014.11.24 12:43:50.642,0.88506,0.88533,1.50,1.00
2014.11.24 12:43:50.872,0.88506,0.88537,1.50,1.00
2014.11.24 12:43:50.973,0.88509,0.88537,1.50,1.00
2014.11.24 12:43:52.081,0.8851,0.88537,1.50,1.00
2014.11.24 12:43:53.262,0.88509,0.88537,1.50,1.00
2014.11.24 12:43:53.423,0.8851,0.88542,1.50,1.37
2014.11.24 12:43:53.523,0.88507,0.88542,1.00,1.37
2014.11.24 12:43:53.624,0.88507,0.88537,1.12,1.00
2014.11.24 12:43:53.861,0.88509,0.88544,1.50,1.12
2014.11.24 12:43:53.962,0.88514,0.88548,1.00,1.37
2014.11.24 12:43:54.063,0.88514,0.88547,1.00,1.37
2014.11.24 12:43:54.164,0.88514,0.88552,1.00,1.37
2014.11.24 12:43:54.265,0.88516,0.88552,1.50,1.37
2014.11.24 12:43:54.366,0.88516,0.88552,1.50,1.12
2014.11.24 12:43:54.416,0.88516,0.88547,1.50,1.00
2014.11.24 12:43:54.810,0.88518,0.88548,1.50,1.00
2014.11.24 12:43:57.571,0.88518,0.88547,1.50,1.00
2014.11.24 12:43:57.772,0.88516,0.88547,1.00,1.00
2014.11.24 12:43:57.931,0.88516,0.88552,2.62,1.00
2014.11.24 12:43:58.211,0.88518,0.88553,1.50,1.12
2014.11.24 12:43:58.561,0.88518,0.88548,1.50,1.00
2014.11.24 12:44:00.362,0.88518,0.88547,1.50,1.00
2014.11.24 12:44:00.413,0.88516,0.88547,2.25,1.00
2014.11.24 12:44:00.650,0.88516,0.88543,2.25,1.00
2014.11.24 12:44:01.159,0.88516,0.88542,1.00,1.00
2014.11.24 12:44:01.861,0.88516,0.88543,1.00,1.00
2014.11.24 12:44:02.012,0.88514,0.88543,2.25,1.00
2014.11.24 12:44:02.081,0.88514,0.88547,2.25,1.00
2014.11.24 12:44:02.411,0.88514,0.88542,2.25,1.00
2014.11.24 12:44:04.401,0.88517,0.88542,1.00,1.00
2014.11.24 12:44:04.645,0.88517,0.88547,1.00,1.00
2014.11.24 12:44:04.850,0.88517,0.88543,1.00,1.00
2014.11.24 12:44:06.372,0.88517,0.88542,1.00,1.00
2014.11.24 12:44:06.490,0.88513,0.88542,1.00,1.00
2014.11.24 12:44:08.152,0.88508,0.88537,1.87,1.00
2014.11.24 12:44:08.253,0.88507,0.88537,1.50,1.00
2014.11.24 12:44:08.404,0.88507,0.88543,1.50,1.37
2014.11.24 12:44:08.455,0.88505,0.88543,1.00,1.37
2014.11.24 12:44:08.792,0.88505,0.88532,1.00,1.00
2014.11.24 12:44:09.011,0.88504,0.88537,2.25,1.00
2014.11.24 12:44:09.580,0.88504,0.88538,2.25,1.00
2014.11.24 12:44:10.131,0.88505,0.88538,1.50,1.00
2014.11.24 12:44:10.332,0.88504,0.88533,1.00,1.00
2014.11.24 12:44:11.871,0.88504,0.88538,1.00,1.12
2014.11.24 12:44:13.301,0.88504,0.88532,1.00,1.00
2014.11.24 12:44:14.521,0.88506,0.88532,1.00,1.00
2014.11.24 12:44:16.052,0.88506,0.88537,1.00,1.00
2014.11.24 12:44:21.881,0.88506,0.88532,1.00,1.00
2014.11.24 12:44:22.372,0.88504,0.88533,1.00,1.00
2014.11.24 12:44:22.671,0.88504,0.88538,1.37,1.00
2014.11.24 12:44:30.710,0.88505,0.88532,1.50,1.00
2014.11.24 12:44:30.912,0.88503,0.88532,2.25,1.00
2014.11.24 12:44:31.900,0.88503,0.88533,1.00,1.00
2014.11.24 12:44:34.095,0.88503,0.88532,2.25,1.00
2014.11.24 12:44:35.531,0.88508,0.88532,1.00,1.00
2014.11.24 12:44:35.641,0.88508,0.88537,1.00,1.00
2014.11.24 12:44:35.850,0.88508,0.88533,1.00,1.00
2014.11.24 12:44:36.071,0.88508,0.88538,1.00,1.12
2014.11.24 12:44:36.430,0.88508,0.88533,1.00,1.00
2014.11.24 12:44:37.504,0.88508,0.88532,1.00,1.00
2014.11.24 12:44:37.642,0.88508,0.88538,1.00,1.12
2014.11.24 12:44:37.831,0.88508,0.88533,1.00,1.00
2014.11.24 12:44:37.882,0.88504,0.88533,1.00,1.00
2014.11.24 12:44:39.633,0.88504,0.88537,1.00,1.00
2014.11.24 12:44:40.030,0.88504,0.88532,1.00,1.00
2014.11.24 12:44:40.412,0.88502,0.88533,1.00,1.00
2014.11.24 12:44:40.613,0.88502,0.88527,1.00,1.00
2014.11.24 12:44:41.132,0.88502,0.88528,1.00,1.00
2014.11.24 12:44:41.690,0.88496,0.88528,2.62,1.00
2014.11.24 12:44:42.151,0.88497,0.88532,1.87,1.00
2014.11.24 12:44:43.640,0.885,0.88532,1.50,1.00
2014.11.24 12:44:43.958,0.88502,0.88532,1.50,1.00
2014.11.24 12:44:44.009,0.885,0.88532,2.62,1.00
2014.11.24 12:44:44.880,0.88503,0.88537,1.00,1.00
2014.11.24 12:44:45.132,0.88501,0.88533,1.87,1.00
2014.11.24 12:44:45.455,0.885,0.88532,1.12,1.00
2014.11.24 12:44:49.829,0.88499,0.88532,1.00,1.00
2014.11.24 12:44:55.981,0.88499,0.88533,1.00,1.00
2014.11.24 12:44:58.849,0.885,0.88533,1.00,1.00
2014.11.24 12:45:00.820,0.885,0.88532,1.00,1.00
2014.11.24 12:45:01.150,0.885,0.88537,1.00,1.37
2014.11.24 12:45:01.263,0.885,0.88537,1.00,1.37
2014.11.24 12:45:01.314,0.88495,0.88537,1.37,1.37
2014.11.24 12:45:01.370,0.88495,0.88527,1.37,1.00
2014.11.24 12:45:02.922,0.88502,0.88527,1.00,1.00
2014.11.24 12:45:03.575,0.88502,0.88532,1.00,1.00
2014.11.24 12:45:05.054,0.885,0.88532,1.00,1.87
2014.11.24 12:45:05.335,0.885,0.88527,1.00,1.00
2014.11.24 12:45:05.664,0.88499,0.88532,1.00,1.00
2014.11.24 12:45:08.532,0.885,0.88532,1.00,1.00
2014.11.24 12:45:09.842,0.885,0.88533,1.00,1.00
2014.11.24 12:45:11.502,0.88498,0.88533,1.00,1.00
2014.11.24 12:45:14.352,0.88498,0.88527,1.00,1.00
2014.11.24 12:45:15.352,0.88499,0.88527,1.00,1.00
2014.11.24 12:45:16.946,0.885,0.88527,1.00,1.00
2014.11.24 12:45:17.102,0.885,0.88532,1.12,1.00
2014.11.24 12:45:17.203,0.885,0.88532,1.37,1.00
2014.11.24 12:45:17.539,0.88505,0.88533,1.00,1.00
2014.11.24 12:45:18.233,0.88508,0.88533,1.00,1.00
2014.11.24 12:45:19.434,0.88508,0.88532,1.00,1.00
2014.11.24 12:45:20.185,0.88508,0.88533,1.00,1.00
2014.11.24 12:45:21.311,0.88508,0.88532,1.00,1.00
2014.11.24 12:45:24.942,0.88507,0.88532,1.00,1.00
2014.11.24 12:45:26.122,0.88507,0.88537,1.00,1.00
2014.11.24 12:45:26.343,0.88507,0.88533,1.00,1.00
2014.11.24 12:45:27.912,0.88508,0.88533,1.00,1.00
2014.11.24 12:45:28.764,0.88508,0.88538,1.00,1.00
2014.11.24 12:45:29.298,0.88508,0.88537,1.00,1.00
2014.11.24 12:45:30.111,0.88509,0.88537,1.00,1.00
2014.11.24 12:45:32.171,0.88509,0.88532,1.00,1.00
2014.11.24 12:45:34.731,0.88507,0.88532,1.00,1.00
2014.11.24 12:45:39.587,0.88507,0.88538,1.00,1.50
2014.11.24 12:45:40.092,0.88507,0.88532,1.00,1.00
2014.11.24 12:45:45.593,0.88507,0.88537,1.00,1.00
2014.11.24 12:45:45.811,0.88508,0.88532,1.00,1.00
2014.11.24 12:45:48.701,0.88507,0.88532,1.00,1.00
2014.11.24 12:45:50.352,0.88507,0.88538,1.00,1.00
2014.11.24 12:45:50.403,0.885,0.88538,2.62,1.00
2014.11.24 12:45:50.651,0.885,0.88532,2.62,1.00
2014.11.24 12:45:53.321,0.88502,0.88532,1.50,1.00
2014.11.24 12:45:56.741,0.88501,0.88532,2.62,1.00
2014.11.24 12:45:57.581,0.88501,0.88533,2.62,1.00
2014.11.24 12:46:00.333,0.88501,0.88538,1.12,2.25
2014.11.24 12:46:00.661,0.88503,0.88537,1.00,1.00
2014.11.24 12:46:01.009,0.88506,0.88537,1.00,1.00
2014.11.24 12:46:02.508,0.88506,0.88538,1.00,1.00
2014.11.24 12:46:02.560,0.88502,0.88538,1.00,1.00
2014.11.24 12:46:02.642,0.885,0.88533,2.62,1.00
2014.11.24 12:46:04.434,0.885,0.88533,2.62,1.00
2014.11.24 12:46:05.311,0.88501,0.88533,1.00,1.00
2014.11.24 12:46:06.137,0.88501,0.88533,1.37,1.00
2014.11.24 12:46:06.663,0.88501,0.88532,1.37,1.00
2014.11.24 12:46:08.062,0.88508,0.88532,1.00,1.00
2014.11.24 12:46:08.140,0.88508,0.88537,1.00,1.00
2014.11.24 12:46:08.581,0.88508,0.88533,1.00,1.00
2014.11.24 12:46:09.821,0.88501,0.88533,1.37,1.00
2014.11.24 12:46:09.922,0.88501,0.88537,1.37,1.00
2014.11.24 12:46:10.124,0.88501,0.88532,1.00,1.00
2014.11.24 12:46:10.343,0.88503,0.88537,1.00,1.00
2014.11.24 12:46:14.082,0.88503,0.88532,1.50,1.00
2014.11.24 12:46:14.891,0.88502,0.88532,2.62,1.00
2014.11.24 12:46:16.391,0.88502,0.88538,3.37,1.00
2014.11.24 12:46:16.946,0.88502,0.88532,2.62,1.00
2014.11.24 12:46:18.662,0.88501,0.88532,1.00,1.00
2014.11.24 12:46:19.142,0.88501,0.88528,1.00,1.00
2014.11.24 12:46:19.192,0.88492,0.88528,2.47,1.00
2014.11.24 12:46:21.991,0.88493,0.88527,1.35,1.00
2014.11.24 12:46:22.582,0.88491,0.8853,1.00,2.25
2014.11.24 12:46:23.102,0.88492,0.88524,1.35,1.50
2014.11.24 12:46:23.402,0.88492,0.88528,1.35,1.00
2014.11.24 12:46:24.022,0.88493,0.88528,1.00,1.12
2014.11.24 12:46:24.294,0.88493,0.88527,1.50,1.37
2014.11.24 12:46:24.822,0.88488,0.88527,1.00,1.37
2014.11.24 12:46:24.873,0.88487,0.88523,1.72,1.00
2014.11.24 12:46:25.180,0.88493,0.88528,1.00,1.87
2014.11.24 12:46:25.281,0.88493,0.88531,1.00,1.87
2014.11.24 12:46:25.332,0.88491,0.88528,1.87,1.00
2014.11.24 12:46:25.851,0.88493,0.88528,2.25,1.00
2014.11.24 12:46:26.171,0.88495,0.88527,1.87,1.00
2014.11.24 12:46:26.433,0.88498,0.88532,1.50,1.00
2014.11.24 12:46:26.584,0.88495,0.88532,1.87,1.00
2014.11.24 12:46:26.793,0.88496,0.88533,1.87,1.00
2014.11.24 12:46:27.121,0.885,0.88527,1.00,1.00
2014.11.24 12:46:27.524,0.885,0.88533,1.00,1.00
2014.11.24 12:46:27.918,0.885,0.88532,1.00,1.37
2014.11.24 12:46:27.970,0.88498,0.88532,1.00,1.37
2014.11.24 12:46:28.553,0.88498,0.88532,1.00,1.37
2014.11.24 12:46:28.653,0.88492,0.88532,3.00,1.67
2014.11.24 12:46:28.922,0.88493,0.88527,1.00,2.62
2014.11.24 12:46:29.225,0.88493,0.88526,1.00,1.87
2014.11.24 12:46:29.376,0.88488,0.88524,1.00,1.87
2014.11.24 12:46:29.637,0.88487,0.8852,1.00,1.50
2014.11.24 12:46:29.961,0.88485,0.88518,1.00,1.12
2014.11.24 12:46:30.845,0.88487,0.8852,1.00,1.87
2014.11.24 12:46:31.591,0.88488,0.88521,1.00,1.87
2014.11.24 12:46:35.882,0.88485,0.88517,1.00,1.00
2014.11.24 12:46:39.071,0.88485,0.88521,1.00,1.87
2014.11.24 12:46:39.840,0.88485,0.88517,1.00,1.00
2014.11.24 12:46:40.390,0.88485,0.88518,1.00,1.12
2014.11.24 12:46:41.924,0.88485,0.88519,1.00,1.00
2014.11.24 12:46:42.150,0.88488,0.88519,1.00,1.00
2014.11.24 12:46:43.362,0.88485,0.88519,1.00,1.00
2014.11.24 12:46:43.581,0.88485,0.88517,1.00,1.00
2014.11.24 12:46:44.130,0.88484,0.88517,1.00,1.00
2014.11.24 12:46:44.717,0.88484,0.88518,1.00,1.12
2014.11.24 12:46:45.900,0.88483,0.88518,1.35,1.12
2014.11.24 12:46:46.425,0.88483,0.88518,1.35,1.37
2014.11.24 12:46:48.102,0.88484,0.88518,1.00,1.37
2014.11.24 12:46:48.554,0.88488,0.88521,1.00,1.37
2014.11.24 12:46:48.682,0.88488,0.88521,1.00,1.00
2014.11.24 12:46:48.783,0.88492,0.88522,1.00,1.35
2014.11.24 12:46:49.411,0.88492,0.88523,1.00,1.00
2014.11.24 12:46:49.952,0.88491,0.88522,1.00,1.12
2014.11.24 12:46:50.463,0.88491,0.88523,1.00,1.00
2014.11.24 12:46:50.780,0.88492,0.88532,1.00,1.37
2014.11.24 12:46:50.881,0.88492,0.88528,1.00,1.00
2014.11.24 12:46:51.399,0.88492,0.88532,1.00,1.37
2014.11.24 12:46:51.650,0.88492,0.88528,3.00,1.00
2014.11.24 12:46:53.192,0.88493,0.88527,1.00,1.00
2014.11.24 12:46:54.543,0.88494,0.88528,1.00,1.37
2014.11.24 12:46:55.043,0.88489,0.88528,1.37,1.37
2014.11.24 12:46:55.170,0.88489,0.88522,1.37,1.00
2014.11.24 12:46:55.691,0.88489,0.88522,1.00,1.00
2014.11.24 12:46:56.303,0.88489,0.88523,1.00,1.00
2014.11.24 12:46:56.832,0.88488,0.88522,1.50,1.00
2014.11.24 12:46:57.209,0.88488,0.88518,1.00,1.00
2014.11.24 12:46:57.732,0.88488,0.88518,1.00,1.37
2014.11.24 12:46:57.783,0.88478,0.88518,1.97,1.37
2014.11.24 12:46:58.390,0.88483,0.88517,1.00,1.12
2014.11.24 12:46:59.594,0.88481,0.88517,1.50,1.12
2014.11.24 12:46:59.900,0.88481,0.88512,1.50,1.00
2014.11.24 12:47:00.158,0.88482,0.88518,1.00,1.37
2014.11.24 12:47:00.577,0.88483,0.8852,1.00,1.87
2014.11.24 12:47:00.728,0.88483,0.88522,2.62,2.62
2014.11.24 12:47:00.829,0.88488,0.88525,1.00,1.37
2014.11.24 12:47:00.929,0.88488,0.88525,1.00,1.37
2014.11.24 12:47:01.030,0.88488,0.88525,1.00,1.50
2014.11.24 12:47:01.383,0.88483,0.88523,1.00,2.25
2014.11.24 12:47:01.539,0.88483,0.88521,1.00,3.00
2014.11.24 12:47:02.352,0.88482,0.88518,1.50,2.62
2014.11.24 12:47:02.654,0.88475,0.88516,1.87,1.87
2014.11.24 12:47:02.840,0.88475,0.88516,1.50,2.25
2014.11.24 12:47:03.190,0.88473,0.88507,1.37,1.00
2014.11.24 12:47:04.456,0.88472,0.88508,2.62,1.00
2014.11.24 12:47:04.658,0.8847,0.88512,3.00,1.00
2014.11.24 12:47:04.859,0.88474,0.88512,2.25,1.00
2014.11.24 12:47:05.380,0.88476,0.88507,1.87,1.00
2014.11.24 12:47:07.664,0.88477,0.88507,1.87,1.00
2014.11.24 12:47:07.965,0.88477,0.88513,1.00,1.12
2014.11.24 12:47:08.167,0.88474,0.88512,1.00,1.37
2014.11.24 12:47:08.502,0.88474,0.88507,1.00,1.00
2014.11.24 12:47:09.120,0.88473,0.88507,1.00,1.00
2014.11.24 12:47:14.676,0.88472,0.88508,1.00,1.12
2014.11.24 12:47:15.060,0.88473,0.88508,1.87,1.00
2014.11.24 12:47:15.110,0.88478,0.88512,1.00,1.00
2014.11.24 12:47:16.420,0.88477,0.88513,1.00,1.12
2014.11.24 12:47:16.781,0.88476,0.88515,1.87,1.87
2014.11.24 12:47:17.092,0.88483,0.88517,1.00,1.37
2014.11.24 12:47:17.897,0.88483,0.88517,1.00,1.00
2014.11.24 12:47:21.960,0.88485,0.88517,1.50,1.00
2014.11.24 12:47:22.070,0.88483,0.88517,2.25,1.00
2014.11.24 12:47:24.545,0.88484,0.88517,1.50,1.00
2014.11.24 12:47:28.440,0.88488,0.88522,1.00,1.37
2014.11.24 12:47:28.763,0.88491,0.88522,1.50,1.00
2014.11.24 12:47:28.864,0.88495,0.88527,1.00,1.00
2014.11.24 12:47:29.822,0.88494,0.88527,2.25,1.00
2014.11.24 12:47:30.920,0.88497,0.88533,1.00,1.37
2014.11.24 12:47:33.340,0.88495,0.88527,1.00,1.00
2014.11.24 12:47:33.859,0.88494,0.88527,1.50,1.00
2014.11.24 12:47:34.162,0.88488,0.88526,1.00,3.00
2014.11.24 12:47:40.931,0.88488,0.88522,1.00,1.12
2014.11.24 12:47:42.185,0.88487,0.88523,1.00,1.50
2014.11.24 12:47:42.691,0.88487,0.88523,1.00,1.37
2014.11.24 12:47:47.317,0.88486,0.88518,1.12,1.00
2014.11.24 12:47:48.996,0.88487,0.88522,1.00,1.50
2014.11.24 12:47:54.959,0.88487,0.88523,1.00,1.12
2014.11.24 12:47:55.233,0.88485,0.88518,1.37,1.00
2014.11.24 12:47:55.451,0.88488,0.88522,1.00,1.00
2014.11.24 12:48:01.391,0.88485,0.88517,1.37,1.00
2014.11.24 12:48:01.693,0.88481,0.88512,1.00,1.00
2014.11.24 12:48:01.844,0.88471,0.88507,1.97,1.00
2014.11.24 12:48:01.945,0.88477,0.88508,1.00,1.00
2014.11.24 12:48:02.099,0.88473,0.88508,1.00,1.00
2014.11.24 12:48:02.158,0.88478,0.88508,1.00,1.00
2014.11.24 12:48:03.558,0.88478,0.88507,1.00,1.00
2014.11.24 12:48:11.722,0.88478,0.88509,1.00,1.00
2014.11.24 12:48:14.154,0.88478,0.88511,1.00,1.37
2014.11.24 12:48:14.658,0.88475,0.88511,1.87,1.00
2014.11.24 12:48:14.888,0.88478,0.88517,1.00,1.37
2014.11.24 12:48:15.631,0.88478,0.88517,1.37,1.00
2014.11.24 12:48:15.732,0.88483,0.88519,1.00,1.37
2014.11.24 12:48:18.329,0.88478,0.88518,1.37,1.12
2014.11.24 12:48:18.661,0.88482,0.8852,1.00,1.37
2014.11.24 12:48:18.911,0.88479,0.8852,1.87,1.12
2014.11.24 12:48:19.211,0.88488,0.8852,1.00,1.12
2014.11.24 12:48:19.710,0.88488,0.88517,1.00,1.50
2014.11.24 12:48:19.911,0.88483,0.88515,1.50,1.87
2014.11.24 12:48:20.049,0.88483,0.88515,1.50,1.87
2014.11.24 12:48:20.479,0.88483,0.8851,1.00,1.00
2014.11.24 12:48:22.840,0.88478,0.8851,1.00,1.00
2014.11.24 12:48:23.370,0.88478,0.88509,1.00,1.00
2014.11.24 12:48:23.622,0.88482,0.88509,1.00,1.00
2014.11.24 12:48:23.728,0.88482,0.88516,1.00,1.37
2014.11.24 12:48:23.839,0.88477,0.88516,1.37,1.37
2014.11.24 12:48:24.099,0.88477,0.88516,1.37,1.00
2014.11.24 12:48:25.008,0.88481,0.88518,1.00,1.37
2014.11.24 12:48:25.522,0.88483,0.88519,1.00,1.37
2014.11.24 12:48:26.972,0.88483,0.88519,1.00,1.12
2014.11.24 12:48:27.123,0.88483,0.88522,1.87,1.37
2014.11.24 12:48:29.119,0.88483,0.88518,2.62,1.00
2014.11.24 12:48:29.649,0.88483,0.88517,1.00,1.00
2014.11.24 12:48:29.901,0.88481,0.88517,1.12,1.00
2014.11.24 12:48:32.818,0.88482,0.88517,1.00,1.00
2014.11.24 12:48:36.338,0.88483,0.88517,1.00,1.00
2014.11.24 12:48:36.854,0.88483,0.88512,1.00,1.00
2014.11.24 12:48:37.328,0.88477,0.88512,1.87,1.00
2014.11.24 12:48:39.060,0.88478,0.88512,1.50,1.00
2014.11.24 12:48:39.161,0.88478,0.88517,1.00,1.37
2014.11.24 12:48:39.910,0.88474,0.88513,1.37,1.00
2014.11.24 12:48:40.011,0.88473,0.88513,1.12,1.37
2014.11.24 12:48:40.212,0.88473,0.88514,1.50,1.75
2014.11.24 12:48:40.736,0.88472,0.88508,2.25,1.87
2014.11.24 12:48:41.241,0.88472,0.88508,2.25,1.87
2014.11.24 12:48:42.059,0.88472,0.88507,1.00,1.00
2014.11.24 12:48:42.599,0.88473,0.88507,1.50,1.00
2014.11.24 12:48:43.860,0.88473,0.88504,1.00,1.00
2014.11.24 12:48:44.222,0.88479,0.88504,1.50,1.00
2014.11.24 12:48:44.373,0.88481,0.88516,1.50,1.37
2014.11.24 12:48:44.424,0.88479,0.88516,1.50,1.00
2014.11.24 12:48:44.626,0.8848,0.88513,1.50,1.00
2014.11.24 12:48:44.927,0.88484,0.88516,1.50,1.00
2014.11.24 12:48:45.203,0.88482,0.88516,2.25,1.00
2014.11.24 12:48:45.254,0.88482,0.88518,2.25,1.12
2014.11.24 12:48:46.598,0.88482,0.88512,1.50,1.00
2014.11.24 12:48:47.339,0.88486,0.88512,1.00,1.00
2014.11.24 12:48:47.389,0.88486,0.88518,1.00,1.12
2014.11.24 12:48:47.591,0.88486,0.88522,2.25,1.87
2014.11.24 12:48:47.641,0.88486,0.88522,2.25,1.87
2014.11.24 12:48:47.950,0.88486,0.88521,1.00,2.25
2014.11.24 12:48:48.331,0.88478,0.88517,3.00,2.62
2014.11.24 12:48:48.381,0.88478,0.88512,3.00,1.00
2014.11.24 12:48:49.018,0.88481,0.88512,1.50,1.00
2014.11.24 12:48:55.730,0.88478,0.88512,1.50,1.00
2014.11.24 12:48:56.241,0.88478,0.88512,1.87,1.00
2014.11.24 12:49:03.280,0.88478,0.88512,1.00,1.12
2014.11.24 12:49:04.358,0.88479,0.88512,1.50,1.00
2014.11.24 12:49:06.351,0.88479,0.88512,2.62,1.00
2014.11.24 12:49:06.468,0.88479,0.88517,1.37,1.00
2014.11.24 12:49:06.729,0.8848,0.88517,1.37,1.00
2014.11.24 12:49:06.829,0.88481,0.88517,1.87,1.00
2014.11.24 12:49:07.418,0.88483,0.88518,1.50,1.12
2014.11.24 12:49:07.608,0.88487,0.88522,1.00,1.87
2014.11.24 12:49:08.380,0.88487,0.8852,1.00,1.87
2014.11.24 12:49:08.682,0.88487,0.88517,1.00,1.87
2014.11.24 12:49:08.833,0.8848,0.88517,1.00,1.87
2014.11.24 12:49:08.884,0.8848,0.88514,1.00,1.87
2014.11.24 12:49:09.854,0.8848,0.88513,1.00,1.37
2014.11.24 12:49:10.182,0.88483,0.88516,1.00,1.87
2014.11.24 12:49:10.378,0.88483,0.88516,1.00,1.87
2014.11.24 12:49:11.204,0.88483,0.88517,1.00,1.37
2014.11.24 12:49:11.897,0.88479,0.88518,1.50,1.87
2014.11.24 12:49:12.117,0.88478,0.88512,1.00,1.00
2014.11.24 12:49:12.857,0.88479,0.88512,1.50,1.00
2014.11.24 12:49:18.860,0.88478,0.88512,1.00,1.00
2014.11.24 12:49:26.057,0.88479,0.88512,1.00,1.00
2014.11.24 12:49:27.077,0.88482,0.88515,1.00,1.87
2014.11.24 12:49:28.278,0.88482,0.88513,1.00,2.10
2014.11.24 12:49:28.397,0.88479,0.8851,1.00,1.00
2014.11.24 12:49:29.176,0.8848,0.88515,1.00,1.87
2014.11.24 12:49:29.227,0.8848,0.8852,1.37,1.12
2014.11.24 12:49:29.429,0.88481,0.88522,1.87,2.62
2014.11.24 12:49:29.730,0.88488,0.88522,1.00,3.37
2014.11.24 12:49:30.448,0.88487,0.8852,1.00,1.87
2014.11.24 12:49:30.599,0.88479,0.88516,2.62,1.00
2014.11.24 12:49:30.700,0.88479,0.88516,1.00,1.37
2014.11.24 12:49:31.008,0.88482,0.88513,1.00,1.50
2014.11.24 12:49:32.121,0.88482,0.88513,1.00,1.87
2014.11.24 12:49:32.171,0.88478,0.88512,1.00,1.12
2014.11.24 12:49:34.889,0.88477,0.88513,1.50,2.62
2014.11.24 12:49:35.877,0.88478,0.88512,1.50,1.12
2014.11.24 12:49:36.930,0.88478,0.88512,3.37,1.00
2014.11.24 12:49:37.031,0.88482,0.88518,1.12,1.00
2014.11.24 12:49:37.290,0.88482,0.88518,1.37,1.00
2014.11.24 12:49:37.341,0.88488,0.88522,1.00,1.00
2014.11.24 12:49:37.997,0.88489,0.88522,1.87,1.00
2014.11.24 12:49:38.837,0.88491,0.88522,1.00,1.00
2014.11.24 12:49:39.555,0.88491,0.88523,1.00,1.00
2014.11.24 12:49:41.918,0.8849,0.88523,1.50,1.00
2014.11.24 12:49:42.524,0.88489,0.88523,1.12,1.00
2014.11.24 12:49:43.030,0.88489,0.88522,1.00,1.00
2014.11.24 12:49:43.567,0.88488,0.88522,1.50,1.00
2014.11.24 12:49:43.911,0.88488,0.88517,1.00,1.00
2014.11.24 12:49:45.021,0.88488,0.88522,1.50,1.00
2014.11.24 12:49:45.310,0.88488,0.88522,1.50,1.37
2014.11.24 12:49:45.918,0.88488,0.88517,1.00,1.00
2014.11.24 12:49:46.206,0.88485,0.88517,1.00,1.00
2014.11.24 12:49:52.368,0.88484,0.88517,2.25,1.00
2014.11.24 12:49:52.419,0.88485,0.88522,1.50,1.37
2014.11.24 12:49:52.608,0.88487,0.88523,1.00,1.37
2014.11.24 12:49:55.453,0.88487,0.88523,1.00,1.37
2014.11.24 12:50:02.560,0.88488,0.88523,1.50,1.37
2014.11.24 12:50:03.540,0.88487,0.88523,1.00,1.37
2014.11.24 12:50:03.691,0.88487,0.88523,1.00,1.50
2014.11.24 12:50:03.843,0.88485,0.88523,1.50,1.50
2014.11.24 12:50:03.996,0.88483,0.88521,1.00,1.87
2014.11.24 12:50:04.554,0.88483,0.88517,1.50,1.00
2014.11.24 12:50:06.556,0.88483,0.88517,1.87,1.00
2014.11.24 12:50:06.657,0.88485,0.88517,1.87,1.00
2014.11.24 12:50:06.796,0.88488,0.88522,1.00,1.00
2014.11.24 12:50:23.846,0.88488,0.88522,1.00,1.37
2014.11.24 12:50:24.286,0.88483,0.88522,1.50,1.87
2014.11.24 12:50:24.439,0.88483,0.88522,1.50,1.87
2014.11.24 12:50:25.145,0.88483,0.88517,2.25,1.00
2014.11.24 12:50:25.826,0.88483,0.88522,1.50,1.87
2014.11.24 12:50:26.155,0.88487,0.88522,1.00,1.87
2014.11.24 12:50:27.840,0.88483,0.88518,1.50,1.12
2014.11.24 12:50:27.890,0.88482,0.88518,1.00,1.37
2014.11.24 12:50:28.446,0.88483,0.88517,1.00,1.37
2014.11.24 12:50:29.081,0.88483,0.88517,1.00,1.37
2014.11.24 12:50:30.115,0.8848,0.88512,1.00,1.00
2014.11.24 12:50:33.858,0.8848,0.88516,1.00,1.37
2014.11.24 12:50:34.119,0.88477,0.88512,1.37,1.00
2014.11.24 12:50:34.421,0.88477,0.88517,3.37,1.37
2014.11.24 12:50:34.471,0.88479,0.88517,1.87,1.00
2014.11.24 12:50:34.821,0.88481,0.88513,1.50,1.00
2014.11.24 12:50:35.776,0.88483,0.88513,1.50,1.00
2014.11.24 12:50:35.836,0.88483,0.88517,2.25,1.00
2014.11.24 12:50:37.362,0.88482,0.88518,1.00,1.00
2014.11.24 12:50:37.966,0.88482,0.88523,1.37,1.37
2014.11.24 12:50:38.067,0.88482,0.88523,2.62,1.12
2014.11.24 12:50:38.366,0.88488,0.88522,1.00,1.00
2014.11.24 12:50:39.149,0.88486,0.88522,1.50,1.00
2014.11.24 12:50:39.355,0.88486,0.88518,1.50,1.00
2014.11.24 12:50:40.128,0.88486,0.88523,1.50,1.37
2014.11.24 12:50:40.396,0.88484,0.88523,1.50,1.87
2014.11.24 12:50:40.455,0.88484,0.88517,1.50,1.00
2014.11.24 12:50:40.567,0.88484,0.88523,1.50,1.87
2014.11.24 12:50:40.668,0.88482,0.88523,1.12,1.87
2014.11.24 12:50:40.934,0.88482,0.88523,2.62,1.87
2014.11.24 12:50:41.338,0.88487,0.88522,1.50,1.12
2014.11.24 12:50:41.389,0.88485,0.88522,1.87,1.12
2014.11.24 12:50:41.931,0.88485,0.88518,1.87,1.00
2014.11.24 12:50:42.467,0.88485,0.88517,1.50,1.00
2014.11.24 12:50:42.586,0.88485,0.88522,1.50,1.37
2014.11.24 12:50:42.687,0.88483,0.88522,2.25,1.37
2014.11.24 12:50:43.016,0.88488,0.88522,1.00,1.37
2014.11.24 12:50:43.344,0.88486,0.88518,1.87,1.00
2014.11.24 12:50:44.555,0.88487,0.88518,1.50,1.00
2014.11.24 12:50:45.165,0.88486,0.88518,1.87,1.00
2014.11.24 12:50:47.422,0.88484,0.88518,1.50,1.00
2014.11.24 12:50:47.996,0.88483,0.88518,1.87,1.00
2014.11.24 12:50:48.232,0.88485,0.88518,1.50,1.00
2014.11.24 12:50:50.779,0.88482,0.88518,2.62,1.00
2014.11.24 12:50:51.385,0.88482,0.88512,1.00,1.00
2014.11.24 12:50:52.815,0.88482,0.88518,1.00,1.12
2014.11.24 12:50:53.365,0.8848,0.88518,1.00,1.12
2014.11.24 12:50:54.961,0.88479,0.88518,1.87,1.00
2014.11.24 12:50:55.447,0.8848,0.88518,2.25,1.00
2014.11.24 12:50:55.598,0.88488,0.88523,1.00,1.35
2014.11.24 12:50:56.336,0.8849,0.88523,1.00,1.00
2014.11.24 12:50:57.357,0.8849,0.88522,1.00,1.00
2014.11.24 12:50:59.452,0.88488,0.88522,1.50,1.00
2014.11.24 12:51:00.300,0.88492,0.88529,1.00,1.65
2014.11.24 12:51:00.452,0.88492,0.88529,1.37,1.00
2014.11.24 12:51:00.552,0.88497,0.88533,1.12,1.00
2014.11.24 12:51:00.832,0.88497,0.88537,1.37,1.37
2014.11.24 12:51:03.975,0.88498,0.88536,1.00,1.37
2014.11.24 12:51:04.177,0.88498,0.88536,1.00,1.37
2014.11.24 12:51:04.499,0.88498,0.88532,1.00,1.37
2014.11.24 12:51:04.607,0.88494,0.88532,1.00,1.37
2014.11.24 12:51:05.365,0.88495,0.88532,1.00,1.87
2014.11.24 12:51:07.909,0.88506,0.88534,1.50,1.30
2014.11.24 12:51:08.111,0.88512,0.88543,1.00,1.00
2014.11.24 12:51:08.262,0.88513,0.88547,1.00,1.00
2014.11.24 12:51:08.362,0.88521,0.88551,1.00,1.05
2014.11.24 12:51:08.513,0.88521,0.88553,1.00,1.50
2014.11.24 12:51:08.925,0.88523,0.88553,1.00,1.00
2014.11.24 12:51:11.184,0.88522,0.88553,1.00,1.00
2014.11.24 12:51:12.055,0.88522,0.88553,1.00,1.37
2014.11.24 12:51:12.207,0.88515,0.88548,1.00,1.37
2014.11.24 12:51:14.791,0.88514,0.88547,1.35,1.12
2014.11.24 12:51:19.787,0.88513,0.88547,2.10,1.37
2014.11.24 12:51:20.865,0.88518,0.8855,1.00,2.25
2014.11.24 12:51:38.684,0.88517,0.88549,1.00,1.87
2014.11.24 12:51:40.444,0.88514,0.88548,1.00,1.37
2014.11.24 12:51:41.024,0.88513,0.88547,1.35,1.87
2014.11.24 12:51:42.262,0.88513,0.88548,1.35,1.37
2014.11.24 12:51:42.838,0.88514,0.88548,1.00,1.37
2014.11.24 12:51:42.889,0.88514,0.8855,1.00,1.87
2014.11.24 12:51:42.939,0.88516,0.88552,1.50,1.37
2014.11.24 12:51:42.990,0.88516,0.88552,1.50,1.37
2014.11.24 12:51:43.091,0.88516,0.88553,1.50,1.37
2014.11.24 12:51:43.141,0.88514,0.88553,2.25,2.62
2014.11.24 12:51:43.314,0.88514,0.88551,1.00,1.87
2014.11.24 12:51:43.856,0.88514,0.88547,1.00,1.37
2014.11.24 12:51:44.734,0.88516,0.88547,1.00,1.37
2014.11.24 12:51:45.298,0.88516,0.88547,1.00,1.00
2014.11.24 12:51:45.600,0.88517,0.88552,2.10,1.87
2014.11.24 12:51:45.853,0.88521,0.88552,1.00,1.37
2014.11.24 12:51:47.219,0.88521,0.88552,1.00,2.62
2014.11.24 12:51:47.270,0.88516,0.88552,2.10,2.62
2014.11.24 12:51:47.371,0.88515,0.88552,1.00,2.62
2014.11.24 12:51:47.421,0.88515,0.88548,1.00,1.00
2014.11.24 12:51:52.544,0.88515,0.88552,1.00,2.62
2014.11.24 12:51:52.595,0.88523,0.88552,1.00,2.62
2014.11.24 12:51:52.695,0.88523,0.88552,1.00,2.62
2014.11.24 12:51:52.964,0.88523,0.88552,1.00,2.62
2014.11.24 12:51:53.868,0.88523,0.88547,1.00,1.00
2014.11.24 12:51:54.084,0.88516,0.88547,1.00,1.00
2014.11.24 12:51:55.412,0.88516,0.88552,1.00,2.62
2014.11.24 12:51:55.463,0.88516,0.88552,1.00,2.62
2014.11.24 12:51:55.664,0.88523,0.88552,1.00,2.62
2014.11.24 12:51:55.995,0.88523,0.88552,1.00,2.62
2014.11.24 12:51:56.359,0.88523,0.88547,1.00,1.00
2014.11.24 12:51:57.054,0.88516,0.88547,1.00,1.00
2014.11.24 12:51:57.934,0.88518,0.88551,1.00,1.87
2014.11.24 12:52:00.795,0.88517,0.88547,1.00,1.00
2014.11.24 12:52:02.994,0.88516,0.88547,1.00,1.00
2014.11.24 12:52:04.975,0.88517,0.88547,1.00,2.25
2014.11.24 12:52:05.309,0.88517,0.88542,1.00,1.00
2014.11.24 12:52:05.681,0.88515,0.88542,1.00,1.00
2014.11.24 12:52:05.882,0.88503,0.88537,3.22,1.00
2014.11.24 12:52:06.372,0.88503,0.88535,1.00,1.50
2014.11.24 12:52:06.775,0.88502,0.88533,1.00,1.50
2014.11.24 12:52:07.084,0.88502,0.8853,1.00,1.50
2014.11.24 12:52:07.417,0.88497,0.88528,1.00,1.00
2014.11.24 12:52:07.626,0.88493,0.88528,1.00,1.87
2014.11.24 12:52:08.163,0.88498,0.88528,1.00,1.12
2014.11.24 12:52:09.153,0.88498,0.88531,1.00,1.37
2014.11.24 12:52:09.742,0.88498,0.88531,1.00,1.37
2014.11.24 12:52:09.910,0.88498,0.88531,1.00,1.00
2014.11.24 12:52:10.162,0.88497,0.88536,2.62,1.37
2014.11.24 12:52:10.364,0.88507,0.88539,1.00,3.00
2014.11.24 12:52:10.415,0.88507,0.88539,1.00,2.62
2014.11.24 12:52:10.854,0.88502,0.88538,1.50,1.37
2014.11.24 12:52:11.726,0.88502,0.88536,1.50,1.87
2014.11.24 12:52:12.597,0.88503,0.88535,1.00,1.50
2014.11.24 12:52:12.748,0.88503,0.88538,1.00,1.50
2014.11.24 12:52:12.899,0.88508,0.88538,1.00,1.50
2014.11.24 12:52:12.950,0.88508,0.88541,1.00,1.12
2014.11.24 12:52:13.101,0.88508,0.88541,1.00,1.37
2014.11.24 12:52:13.415,0.88508,0.88541,1.00,1.50
2014.11.24 12:52:13.675,0.88502,0.88541,3.37,1.50
2014.11.24 12:52:13.883,0.88508,0.88542,1.00,3.37
2014.11.24 12:52:14.147,0.88502,0.88542,1.87,1.37
2014.11.24 12:52:14.198,0.88502,0.88542,1.50,1.50
2014.11.24 12:52:14.747,0.88502,0.88536,1.00,1.87
2014.11.24 12:52:15.752,0.88502,0.88538,1.00,2.62
2014.11.24 12:52:16.029,0.88503,0.88538,1.87,1.00
2014.11.24 12:52:16.129,0.88509,0.88544,1.87,1.00
2014.11.24 12:52:16.280,0.88511,0.88544,1.50,1.00
2014.11.24 12:52:16.431,0.88513,0.88551,1.37,1.87
2014.11.24 12:52:16.666,0.88518,0.88552,1.00,1.37
2014.11.24 12:52:16.884,0.88518,0.88557,1.00,3.37
2014.11.24 12:52:20.148,0.88518,0.88557,1.00,1.37
2014.11.24 12:52:21.924,0.88518,0.88557,1.00,1.37
2014.11.24 12:52:22.675,0.88518,0.88557,1.00,1.37
2014.11.24 12:52:29.064,0.88515,0.88557,1.50,1.37
2014.11.24 12:52:29.394,0.88516,0.88548,1.50,1.00
2014.11.24 12:52:29.495,0.88512,0.88548,1.37,1.00
2014.11.24 12:52:30.376,0.88512,0.88548,1.00,1.00
2014.11.24 12:52:33.356,0.8851,0.88548,2.47,1.00
2014.11.24 12:52:33.875,0.8851,0.88547,1.30,1.12
2014.11.24 12:52:39.384,0.88508,0.88547,1.60,1.75
2014.11.24 12:52:39.636,0.88503,0.88543,1.00,1.37
2014.11.24 12:52:40.068,0.88502,0.88543,2.62,1.87
2014.11.24 12:52:40.421,0.88508,0.88551,1.00,1.75
2014.11.24 12:52:40.471,0.8851,0.88551,1.87,1.37
2014.11.24 12:52:40.622,0.88513,0.88552,1.00,1.87
2014.11.24 12:52:41.342,0.88513,0.88552,1.00,1.37
2014.11.24 12:52:46.898,0.88511,0.88554,1.35,1.12
2014.11.24 12:52:47.200,0.88513,0.88554,1.12,1.12
2014.11.24 12:52:47.302,0.88513,0.88554,1.00,1.37
2014.11.24 12:52:47.652,0.88512,0.88548,1.12,1.00
2014.11.24 12:52:48.908,0.88515,0.88552,1.00,2.62
2014.11.24 12:52:49.230,0.88518,0.88552,1.00,1.12
2014.11.24 12:52:49.895,0.88518,0.88552,1.00,1.37
2014.11.24 12:52:50.227,0.88517,0.88548,1.00,1.00
2014.11.24 12:52:50.827,0.88522,0.88555,1.00,1.12
2014.11.24 12:52:50.928,0.88522,0.88553,1.00,1.50
2014.11.24 12:52:51.294,0.88518,0.8855,1.00,1.00
2014.11.24 12:52:52.754,0.88518,0.88548,1.00,1.00
2014.11.24 12:52:52.855,0.88508,0.88543,1.00,1.87
2014.11.24 12:52:53.157,0.88512,0.88543,1.00,1.00
2014.11.24 12:52:53.663,0.88513,0.88543,1.00,1.00
2014.11.24 12:52:54.292,0.88513,0.88546,1.00,1.37
2014.11.24 12:52:56.560,0.88513,0.88549,1.50,1.87
2014.11.24 12:52:56.803,0.88513,0.88549,1.50,1.87
2014.11.24 12:52:57.163,0.88513,0.88551,1.00,2.62
2014.11.24 12:52:58.315,0.88513,0.88551,1.00,1.37
2014.11.24 12:52:58.873,0.88512,0.88552,1.50,1.87
2014.11.24 12:53:00.633,0.88518,0.88552,1.00,1.87
2014.11.24 12:53:00.688,0.88518,0.88552,1.00,1.87
2014.11.24 12:53:00.853,0.88512,0.88553,1.50,3.37
2014.11.24 12:53:01.028,0.88512,0.88553,1.50,3.75
2014.11.24 12:53:01.129,0.88513,0.88546,1.00,1.12
2014.11.24 12:53:01.229,0.88507,0.88537,1.00,1.00
2014.11.24 12:53:01.431,0.88505,0.88544,1.00,2.25
2014.11.24 12:53:01.657,0.88513,0.88543,1.00,1.50
2014.11.24 12:53:02.292,0.88513,0.88544,1.00,1.00
2014.11.24 12:53:03.074,0.88512,0.88545,1.50,1.50
2014.11.24 12:53:03.174,0.88512,0.88548,1.87,1.00
2014.11.24 12:53:03.698,0.88512,0.88546,1.50,1.50
2014.11.24 12:53:04.373,0.88513,0.88546,1.00,2.25
2014.11.24 12:53:06.595,0.88515,0.88546,1.50,1.00
2014.11.24 12:53:06.897,0.88522,0.88545,1.50,1.00
2014.11.24 12:53:07.149,0.88524,0.88556,1.50,1.00
2014.11.24 12:53:07.551,0.88526,0.88556,1.50,1.00
2014.11.24 12:53:08.014,0.8853,0.88557,1.50,1.00
2014.11.24 12:53:08.265,0.8853,0.88562,1.50,1.00
2014.11.24 12:53:08.424,0.88532,0.88562,1.50,1.00
2014.11.24 12:53:09.083,0.88531,0.88562,1.50,1.00
2014.11.24 12:53:09.676,0.88528,0.88559,1.00,1.00
2014.11.24 12:53:09.928,0.88523,0.88557,1.00,1.00
2014.11.24 12:53:10.187,0.88525,0.88558,1.50,1.00
2014.11.24 12:53:10.292,0.88523,0.88558,1.87,1.00
2014.11.24 12:53:10.544,0.88521,0.88558,1.00,2.85
2014.11.24 12:53:10.874,0.88523,0.88557,1.00,1.35
2014.11.24 12:53:11.200,0.88523,0.88555,1.00,1.00
2014.11.24 12:53:11.533,0.8852,0.88555,1.12,1.00
2014.11.24 12:53:11.867,0.88522,0.88555,1.00,1.00
2014.11.24 12:53:12.651,0.88526,0.8856,2.25,1.12
2014.11.24 12:53:13.012,0.88526,0.8856,1.00,2.62
2014.11.24 12:53:13.723,0.88523,0.88557,1.00,1.00
2014.11.24 12:53:14.203,0.88527,0.88559,1.00,1.00
2014.11.24 12:53:14.505,0.88523,0.8855,1.00,1.00
2014.11.24 12:53:15.812,0.88523,0.88555,1.00,1.00
2014.11.24 12:53:17.446,0.88523,0.88554,1.00,1.50
2014.11.24 12:53:18.103,0.88522,0.88553,1.00,1.50
2014.11.24 12:53:18.232,0.88522,0.88551,1.00,1.00
2014.11.24 12:53:19.532,0.88522,0.8855,1.00,1.50
2014.11.24 12:53:19.583,0.88517,0.8855,1.00,1.50
2014.11.24 12:53:21.183,0.88517,0.88551,1.00,2.25
2014.11.24 12:53:21.732,0.88517,0.88551,1.37,1.00
2014.11.24 12:53:21.972,0.88517,0.88553,1.37,1.00
2014.11.24 12:53:23.392,0.88517,0.88553,1.12,1.00
2014.11.24 12:53:23.712,0.88517,0.88552,1.00,1.37
2014.11.24 12:53:24.093,0.88514,0.88548,1.37,1.00
2014.11.24 12:53:24.434,0.88512,0.88547,1.00,2.62
2014.11.24 12:53:24.485,0.88512,0.88543,1.00,1.50
2014.11.24 12:53:24.787,0.88513,0.88541,1.00,1.87
2014.11.24 12:53:24.887,0.88502,0.88535,1.87,1.00
2014.11.24 12:53:24.988,0.88502,0.88535,1.50,2.25
2014.11.24 12:53:25.039,0.88502,0.88533,1.50,1.50
2014.11.24 12:53:25.257,0.88502,0.88535,1.00,2.62
2014.11.24 12:53:25.609,0.88505,0.88534,1.00,1.50
2014.11.24 12:53:25.710,0.88505,0.88538,1.00,1.50
2014.11.24 12:53:25.811,0.88505,0.8854,1.00,1.50
2014.11.24 12:53:25.862,0.88508,0.8854,1.00,1.50
2014.11.24 12:53:26.372,0.88507,0.88541,1.00,1.87
2014.11.24 12:53:26.422,0.88505,0.88541,1.00,1.87
2014.11.24 12:53:26.523,0.88503,0.88539,1.00,1.87
2014.11.24 12:53:26.624,0.88512,0.88539,1.00,1.87
2014.11.24 12:53:27.922,0.88508,0.88542,1.00,1.87
2014.11.24 12:53:36.302,0.88508,0.88542,1.00,1.87
2014.11.24 12:53:39.847,0.88512,0.88542,1.00,1.87
2014.11.24 12:53:41.342,0.88507,0.88542,1.00,1.87
2014.11.24 12:53:41.891,0.88513,0.88541,1.00,1.87
2014.11.24 12:53:43.352,0.88513,0.88543,1.00,1.50
2014.11.24 12:53:43.554,0.88513,0.88546,1.00,1.87
2014.11.24 12:53:43.654,0.88513,0.8854,1.00,1.50
2014.11.24 12:53:43.906,0.88508,0.88538,1.00,1.50
2014.11.24 12:53:44.007,0.88508,0.88541,1.00,2.62
2014.11.24 12:53:44.414,0.88507,0.88537,1.00,1.50
2014.11.24 12:53:45.021,0.88507,0.88538,1.00,1.50
2014.11.24 12:53:46.073,0.88513,0.88538,1.00,1.50
2014.11.24 12:53:46.879,0.88508,0.88538,1.00,1.50
2014.11.24 12:53:47.061,0.88512,0.88538,1.00,1.50
2014.11.24 12:53:48.822,0.88508,0.88538,1.00,1.50
2014.11.24 12:53:48.923,0.88508,0.88536,1.00,1.50
2014.11.24 12:53:49.729,0.88508,0.88535,1.00,1.50
2014.11.24 12:53:49.792,0.88508,0.88537,1.00,1.50
2014.11.24 12:53:50.342,0.88508,0.88535,1.00,1.50
2014.11.24 12:53:51.552,0.88508,0.88537,1.00,1.50
2014.11.24 12:53:52.102,0.88508,0.88539,1.00,1.87
2014.11.24 12:53:52.761,0.88508,0.88538,1.00,1.50
2014.11.24 12:53:56.652,0.88507,0.88538,1.00,1.50
2014.11.24 12:53:56.722,0.88507,0.88536,1.00,1.50
2014.11.24 12:53:57.272,0.88507,0.88534,1.00,1.50
2014.11.24 12:53:58.285,0.88507,0.88535,1.00,1.50
2014.11.24 12:53:58.482,0.88507,0.88537,1.00,2.25
2014.11.24 12:53:59.733,0.88508,0.88535,1.00,1.50
2014.11.24 12:54:03.102,0.88508,0.88537,1.00,2.62
2014.11.24 12:54:03.361,0.88502,0.88527,1.00,1.00
2014.11.24 12:54:03.562,0.88502,0.88531,1.00,1.00
2014.11.24 12:54:03.912,0.88497,0.88531,1.00,1.00
2014.11.24 12:54:06.191,0.88497,0.88532,1.00,2.62
2014.11.24 12:54:06.430,0.88497,0.88532,1.00,2.62
2014.11.24 12:54:06.951,0.88498,0.8853,1.00,1.87
2014.11.24 12:54:07.459,0.88498,0.88527,1.00,1.00
2014.11.24 12:54:08.666,0.88497,0.88527,1.00,1.00
2014.11.24 12:54:09.185,0.88497,0.88531,1.00,1.87
2014.11.24 12:54:09.369,0.88497,0.88531,1.00,1.50
2014.11.24 12:54:12.183,0.88497,0.88529,1.00,1.50
2014.11.24 12:54:12.471,0.88497,0.88531,1.00,1.50
2014.11.24 12:54:13.134,0.88503,0.88531,1.00,1.50
2014.11.24 12:54:14.570,0.88503,0.88532,1.00,2.25
2014.11.24 12:54:15.102,0.88503,0.88531,1.00,1.00
2014.11.24 12:54:19.281,0.88503,0.88532,1.00,2.25
2014.11.24 12:54:19.670,0.88494,0.88532,3.00,1.00
2014.11.24 12:54:19.872,0.88502,0.88532,1.00,1.00
2014.11.24 12:54:20.208,0.88507,0.88534,1.00,1.00
2014.11.24 12:54:25.259,0.88507,0.88537,1.00,1.37
2014.11.24 12:54:25.679,0.88508,0.88545,1.00,1.37
2014.11.24 12:54:25.830,0.88508,0.88545,1.00,2.25
2014.11.24 12:54:26.161,0.88507,0.88538,1.00,1.87
2014.11.24 12:54:26.482,0.88507,0.88535,1.00,1.00
2014.11.24 12:54:30.511,0.88507,0.88534,1.00,1.50
2014.11.24 12:54:31.156,0.88507,0.88535,1.00,1.00
2014.11.24 12:54:31.650,0.88513,0.88536,1.00,1.00
2014.11.24 12:54:31.821,0.88513,0.88542,1.00,1.87
2014.11.24 12:54:31.922,0.88507,0.88542,1.00,1.50
2014.11.24 12:54:31.973,0.88507,0.88544,1.00,1.12
2014.11.24 12:54:32.601,0.88512,0.88544,1.00,1.12
2014.11.24 12:54:33.106,0.88513,0.88544,1.00,1.37
2014.11.24 12:54:33.373,0.88507,0.88544,1.00,2.62
2014.11.24 12:54:33.423,0.88507,0.88544,1.00,3.00
2014.11.24 12:54:34.361,0.88508,0.8854,1.00,2.62
2014.11.24 12:54:34.674,0.88508,0.88538,1.00,1.37
2014.11.24 12:54:35.936,0.88508,0.88538,1.00,2.62
2014.11.24 12:54:36.265,0.88513,0.88538,1.00,1.00
2014.11.24 12:54:36.366,0.88508,0.88538,1.00,1.00
2014.11.24 12:54:36.527,0.88508,0.88545,1.00,1.37
2014.11.24 12:54:36.670,0.88512,0.88545,1.00,1.37
2014.11.24 12:54:38.101,0.88508,0.88545,1.00,1.37
2014.11.24 12:54:48.661,0.88512,0.88545,1.00,1.87
2014.11.24 12:54:48.963,0.88507,0.8854,1.00,2.25
2014.11.24 12:54:49.558,0.88508,0.88531,1.00,1.50
2014.11.24 12:54:49.659,0.88502,0.88531,1.00,1.50
2014.11.24 12:54:49.803,0.88502,0.88533,1.00,1.50
2014.11.24 12:54:49.873,0.88507,0.88533,1.00,1.50
2014.11.24 12:54:54.381,0.88502,0.88533,1.00,1.50
2014.11.24 12:54:54.805,0.88502,0.88533,1.00,1.87
2014.11.24 12:54:54.855,0.88497,0.88536,1.00,1.50
2014.11.24 12:54:55.151,0.88497,0.88536,1.00,1.75
2014.11.24 12:54:55.611,0.88497,0.88529,1.00,1.87
2014.11.24 12:54:56.380,0.88498,0.88529,1.00,1.87
2014.11.24 12:54:58.375,0.88498,0.88529,1.00,1.50
2014.11.24 12:54:58.470,0.88498,0.88531,1.00,1.87
2014.11.24 12:55:05.932,0.88503,0.88531,1.00,1.87
2014.11.24 12:55:07.492,0.88503,0.8853,1.00,1.50
2014.11.24 12:55:09.692,0.88503,0.88531,1.00,1.87
2014.11.24 12:55:14.753,0.88503,0.88529,1.00,1.50
2014.11.24 12:55:15.284,0.88497,0.88529,1.00,1.50
2014.11.24 12:55:16.221,0.88497,0.8853,1.00,1.50
2014.11.24 12:55:18.609,0.88494,0.8853,1.12,1.50
2014.11.24 12:55:18.733,0.88494,0.88533,2.62,2.62
2014.11.24 12:55:18.784,0.88494,0.88533,3.22,2.62
2014.11.24 12:55:19.119,0.88504,0.88532,1.00,1.00
2014.11.24 12:55:19.574,0.88508,0.88532,1.00,1.00
2014.11.24 12:55:21.559,0.88503,0.88532,1.00,1.00
2014.11.24 12:55:21.663,0.88508,0.88532,1.00,1.00
2014.11.24 12:55:22.206,0.88507,0.88532,1.00,1.00
2014.11.24 12:55:22.640,0.88507,0.8854,1.00,1.50
2014.11.24 12:55:22.705,0.88508,0.88543,1.00,1.00
2014.11.24 12:55:22.756,0.88508,0.88545,1.00,1.87
2014.11.24 12:55:22.872,0.88513,0.88545,1.00,1.12
2014.11.24 12:55:23.091,0.88508,0.88545,1.00,1.12
2014.11.24 12:55:28.232,0.88508,0.88545,1.00,1.37
2014.11.24 12:55:29.576,0.88513,0.88545,1.00,1.37
2014.11.24 12:55:29.626,0.88508,0.88545,1.00,1.37
2014.11.24 12:55:30.063,0.88508,0.88543,1.00,2.62
2014.11.24 12:55:30.402,0.88508,0.88536,1.00,1.00
2014.11.24 12:55:33.161,0.88508,0.88537,1.00,1.50
2014.11.24 12:55:33.594,0.88508,0.88539,1.00,2.62
2014.11.24 12:55:33.695,0.88508,0.88537,1.00,1.50
2014.11.24 12:55:34.577,0.88508,0.88538,1.00,1.50
2014.11.24 12:55:34.861,0.88503,0.88538,1.00,1.50
2014.11.24 12:55:35.081,0.88507,0.88542,1.00,2.62
2014.11.24 12:55:35.564,0.88508,0.88537,1.00,1.50
2014.11.24 12:55:36.109,0.88508,0.88536,1.00,1.50
2014.11.24 12:55:36.901,0.88508,0.88537,1.00,2.62
2014.11.24 12:55:37.529,0.88508,0.88538,1.00,1.50
2014.11.24 12:55:38.511,0.88507,0.8854,1.00,1.87
2014.11.24 12:55:38.785,0.8851,0.88543,1.00,1.50
2014.11.24 12:55:38.836,0.88512,0.88543,1.00,1.00
2014.11.24 12:55:39.041,0.8851,0.88543,1.00,1.00
2014.11.24 12:55:39.213,0.88507,0.88545,1.00,1.37
2014.11.24 12:55:39.263,0.88507,0.88545,1.37,1.00
2014.11.24 12:55:39.575,0.88512,0.88545,1.00,1.00
2014.11.24 12:55:39.903,0.88514,0.88545,1.00,1.00
2014.11.24 12:55:40.249,0.88518,0.88545,1.00,1.00
2014.11.24 12:55:40.362,0.88514,0.88545,1.00,1.00
2014.11.24 12:55:40.685,0.88513,0.8854,1.00,1.00
2014.11.24 12:55:40.845,0.88508,0.8854,1.50,1.00
2014.11.24 12:55:41.351,0.88512,0.8854,1.00,1.00
2014.11.24 12:55:43.061,0.88512,0.88538,1.00,1.00
2014.11.24 12:55:43.112,0.88507,0.88538,1.50,1.00
2014.11.24 12:55:45.566,0.88508,0.88538,1.00,1.00
2014.11.24 12:55:46.082,0.88507,0.88538,1.00,1.00
2014.11.24 12:55:47.472,0.88507,0.88536,1.00,1.00
2014.11.24 12:55:47.842,0.88513,0.88536,1.00,1.00
2014.11.24 12:55:48.391,0.88507,0.88536,1.00,1.00
2014.11.24 12:55:48.503,0.88513,0.88536,1.00,1.00
2014.11.24 12:55:49.330,0.88513,0.88538,1.00,1.00
2014.11.24 12:55:52.410,0.88513,0.88539,1.00,1.00
2014.11.24 12:55:56.130,0.88509,0.88539,1.87,1.00
2014.11.24 12:55:56.181,0.88517,0.88546,1.00,1.00
2014.11.24 12:55:56.823,0.88517,0.88551,1.50,1.12
2014.11.24 12:55:57.301,0.88523,0.88551,1.00,1.12
2014.11.24 12:55:58.111,0.88517,0.88551,1.50,1.12
2014.11.24 12:55:58.496,0.88518,0.88548,1.00,1.12
2014.11.24 12:55:58.971,0.88518,0.88546,1.00,1.50
2014.11.24 12:55:59.283,0.88513,0.88546,1.00,1.50
2014.11.24 12:56:00.930,0.88513,0.88543,1.00,1.00
2014.11.24 12:56:02.801,0.88513,0.88544,1.50,1.50
2014.11.24 12:56:04.710,0.88513,0.88543,1.50,1.50
2014.11.24 12:56:04.820,0.88513,0.88545,1.50,1.87
2014.11.24 12:56:15.620,0.88514,0.88545,1.00,1.87
2014.11.24 12:56:21.560,0.88513,0.88545,1.00,1.87
2014.11.24 12:56:22.751,0.88513,0.88543,1.00,1.50
2014.11.24 12:56:27.884,0.88514,0.88543,1.00,1.50
2014.11.24 12:56:32.130,0.88512,0.88543,1.50,1.50
2014.11.24 12:56:33.638,0.88512,0.88544,1.50,1.50
2014.11.24 12:56:36.582,0.88518,0.88544,1.00,1.50
2014.11.24 12:56:36.734,0.88518,0.88547,1.00,1.50
2014.11.24 12:56:37.351,0.88517,0.88548,1.50,1.00
2014.11.24 12:56:38.619,0.88518,0.8855,1.00,1.00
2014.11.24 12:56:39.814,0.88518,0.88549,1.50,1.50
2014.11.24 12:56:41.588,0.88518,0.8855,1.00,2.62
2014.11.24 12:56:42.042,0.88518,0.88549,1.00,1.87
2014.11.24 12:56:50.575,0.88522,0.88549,1.00,2.62
2014.11.24 12:56:51.120,0.88523,0.88549,1.00,2.62
2014.11.24 12:56:55.359,0.88523,0.88549,1.00,1.00
2014.11.24 12:56:56.429,0.88523,0.88546,1.00,1.50
2014.11.24 12:56:56.629,0.88523,0.88548,1.00,1.50
2014.11.24 12:57:03.384,0.88523,0.88546,1.00,1.87
2014.11.24 12:57:03.833,0.88517,0.88542,1.00,1.50
2014.11.24 12:57:04.135,0.88513,0.88542,1.00,1.00
2014.11.24 12:57:04.361,0.88518,0.88542,1.00,1.00
2014.11.24 12:57:05.059,0.88518,0.88543,1.00,1.87
2014.11.24 12:57:05.110,0.88513,0.88545,1.00,1.87
2014.11.24 12:57:05.540,0.88513,0.8854,1.00,1.50
2014.11.24 12:57:05.859,0.88518,0.8854,1.00,1.50
2014.11.24 12:57:06.329,0.88513,0.88542,1.00,1.87
2014.11.24 12:57:06.831,0.88512,0.88542,1.00,1.87
2014.11.24 12:57:06.932,0.88508,0.88543,1.00,1.00
2014.11.24 12:57:07.099,0.88517,0.88543,1.00,1.00
2014.11.24 12:57:07.920,0.88517,0.88543,1.00,1.87
2014.11.24 12:57:08.074,0.88512,0.88541,1.00,1.87
2014.11.24 12:57:08.609,0.88513,0.88541,1.00,1.87
2014.11.24 12:57:08.729,0.88513,0.88539,1.00,1.50
2014.11.24 12:57:08.982,0.88513,0.88542,1.00,1.00
2014.11.24 12:57:09.394,0.88517,0.88542,1.00,1.00
2014.11.24 12:57:09.896,0.88517,0.88543,1.00,1.87
2014.11.24 12:57:10.180,0.88513,0.88541,1.00,1.50
2014.11.24 12:57:10.420,0.88512,0.88544,1.00,1.87
2014.11.24 12:57:10.589,0.8851,0.88544,1.00,1.87
2014.11.24 12:57:10.809,0.88517,0.88542,1.00,1.50
2014.11.24 12:57:11.390,0.88513,0.88542,1.00,1.50
2014.11.24 12:57:11.820,0.8851,0.88542,1.00,1.50
2014.11.24 12:57:12.145,0.88513,0.88544,1.00,1.00
2014.11.24 12:57:12.579,0.88518,0.88543,1.00,1.50
2014.11.24 12:57:13.150,0.88518,0.88542,1.00,1.50
2014.11.24 12:57:13.559,0.88513,0.88542,1.00,1.50
2014.11.24 12:57:14.089,0.88512,0.88541,1.00,2.25
2014.11.24 12:57:14.345,0.88509,0.88541,1.00,1.00
2014.11.24 12:57:14.682,0.88517,0.88541,1.00,1.00
2014.11.24 12:57:14.809,0.88517,0.88544,1.00,1.50
2014.11.24 12:57:16.596,0.88517,0.88542,1.00,1.00
2014.11.24 12:57:17.025,0.88518,0.88547,1.00,1.37
2014.11.24 12:57:17.427,0.88523,0.88547,1.00,1.00
2014.11.24 12:57:17.889,0.88522,0.88553,1.00,1.12
2014.11.24 12:57:18.841,0.88523,0.88553,1.00,1.12
2014.11.24 12:57:19.396,0.8852,0.88557,1.00,2.62
2014.11.24 12:57:19.608,0.88527,0.88555,1.00,1.87
2014.11.24 12:57:19.866,0.88523,0.88555,1.00,1.87
2014.11.24 12:57:20.378,0.88522,0.88553,1.00,1.87
2014.11.24 12:57:20.820,0.88517,0.88552,1.00,1.50
2014.11.24 12:57:20.945,0.88517,0.88549,1.00,1.87
2014.11.24 12:57:21.196,0.88514,0.88549,1.00,1.87
2014.11.24 12:57:21.398,0.88518,0.88551,1.00,1.87
2014.11.24 12:57:22.149,0.88517,0.88547,1.00,1.50
2014.11.24 12:57:23.239,0.88523,0.88547,1.00,1.50
2014.11.24 12:57:24.583,0.88523,0.88548,1.00,1.50
2014.11.24 12:57:27.662,0.88523,0.88547,1.00,1.50
2014.11.24 12:57:28.300,0.88522,0.88547,1.00,1.50
2014.11.24 12:57:29.634,0.88523,0.88547,1.00,1.87
2014.11.24 12:57:30.610,0.88522,0.88547,1.00,1.87
2014.11.24 12:57:32.500,0.88522,0.88545,1.00,1.50
2014.11.24 12:57:32.809,0.88518,0.88545,1.00,1.50
2014.11.24 12:57:33.712,0.88518,0.88543,1.00,1.50
2014.11.24 12:57:33.820,0.88518,0.88545,1.00,1.50
2014.11.24 12:57:35.120,0.88522,0.88545,1.00,1.50
2014.11.24 12:57:35.171,0.88522,0.88549,1.00,2.62
2014.11.24 12:57:35.602,0.88517,0.88547,1.00,1.87
2014.11.24 12:57:36.108,0.88517,0.88546,1.00,1.50
2014.11.24 12:57:36.239,0.88517,0.88544,1.00,1.50
2014.11.24 12:57:39.016,0.88517,0.88543,1.00,1.50
2014.11.24 12:57:39.584,0.88517,0.88542,1.00,1.50
2014.11.24 12:57:41.400,0.88513,0.88542,1.00,2.25
2014.11.24 12:57:41.870,0.8851,0.88542,1.00,1.00
2014.11.24 12:57:42.158,0.88518,0.88541,1.00,1.50
2014.11.24 12:57:49.860,0.88517,0.88541,1.00,1.50
2014.11.24 12:57:56.162,0.88513,0.88541,1.00,1.50
2014.11.24 12:57:56.586,0.88513,0.88537,1.00,1.50
2014.11.24 12:57:57.488,0.88513,0.88538,1.00,1.50
2014.11.24 12:57:57.749,0.88513,0.8854,1.00,2.25
2014.11.24 12:57:57.962,0.88511,0.88542,1.00,1.50
2014.11.24 12:57:58.139,0.88517,0.88542,1.00,1.50
2014.11.24 12:57:59.188,0.88517,0.88543,1.00,1.50
2014.11.24 12:57:59.319,0.88512,0.88543,1.00,1.50
2014.11.24 12:57:59.869,0.88513,0.88543,1.00,1.87
2014.11.24 12:57:59.920,0.88513,0.88539,1.00,1.50
2014.11.24 12:58:01.299,0.88512,0.88539,1.00,1.50
2014.11.24 12:58:01.966,0.88512,0.8854,1.00,1.50
2014.11.24 12:58:02.117,0.88512,0.88542,1.00,1.12
2014.11.24 12:58:02.429,0.88509,0.88542,1.00,1.12
2014.11.24 12:58:02.480,0.88509,0.8854,1.00,1.50
2014.11.24 12:58:02.809,0.88518,0.88539,1.00,1.50
2014.11.24 12:58:02.860,0.88512,0.88539,1.00,1.50
2014.11.24 12:58:03.420,0.88512,0.8854,1.00,1.50
2014.11.24 12:58:03.828,0.88518,0.8854,1.00,1.50
2014.11.24 12:58:04.379,0.88513,0.8854,1.00,1.50
2014.11.24 12:58:04.430,0.88513,0.88542,1.00,1.87
2014.11.24 12:58:04.808,0.88513,0.88542,1.00,1.87
2014.11.24 12:58:05.128,0.88513,0.88538,1.00,1.50
2014.11.24 12:58:05.628,0.88513,0.88536,1.00,1.50
2014.11.24 12:58:07.433,0.88513,0.88535,1.00,1.50
2014.11.24 12:58:08.749,0.88513,0.88536,1.00,1.50
2014.11.24 12:58:09.533,0.88513,0.88537,1.00,1.87
2014.11.24 12:58:11.628,0.88513,0.88536,1.00,1.50
2014.11.24 12:58:13.218,0.88513,0.88537,1.00,1.87
2014.11.24 12:58:13.369,0.88513,0.88539,1.00,1.50
2014.11.24 12:58:13.977,0.88518,0.88539,1.00,1.50
2014.11.24 12:58:14.637,0.88513,0.88539,1.00,1.50
2014.11.24 12:58:14.829,0.88518,0.88542,1.00,1.87
2014.11.24 12:58:14.879,0.88518,0.88542,1.00,1.87
2014.11.24 12:58:18.718,0.88518,0.88539,1.00,1.50
2014.11.24 12:58:20.108,0.88517,0.88539,1.00,1.50
2014.11.24 12:58:25.109,0.88513,0.88539,1.00,1.87
2014.11.24 12:58:25.210,0.88513,0.88536,1.00,1.50
2014.11.24 12:58:25.911,0.88512,0.88536,1.00,1.50
2014.11.24 12:58:26.638,0.88512,0.88537,1.00,1.50
2014.11.24 12:58:27.298,0.88512,0.88539,1.00,1.87
2014.11.24 12:58:30.753,0.88512,0.88541,1.00,1.50
2014.11.24 12:58:37.608,0.88507,0.88541,1.00,1.50
2014.11.24 12:58:37.786,0.88507,0.88539,1.00,1.50
2014.11.24 12:58:38.467,0.88512,0.88539,1.00,1.87
2014.11.24 12:58:38.662,0.88512,0.88541,1.00,1.00
2014.11.24 12:58:38.864,0.88507,0.88541,1.12,1.00
2014.11.24 12:58:39.015,0.88514,0.88547,1.00,1.87
2014.11.24 12:58:39.333,0.88517,0.88547,1.00,1.87
2014.11.24 12:58:40.027,0.88518,0.88547,1.00,1.87
2014.11.24 12:58:41.022,0.88519,0.88549,1.00,1.12
2014.11.24 12:58:41.355,0.88523,0.88549,1.00,1.12
2014.11.24 12:58:42.424,0.88523,0.88548,1.00,1.50
2014.11.24 12:58:42.972,0.88523,0.88549,1.00,1.12
2014.11.24 12:58:57.104,0.88518,0.88549,1.00,1.00
2014.11.24 12:58:57.154,0.88526,0.88554,1.00,1.87
2014.11.24 12:58:57.305,0.88526,0.88557,1.00,2.62
2014.11.24 12:58:57.368,0.88526,0.88553,1.00,1.50
2014.11.24 12:58:57.720,0.88526,0.88551,1.00,1.50
2014.11.24 12:58:58.338,0.88523,0.88551,1.00,1.50
2014.11.24 12:58:59.285,0.88523,0.88552,1.00,1.87
2014.11.24 12:59:01.479,0.88527,0.88552,1.00,1.87
2014.11.24 12:59:04.226,0.88527,0.88552,1.00,1.87
2014.11.24 12:59:04.823,0.88527,0.88548,1.00,1.50
2014.11.24 12:59:05.347,0.88522,0.88548,1.00,1.50
2014.11.24 12:59:05.880,0.88522,0.88549,1.00,1.50
2014.11.24 12:59:06.138,0.88527,0.88549,1.00,1.50
2014.11.24 12:59:09.327,0.88522,0.88549,1.00,1.50
2014.11.24 12:59:12.628,0.88523,0.88549,1.00,1.50
2014.11.24 12:59:12.920,0.88523,0.88547,1.00,1.50
2014.11.24 12:59:14.827,0.88518,0.88547,1.00,1.50
2014.11.24 12:59:17.757,0.88518,0.88546,1.00,1.50
2014.11.24 12:59:18.817,0.88519,0.88546,1.00,1.50
2014.11.24 12:59:19.117,0.88523,0.88547,1.00,1.50
2014.11.24 12:59:19.739,0.88523,0.88546,1.00,1.50
2014.11.24 12:59:22.200,0.88518,0.88546,1.50,1.50
2014.11.24 12:59:27.403,0.88519,0.88546,1.00,1.50
2014.11.24 12:59:27.605,0.88523,0.88546,1.00,1.50
2014.11.24 12:59:28.116,0.88523,0.88547,1.00,1.50
2014.11.24 12:59:29.129,0.88519,0.88547,1.00,1.50
2014.11.24 12:59:29.857,0.88519,0.88549,1.00,1.50
2014.11.24 12:59:30.368,0.88518,0.88549,1.50,1.50
2014.11.24 12:59:30.871,0.88518,0.88548,1.50,1.50
2014.11.24 12:59:30.921,0.88523,0.88548,1.00,1.50
2014.11.24 12:59:30.972,0.88523,0.8855,1.00,1.50
2014.11.24 12:59:31.667,0.88522,0.8855,1.00,1.50
2014.11.24 12:59:32.277,0.88522,0.88549,1.00,1.50
2014.11.24 12:59:32.939,0.88522,0.88547,1.00,1.50
2014.11.24 12:59:33.316,0.88522,0.8855,1.00,1.50
2014.11.24 12:59:34.477,0.88522,0.88549,1.00,1.50
2014.11.24 12:59:36.946,0.88518,0.88549,1.50,1.50
2014.11.24 12:59:37.056,0.88523,0.88549,1.00,1.50
2014.11.24 12:59:39.206,0.88523,0.88548,1.00,1.50
2014.11.24 12:59:39.368,0.88518,0.88548,1.50,1.50
2014.11.24 12:59:39.926,0.88519,0.88548,1.00,1.50
2014.11.24 12:59:43.386,0.88519,0.88549,1.00,1.50
2014.11.24 12:59:43.878,0.88523,0.88549,1.00,1.50
2014.11.24 12:59:48.557,0.88523,0.88551,1.00,1.50
2014.11.24 12:59:48.658,0.88519,0.88551,1.00,1.87
2014.11.24 12:59:48.859,0.88525,0.88551,1.00,1.50
2014.11.24 12:59:48.910,0.88525,0.88554,1.00,1.37
2014.11.24 12:59:49.060,0.8852,0.88546,1.87,1.00
2014.11.24 12:59:49.377,0.88528,0.88546,1.00,1.00
2014.11.24 12:59:50.037,0.88523,0.88546,1.00,1.00
2014.11.24 12:59:50.138,0.88523,0.8855,1.00,1.50
2014.11.24 12:59:50.728,0.88523,0.88551,1.00,2.25
2014.11.24 12:59:59.386,0.88527,0.88551,1.00,2.25
