2013.08.16 14:00:00.022,0.83871,0.839,1.50,2.07
2013.08.16 14:00:01.592,0.83877,0.83903,1.50,1.69
2013.08.16 14:00:01.712,0.83896,0.83906,1.13,1.32
2013.08.16 14:00:01.772,0.83901,0.83907,1.13,1.50
2013.08.16 14:00:01.832,0.83902,0.83925,1.13,1.50
2013.08.16 14:00:01.892,0.83897,0.83923,1.13,1.13
2013.08.16 14:00:02.325,0.839,0.83928,1.13,2.44
2013.08.16 14:00:02.962,0.83902,0.83913,1.13,1.50
2013.08.16 14:00:03.082,0.83902,0.83913,1.32,1.50
2013.08.16 14:00:03.662,0.83903,0.83914,1.32,1.50
2013.08.16 14:00:03.722,0.83903,0.83927,1.32,1.50
2013.08.16 14:00:04.913,0.83901,0.83927,2.82,1.50
2013.08.16 14:00:05.078,0.83903,0.83927,1.69,1.50
2013.08.16 14:00:05.142,0.83903,0.83929,1.69,1.50
2013.08.16 14:00:05.202,0.83907,0.83929,1.32,1.50
2013.08.16 14:00:05.403,0.83904,0.83928,1.32,1.50
2013.08.16 14:00:05.462,0.83902,0.83928,1.69,1.50
2013.08.16 14:00:07.523,0.83902,0.83926,1.32,1.50
2013.08.16 14:00:07.702,0.83898,0.83923,1.69,1.50
2013.08.16 14:00:08.233,0.839,0.83925,2.44,1.50
2013.08.16 14:00:08.867,0.83901,0.83925,2.07,1.50
2013.08.16 14:00:09.997,0.83901,0.83928,1.32,1.50
2013.08.16 14:00:11.903,0.83904,0.83928,1.32,1.50
2013.08.16 14:00:11.963,0.83904,0.83932,2.07,1.69
2013.08.16 14:00:12.023,0.83904,0.83932,2.07,1.69
2013.08.16 14:00:12.082,0.83905,0.83932,1.32,1.69
2013.08.16 14:00:12.403,0.83905,0.83933,1.32,1.69
2013.08.16 14:00:12.584,0.83909,0.83933,1.13,2.82
2013.08.16 14:00:12.704,0.83904,0.83932,1.69,1.32
2013.08.16 14:00:13.303,0.83904,0.8393,2.07,1.13
2013.08.16 14:00:13.423,0.83904,0.83928,1.32,1.13
2013.08.16 14:00:14.034,0.83901,0.83926,1.32,1.88
2013.08.16 14:00:14.103,0.83901,0.83926,1.32,1.32
2013.08.16 14:00:14.222,0.83898,0.83924,1.32,1.50
2013.08.16 14:00:14.403,0.83902,0.83926,1.13,1.32
2013.08.16 14:00:14.653,0.83904,0.8393,1.13,1.32
2013.08.16 14:00:14.713,0.83904,0.83929,1.13,1.32
2013.08.16 14:00:15.252,0.83904,0.83928,1.32,1.50
2013.08.16 14:00:15.783,0.83903,0.83931,1.32,1.13
2013.08.16 14:00:15.843,0.83905,0.83934,1.69,1.69
2013.08.16 14:00:15.963,0.83906,0.83933,1.32,1.32
2013.08.16 14:00:16.533,0.83906,0.83933,1.32,1.13
2013.08.16 14:00:16.601,0.83906,0.83933,1.32,1.13
2013.08.16 14:00:17.633,0.83906,0.83933,1.69,1.50
2013.08.16 14:00:17.993,0.83904,0.83929,1.50,1.32
2013.08.16 14:00:18.053,0.83901,0.83926,1.69,1.13
2013.08.16 14:00:18.112,0.83901,0.83926,1.69,1.13
2013.08.16 14:00:18.513,0.83901,0.83922,1.69,1.13
2013.08.16 14:00:19.225,0.83892,0.8392,1.69,1.13
2013.08.16 14:00:20.692,0.839,0.83918,1.13,1.13
2013.08.16 14:00:21.213,0.83891,0.83918,1.32,1.13
2013.08.16 14:00:21.935,0.83891,0.83918,1.69,1.13
2013.08.16 14:00:22.296,0.83893,0.83918,1.69,1.13
2013.08.16 14:00:22.553,0.83893,0.83921,1.69,1.13
2013.08.16 14:00:22.612,0.83893,0.83921,2.44,1.13
2013.08.16 14:00:22.732,0.83893,0.83923,2.44,1.13
2013.08.16 14:00:23.702,0.83893,0.83921,2.07,1.88
2013.08.16 14:00:24.216,0.83893,0.83921,2.07,1.88
2013.08.16 14:00:24.332,0.83893,0.8392,2.07,1.13
2013.08.16 14:00:24.572,0.83892,0.83919,2.07,1.32
2013.08.16 14:00:24.692,0.83892,0.83917,2.07,1.13
2013.08.16 14:00:24.826,0.83892,0.83917,2.07,1.32
2013.08.16 14:00:25.105,0.83892,0.83918,2.07,1.32
2013.08.16 14:00:25.283,0.83892,0.83917,2.07,1.32
2013.08.16 14:00:25.840,0.8389,0.83919,1.32,1.69
2013.08.16 14:00:26.392,0.8389,0.83918,1.32,2.07
2013.08.16 14:00:26.452,0.83888,0.83917,1.50,1.32
2013.08.16 14:00:26.633,0.83885,0.83914,2.07,1.88
2013.08.16 14:00:26.692,0.83886,0.83914,1.69,1.88
2013.08.16 14:00:26.860,0.83886,0.83914,1.69,1.88
2013.08.16 14:00:27.244,0.83886,0.83912,1.69,1.13
2013.08.16 14:00:27.433,0.83886,0.83913,1.69,1.13
2013.08.16 14:00:27.612,0.83886,0.83913,1.50,1.13
2013.08.16 14:00:27.972,0.83891,0.83916,1.50,1.32
2013.08.16 14:00:28.532,0.83889,0.83916,1.32,1.13
2013.08.16 14:00:28.862,0.83889,0.83916,1.32,1.88
2013.08.16 14:00:29.222,0.83884,0.83913,1.69,1.13
2013.08.16 14:00:29.343,0.83882,0.83909,1.32,1.50
2013.08.16 14:00:29.402,0.83882,0.83909,1.32,1.50
2013.08.16 14:00:29.743,0.83881,0.83907,2.25,1.50
2013.08.16 14:00:29.923,0.83879,0.83906,1.32,1.13
2013.08.16 14:00:30.224,0.83878,0.83903,1.32,1.50
2013.08.16 14:00:30.612,0.83881,0.8391,2.07,1.32
2013.08.16 14:00:30.732,0.83881,0.8391,2.07,1.32
2013.08.16 14:00:31.192,0.83882,0.8391,2.07,1.13
2013.08.16 14:00:31.534,0.83883,0.8391,1.32,1.50
2013.08.16 14:00:31.742,0.83886,0.8391,1.32,1.50
2013.08.16 14:00:32.358,0.83886,0.8391,1.32,1.50
2013.08.16 14:00:33.283,0.83887,0.83911,1.69,1.13
2013.08.16 14:00:33.869,0.83887,0.83912,1.69,1.13
2013.08.16 14:00:34.263,0.83886,0.83912,1.32,1.88
2013.08.16 14:00:34.443,0.83885,0.8391,1.32,1.88
2013.08.16 14:00:34.682,0.83882,0.83912,1.69,2.25
2013.08.16 14:00:34.742,0.83883,0.83912,1.69,2.44
2013.08.16 14:00:35.082,0.83881,0.83912,2.07,2.44
2013.08.16 14:00:35.142,0.83881,0.83912,2.07,2.44
2013.08.16 14:00:35.484,0.83881,0.83912,2.82,1.69
2013.08.16 14:00:35.894,0.83881,0.8391,2.82,1.13
2013.08.16 14:00:36.072,0.83881,0.8391,2.07,1.13
2013.08.16 14:00:36.132,0.83881,0.8391,2.07,1.13
2013.08.16 14:00:36.312,0.83881,0.83912,2.82,1.69
2013.08.16 14:00:36.673,0.83881,0.83909,1.32,1.88
2013.08.16 14:00:37.422,0.8388,0.83909,2.07,2.25
2013.08.16 14:00:37.482,0.8388,0.83909,2.07,2.25
2013.08.16 14:00:37.662,0.8388,0.83909,2.07,1.88
2013.08.16 14:00:38.212,0.83878,0.83909,2.44,2.07
2013.08.16 14:00:38.942,0.83878,0.83907,1.69,1.50
2013.08.16 14:00:40.042,0.83876,0.83905,2.44,1.32
2013.08.16 14:00:40.713,0.83879,0.83905,1.69,1.13
2013.08.16 14:00:41.518,0.83879,0.83905,1.69,1.13
2013.08.16 14:00:42.113,0.83879,0.83905,1.69,1.13
2013.08.16 14:00:43.022,0.83878,0.83903,1.69,1.13
2013.08.16 14:00:43.143,0.83877,0.83903,1.69,1.13
2013.08.16 14:00:43.464,0.83877,0.83903,1.69,1.13
2013.08.16 14:00:43.643,0.83885,0.83904,1.13,1.13
2013.08.16 14:00:44.208,0.83876,0.83904,1.69,1.50
2013.08.16 14:00:44.512,0.83877,0.83906,1.32,1.88
2013.08.16 14:00:44.753,0.83879,0.83906,1.32,1.88
2013.08.16 14:00:45.014,0.83879,0.83905,2.07,1.50
2013.08.16 14:00:45.194,0.83876,0.83903,1.69,1.50
2013.08.16 14:00:45.252,0.83876,0.839,1.69,1.13
2013.08.16 14:00:45.623,0.83871,0.839,1.32,1.50
2013.08.16 14:00:45.972,0.83871,0.83897,1.13,2.25
2013.08.16 14:00:46.092,0.83867,0.83896,1.32,1.88
2013.08.16 14:00:46.512,0.83867,0.83896,1.32,1.88
2013.08.16 14:00:46.843,0.83867,0.83896,1.32,1.88
2013.08.16 14:00:47.463,0.83862,0.8389,1.69,1.50
2013.08.16 14:00:48.004,0.83862,0.8389,1.69,1.88
2013.08.16 14:00:48.594,0.83862,0.8389,1.69,1.88
2013.08.16 14:00:49.108,0.83862,0.8389,1.69,1.88
2013.08.16 14:00:49.686,0.83862,0.8389,1.69,1.88
2013.08.16 14:00:51.079,0.83862,0.8389,1.69,1.88
2013.08.16 14:00:51.312,0.83862,0.8389,1.69,1.88
2013.08.16 14:00:51.894,0.83861,0.83889,1.69,1.50
2013.08.16 14:00:52.213,0.83861,0.83889,1.69,1.50
2013.08.16 14:00:52.883,0.83861,0.83889,1.69,1.50
2013.08.16 14:00:53.934,0.83862,0.83892,1.69,1.69
2013.08.16 14:00:54.292,0.83872,0.83897,1.13,2.82
2013.08.16 14:00:54.473,0.83864,0.83897,2.44,2.82
2013.08.16 14:00:55.894,0.83866,0.83894,1.69,1.69
2013.08.16 14:00:56.012,0.83866,0.83896,1.69,2.07
2013.08.16 14:00:56.132,0.83871,0.83896,1.13,2.07
2013.08.16 14:00:59.635,0.83871,0.83894,1.32,1.13
2013.08.16 14:00:59.753,0.83867,0.83894,1.88,1.13
2013.08.16 14:00:59.814,0.83867,0.83894,1.13,1.88
2013.08.16 14:01:00.418,0.83867,0.83894,1.13,2.07
2013.08.16 14:01:04.572,0.83865,0.83892,1.32,1.50
2013.08.16 14:01:04.813,0.83865,0.83892,1.32,1.13
2013.08.16 14:01:04.873,0.83865,0.83892,1.32,1.13
2013.08.16 14:01:05.412,0.83867,0.83892,2.07,1.13
2013.08.16 14:01:05.623,0.83867,0.83892,1.13,1.13
2013.08.16 14:01:05.682,0.83865,0.83892,1.13,1.13
2013.08.16 14:01:06.268,0.83865,0.83892,1.13,2.25
2013.08.16 14:01:06.920,0.83865,0.83892,1.13,2.25
2013.08.16 14:01:07.149,0.83862,0.8389,1.69,1.69
2013.08.16 14:01:07.334,0.83861,0.8389,1.32,1.69
2013.08.16 14:01:07.393,0.83861,0.8389,1.32,1.50
2013.08.16 14:01:07.918,0.83861,0.83888,1.32,1.50
2013.08.16 14:01:08.272,0.83861,0.83888,1.32,1.50
2013.08.16 14:01:08.763,0.83861,0.83888,1.32,1.50
2013.08.16 14:01:08.825,0.83861,0.83889,1.32,1.50
2013.08.16 14:01:09.662,0.83866,0.83892,1.32,1.88
2013.08.16 14:01:10.068,0.83869,0.83892,1.13,1.13
2013.08.16 14:01:11.443,0.83872,0.83894,1.13,1.50
2013.08.16 14:01:11.623,0.83872,0.83898,1.13,1.69
2013.08.16 14:01:11.742,0.83866,0.83897,2.07,1.32
2013.08.16 14:01:11.802,0.83866,0.83897,1.32,1.32
2013.08.16 14:01:11.923,0.83864,0.83895,2.07,2.07
2013.08.16 14:01:12.244,0.83864,0.83895,1.32,2.07
2013.08.16 14:01:12.553,0.83864,0.83895,1.32,2.07
2013.08.16 14:01:12.913,0.83866,0.83894,1.50,1.32
2013.08.16 14:01:13.193,0.83863,0.83894,1.69,2.07
2013.08.16 14:01:13.389,0.83862,0.8389,1.69,1.13
2013.08.16 14:01:14.004,0.83861,0.83891,2.44,1.69
2013.08.16 14:01:14.530,0.83863,0.83888,1.69,1.13
2013.08.16 14:01:14.593,0.83862,0.83888,1.32,1.88
2013.08.16 14:01:14.652,0.8386,0.83886,1.69,1.50
2013.08.16 14:01:14.712,0.83857,0.83886,2.44,1.88
2013.08.16 14:01:14.952,0.83857,0.83885,1.69,1.13
2013.08.16 14:01:15.539,0.83862,0.83883,1.13,1.50
2013.08.16 14:01:16.302,0.83857,0.83884,1.69,1.69
2013.08.16 14:01:16.503,0.83857,0.83883,1.69,1.32
2013.08.16 14:01:17.654,0.83857,0.83884,1.69,2.07
2013.08.16 14:01:18.198,0.83856,0.83883,1.32,1.32
2013.08.16 14:01:19.189,0.83857,0.83884,1.32,2.07
2013.08.16 14:01:19.493,0.83857,0.83879,2.07,1.50
2013.08.16 14:01:19.823,0.83857,0.83878,1.50,1.50
2013.08.16 14:01:20.142,0.83858,0.83885,1.69,1.88
2013.08.16 14:01:20.263,0.83857,0.83879,1.32,1.13
2013.08.16 14:01:20.323,0.83857,0.83879,1.32,1.13
2013.08.16 14:01:20.383,0.83856,0.83879,1.69,1.13
2013.08.16 14:01:20.919,0.83857,0.83881,1.50,1.50
2013.08.16 14:01:20.982,0.83857,0.83881,1.88,1.13
2013.08.16 14:01:21.412,0.83857,0.83881,1.50,1.13
2013.08.16 14:01:25.719,0.83857,0.83882,1.50,1.69
2013.08.16 14:01:25.842,0.83855,0.83881,1.13,1.32
2013.08.16 14:01:27.163,0.83855,0.83882,1.13,1.69
2013.08.16 14:01:27.224,0.83857,0.83882,1.13,1.13
2013.08.16 14:01:28.603,0.83857,0.83883,1.69,1.50
2013.08.16 14:01:28.962,0.83868,0.83894,1.13,1.50
2013.08.16 14:01:29.402,0.83864,0.83888,1.50,2.25
2013.08.16 14:01:29.462,0.83859,0.83888,1.69,2.25
2013.08.16 14:01:29.642,0.83862,0.83888,1.50,2.63
2013.08.16 14:01:30.169,0.83862,0.83887,2.25,1.13
2013.08.16 14:01:30.552,0.83863,0.83887,1.13,1.13
2013.08.16 14:01:30.942,0.83863,0.83883,1.13,1.50
2013.08.16 14:01:31.242,0.83857,0.83883,3.19,1.50
2013.08.16 14:01:31.595,0.83857,0.83883,3.19,1.50
2013.08.16 14:01:32.003,0.83861,0.83884,1.32,1.50
2013.08.16 14:01:32.362,0.83861,0.83885,1.32,1.50
2013.08.16 14:01:32.422,0.83863,0.83887,1.32,1.50
2013.08.16 14:01:32.662,0.83857,0.83883,2.82,1.13
2013.08.16 14:01:32.722,0.83857,0.83884,2.44,1.13
2013.08.16 14:01:32.782,0.83857,0.83884,2.44,1.32
2013.08.16 14:01:32.842,0.83856,0.83879,1.13,1.50
2013.08.16 14:01:33.202,0.83856,0.83881,1.13,1.69
2013.08.16 14:01:33.532,0.83853,0.83879,1.32,1.50
2013.08.16 14:01:33.722,0.83851,0.83884,2.07,2.82
2013.08.16 14:01:34.467,0.83857,0.83884,1.13,1.69
2013.08.16 14:01:34.892,0.83857,0.83883,1.13,1.32
2013.08.16 14:01:35.802,0.83857,0.83884,1.13,1.69
2013.08.16 14:01:36.102,0.83858,0.83885,1.32,1.50
2013.08.16 14:01:36.162,0.83859,0.83888,1.69,2.07
2013.08.16 14:01:37.713,0.8386,0.83885,1.50,1.32
2013.08.16 14:01:38.327,0.8386,0.83885,1.50,1.69
2013.08.16 14:01:38.884,0.83861,0.83884,1.13,1.13
2013.08.16 14:01:39.453,0.83861,0.83885,1.13,1.69
2013.08.16 14:01:39.972,0.83861,0.83885,1.13,1.32
2013.08.16 14:01:40.669,0.83861,0.83885,1.13,1.32
2013.08.16 14:01:40.983,0.83859,0.83884,1.13,1.13
2013.08.16 14:01:41.329,0.83857,0.83881,1.50,1.69
2013.08.16 14:01:41.572,0.83862,0.83884,1.50,1.13
2013.08.16 14:01:42.272,0.83862,0.83884,1.13,1.88
2013.08.16 14:01:42.344,0.83856,0.8388,1.32,1.50
2013.08.16 14:01:43.114,0.83856,0.8388,1.32,1.50
2013.08.16 14:01:43.638,0.83856,0.8388,1.32,1.50
2013.08.16 14:01:44.293,0.83856,0.8388,1.32,1.50
2013.08.16 14:01:45.003,0.83853,0.8388,1.69,2.25
2013.08.16 14:01:45.399,0.83852,0.8388,1.32,2.25
2013.08.16 14:01:46.087,0.83852,0.8388,1.13,2.44
2013.08.16 14:01:46.281,0.83851,0.8388,1.69,2.44
2013.08.16 14:01:46.342,0.83851,0.83879,1.69,1.32
2013.08.16 14:01:46.402,0.8385,0.83877,2.07,1.13
2013.08.16 14:01:46.762,0.8385,0.83879,1.69,1.13
2013.08.16 14:01:47.123,0.83858,0.8388,1.13,2.25
2013.08.16 14:01:47.634,0.83858,0.8388,1.32,1.50
2013.08.16 14:01:47.754,0.83858,0.8388,2.07,1.13
2013.08.16 14:01:47.874,0.83858,0.83884,1.32,1.50
2013.08.16 14:01:48.244,0.83858,0.83883,1.32,1.32
2013.08.16 14:01:48.574,0.83858,0.83884,1.32,1.50
2013.08.16 14:01:49.356,0.83858,0.83878,1.32,1.13
2013.08.16 14:01:49.426,0.83856,0.83878,1.69,1.13
2013.08.16 14:01:50.124,0.83856,0.83878,1.50,1.13
2013.08.16 14:01:50.643,0.83856,0.83878,1.50,1.13
2013.08.16 14:01:51.005,0.83856,0.83878,1.13,1.50
2013.08.16 14:01:51.124,0.83856,0.83878,1.13,1.50
2013.08.16 14:01:51.654,0.83856,0.8388,1.50,1.69
2013.08.16 14:01:53.383,0.83853,0.8388,1.32,1.69
2013.08.16 14:01:53.732,0.83853,0.83878,1.50,2.07
2013.08.16 14:01:55.933,0.83856,0.83881,1.13,1.32
2013.08.16 14:01:56.139,0.83855,0.83879,1.50,1.32
2013.08.16 14:01:56.442,0.83847,0.83871,1.13,1.13
2013.08.16 14:01:56.622,0.83847,0.83874,1.13,1.69
2013.08.16 14:01:56.935,0.83847,0.83872,1.50,1.69
2013.08.16 14:01:56.993,0.83848,0.83872,1.13,1.69
2013.08.16 14:01:57.553,0.83849,0.83872,1.50,1.32
2013.08.16 14:01:58.447,0.83847,0.83873,1.13,1.32
2013.08.16 14:01:58.502,0.83847,0.83873,1.13,1.32
2013.08.16 14:01:58.682,0.83856,0.83876,1.13,2.44
2013.08.16 14:01:58.862,0.83854,0.83878,1.13,1.32
2013.08.16 14:01:59.554,0.83856,0.83879,1.13,1.69
2013.08.16 14:02:00.506,0.83857,0.83882,1.13,2.07
2013.08.16 14:02:01.493,0.83857,0.83882,1.13,2.07
2013.08.16 14:02:01.673,0.83857,0.83882,1.13,2.07
2013.08.16 14:02:01.922,0.83853,0.83876,1.13,1.13
2013.08.16 14:02:02.492,0.83854,0.83876,1.13,1.13
2013.08.16 14:02:03.144,0.83855,0.83876,1.50,1.13
2013.08.16 14:02:03.298,0.83852,0.83874,1.13,1.50
2013.08.16 14:02:03.423,0.83849,0.83873,1.13,1.13
2013.08.16 14:02:03.482,0.83849,0.83873,1.13,1.13
2013.08.16 14:02:03.996,0.83848,0.83873,1.69,1.13
2013.08.16 14:02:04.142,0.83848,0.83872,1.69,1.13
2013.08.16 14:02:06.750,0.83848,0.83872,1.32,1.13
2013.08.16 14:02:06.899,0.83847,0.83871,1.69,1.13
2013.08.16 14:02:07.433,0.83847,0.83868,1.13,1.50
2013.08.16 14:02:08.203,0.83847,0.83871,1.88,1.32
2013.08.16 14:02:08.728,0.83847,0.83871,1.50,1.32
2013.08.16 14:02:09.892,0.83848,0.83871,1.13,1.32
2013.08.16 14:02:10.193,0.83844,0.8387,1.69,1.50
2013.08.16 14:02:10.254,0.83844,0.8387,1.69,1.50
2013.08.16 14:02:11.074,0.83842,0.83867,2.07,1.13
2013.08.16 14:02:11.973,0.83843,0.83868,1.69,1.50
2013.08.16 14:02:12.484,0.83846,0.83871,1.13,1.50
2013.08.16 14:02:12.642,0.83845,0.83871,1.69,1.50
2013.08.16 14:02:13.283,0.83845,0.83869,1.32,1.13
2013.08.16 14:02:13.643,0.83845,0.83866,1.13,1.13
2013.08.16 14:02:13.763,0.83845,0.83866,1.13,1.13
2013.08.16 14:02:13.962,0.83845,0.83866,1.13,1.13
2013.08.16 14:02:14.712,0.83841,0.83866,1.69,1.13
2013.08.16 14:02:15.232,0.83841,0.83866,1.32,1.13
2013.08.16 14:02:15.733,0.83846,0.83869,1.13,2.44
2013.08.16 14:02:16.154,0.83847,0.83871,1.50,1.32
2013.08.16 14:02:16.889,0.83847,0.83871,1.50,1.32
2013.08.16 14:02:17.407,0.83847,0.83871,1.50,1.32
2013.08.16 14:02:18.103,0.83847,0.83871,1.50,1.69
2013.08.16 14:02:19.084,0.83847,0.83871,1.50,1.32
2013.08.16 14:02:19.202,0.83855,0.83873,1.13,1.13
2013.08.16 14:02:19.262,0.83855,0.83873,1.13,1.13
2013.08.16 14:02:21.643,0.83853,0.83873,1.13,1.13
2013.08.16 14:02:22.542,0.83854,0.83874,1.13,1.13
2013.08.16 14:02:22.723,0.83857,0.83874,1.88,1.13
2013.08.16 14:02:22.962,0.83857,0.83881,1.88,1.50
2013.08.16 14:02:23.162,0.83861,0.83881,1.13,1.50
2013.08.16 14:02:23.775,0.83861,0.83882,1.13,1.88
2013.08.16 14:02:24.560,0.83861,0.83882,1.13,1.88
2013.08.16 14:02:24.737,0.83861,0.83882,1.13,1.88
2013.08.16 14:02:24.942,0.83861,0.83882,1.13,1.88
2013.08.16 14:02:25.550,0.83861,0.83882,1.13,1.13
2013.08.16 14:02:25.856,0.83861,0.83882,1.13,1.13
2013.08.16 14:02:25.972,0.83861,0.83882,1.13,1.13
2013.08.16 14:02:27.169,0.83861,0.83882,1.13,1.13
2013.08.16 14:02:27.593,0.83861,0.83882,1.13,1.13
2013.08.16 14:02:27.892,0.83862,0.83887,1.50,2.07
2013.08.16 14:02:27.952,0.83867,0.83887,1.13,1.13
2013.08.16 14:02:28.072,0.83867,0.83893,1.13,1.69
2013.08.16 14:02:28.192,0.83867,0.8389,1.13,1.13
2013.08.16 14:02:28.373,0.83867,0.83894,1.32,1.69
2013.08.16 14:02:28.673,0.83862,0.83886,1.69,1.88
2013.08.16 14:02:29.204,0.83862,0.83885,1.50,1.50
2013.08.16 14:02:30.774,0.83862,0.83883,1.50,1.88
2013.08.16 14:02:31.175,0.83864,0.83885,1.50,1.32
2013.08.16 14:02:31.234,0.83864,0.83885,1.50,1.32
2013.08.16 14:02:32.213,0.83864,0.83886,1.50,1.32
2013.08.16 14:02:32.724,0.83864,0.83888,1.50,1.32
2013.08.16 14:02:36.752,0.83863,0.83885,1.13,1.69
2013.08.16 14:02:37.259,0.83863,0.83886,1.13,1.69
2013.08.16 14:02:39.432,0.83862,0.83888,1.13,1.32
2013.08.16 14:02:41.545,0.83865,0.83888,1.13,1.32
2013.08.16 14:02:43.383,0.83866,0.83889,1.13,2.44
2013.08.16 14:02:43.503,0.83866,0.83889,1.13,1.69
2013.08.16 14:02:44.763,0.83871,0.8389,1.13,1.50
2013.08.16 14:02:45.314,0.83871,0.83893,1.13,1.69
2013.08.16 14:02:45.613,0.83871,0.83894,1.13,1.69
2013.08.16 14:02:48.884,0.83874,0.83898,1.50,2.07
2013.08.16 14:02:49.482,0.83875,0.83902,1.32,2.07
2013.08.16 14:02:50.133,0.83878,0.83903,1.32,1.32
2013.08.16 14:02:50.532,0.83878,0.839,1.13,1.50
2013.08.16 14:02:51.214,0.83878,0.839,1.13,1.50
2013.08.16 14:02:51.335,0.83878,0.83901,1.13,1.69
2013.08.16 14:02:55.192,0.83878,0.83903,1.13,1.69
2013.08.16 14:02:55.443,0.83878,0.83906,1.50,1.69
2013.08.16 14:02:55.913,0.83878,0.83906,1.69,1.69
2013.08.16 14:02:56.453,0.83878,0.83908,2.82,1.13
2013.08.16 14:02:56.753,0.83883,0.83909,1.13,1.69
2013.08.16 14:02:57.109,0.8389,0.83911,1.13,1.13
2013.08.16 14:02:57.174,0.83884,0.83911,1.32,1.13
2013.08.16 14:02:57.303,0.83883,0.83912,2.07,1.32
2013.08.16 14:02:57.422,0.83884,0.83911,1.32,1.50
2013.08.16 14:02:59.058,0.83883,0.83909,1.13,1.13
2013.08.16 14:02:59.203,0.83878,0.83905,1.69,1.13
2013.08.16 14:02:59.607,0.83878,0.83903,1.50,1.13
2013.08.16 14:03:00.714,0.83878,0.83904,1.50,1.13
2013.08.16 14:03:01.274,0.83878,0.83904,1.13,1.32
2013.08.16 14:03:01.333,0.83877,0.83904,1.32,1.32
2013.08.16 14:03:01.822,0.83878,0.83907,2.07,2.44
2013.08.16 14:03:03.053,0.8388,0.83903,1.13,1.13
2013.08.16 14:03:03.573,0.8388,0.83903,1.13,1.50
2013.08.16 14:03:03.883,0.83882,0.83903,1.13,1.13
2013.08.16 14:03:04.014,0.83884,0.83905,1.13,1.13
2013.08.16 14:03:04.373,0.83883,0.83905,1.50,1.13
2013.08.16 14:03:05.403,0.83883,0.83905,1.69,1.13
2013.08.16 14:03:05.782,0.83881,0.83911,1.69,1.69
2013.08.16 14:03:05.903,0.83881,0.83905,1.69,1.13
2013.08.16 14:03:06.205,0.83883,0.83905,1.13,1.13
2013.08.16 14:03:06.393,0.83882,0.8391,1.50,2.07
2013.08.16 14:03:06.593,0.83882,0.8391,1.13,2.07
2013.08.16 14:03:06.963,0.83881,0.83909,1.50,1.69
2013.08.16 14:03:07.023,0.83881,0.83909,1.50,1.69
2013.08.16 14:03:07.560,0.8388,0.83907,1.50,1.69
2013.08.16 14:03:10.395,0.8388,0.83909,2.07,2.82
2013.08.16 14:03:10.743,0.83879,0.83907,1.50,1.69
2013.08.16 14:03:12.633,0.83879,0.83908,1.50,2.07
2013.08.16 14:03:13.754,0.8388,0.83906,1.13,1.69
2013.08.16 14:03:14.942,0.8388,0.83907,1.50,1.32
2013.08.16 14:03:15.574,0.8388,0.83907,1.69,2.07
2013.08.16 14:03:16.655,0.83881,0.83907,1.13,2.07
2013.08.16 14:03:17.240,0.83878,0.83907,1.32,2.07
2013.08.16 14:03:17.482,0.83878,0.83905,1.13,1.69
2013.08.16 14:03:18.179,0.83878,0.83907,1.32,2.07
2013.08.16 14:03:18.683,0.83879,0.83909,1.32,2.82
2013.08.16 14:03:19.823,0.83881,0.83904,1.13,1.69
2013.08.16 14:03:20.153,0.83881,0.83908,1.13,1.69
2013.08.16 14:03:20.212,0.83881,0.83908,1.13,1.69
2013.08.16 14:03:20.463,0.83881,0.83906,1.13,1.13
2013.08.16 14:03:21.107,0.83881,0.8391,1.50,2.44
2013.08.16 14:03:21.652,0.83883,0.83906,1.13,1.50
2013.08.16 14:03:21.982,0.83882,0.83906,1.32,1.88
2013.08.16 14:03:22.934,0.83881,0.83906,1.32,1.50
2013.08.16 14:03:22.993,0.83881,0.83907,1.32,1.69
2013.08.16 14:03:23.554,0.83881,0.83909,1.69,2.07
2013.08.16 14:03:25.612,0.83885,0.8391,1.13,2.44
2013.08.16 14:03:25.672,0.83882,0.83909,1.32,1.69
2013.08.16 14:03:26.182,0.83881,0.83909,1.69,1.69
2013.08.16 14:03:27.672,0.83881,0.83905,1.32,1.50
2013.08.16 14:03:28.561,0.83881,0.83905,1.32,1.50
2013.08.16 14:03:30.423,0.83881,0.83905,1.13,1.50
2013.08.16 14:03:31.192,0.83879,0.83905,1.13,1.69
2013.08.16 14:03:32.263,0.83879,0.83904,1.13,1.69
2013.08.16 14:03:34.521,0.83879,0.83903,1.13,1.69
2013.08.16 14:03:39.158,0.83876,0.83904,1.13,1.69
2013.08.16 14:03:40.462,0.83877,0.83903,1.13,1.69
2013.08.16 14:03:42.169,0.83877,0.83904,1.13,1.69
2013.08.16 14:03:43.022,0.83878,0.83902,1.13,1.69
2013.08.16 14:03:43.083,0.83876,0.83901,1.50,1.32
2013.08.16 14:03:43.142,0.83873,0.839,1.13,1.32
2013.08.16 14:03:43.203,0.83871,0.83899,1.50,2.07
2013.08.16 14:03:43.263,0.8387,0.83898,3.00,1.32
2013.08.16 14:03:43.624,0.8387,0.83889,1.50,1.50
2013.08.16 14:03:44.033,0.83864,0.83888,1.13,1.50
2013.08.16 14:03:45.196,0.83864,0.83888,1.13,1.50
2013.08.16 14:03:45.858,0.83867,0.83888,1.13,1.69
2013.08.16 14:03:46.459,0.83863,0.83888,2.63,1.69
2013.08.16 14:03:48.152,0.83863,0.83888,1.88,1.69
2013.08.16 14:03:50.934,0.83862,0.83888,1.32,2.25
2013.08.16 14:03:51.453,0.83862,0.83886,1.32,1.13
2013.08.16 14:03:51.693,0.83857,0.83883,1.69,1.50
2013.08.16 14:03:52.194,0.83859,0.83886,1.69,2.25
2013.08.16 14:03:52.314,0.83861,0.83888,1.32,1.50
2013.08.16 14:03:55.709,0.83858,0.83887,1.69,1.69
2013.08.16 14:03:55.865,0.83857,0.83886,1.32,1.69
2013.08.16 14:03:55.983,0.83855,0.83885,1.69,1.69
2013.08.16 14:03:56.103,0.83855,0.83884,1.13,2.07
2013.08.16 14:03:56.162,0.83855,0.83883,1.13,1.69
2013.08.16 14:03:56.294,0.83853,0.83882,1.50,1.32
2013.08.16 14:03:56.353,0.83852,0.83882,1.88,2.07
2013.08.16 14:03:56.857,0.83852,0.83878,1.88,1.50
2013.08.16 14:03:57.433,0.83852,0.83878,1.88,1.50
2013.08.16 14:03:58.083,0.83852,0.83878,1.88,1.50
2013.08.16 14:04:01.312,0.83852,0.83878,1.88,1.69
2013.08.16 14:04:02.068,0.83852,0.83878,1.88,1.69
2013.08.16 14:04:03.688,0.83852,0.83878,1.13,2.44
2013.08.16 14:04:04.238,0.83852,0.83878,1.13,3.19
2013.08.16 14:04:04.784,0.83852,0.83878,1.88,1.69
2013.08.16 14:04:05.695,0.83852,0.83877,1.13,2.07
2013.08.16 14:04:06.112,0.83847,0.83872,2.07,1.13
2013.08.16 14:04:06.635,0.83844,0.83872,1.69,2.07
2013.08.16 14:04:07.141,0.83844,0.83872,1.69,2.44
2013.08.16 14:04:07.474,0.83844,0.83872,1.50,2.82
2013.08.16 14:04:07.712,0.83844,0.83872,1.50,2.82
2013.08.16 14:04:08.635,0.83846,0.83872,1.32,2.63
2013.08.16 14:04:09.162,0.83844,0.83872,1.69,1.13
2013.08.16 14:04:09.645,0.83843,0.83872,2.07,1.50
2013.08.16 14:04:10.421,0.83844,0.83872,1.32,1.50
2013.08.16 14:04:10.856,0.83846,0.83873,1.32,2.07
2013.08.16 14:04:11.494,0.83847,0.83873,1.32,2.07
2013.08.16 14:04:12.014,0.83846,0.83871,1.32,1.88
2013.08.16 14:04:12.693,0.83844,0.83871,2.07,1.88
2013.08.16 14:04:13.359,0.83844,0.83871,2.07,1.88
2013.08.16 14:04:14.042,0.83844,0.83871,2.07,1.88
2013.08.16 14:04:15.897,0.83844,0.83871,2.07,2.07
2013.08.16 14:04:18.433,0.83844,0.8387,1.32,1.13
2013.08.16 14:04:21.315,0.83845,0.83869,1.50,1.13
2013.08.16 14:04:21.673,0.83841,0.83869,1.88,3.19
2013.08.16 14:04:21.864,0.83842,0.83869,1.13,3.19
2013.08.16 14:04:21.985,0.83842,0.83869,1.13,3.19
2013.08.16 14:04:22.059,0.83843,0.83869,1.13,2.44
2013.08.16 14:04:22.693,0.83846,0.83869,1.13,1.32
2013.08.16 14:04:23.464,0.83846,0.83872,1.13,1.69
2013.08.16 14:04:23.774,0.8385,0.83871,1.13,1.69
2013.08.16 14:04:23.833,0.83847,0.83871,1.13,1.69
2013.08.16 14:04:23.893,0.83844,0.83871,1.32,2.07
2013.08.16 14:04:24.186,0.83843,0.8387,1.32,1.13
2013.08.16 14:04:24.643,0.83842,0.83865,1.69,1.50
2013.08.16 14:04:26.357,0.83842,0.8387,1.13,2.82
2013.08.16 14:04:26.426,0.83847,0.8387,1.13,1.50
2013.08.16 14:04:26.543,0.83844,0.8387,1.69,1.88
2013.08.16 14:04:26.842,0.83841,0.83868,2.07,1.50
2013.08.16 14:04:27.383,0.83847,0.83871,1.88,1.13
2013.08.16 14:04:28.146,0.83847,0.8387,1.50,1.13
2013.08.16 14:04:28.721,0.83847,0.83873,1.50,1.32
2013.08.16 14:04:29.358,0.83847,0.83874,1.50,2.82
2013.08.16 14:04:30.533,0.83847,0.83873,1.50,1.50
2013.08.16 14:04:33.402,0.8385,0.83874,1.13,3.19
2013.08.16 14:04:35.083,0.8385,0.83874,1.13,3.19
2013.08.16 14:04:35.412,0.83851,0.83874,1.13,1.50
2013.08.16 14:04:37.563,0.83849,0.83873,1.32,1.50
2013.08.16 14:04:37.922,0.8385,0.83873,1.13,2.44
2013.08.16 14:04:38.104,0.83848,0.83873,1.13,2.44
2013.08.16 14:04:38.504,0.8385,0.83872,1.13,1.32
2013.08.16 14:04:38.705,0.8385,0.83872,1.13,2.07
2013.08.16 14:04:39.176,0.83848,0.83867,1.13,1.50
2013.08.16 14:04:40.443,0.83847,0.8387,1.32,1.13
2013.08.16 14:04:41.625,0.83845,0.83872,2.07,2.25
2013.08.16 14:04:41.806,0.83845,0.83872,2.44,2.25
2013.08.16 14:04:42.774,0.83845,0.83874,3.57,3.57
2013.08.16 14:04:42.892,0.83851,0.83874,1.32,4.13
2013.08.16 14:04:43.455,0.83858,0.83873,1.13,1.13
2013.08.16 14:04:43.773,0.83858,0.83871,1.13,1.13
2013.08.16 14:04:44.324,0.83853,0.8387,1.32,1.13
2013.08.16 14:04:45.913,0.83852,0.83875,1.69,1.13
2013.08.16 14:04:46.115,0.83852,0.83878,1.69,1.50
2013.08.16 14:04:47.163,0.83852,0.8388,1.69,1.13
2013.08.16 14:04:48.323,0.83852,0.8388,1.69,1.13
2013.08.16 14:04:49.075,0.83852,0.83879,1.69,1.13
2013.08.16 14:04:49.312,0.83851,0.83879,1.32,1.50
2013.08.16 14:04:50.214,0.83851,0.8388,2.07,1.32
2013.08.16 14:04:50.544,0.83851,0.83881,2.07,2.07
2013.08.16 14:04:50.872,0.83851,0.83878,1.32,1.69
2013.08.16 14:04:51.444,0.83851,0.83877,1.32,1.32
2013.08.16 14:04:51.903,0.83852,0.83878,1.32,2.07
2013.08.16 14:04:53.114,0.83852,0.83878,1.32,2.07
2013.08.16 14:04:53.293,0.83848,0.83874,1.32,1.50
2013.08.16 14:04:53.356,0.83848,0.83874,1.32,1.50
2013.08.16 14:04:54.114,0.83852,0.83875,1.13,1.13
2013.08.16 14:04:54.173,0.83852,0.83875,1.13,1.13
2013.08.16 14:04:54.234,0.83854,0.83876,1.50,1.32
2013.08.16 14:04:54.354,0.83854,0.83878,1.50,1.13
2013.08.16 14:04:54.475,0.83856,0.83879,1.13,1.69
2013.08.16 14:04:54.655,0.83855,0.83879,1.13,1.50
2013.08.16 14:04:54.714,0.83855,0.83879,1.13,1.50
2013.08.16 14:04:55.373,0.83854,0.83878,1.69,1.13
2013.08.16 14:04:56.192,0.83854,0.83878,1.69,1.50
2013.08.16 14:04:56.821,0.83856,0.83878,1.32,1.50
2013.08.16 14:04:57.537,0.83856,0.83883,1.32,1.32
2013.08.16 14:04:57.993,0.83856,0.83883,1.32,1.32
2013.08.16 14:05:00.113,0.83855,0.83883,2.07,1.69
2013.08.16 14:05:01.442,0.83855,0.83883,1.13,2.82
2013.08.16 14:05:04.063,0.83853,0.83882,1.69,1.32
2013.08.16 14:05:04.607,0.83853,0.83882,1.32,1.32
2013.08.16 14:05:05.183,0.83853,0.83882,1.32,1.32
2013.08.16 14:05:05.623,0.83855,0.83883,1.32,2.07
2013.08.16 14:05:06.130,0.83855,0.83883,1.32,2.82
2013.08.16 14:05:07.355,0.83855,0.83882,1.32,2.07
2013.08.16 14:05:07.713,0.83853,0.8388,1.69,1.13
2013.08.16 14:05:07.773,0.83851,0.8388,2.07,1.32
2013.08.16 14:05:07.953,0.83855,0.83878,1.50,1.13
2013.08.16 14:05:08.193,0.83855,0.8388,1.50,1.32
2013.08.16 14:05:08.675,0.83857,0.83883,1.32,1.13
2013.08.16 14:05:08.913,0.8386,0.83885,1.13,1.32
2013.08.16 14:05:09.033,0.83856,0.83885,1.69,1.32
2013.08.16 14:05:09.152,0.83856,0.83883,1.69,1.32
2013.08.16 14:05:11.305,0.83856,0.83883,1.13,1.32
2013.08.16 14:05:11.842,0.83856,0.83881,1.13,1.69
2013.08.16 14:05:12.323,0.83856,0.83881,1.13,1.69
2013.08.16 14:05:12.875,0.83855,0.8388,1.50,1.32
2013.08.16 14:05:13.303,0.83855,0.8388,1.50,1.32
2013.08.16 14:05:13.733,0.83856,0.8388,1.13,1.13
2013.08.16 14:05:14.675,0.83857,0.83881,1.13,1.32
2013.08.16 14:05:16.912,0.83859,0.83881,1.13,2.07
2013.08.16 14:05:16.972,0.83859,0.83881,1.13,2.07
2013.08.16 14:05:17.424,0.83856,0.83882,1.13,2.07
2013.08.16 14:05:17.483,0.83856,0.83879,1.13,1.32
2013.08.16 14:05:17.743,0.83856,0.83879,1.13,1.69
2013.08.16 14:05:18.353,0.83854,0.83879,1.13,1.32
2013.08.16 14:05:18.864,0.83851,0.83875,1.32,1.50
2013.08.16 14:05:19.103,0.83851,0.83874,1.13,1.50
2013.08.16 14:05:19.365,0.83851,0.83874,1.13,1.32
2013.08.16 14:05:22.515,0.83851,0.83875,1.13,1.50
2013.08.16 14:05:23.135,0.83851,0.83875,1.13,1.88
2013.08.16 14:05:23.798,0.83851,0.83875,1.13,1.88
2013.08.16 14:05:25.545,0.83848,0.83875,2.07,1.88
2013.08.16 14:05:26.542,0.83848,0.83875,2.07,1.88
2013.08.16 14:05:26.614,0.83848,0.83873,1.32,1.50
2013.08.16 14:05:26.733,0.83846,0.83869,2.07,1.50
2013.08.16 14:05:26.855,0.83846,0.83864,1.13,1.13
2013.08.16 14:05:27.215,0.83846,0.83864,1.13,1.32
2013.08.16 14:05:27.554,0.83846,0.83864,1.13,1.32
2013.08.16 14:05:27.613,0.83846,0.83864,1.13,1.88
2013.08.16 14:05:28.117,0.83846,0.83858,1.13,1.13
2013.08.16 14:05:28.533,0.83846,0.83863,1.13,1.88
2013.08.16 14:05:29.073,0.83846,0.83862,1.13,1.13
2013.08.16 14:05:29.585,0.83842,0.83867,1.50,1.69
2013.08.16 14:05:29.644,0.83842,0.83868,1.50,2.07
2013.08.16 14:05:29.954,0.83837,0.83865,1.32,1.13
2013.08.16 14:05:30.072,0.83839,0.83867,1.69,1.32
2013.08.16 14:05:30.373,0.83842,0.83867,2.07,1.13
2013.08.16 14:05:30.493,0.83843,0.83869,1.32,1.13
2013.08.16 14:05:30.613,0.83843,0.83869,1.32,1.13
2013.08.16 14:05:31.166,0.83843,0.8387,1.32,1.32
2013.08.16 14:05:31.643,0.83842,0.83869,1.32,1.13
2013.08.16 14:05:31.883,0.83837,0.83867,2.44,1.32
2013.08.16 14:05:32.062,0.83836,0.83865,1.32,1.50
2013.08.16 14:05:32.404,0.83833,0.83864,1.32,1.69
2013.08.16 14:05:32.585,0.83834,0.83864,1.69,1.69
2013.08.16 14:05:32.823,0.83833,0.83864,1.32,1.69
2013.08.16 14:05:33.552,0.83836,0.83864,1.88,2.44
2013.08.16 14:05:33.793,0.83841,0.83869,1.50,1.32
2013.08.16 14:05:33.853,0.83842,0.83869,1.50,1.32
2013.08.16 14:05:33.913,0.83841,0.83869,1.50,2.07
2013.08.16 14:05:34.034,0.83841,0.83869,1.50,2.07
2013.08.16 14:05:34.454,0.83837,0.83864,1.32,2.25
2013.08.16 14:05:34.874,0.83837,0.83861,1.50,1.13
2013.08.16 14:05:35.053,0.83837,0.83861,1.50,1.13
2013.08.16 14:05:35.592,0.83836,0.8386,1.13,1.69
2013.08.16 14:05:35.944,0.83838,0.8386,1.13,1.69
2013.08.16 14:05:36.004,0.83837,0.8386,1.13,1.69
2013.08.16 14:05:36.633,0.83834,0.8386,1.69,1.69
2013.08.16 14:05:37.293,0.83835,0.8386,1.13,1.69
2013.08.16 14:05:37.922,0.83835,0.83859,1.32,1.50
2013.08.16 14:05:37.984,0.83833,0.83859,1.32,1.50
2013.08.16 14:05:38.162,0.83833,0.8386,1.32,1.13
2013.08.16 14:05:38.223,0.83834,0.83862,1.50,2.07
2013.08.16 14:05:38.344,0.83832,0.83862,1.69,2.82
2013.08.16 14:05:38.583,0.83832,0.83858,1.13,1.69
2013.08.16 14:05:40.193,0.83831,0.83857,1.13,1.32
2013.08.16 14:05:40.384,0.83832,0.83857,1.13,1.32
2013.08.16 14:05:40.759,0.83832,0.83857,1.13,1.32
2013.08.16 14:05:41.084,0.83832,0.83858,2.07,1.32
2013.08.16 14:05:41.563,0.83832,0.83859,2.44,1.69
2013.08.16 14:05:42.075,0.83832,0.83858,1.69,1.50
2013.08.16 14:05:42.841,0.83832,0.83858,1.13,1.50
2013.08.16 14:05:43.144,0.83836,0.83859,1.13,1.13
2013.08.16 14:05:43.482,0.83839,0.83863,1.05,2.07
2013.08.16 14:05:43.615,0.83839,0.83863,1.05,1.32
2013.08.16 14:05:44.205,0.83842,0.83865,1.13,2.07
2013.08.16 14:05:44.383,0.83846,0.83865,1.13,1.88
2013.08.16 14:05:44.448,0.83846,0.83865,1.13,1.13
2013.08.16 14:05:44.943,0.83846,0.83871,1.13,1.13
2013.08.16 14:05:45.233,0.83846,0.8387,1.13,1.13
2013.08.16 14:05:45.653,0.83846,0.83871,1.13,1.69
2013.08.16 14:05:45.736,0.83846,0.83871,1.13,1.69
2013.08.16 14:05:45.973,0.83846,0.83856,1.13,1.13
2013.08.16 14:05:46.284,0.83846,0.83871,1.13,1.69
2013.08.16 14:05:46.342,0.83846,0.83871,1.13,1.69
2013.08.16 14:05:46.900,0.8385,0.8386,1.32,1.13
2013.08.16 14:05:47.079,0.83852,0.83861,1.13,1.13
2013.08.16 14:05:47.183,0.83852,0.83876,1.13,1.69
2013.08.16 14:05:47.305,0.83852,0.83875,1.13,1.13
2013.08.16 14:05:47.524,0.8385,0.83875,1.32,1.88
2013.08.16 14:05:47.704,0.83848,0.83874,1.50,1.32
2013.08.16 14:05:47.899,0.83847,0.83873,1.13,1.69
2013.08.16 14:05:48.654,0.83847,0.83874,1.13,1.69
2013.08.16 14:05:48.895,0.83848,0.83874,1.50,1.69
2013.08.16 14:05:49.455,0.83846,0.83872,2.07,1.50
2013.08.16 14:05:50.381,0.83846,0.83872,2.44,1.50
2013.08.16 14:05:50.876,0.83847,0.83872,1.13,2.25
2013.08.16 14:05:51.392,0.83847,0.83872,1.13,1.50
2013.08.16 14:05:52.634,0.83849,0.83872,1.13,1.50
2013.08.16 14:05:54.263,0.83848,0.83871,1.13,1.13
2013.08.16 14:05:56.377,0.83849,0.83872,1.13,1.32
2013.08.16 14:05:56.992,0.83848,0.83871,1.13,1.32
2013.08.16 14:05:57.534,0.83848,0.83872,1.13,1.32
2013.08.16 14:06:00.624,0.83845,0.83871,2.07,1.32
2013.08.16 14:06:01.213,0.83845,0.83872,2.07,1.32
2013.08.16 14:06:01.838,0.83845,0.83874,2.07,1.69
2013.08.16 14:06:02.747,0.83845,0.83873,1.88,1.69
2013.08.16 14:06:08.194,0.83845,0.83872,1.13,1.69
2013.08.16 14:06:08.313,0.83842,0.83874,1.32,3.19
2013.08.16 14:06:08.673,0.83847,0.8387,1.13,1.32
2013.08.16 14:06:09.033,0.83859,0.83887,1.13,1.69
2013.08.16 14:06:09.393,0.8386,0.83891,1.88,1.32
2013.08.16 14:06:09.454,0.8386,0.83891,1.88,1.32
2013.08.16 14:06:10.953,0.83852,0.83881,1.69,1.13
2013.08.16 14:06:11.463,0.83851,0.83879,2.44,1.13
2013.08.16 14:06:11.582,0.8385,0.83879,1.32,1.88
2013.08.16 14:06:12.553,0.83851,0.83879,1.32,1.13
2013.08.16 14:06:13.293,0.83851,0.83879,2.07,1.13
2013.08.16 14:06:13.804,0.83856,0.8388,1.32,1.13
2013.08.16 14:06:14.623,0.83856,0.8387,2.07,1.13
2013.08.16 14:06:14.742,0.83856,0.83874,2.07,1.13
2013.08.16 14:06:14.802,0.83857,0.83874,1.69,1.13
2013.08.16 14:06:14.983,0.83857,0.83884,1.69,1.13
2013.08.16 14:06:15.102,0.83857,0.83886,1.69,2.44
2013.08.16 14:06:15.734,0.83857,0.83884,1.69,1.50
2013.08.16 14:06:16.450,0.83858,0.83881,1.69,1.13
2013.08.16 14:06:16.643,0.83858,0.83886,1.69,1.50
2013.08.16 14:06:17.354,0.83858,0.83888,1.69,1.69
2013.08.16 14:06:18.012,0.83857,0.83888,2.07,1.69
2013.08.16 14:06:19.313,0.83857,0.83888,2.07,1.69
2013.08.16 14:06:19.373,0.83857,0.83888,2.07,1.69
2013.08.16 14:06:22.633,0.8386,0.83887,1.13,1.32
2013.08.16 14:06:23.063,0.83858,0.83887,1.32,1.32
2013.08.16 14:06:23.125,0.83865,0.83888,1.13,2.07
2013.08.16 14:06:23.303,0.83865,0.83888,1.13,1.32
2013.08.16 14:06:23.449,0.83867,0.83888,1.13,1.13
2013.08.16 14:06:24.106,0.83867,0.83893,1.13,2.07
2013.08.16 14:06:24.803,0.83867,0.83893,1.13,2.07
2013.08.16 14:06:24.944,0.83867,0.83893,1.13,2.07
2013.08.16 14:06:25.813,0.83867,0.83893,1.13,1.32
2013.08.16 14:06:26.164,0.83867,0.83893,1.13,2.07
2013.08.16 14:06:26.224,0.83867,0.83893,1.13,2.07
2013.08.16 14:06:26.749,0.83867,0.83893,1.13,2.07
2013.08.16 14:06:27.046,0.83867,0.83893,1.13,2.07
2013.08.16 14:06:27.588,0.83867,0.83893,1.13,2.44
2013.08.16 14:06:28.112,0.83867,0.83893,1.13,2.44
2013.08.16 14:06:28.503,0.83862,0.83893,2.44,2.44
2013.08.16 14:06:30.844,0.83864,0.83893,1.32,3.19
2013.08.16 14:06:31.403,0.83863,0.83889,1.13,1.69
2013.08.16 14:06:31.584,0.83861,0.83888,1.13,1.32
2013.08.16 14:06:31.643,0.83857,0.83888,2.44,2.07
2013.08.16 14:06:31.763,0.83857,0.83885,1.69,1.50
2013.08.16 14:06:32.224,0.83861,0.83887,1.32,1.13
2013.08.16 14:06:32.643,0.83861,0.83888,1.32,2.44
2013.08.16 14:06:32.764,0.83861,0.83886,1.13,1.13
2013.08.16 14:06:33.213,0.83861,0.83888,1.32,2.07
2013.08.16 14:06:33.634,0.83861,0.83888,1.32,1.69
2013.08.16 14:06:33.775,0.83861,0.83889,2.07,1.69
2013.08.16 14:06:34.406,0.83861,0.83886,2.07,1.13
2013.08.16 14:06:34.753,0.83861,0.83884,1.32,1.13
2013.08.16 14:06:35.577,0.83857,0.8388,1.50,1.13
2013.08.16 14:06:35.913,0.83852,0.83878,1.69,1.88
2013.08.16 14:06:37.443,0.83853,0.83878,1.32,1.88
2013.08.16 14:06:38.105,0.83857,0.83881,1.50,1.32
2013.08.16 14:06:38.543,0.83857,0.83882,1.69,1.32
2013.08.16 14:06:39.090,0.83857,0.83883,2.07,1.69
2013.08.16 14:06:39.153,0.83857,0.83883,1.32,1.69
2013.08.16 14:06:39.273,0.83857,0.83882,1.32,1.69
2013.08.16 14:06:40.632,0.83857,0.83881,1.32,1.13
2013.08.16 14:06:41.220,0.83857,0.83882,1.32,2.07
2013.08.16 14:06:41.778,0.83857,0.83882,1.32,1.32
2013.08.16 14:06:43.624,0.83859,0.83882,1.13,1.13
2013.08.16 14:06:43.983,0.83856,0.8388,1.32,1.88
2013.08.16 14:06:44.044,0.83856,0.8388,1.32,1.88
2013.08.16 14:06:45.184,0.83856,0.83878,2.07,1.13
2013.08.16 14:06:45.983,0.83851,0.83877,1.69,1.13
2013.08.16 14:06:46.044,0.83851,0.83877,1.69,1.13
2013.08.16 14:06:46.564,0.83851,0.83877,2.07,1.13
2013.08.16 14:06:47.231,0.83851,0.83877,2.07,1.13
2013.08.16 14:06:47.971,0.83851,0.83877,2.07,1.32
2013.08.16 14:06:48.393,0.83853,0.83879,1.13,2.07
2013.08.16 14:06:48.674,0.83857,0.83878,1.13,1.88
2013.08.16 14:06:48.732,0.83854,0.83878,1.50,2.25
2013.08.16 14:06:48.912,0.83856,0.83879,1.13,1.13
2013.08.16 14:06:49.426,0.83857,0.8388,1.13,1.32
2013.08.16 14:06:49.693,0.83851,0.83878,2.07,1.13
2013.08.16 14:06:50.003,0.83851,0.83878,1.50,1.32
2013.08.16 14:06:50.442,0.83851,0.83878,1.50,1.32
2013.08.16 14:06:50.873,0.83851,0.83878,1.88,1.32
2013.08.16 14:06:53.288,0.83851,0.83874,1.88,1.13
2013.08.16 14:06:54.883,0.83851,0.83874,2.07,1.13
2013.08.16 14:06:56.083,0.83851,0.83874,2.07,1.13
2013.08.16 14:06:56.796,0.83851,0.83874,1.88,1.13
2013.08.16 14:06:57.305,0.83851,0.83873,1.13,1.13
2013.08.16 14:06:57.664,0.83847,0.8387,1.32,1.13
2013.08.16 14:06:59.253,0.83847,0.83873,2.07,1.50
2013.08.16 14:06:59.743,0.83847,0.83873,2.07,1.50
2013.08.16 14:06:59.854,0.83847,0.83873,2.07,1.50
2013.08.16 14:07:00.381,0.83847,0.83873,2.07,1.88
2013.08.16 14:07:00.722,0.83847,0.83873,2.07,1.69
2013.08.16 14:07:01.254,0.83845,0.83869,1.32,1.50
2013.08.16 14:07:02.934,0.83845,0.83869,1.32,1.50
2013.08.16 14:07:03.054,0.83845,0.83868,1.13,1.50
2013.08.16 14:07:03.693,0.83845,0.83868,1.13,1.32
2013.08.16 14:07:04.003,0.83845,0.83866,1.13,1.50
2013.08.16 14:07:04.263,0.83852,0.83878,1.13,1.50
2013.08.16 14:07:04.623,0.83854,0.83879,1.13,1.88
2013.08.16 14:07:04.943,0.83855,0.83873,1.13,4.88
2013.08.16 14:07:05.443,0.83856,0.83884,1.13,1.13
2013.08.16 14:07:05.752,0.83858,0.83883,1.13,1.13
2013.08.16 14:07:06.053,0.83867,0.83891,1.13,2.07
2013.08.16 14:07:06.393,0.83867,0.83892,1.13,2.07
2013.08.16 14:07:09.513,0.83867,0.8389,1.13,1.13
2013.08.16 14:07:10.752,0.83866,0.83889,1.32,1.13
2013.08.16 14:07:10.963,0.83867,0.83881,1.32,4.50
2013.08.16 14:07:11.033,0.83867,0.83889,1.32,1.50
2013.08.16 14:07:11.226,0.83867,0.83889,1.32,1.50
2013.08.16 14:07:11.285,0.83867,0.83893,1.32,2.82
2013.08.16 14:07:11.907,0.83867,0.83892,1.13,1.32
2013.08.16 14:07:12.022,0.83867,0.83892,1.13,1.32
2013.08.16 14:07:15.688,0.83865,0.83889,1.13,2.07
2013.08.16 14:07:16.344,0.83867,0.8389,1.13,1.32
2013.08.16 14:07:17.597,0.83867,0.83892,1.13,1.69
2013.08.16 14:07:17.714,0.83867,0.83892,1.13,1.69
2013.08.16 14:07:18.205,0.83864,0.83892,1.32,1.69
2013.08.16 14:07:18.383,0.83867,0.83893,1.13,1.69
2013.08.16 14:07:18.723,0.83868,0.83894,1.13,1.32
2013.08.16 14:07:18.783,0.83868,0.83894,1.13,1.32
2013.08.16 14:07:19.314,0.83867,0.83892,1.13,1.13
2013.08.16 14:07:19.573,0.83869,0.83896,1.13,1.32
2013.08.16 14:07:19.948,0.83877,0.83901,1.13,1.88
2013.08.16 14:07:20.323,0.83877,0.83902,1.13,1.13
2013.08.16 14:07:20.854,0.83877,0.83899,1.13,1.13
2013.08.16 14:07:21.316,0.83877,0.83899,1.13,1.13
2013.08.16 14:07:21.683,0.83877,0.83899,1.13,1.13
2013.08.16 14:07:22.092,0.83877,0.83899,1.50,1.50
2013.08.16 14:07:22.414,0.83877,0.83901,1.13,1.88
2013.08.16 14:07:23.373,0.83877,0.83901,1.69,1.50
2013.08.16 14:07:26.013,0.83877,0.83903,1.50,1.32
2013.08.16 14:07:26.223,0.83877,0.83906,1.88,1.32
2013.08.16 14:07:26.736,0.83877,0.839,1.13,1.13
2013.08.16 14:07:26.803,0.83877,0.83905,1.13,1.69
2013.08.16 14:07:27.236,0.83879,0.83907,1.69,1.32
2013.08.16 14:07:28.025,0.83882,0.83907,1.13,1.32
2013.08.16 14:07:28.689,0.83882,0.83907,1.88,1.32
2013.08.16 14:07:30.147,0.83882,0.83907,1.88,1.32
2013.08.16 14:07:30.984,0.83882,0.83907,1.88,1.32
2013.08.16 14:07:33.932,0.83882,0.8391,1.88,2.07
2013.08.16 14:07:37.804,0.83882,0.83907,1.13,1.88
2013.08.16 14:07:38.333,0.83882,0.83907,1.13,1.88
2013.08.16 14:07:38.454,0.83885,0.83907,1.13,1.88
2013.08.16 14:07:38.980,0.83885,0.83907,1.13,1.13
2013.08.16 14:07:39.487,0.83885,0.83908,1.13,1.13
2013.08.16 14:07:41.383,0.83885,0.83909,1.32,1.50
2013.08.16 14:07:41.443,0.83888,0.83912,1.13,1.32
2013.08.16 14:07:41.703,0.83892,0.83912,1.13,1.13
2013.08.16 14:07:42.827,0.83886,0.83912,1.69,1.50
2013.08.16 14:07:43.163,0.83891,0.83915,1.13,1.32
2013.08.16 14:07:43.223,0.8389,0.83915,1.13,1.69
2013.08.16 14:07:43.463,0.83892,0.83914,1.13,1.13
2013.08.16 14:07:44.755,0.83892,0.83914,1.13,1.50
2013.08.16 14:07:45.456,0.83892,0.83914,1.13,1.50
2013.08.16 14:07:46.008,0.83892,0.83914,1.13,1.50
2013.08.16 14:07:46.314,0.839,0.83922,1.13,1.50
2013.08.16 14:07:46.375,0.839,0.83922,1.13,1.50
2013.08.16 14:07:46.493,0.83901,0.83922,1.13,1.50
2013.08.16 14:07:46.674,0.839,0.83926,1.32,1.32
2013.08.16 14:07:46.734,0.83896,0.83926,2.44,1.32
2013.08.16 14:07:47.464,0.83896,0.83925,2.07,1.13
2013.08.16 14:07:47.704,0.83897,0.83925,1.69,1.13
2013.08.16 14:07:52.354,0.83897,0.83924,1.32,1.69
2013.08.16 14:07:53.324,0.83896,0.83925,1.32,1.32
2013.08.16 14:07:54.204,0.83896,0.8392,1.32,1.13
2013.08.16 14:07:55.650,0.83896,0.83921,1.32,1.88
2013.08.16 14:07:57.193,0.83896,0.83921,1.32,1.88
2013.08.16 14:07:57.373,0.83896,0.8392,1.32,1.88
2013.08.16 14:07:57.743,0.83896,0.83918,1.32,1.13
2013.08.16 14:07:58.083,0.83898,0.8392,1.13,1.13
2013.08.16 14:07:58.383,0.83892,0.83916,1.69,1.13
2013.08.16 14:07:58.624,0.83892,0.83916,1.69,1.13
2013.08.16 14:07:58.745,0.83892,0.83916,1.69,1.13
2013.08.16 14:07:58.805,0.83892,0.83916,1.50,1.13
2013.08.16 14:07:58.954,0.83892,0.83913,1.50,1.13
2013.08.16 14:07:59.486,0.83886,0.83913,1.50,2.07
2013.08.16 14:08:00.614,0.83886,0.83908,1.50,1.13
2013.08.16 14:08:00.974,0.83882,0.83903,1.50,1.69
2013.08.16 14:08:01.649,0.83882,0.83902,1.50,1.32
2013.08.16 14:08:02.172,0.83882,0.83904,1.50,1.69
2013.08.16 14:08:03.443,0.83883,0.83905,1.13,1.13
2013.08.16 14:08:03.933,0.83887,0.83909,1.50,2.07
2013.08.16 14:08:03.994,0.83887,0.83909,1.50,2.07
2013.08.16 14:08:05.622,0.83885,0.83911,1.50,1.32
2013.08.16 14:08:06.015,0.83885,0.83912,1.50,2.44
2013.08.16 14:08:06.073,0.83889,0.83916,1.50,1.32
2013.08.16 14:08:06.435,0.83891,0.83918,1.50,2.44
2013.08.16 14:08:06.614,0.83891,0.83908,1.50,3.75
2013.08.16 14:08:06.733,0.83891,0.83918,1.50,2.44
2013.08.16 14:08:07.039,0.83891,0.83918,1.50,2.44
2013.08.16 14:08:07.264,0.83887,0.83913,1.50,1.13
2013.08.16 14:08:07.324,0.83887,0.83913,1.50,1.13
2013.08.16 14:08:07.568,0.83887,0.83913,1.50,1.50
2013.08.16 14:08:08.056,0.83886,0.83913,1.88,1.13
2013.08.16 14:08:08.115,0.83887,0.83914,1.50,1.32
2013.08.16 14:08:08.236,0.83886,0.83913,2.82,1.13
2013.08.16 14:08:08.444,0.83886,0.83913,2.82,1.13
2013.08.16 14:08:09.784,0.83886,0.83913,2.07,1.13
2013.08.16 14:08:11.415,0.83886,0.83913,2.07,1.32
2013.08.16 14:08:12.163,0.8389,0.83914,1.50,1.32
2013.08.16 14:08:13.043,0.83894,0.83923,1.50,2.44
2013.08.16 14:08:14.106,0.83894,0.83913,1.50,1.13
2013.08.16 14:08:14.404,0.83894,0.8391,1.50,1.13
2013.08.16 14:08:14.715,0.83894,0.83908,1.50,1.13
2013.08.16 14:08:15.864,0.83894,0.83921,1.50,1.32
2013.08.16 14:08:18.944,0.83892,0.83918,1.32,1.13
2013.08.16 14:08:19.124,0.83888,0.83913,1.69,1.13
2013.08.16 14:08:19.244,0.83887,0.83913,1.50,1.13
2013.08.16 14:08:20.040,0.83887,0.83913,1.50,1.13
2013.08.16 14:08:21.034,0.83887,0.83911,1.50,3.75
2013.08.16 14:08:21.155,0.83887,0.83915,2.25,1.69
2013.08.16 14:08:21.251,0.83887,0.83915,2.25,1.69
2013.08.16 14:08:21.614,0.83887,0.83915,2.25,2.44
2013.08.16 14:08:22.154,0.83887,0.83914,2.25,1.32
2013.08.16 14:08:22.493,0.83887,0.83913,1.69,1.13
2013.08.16 14:08:22.783,0.83887,0.83913,1.69,1.13
2013.08.16 14:08:22.865,0.83888,0.83916,1.50,1.69
2013.08.16 14:08:30.344,0.83887,0.83913,1.69,1.32
2013.08.16 14:08:30.913,0.83884,0.83913,1.69,1.69
2013.08.16 14:08:31.153,0.83884,0.83912,2.07,1.32
2013.08.16 14:08:32.980,0.83884,0.83912,2.07,1.32
2013.08.16 14:08:34.845,0.83884,0.83912,1.69,1.69
2013.08.16 14:08:36.653,0.83881,0.83909,2.07,2.07
2013.08.16 14:08:36.713,0.83881,0.83908,2.07,1.13
2013.08.16 14:08:37.364,0.83882,0.83907,1.13,1.88
2013.08.16 14:08:37.983,0.83882,0.83908,1.13,2.07
2013.08.16 14:08:38.345,0.83884,0.83909,1.88,1.13
2013.08.16 14:08:38.739,0.83889,0.83913,1.13,1.50
2013.08.16 14:08:39.009,0.83887,0.83915,1.69,1.13
2013.08.16 14:08:39.552,0.83886,0.83914,1.32,1.88
2013.08.16 14:08:39.975,0.83886,0.83914,1.50,2.07
2013.08.16 14:08:40.480,0.83887,0.83914,2.07,1.13
2013.08.16 14:08:41.013,0.83889,0.83914,1.50,1.13
2013.08.16 14:08:41.628,0.83889,0.83912,1.88,1.13
2013.08.16 14:08:42.233,0.83892,0.83912,1.13,1.13
2013.08.16 14:08:42.714,0.83887,0.83912,1.69,1.13
2013.08.16 14:08:42.833,0.83885,0.83912,1.69,1.13
2013.08.16 14:08:43.135,0.83881,0.83909,2.07,1.50
2013.08.16 14:08:43.464,0.83879,0.83909,1.32,1.50
2013.08.16 14:08:43.824,0.83887,0.83913,2.25,1.50
2013.08.16 14:08:43.883,0.83891,0.83914,1.13,1.13
2013.08.16 14:08:44.753,0.83887,0.83914,2.44,1.88
2013.08.16 14:08:45.225,0.83889,0.83914,1.32,1.13
2013.08.16 14:08:47.673,0.83888,0.83914,1.32,1.32
2013.08.16 14:08:48.280,0.83891,0.83914,1.50,1.32
2013.08.16 14:08:49.345,0.83888,0.83913,1.13,1.50
2013.08.16 14:08:49.775,0.83887,0.83913,2.07,1.50
2013.08.16 14:08:49.937,0.83887,0.83913,2.07,1.50
2013.08.16 14:08:50.144,0.83887,0.83913,2.07,1.50
2013.08.16 14:08:50.677,0.83887,0.83911,1.32,1.13
2013.08.16 14:08:51.299,0.83887,0.83913,1.32,1.50
2013.08.16 14:08:51.684,0.83887,0.83912,1.32,1.50
2013.08.16 14:08:52.300,0.83888,0.83913,1.32,1.50
2013.08.16 14:08:53.244,0.83895,0.83919,1.13,1.88
2013.08.16 14:08:53.683,0.83896,0.83919,1.13,1.88
2013.08.16 14:08:54.023,0.83902,0.83923,1.13,2.25
2013.08.16 14:08:54.383,0.83909,0.83929,1.13,1.32
2013.08.16 14:08:54.903,0.83906,0.83927,1.13,1.13
2013.08.16 14:08:55.023,0.83902,0.8393,1.32,1.69
2013.08.16 14:08:55.203,0.83902,0.83928,1.32,2.25
2013.08.16 14:08:55.840,0.83902,0.83927,1.32,1.13
2013.08.16 14:08:59.084,0.83904,0.83928,1.88,1.32
2013.08.16 14:08:59.443,0.8391,0.83928,1.13,1.13
2013.08.16 14:08:59.953,0.83911,0.83939,1.50,1.17
2013.08.16 14:09:00.945,0.83911,0.83934,1.50,1.13
2013.08.16 14:09:01.006,0.83911,0.83938,1.50,1.54
2013.08.16 14:09:01.540,0.83911,0.83939,1.50,1.92
2013.08.16 14:09:04.584,0.83911,0.83939,1.50,1.17
2013.08.16 14:09:06.299,0.8391,0.83939,1.69,1.92
2013.08.16 14:09:07.416,0.8391,0.83939,1.69,1.17
2013.08.16 14:09:09.283,0.8391,0.83936,2.07,1.35
2013.08.16 14:09:09.344,0.83911,0.83936,2.44,1.35
2013.08.16 14:09:09.703,0.83919,0.83936,1.13,1.13
2013.08.16 14:09:10.397,0.83916,0.83936,1.69,1.35
2013.08.16 14:09:10.524,0.8392,0.83936,1.69,1.35
2013.08.16 14:09:11.303,0.83916,0.83936,1.69,1.35
2013.08.16 14:09:11.484,0.83912,0.83936,1.50,1.35
2013.08.16 14:09:11.543,0.83911,0.83936,1.50,1.35
2013.08.16 14:09:11.843,0.83911,0.83938,1.50,1.35
2013.08.16 14:09:12.153,0.83906,0.83937,1.50,1.73
2013.08.16 14:09:13.288,0.83912,0.83935,1.50,1.32
2013.08.16 14:09:13.404,0.83911,0.83935,1.50,1.32
2013.08.16 14:09:13.796,0.83911,0.83935,1.50,1.32
2013.08.16 14:09:14.346,0.83911,0.83935,1.50,1.32
2013.08.16 14:09:15.583,0.83916,0.83939,1.50,1.17
2013.08.16 14:09:15.913,0.83911,0.83937,1.69,1.17
2013.08.16 14:09:16.454,0.83911,0.83938,1.50,1.17
2013.08.16 14:09:17.523,0.83911,0.83938,1.50,1.54
2013.08.16 14:09:17.855,0.83907,0.83933,1.50,1.69
2013.08.16 14:09:18.045,0.83906,0.83932,1.69,2.07
2013.08.16 14:09:18.655,0.83905,0.83932,1.69,1.69
2013.08.16 14:09:18.845,0.83905,0.83931,1.50,1.69
2013.08.16 14:09:19.025,0.83896,0.83923,1.69,1.50
2013.08.16 14:09:19.085,0.83896,0.83921,1.50,1.88
2013.08.16 14:09:19.444,0.8389,0.83919,1.69,1.13
2013.08.16 14:09:19.626,0.83887,0.83916,1.69,1.50
2013.08.16 14:09:19.685,0.83887,0.83914,1.69,1.50
2013.08.16 14:09:19.875,0.83884,0.83914,1.69,1.50
2013.08.16 14:09:19.935,0.83884,0.83914,1.69,1.69
2013.08.16 14:09:20.443,0.83881,0.83912,1.69,1.13
2013.08.16 14:09:21.303,0.83881,0.83911,1.69,1.13
2013.08.16 14:09:22.943,0.83881,0.83911,1.69,1.32
2013.08.16 14:09:25.165,0.83881,0.83909,1.69,1.13
2013.08.16 14:09:25.624,0.83885,0.83909,1.69,1.13
2013.08.16 14:09:25.993,0.8389,0.83917,1.50,1.32
2013.08.16 14:09:26.772,0.83887,0.83917,2.07,2.07
2013.08.16 14:09:29.954,0.83887,0.83917,2.07,1.69
2013.08.16 14:09:32.564,0.83889,0.83917,1.69,1.13
2013.08.16 14:09:35.143,0.83891,0.83919,1.69,1.69
2013.08.16 14:09:35.263,0.83895,0.83919,1.13,1.13
2013.08.16 14:09:35.595,0.83895,0.83918,1.32,1.13
2013.08.16 14:09:36.004,0.83896,0.8392,1.32,1.13
2013.08.16 14:09:36.585,0.83898,0.83922,1.13,2.07
2013.08.16 14:09:38.224,0.83895,0.83918,1.69,1.13
2013.08.16 14:09:38.463,0.83896,0.83918,1.13,1.13
2013.08.16 14:09:38.643,0.83893,0.83918,1.69,1.50
2013.08.16 14:09:38.703,0.83892,0.83918,2.44,1.50
2013.08.16 14:09:39.212,0.83889,0.83917,1.69,1.32
2013.08.16 14:09:39.575,0.83886,0.83914,1.69,1.13
2013.08.16 14:09:40.103,0.83885,0.83913,1.69,1.88
2013.08.16 14:09:40.614,0.83884,0.83913,1.32,1.69
2013.08.16 14:09:41.601,0.83883,0.83913,2.07,2.07
2013.08.16 14:09:42.102,0.83885,0.83913,1.32,1.69
2013.08.16 14:09:42.850,0.83885,0.83913,1.32,1.69
2013.08.16 14:09:43.154,0.83885,0.83913,1.32,2.07
2013.08.16 14:09:44.493,0.83885,0.83913,1.32,2.07
2013.08.16 14:09:45.617,0.83884,0.83913,1.32,2.44
2013.08.16 14:09:46.613,0.83885,0.83913,1.32,2.07
2013.08.16 14:09:46.966,0.83887,0.83914,1.69,1.69
2013.08.16 14:09:47.934,0.83887,0.83914,2.44,1.69
2013.08.16 14:09:48.453,0.83887,0.83915,2.44,1.13
2013.08.16 14:09:48.954,0.83887,0.83915,2.82,1.13
2013.08.16 14:09:49.904,0.83887,0.83912,2.07,1.13
2013.08.16 14:09:51.843,0.83887,0.83911,1.69,1.13
2013.08.16 14:09:52.423,0.83887,0.8391,1.69,1.13
2013.08.16 14:09:54.140,0.83885,0.83909,1.32,1.13
2013.08.16 14:09:54.442,0.83888,0.83911,1.13,1.13
2013.08.16 14:09:54.502,0.83886,0.8391,1.32,1.13
2013.08.16 14:09:55.052,0.83886,0.83909,1.32,1.13
2013.08.16 14:09:55.488,0.83882,0.83908,2.44,1.50
2013.08.16 14:09:55.557,0.83882,0.83906,2.82,1.13
2013.08.16 14:09:56.612,0.83883,0.83906,1.32,1.13
2013.08.16 14:09:57.166,0.83883,0.83907,1.32,1.13
2013.08.16 14:09:57.738,0.83882,0.83908,2.82,1.50
2013.08.16 14:09:58.055,0.83886,0.83906,1.13,1.13
2013.08.16 14:09:58.412,0.83882,0.83908,1.13,2.82
2013.08.16 14:09:59.050,0.83882,0.83906,1.13,1.13
2013.08.16 14:09:59.694,0.83882,0.83907,1.13,1.13
2013.08.16 14:10:00.474,0.83882,0.83904,1.13,1.13
2013.08.16 14:10:05.664,0.83881,0.83904,1.13,1.13
2013.08.16 14:10:05.953,0.83879,0.83904,2.07,1.13
2013.08.16 14:10:06.434,0.83886,0.83908,1.32,1.13
2013.08.16 14:10:07.029,0.83889,0.83912,1.50,1.13
2013.08.16 14:10:07.333,0.83892,0.83919,1.69,1.50
2013.08.16 14:10:07.834,0.8389,0.83919,2.44,2.25
2013.08.16 14:10:08.073,0.83889,0.83918,1.32,1.69
2013.08.16 14:10:08.253,0.83889,0.8392,1.32,1.69
2013.08.16 14:10:08.373,0.83889,0.8392,1.32,1.69
2013.08.16 14:10:08.983,0.83889,0.8392,1.32,1.69
2013.08.16 14:10:09.607,0.83892,0.83918,1.88,1.69
2013.08.16 14:10:10.131,0.83892,0.83918,1.88,1.69
2013.08.16 14:10:10.643,0.83892,0.83918,1.88,1.69
2013.08.16 14:10:11.594,0.83892,0.83918,1.13,1.69
2013.08.16 14:10:12.142,0.83889,0.83918,1.69,1.69
2013.08.16 14:10:12.682,0.83886,0.83914,2.07,1.50
2013.08.16 14:10:12.743,0.83886,0.83914,2.07,1.50
2013.08.16 14:10:12.862,0.83886,0.83914,2.82,1.50
2013.08.16 14:10:13.043,0.83886,0.83914,2.82,1.50
2013.08.16 14:10:13.243,0.83886,0.83916,2.82,1.69
2013.08.16 14:10:15.564,0.83889,0.83917,2.07,1.88
2013.08.16 14:10:17.025,0.83889,0.83917,2.07,1.13
2013.08.16 14:10:18.143,0.83892,0.83917,1.32,1.13
2013.08.16 14:10:20.431,0.83892,0.83917,1.69,1.13
2013.08.16 14:10:24.603,0.83892,0.83918,2.07,1.50
2013.08.16 14:10:27.075,0.83892,0.83918,2.07,1.50
2013.08.16 14:10:28.772,0.83891,0.83917,1.13,1.69
2013.08.16 14:10:29.044,0.8389,0.83915,1.32,1.13
2013.08.16 14:10:29.598,0.83887,0.83916,1.69,1.69
2013.08.16 14:10:29.773,0.83885,0.83916,2.44,1.69
2013.08.16 14:10:30.264,0.83886,0.83914,1.69,1.13
2013.08.16 14:10:30.383,0.83885,0.83914,1.69,1.88
2013.08.16 14:10:30.888,0.83885,0.83911,1.69,1.13
2013.08.16 14:10:31.424,0.83885,0.83909,1.69,1.13
2013.08.16 14:10:31.662,0.83885,0.83911,1.69,1.13
2013.08.16 14:10:32.752,0.83885,0.83911,1.32,1.32
2013.08.16 14:10:33.124,0.83881,0.83908,1.69,1.13
2013.08.16 14:10:33.902,0.83881,0.83906,1.13,1.32
2013.08.16 14:10:35.889,0.83881,0.83906,1.32,1.13
2013.08.16 14:10:37.984,0.83879,0.83906,1.32,1.50
2013.08.16 14:10:38.204,0.83879,0.83906,1.32,1.50
2013.08.16 14:10:38.764,0.83879,0.83906,1.69,1.13
2013.08.16 14:10:38.993,0.83881,0.83909,1.69,1.32
2013.08.16 14:10:39.294,0.83885,0.83914,1.69,2.82
2013.08.16 14:10:39.473,0.83882,0.83908,2.07,1.13
2013.08.16 14:10:39.595,0.83879,0.83908,2.44,1.50
2013.08.16 14:10:39.784,0.83879,0.83906,1.69,1.13
2013.08.16 14:10:40.043,0.83879,0.83907,2.44,1.13
2013.08.16 14:10:40.684,0.83886,0.8391,1.13,1.50
2013.08.16 14:10:42.243,0.83886,0.83916,1.32,1.69
2013.08.16 14:10:42.303,0.83886,0.83914,1.32,1.13
2013.08.16 14:10:42.424,0.83885,0.8391,1.32,1.13
2013.08.16 14:10:42.543,0.83882,0.8391,1.69,1.50
2013.08.16 14:10:42.667,0.83884,0.8391,1.50,1.13
2013.08.16 14:10:42.903,0.83886,0.83911,1.32,1.13
2013.08.16 14:10:43.333,0.83878,0.83908,2.44,1.13
2013.08.16 14:10:43.393,0.83878,0.83906,1.69,1.13
2013.08.16 14:10:43.513,0.83877,0.83905,1.32,1.88
2013.08.16 14:10:44.715,0.83877,0.83905,1.32,1.88
2013.08.16 14:10:44.873,0.83877,0.83905,2.07,1.88
2013.08.16 14:10:45.605,0.83882,0.83905,1.13,1.13
2013.08.16 14:10:45.931,0.83881,0.83906,1.32,1.32
2013.08.16 14:10:46.522,0.83885,0.83907,1.13,1.32
2013.08.16 14:10:48.194,0.83885,0.83908,1.13,1.13
2013.08.16 14:10:48.754,0.83887,0.8391,1.13,1.13
2013.08.16 14:10:49.312,0.83887,0.83911,1.13,2.07
2013.08.16 14:10:49.449,0.83887,0.83911,1.13,2.07
2013.08.16 14:10:50.214,0.83887,0.83911,1.13,2.07
2013.08.16 14:10:55.327,0.83886,0.83912,1.13,1.32
2013.08.16 14:10:55.883,0.83882,0.8391,2.44,1.50
2013.08.16 14:10:56.635,0.83882,0.83908,1.50,2.44
2013.08.16 14:10:57.176,0.83881,0.83908,1.13,1.69
2013.08.16 14:10:57.704,0.83883,0.8391,1.13,1.32
2013.08.16 14:10:59.096,0.83882,0.83911,1.88,1.69
2013.08.16 14:11:03.413,0.83884,0.8391,1.13,1.32
2013.08.16 14:11:04.333,0.83882,0.83911,1.69,1.69
2013.08.16 14:11:04.813,0.8388,0.8391,1.69,1.32
2013.08.16 14:11:06.114,0.83881,0.83908,1.69,1.13
2013.08.16 14:11:06.745,0.83881,0.83908,1.69,1.32
2013.08.16 14:11:07.624,0.8388,0.83908,1.69,1.69
2013.08.16 14:11:07.973,0.8388,0.83908,1.69,1.69
2013.08.16 14:11:08.350,0.8388,0.83908,2.44,1.69
2013.08.16 14:11:08.921,0.8388,0.83908,2.44,1.69
2013.08.16 14:11:09.249,0.8388,0.83908,2.07,3.19
2013.08.16 14:11:09.424,0.8388,0.83908,2.07,3.19
2013.08.16 14:11:11.452,0.83881,0.83908,1.13,2.44
2013.08.16 14:11:11.539,0.83883,0.83908,1.13,2.44
2013.08.16 14:11:12.064,0.83883,0.83907,1.13,1.32
2013.08.16 14:11:13.864,0.83883,0.83906,1.13,2.44
2013.08.16 14:11:13.925,0.83883,0.83906,1.13,2.44
2013.08.16 14:11:14.165,0.83881,0.83906,1.13,1.69
2013.08.16 14:11:14.226,0.8388,0.83906,1.13,1.69
2013.08.16 14:11:14.585,0.8388,0.83899,1.13,1.13
2013.08.16 14:11:15.100,0.83877,0.83898,1.50,1.13
2013.08.16 14:11:15.931,0.83876,0.83901,2.25,1.13
2013.08.16 14:11:15.994,0.83876,0.83903,2.63,1.32
2013.08.16 14:11:16.054,0.83876,0.83903,2.63,1.32
2013.08.16 14:11:16.611,0.8388,0.83903,1.13,1.32
2013.08.16 14:11:17.137,0.8388,0.83904,1.13,1.32
2013.08.16 14:11:19.164,0.83881,0.83903,1.13,1.32
2013.08.16 14:11:21.265,0.8388,0.83902,1.13,1.69
2013.08.16 14:11:21.384,0.8388,0.83901,1.13,1.13
2013.08.16 14:11:21.923,0.8388,0.83904,1.13,1.69
2013.08.16 14:11:28.254,0.83881,0.83905,1.13,1.69
2013.08.16 14:11:28.790,0.83881,0.83905,1.13,1.69
2013.08.16 14:11:29.476,0.83881,0.83905,1.13,1.69
2013.08.16 14:11:33.130,0.83881,0.83902,1.13,1.69
2013.08.16 14:11:33.481,0.83881,0.83902,1.13,1.69
2013.08.16 14:11:35.375,0.83878,0.83902,1.13,1.32
2013.08.16 14:11:35.970,0.83878,0.83901,1.13,1.69
2013.08.16 14:11:48.655,0.83876,0.83901,1.32,1.88
2013.08.16 14:11:51.345,0.83878,0.83905,1.32,1.88
2013.08.16 14:11:53.253,0.83876,0.83903,2.44,1.13
2013.08.16 14:11:55.065,0.83876,0.83901,1.32,1.13
2013.08.16 14:11:55.399,0.83875,0.83899,1.69,1.88
2013.08.16 14:11:55.982,0.83875,0.83899,1.50,2.07
2013.08.16 14:11:57.446,0.83874,0.83899,1.13,2.07
2013.08.16 14:11:57.963,0.83874,0.83898,1.13,1.69
2013.08.16 14:11:58.274,0.83876,0.83899,1.13,1.69
2013.08.16 14:11:58.673,0.83877,0.839,1.13,2.07
2013.08.16 14:11:59.253,0.83876,0.839,1.50,1.32
2013.08.16 14:11:59.373,0.83876,0.839,1.13,1.13
2013.08.16 14:11:59.674,0.83885,0.83908,1.13,2.44
2013.08.16 14:11:59.913,0.8388,0.83909,1.69,1.69
2013.08.16 14:12:00.258,0.83883,0.83912,1.13,1.69
2013.08.16 14:12:00.565,0.83886,0.83912,1.50,1.69
2013.08.16 14:12:02.153,0.83884,0.83902,1.32,1.13
2013.08.16 14:12:02.274,0.83884,0.83911,1.13,1.32
2013.08.16 14:12:03.522,0.83884,0.83911,1.13,1.32
2013.08.16 14:12:03.643,0.83886,0.83913,1.50,1.32
2013.08.16 14:12:04.220,0.83886,0.83914,1.50,1.69
2013.08.16 14:12:05.514,0.83891,0.83916,1.50,2.07
2013.08.16 14:12:05.575,0.83891,0.83916,1.88,1.69
2013.08.16 14:12:05.695,0.83892,0.83917,1.13,1.69
2013.08.16 14:12:05.754,0.83892,0.8392,1.13,2.44
2013.08.16 14:12:05.875,0.83893,0.8392,1.13,1.32
2013.08.16 14:12:05.994,0.83893,0.8392,1.13,1.32
2013.08.16 14:12:07.273,0.83896,0.83924,1.50,2.07
2013.08.16 14:12:07.871,0.83896,0.83924,1.50,2.07
2013.08.16 14:12:08.483,0.83896,0.83924,1.50,1.32
2013.08.16 14:12:09.034,0.83896,0.83924,1.88,1.32
2013.08.16 14:12:09.345,0.83901,0.83926,1.13,1.32
2013.08.16 14:12:10.191,0.83901,0.83927,1.13,1.69
2013.08.16 14:12:10.830,0.83903,0.8393,1.13,2.44
2013.08.16 14:12:14.384,0.83902,0.83929,1.32,1.50
2013.08.16 14:12:14.883,0.83901,0.83929,2.44,1.88
2013.08.16 14:12:15.328,0.83905,0.83932,1.50,1.32
2013.08.16 14:12:15.803,0.83907,0.83934,1.50,1.32
2013.08.16 14:12:15.864,0.83911,0.83935,1.13,2.44
2013.08.16 14:12:15.983,0.83911,0.83935,1.13,1.32
2013.08.16 14:12:16.165,0.83911,0.83937,1.13,1.17
2013.08.16 14:12:16.703,0.83912,0.83938,1.50,2.29
2013.08.16 14:12:17.206,0.83911,0.83937,1.88,1.54
2013.08.16 14:12:17.993,0.83912,0.83937,1.13,1.35
2013.08.16 14:12:18.174,0.83912,0.83937,1.13,1.35
2013.08.16 14:12:19.255,0.83912,0.83937,1.13,1.35
2013.08.16 14:12:19.704,0.83912,0.83937,1.13,1.35
2013.08.16 14:12:20.241,0.83912,0.83937,1.13,1.92
2013.08.16 14:12:21.102,0.83912,0.83937,1.13,1.54
2013.08.16 14:12:22.002,0.83911,0.83937,1.50,1.17
2013.08.16 14:12:22.586,0.83912,0.83938,1.50,1.54
2013.08.16 14:12:22.943,0.83918,0.83942,1.13,2.29
2013.08.16 14:12:23.683,0.83914,0.83939,1.69,1.35
2013.08.16 14:12:23.744,0.83914,0.83939,1.32,1.35
2013.08.16 14:12:24.285,0.83914,0.83939,1.13,1.17
2013.08.16 14:12:24.464,0.83914,0.83939,1.13,1.17
2013.08.16 14:12:24.955,0.83917,0.8394,1.13,1.92
2013.08.16 14:12:25.393,0.83919,0.8394,1.13,1.17
2013.08.16 14:12:30.133,0.83917,0.83943,1.13,1.54
2013.08.16 14:12:30.744,0.83917,0.83943,1.13,1.54
2013.08.16 14:12:30.885,0.83919,0.83944,1.13,1.92
2013.08.16 14:12:31.243,0.83917,0.83943,1.13,1.54
2013.08.16 14:12:31.664,0.83917,0.83943,1.13,1.54
2013.08.16 14:12:32.166,0.83917,0.83943,1.13,2.29
2013.08.16 14:12:32.443,0.83918,0.83943,1.13,1.54
2013.08.16 14:12:32.783,0.83921,0.83946,1.13,2.54
2013.08.16 14:12:33.133,0.83921,0.83946,1.13,1.79
2013.08.16 14:12:33.652,0.83921,0.83946,1.13,1.79
2013.08.16 14:12:35.233,0.83921,0.83948,1.13,1.79
2013.08.16 14:12:35.473,0.83924,0.83948,1.13,1.04
2013.08.16 14:12:35.983,0.83925,0.8395,1.13,1.77
2013.08.16 14:12:36.324,0.83923,0.83948,1.50,1.24
2013.08.16 14:12:36.384,0.83919,0.83936,1.32,1.13
2013.08.16 14:12:36.504,0.83919,0.83936,2.25,1.35
2013.08.16 14:12:36.624,0.83919,0.83938,2.25,1.35
2013.08.16 14:12:37.157,0.83919,0.83938,2.25,2.29
2013.08.16 14:12:37.659,0.83919,0.83938,2.25,2.29
2013.08.16 14:12:37.835,0.83919,0.83938,3.00,1.17
2013.08.16 14:12:38.185,0.83913,0.83938,1.13,1.35
2013.08.16 14:12:38.454,0.83917,0.83938,1.50,2.29
2013.08.16 14:12:39.144,0.83919,0.83938,1.13,1.92
2013.08.16 14:12:39.669,0.83919,0.83937,1.13,1.17
2013.08.16 14:12:40.074,0.83916,0.83937,1.13,1.73
2013.08.16 14:12:40.893,0.83917,0.83937,1.50,1.35
2013.08.16 14:12:41.164,0.83914,0.83938,1.13,1.54
2013.08.16 14:12:41.406,0.83916,0.83938,1.50,1.54
2013.08.16 14:12:41.599,0.83919,0.83941,1.50,1.17
2013.08.16 14:12:42.715,0.83921,0.83947,1.50,1.53
2013.08.16 14:12:43.417,0.83921,0.83938,1.69,1.35
2013.08.16 14:12:44.567,0.83921,0.83947,1.69,1.62
2013.08.16 14:12:44.764,0.83921,0.83947,1.69,1.25
2013.08.16 14:12:45.193,0.83921,0.83949,2.44,2.19
2013.08.16 14:12:45.313,0.83924,0.83951,1.13,1.69
2013.08.16 14:12:45.376,0.83924,0.83952,1.88,1.32
2013.08.16 14:12:45.505,0.83924,0.83954,2.07,1.32
2013.08.16 14:12:46.274,0.83924,0.83953,2.07,1.32
2013.08.16 14:12:46.454,0.83923,0.83954,2.07,1.69
2013.08.16 14:12:47.175,0.83924,0.83954,2.44,1.69
2013.08.16 14:12:47.744,0.83924,0.83952,1.69,1.13
2013.08.16 14:12:48.305,0.83926,0.83952,1.13,1.32
2013.08.16 14:12:48.661,0.83924,0.83948,1.50,1.13
2013.08.16 14:12:49.204,0.83924,0.83948,1.50,1.13
2013.08.16 14:12:49.588,0.83924,0.83948,1.50,1.50
2013.08.16 14:12:49.765,0.83915,0.83937,3.94,1.13
2013.08.16 14:12:49.883,0.83915,0.83935,2.63,1.13
2013.08.16 14:12:52.794,0.83915,0.83934,1.13,1.13
2013.08.16 14:12:53.396,0.83915,0.83934,1.13,1.13
2013.08.16 14:12:53.466,0.83915,0.83934,1.13,1.13
2013.08.16 14:12:53.533,0.83911,0.83934,1.50,1.13
2013.08.16 14:12:54.082,0.83909,0.83934,1.13,1.13
2013.08.16 14:12:55.124,0.83909,0.83934,1.13,1.13
2013.08.16 14:13:00.453,0.83907,0.83932,1.50,1.50
2013.08.16 14:13:00.838,0.83906,0.83929,1.13,1.13
2013.08.16 14:13:00.985,0.83906,0.83929,1.13,1.13
2013.08.16 14:13:01.720,0.83905,0.83929,1.13,1.13
2013.08.16 14:13:02.363,0.83902,0.83929,2.07,2.63
2013.08.16 14:13:04.105,0.839,0.83925,1.50,1.13
2013.08.16 14:13:05.224,0.83902,0.83925,1.13,1.13
2013.08.16 14:13:05.533,0.83902,0.83923,1.13,1.13
2013.08.16 14:13:05.653,0.83902,0.83924,2.25,1.13
2013.08.16 14:13:05.795,0.83902,0.83924,2.25,1.13
2013.08.16 14:13:07.206,0.83905,0.83928,1.13,1.13
2013.08.16 14:13:07.325,0.83904,0.83928,1.13,1.13
2013.08.16 14:13:07.406,0.83906,0.83929,1.13,2.07
2013.08.16 14:13:08.204,0.83903,0.83928,1.50,1.13
2013.08.16 14:13:08.407,0.83903,0.83928,1.50,1.13
2013.08.16 14:13:08.934,0.83903,0.83928,1.50,1.32
2013.08.16 14:13:09.244,0.83897,0.83923,1.88,1.13
2013.08.16 14:13:09.363,0.83899,0.83923,1.50,1.13
2013.08.16 14:13:09.904,0.83899,0.83923,1.50,1.13
2013.08.16 14:13:10.559,0.83897,0.83923,2.25,1.32
2013.08.16 14:13:11.108,0.83897,0.83923,2.25,1.32
2013.08.16 14:13:11.793,0.83897,0.83923,2.25,1.32
2013.08.16 14:13:12.454,0.83897,0.83923,2.25,1.32
2013.08.16 14:13:13.916,0.83897,0.83923,1.50,1.32
2013.08.16 14:13:14.255,0.83897,0.83923,2.25,1.32
2013.08.16 14:13:14.373,0.83897,0.83923,2.25,1.32
2013.08.16 14:13:14.874,0.83897,0.83923,1.50,1.32
2013.08.16 14:13:15.413,0.83897,0.83923,1.50,1.69
2013.08.16 14:13:16.385,0.83897,0.8392,1.50,1.69
2013.08.16 14:13:16.623,0.83897,0.8392,1.88,1.69
2013.08.16 14:13:16.744,0.83897,0.8392,1.50,1.69
2013.08.16 14:13:17.460,0.83895,0.83923,1.50,2.44
2013.08.16 14:13:17.994,0.8389,0.83919,2.07,1.69
2013.08.16 14:13:18.173,0.83889,0.83914,1.13,1.13
2013.08.16 14:13:18.233,0.83887,0.83914,2.07,1.13
2013.08.16 14:13:18.779,0.83886,0.83914,2.82,1.13
2013.08.16 14:13:19.424,0.83886,0.83914,1.69,2.07
2013.08.16 14:13:19.906,0.83886,0.83914,1.69,2.07
2013.08.16 14:13:20.024,0.83886,0.83914,1.69,2.07
2013.08.16 14:13:20.430,0.8389,0.83915,1.50,1.13
2013.08.16 14:13:20.994,0.8389,0.83916,1.50,1.32
2013.08.16 14:13:21.363,0.83887,0.83914,1.32,1.13
2013.08.16 14:13:21.605,0.83888,0.83916,1.50,2.07
2013.08.16 14:13:22.144,0.83887,0.83914,1.32,1.13
2013.08.16 14:13:22.435,0.83886,0.83914,1.88,2.44
2013.08.16 14:13:22.963,0.83883,0.83911,1.50,2.44
2013.08.16 14:13:23.153,0.83881,0.83911,3.00,2.44
2013.08.16 14:13:23.382,0.83881,0.83911,3.00,1.69
2013.08.16 14:13:24.079,0.83881,0.83911,3.00,1.69
2013.08.16 14:13:24.368,0.83882,0.83911,1.13,1.69
2013.08.16 14:13:24.514,0.83882,0.83909,1.13,1.32
2013.08.16 14:13:25.204,0.83882,0.8391,1.50,1.32
2013.08.16 14:13:26.934,0.83882,0.83909,1.50,1.32
2013.08.16 14:13:27.241,0.83881,0.83909,1.88,2.07
2013.08.16 14:13:29.124,0.83881,0.83909,1.88,2.44
2013.08.16 14:13:30.537,0.83881,0.83907,1.88,1.32
2013.08.16 14:13:33.683,0.8388,0.83907,1.32,1.13
2013.08.16 14:13:34.914,0.83881,0.83909,1.69,2.44
2013.08.16 14:13:35.033,0.83881,0.83909,1.69,2.44
2013.08.16 14:13:35.864,0.83882,0.83909,1.69,1.50
2013.08.16 14:13:36.193,0.83887,0.83915,2.25,1.69
2013.08.16 14:13:37.469,0.8389,0.83918,1.32,2.44
2013.08.16 14:13:38.054,0.8389,0.83918,1.32,2.44
2013.08.16 14:13:38.126,0.8389,0.83918,2.07,2.07
2013.08.16 14:13:38.942,0.8389,0.83918,1.32,2.07
2013.08.16 14:13:39.507,0.83888,0.83918,1.32,2.07
2013.08.16 14:13:39.714,0.83888,0.83918,1.32,2.07
2013.08.16 14:13:41.024,0.83888,0.83918,1.32,2.44
2013.08.16 14:13:41.630,0.83887,0.83918,2.07,2.44
2013.08.16 14:13:43.235,0.83887,0.83918,2.44,1.69
2013.08.16 14:13:43.593,0.83891,0.83919,1.50,1.69
2013.08.16 14:13:43.773,0.83889,0.83919,1.69,1.69
2013.08.16 14:13:43.869,0.83889,0.83919,1.69,1.69
2013.08.16 14:13:44.073,0.83889,0.83919,1.69,1.69
2013.08.16 14:13:47.294,0.83889,0.83917,1.50,2.44
2013.08.16 14:13:48.313,0.83887,0.83914,2.44,1.69
2013.08.16 14:13:48.929,0.83887,0.83914,2.44,1.69
2013.08.16 14:13:49.725,0.83887,0.83914,2.44,1.69
2013.08.16 14:13:50.265,0.83887,0.83914,2.07,1.69
2013.08.16 14:13:51.074,0.83887,0.83914,2.44,1.32
2013.08.16 14:13:51.604,0.83888,0.83914,2.44,1.32
2013.08.16 14:13:52.195,0.8389,0.83916,1.13,1.32
2013.08.16 14:13:53.372,0.83888,0.83913,3.57,1.32
2013.08.16 14:13:54.363,0.8389,0.83916,1.50,1.69
2013.08.16 14:13:54.896,0.8389,0.83916,1.50,2.07
2013.08.16 14:13:55.486,0.83891,0.83916,1.13,2.07
2013.08.16 14:13:56.082,0.83891,0.83916,1.13,2.07
2013.08.16 14:13:57.303,0.83891,0.83916,1.50,1.69
2013.08.16 14:13:57.905,0.83891,0.83916,1.50,1.69
2013.08.16 14:14:00.218,0.83891,0.83917,1.50,1.32
2013.08.16 14:14:00.903,0.83891,0.83916,1.50,1.32
2013.08.16 14:14:01.992,0.83891,0.83916,1.50,1.32
2013.08.16 14:14:04.775,0.83891,0.83916,1.13,1.32
2013.08.16 14:14:06.244,0.83891,0.83916,1.13,2.07
2013.08.16 14:14:07.154,0.83888,0.83913,1.13,1.32
2013.08.16 14:14:07.394,0.83888,0.83915,1.13,1.69
2013.08.16 14:14:08.852,0.83889,0.83916,1.13,2.44
2013.08.16 14:14:10.534,0.83891,0.83916,1.13,1.32
2013.08.16 14:14:11.071,0.8389,0.83916,1.13,1.32
2013.08.16 14:14:13.268,0.8389,0.83917,1.50,1.32
2013.08.16 14:14:14.624,0.83889,0.83913,1.50,1.13
2013.08.16 14:14:15.255,0.83889,0.83915,1.13,1.69
2013.08.16 14:14:16.574,0.83887,0.83913,2.63,1.32
2013.08.16 14:14:17.390,0.83887,0.83913,2.63,1.32
2013.08.16 14:14:17.943,0.83887,0.83913,2.63,1.32
2013.08.16 14:14:18.926,0.83887,0.83913,1.88,1.32
2013.08.16 14:14:19.488,0.83887,0.83913,2.07,1.32
2013.08.16 14:14:20.043,0.83887,0.83913,2.07,1.32
2013.08.16 14:14:21.234,0.83887,0.83913,1.32,1.32
2013.08.16 14:14:21.660,0.83888,0.83914,1.13,1.32
2013.08.16 14:14:21.783,0.8389,0.83917,1.13,2.82
2013.08.16 14:14:22.272,0.83887,0.83913,2.07,1.13
2013.08.16 14:14:22.573,0.83887,0.83913,1.32,2.07
2013.08.16 14:14:23.453,0.83887,0.83913,1.32,2.07
2013.08.16 14:14:24.712,0.83887,0.83913,1.69,2.07
2013.08.16 14:14:24.843,0.83891,0.83919,1.32,1.69
2013.08.16 14:14:25.407,0.83891,0.83914,1.13,1.13
2013.08.16 14:14:25.917,0.83891,0.83917,1.50,1.32
2013.08.16 14:14:26.234,0.83891,0.83917,1.50,1.32
2013.08.16 14:14:26.785,0.83891,0.83917,1.50,1.32
2013.08.16 14:14:27.613,0.83891,0.83917,1.50,1.32
2013.08.16 14:14:27.738,0.83896,0.83919,1.13,1.32
2013.08.16 14:14:27.796,0.83897,0.83925,1.50,1.69
2013.08.16 14:14:27.856,0.83897,0.83925,1.50,1.32
2013.08.16 14:14:28.396,0.83896,0.83926,1.50,1.69
2013.08.16 14:14:29.123,0.83896,0.83923,1.50,1.13
2013.08.16 14:14:29.304,0.83896,0.83923,1.50,1.13
2013.08.16 14:14:29.973,0.83891,0.83919,1.69,1.88
2013.08.16 14:14:30.033,0.83889,0.83919,1.69,1.88
2013.08.16 14:14:30.093,0.83889,0.83919,1.69,1.88
2013.08.16 14:14:30.313,0.83889,0.83919,2.07,1.88
2013.08.16 14:14:30.614,0.83887,0.83913,2.82,1.13
2013.08.16 14:14:31.534,0.83887,0.83913,1.32,1.13
2013.08.16 14:14:32.059,0.83887,0.83913,1.32,1.13
2013.08.16 14:14:32.463,0.83887,0.83913,1.69,1.13
2013.08.16 14:14:33.194,0.83888,0.83913,1.32,1.32
2013.08.16 14:14:33.744,0.83887,0.83916,2.25,1.32
2013.08.16 14:14:33.845,0.83889,0.83916,1.13,1.32
2013.08.16 14:14:34.505,0.83888,0.83916,1.13,1.32
2013.08.16 14:14:35.258,0.83889,0.83916,1.13,1.69
2013.08.16 14:14:36.376,0.83888,0.83916,1.50,1.69
2013.08.16 14:14:38.736,0.83888,0.83916,1.88,1.69
2013.08.16 14:14:42.057,0.8389,0.83917,1.13,1.69
2013.08.16 14:14:43.165,0.8389,0.83915,1.50,1.32
2013.08.16 14:14:43.790,0.8389,0.83918,1.69,1.69
2013.08.16 14:14:44.713,0.8389,0.83918,2.07,1.32
2013.08.16 14:14:45.470,0.8389,0.83918,2.07,1.32
2013.08.16 14:14:46.294,0.8389,0.83918,2.07,1.32
2013.08.16 14:14:49.595,0.8389,0.83918,1.88,1.32
2013.08.16 14:14:50.133,0.8389,0.83918,2.25,1.32
2013.08.16 14:14:50.744,0.8389,0.83918,1.88,1.32
2013.08.16 14:14:51.464,0.8389,0.83918,2.25,1.32
2013.08.16 14:14:54.724,0.83891,0.83916,1.13,1.32
2013.08.16 14:14:54.889,0.83891,0.83916,1.13,1.32
2013.08.16 14:14:55.904,0.83891,0.83918,1.13,1.32
2013.08.16 14:14:56.443,0.83891,0.83918,1.13,1.32
2013.08.16 14:14:56.623,0.83891,0.83918,1.13,1.69
2013.08.16 14:15:01.474,0.83891,0.83917,1.13,1.32
2013.08.16 14:15:01.653,0.83891,0.83917,1.13,1.32
2013.08.16 14:15:02.035,0.8389,0.83918,1.13,1.32
2013.08.16 14:15:02.356,0.83892,0.83918,1.50,1.32
2013.08.16 14:15:02.474,0.83895,0.83921,1.13,1.69
2013.08.16 14:15:02.713,0.83896,0.83921,1.50,1.69
2013.08.16 14:15:03.813,0.83896,0.83921,1.50,1.69
2013.08.16 14:15:04.425,0.83895,0.83916,1.13,1.13
2013.08.16 14:15:04.604,0.83887,0.83914,1.50,1.13
2013.08.16 14:15:05.053,0.83887,0.83914,1.50,1.88
2013.08.16 14:15:05.185,0.83886,0.83914,1.50,1.88
2013.08.16 14:15:05.384,0.83887,0.83914,1.50,1.13
2013.08.16 14:15:05.443,0.83887,0.83914,1.50,1.13
2013.08.16 14:15:07.824,0.83887,0.83917,2.07,1.69
2013.08.16 14:15:10.107,0.83887,0.83917,2.07,1.69
2013.08.16 14:15:10.676,0.83892,0.83918,1.50,1.69
2013.08.16 14:15:12.013,0.83892,0.83918,1.50,1.69
2013.08.16 14:15:12.743,0.83892,0.83917,1.50,1.69
2013.08.16 14:15:14.193,0.83892,0.83918,1.50,1.69
2013.08.16 14:15:14.253,0.83892,0.83919,1.50,1.69
2013.08.16 14:15:14.374,0.83892,0.8392,1.69,1.69
2013.08.16 14:15:14.984,0.83894,0.8392,1.13,1.32
2013.08.16 14:15:16.203,0.83894,0.8392,1.13,1.32
2013.08.16 14:15:18.095,0.83892,0.8392,2.07,1.32
2013.08.16 14:15:21.385,0.83891,0.83919,1.32,1.32
2013.08.16 14:15:21.889,0.83892,0.83919,1.32,1.32
2013.08.16 14:15:22.443,0.83893,0.83919,1.13,1.32
2013.08.16 14:15:23.374,0.83893,0.83919,1.32,1.13
2013.08.16 14:15:23.904,0.83893,0.83922,1.32,1.32
2013.08.16 14:15:24.385,0.83893,0.83918,1.32,1.13
2013.08.16 14:15:24.565,0.83893,0.8392,1.32,2.07
2013.08.16 14:15:24.625,0.83894,0.8392,1.32,1.88
2013.08.16 14:15:24.684,0.83895,0.8392,1.13,1.88
2013.08.16 14:15:25.004,0.83895,0.83919,1.32,1.50
2013.08.16 14:15:25.064,0.83894,0.83918,1.32,1.13
2013.08.16 14:15:25.601,0.83892,0.83918,2.07,1.13
2013.08.16 14:15:26.135,0.83893,0.83918,1.32,1.13
2013.08.16 14:15:26.767,0.83893,0.83918,1.32,1.13
2013.08.16 14:15:27.326,0.83893,0.83918,1.32,1.13
2013.08.16 14:15:27.981,0.83893,0.83918,1.69,1.13
2013.08.16 14:15:28.200,0.83893,0.83918,1.32,1.13
2013.08.16 14:15:28.344,0.83893,0.83918,1.32,1.13
2013.08.16 14:15:28.403,0.83898,0.8392,1.13,1.32
2013.08.16 14:15:28.464,0.83898,0.83923,1.13,2.07
2013.08.16 14:15:28.583,0.83898,0.83923,1.32,1.32
2013.08.16 14:15:28.913,0.83898,0.8392,1.32,1.13
2013.08.16 14:15:28.974,0.83896,0.8392,1.69,1.13
2013.08.16 14:15:29.213,0.83891,0.8392,1.69,1.13
2013.08.16 14:15:29.723,0.8389,0.83919,1.69,1.13
2013.08.16 14:15:30.315,0.8389,0.83919,1.69,1.13
2013.08.16 14:15:30.876,0.8389,0.83917,1.69,1.13
2013.08.16 14:15:31.783,0.8389,0.83918,1.69,1.88
2013.08.16 14:15:31.903,0.8389,0.83917,1.69,1.13
2013.08.16 14:15:32.304,0.83889,0.83917,2.07,1.13
2013.08.16 14:15:32.443,0.83889,0.83917,2.07,1.13
2013.08.16 14:15:33.680,0.83889,0.83917,1.32,1.13
2013.08.16 14:15:33.995,0.83889,0.83915,1.32,1.13
2013.08.16 14:15:37.925,0.83889,0.83915,1.32,1.13
2013.08.16 14:15:38.233,0.83889,0.83912,1.69,1.50
2013.08.16 14:15:38.594,0.83889,0.83912,1.13,1.50
2013.08.16 14:15:38.893,0.83891,0.83912,1.13,1.50
2013.08.16 14:15:39.013,0.83891,0.83914,1.88,1.13
2013.08.16 14:15:39.193,0.83889,0.83914,1.13,1.69
2013.08.16 14:15:39.832,0.8389,0.83914,1.13,1.69
2013.08.16 14:15:40.185,0.83889,0.83914,1.13,1.69
2013.08.16 14:15:40.244,0.83889,0.83914,1.13,1.69
2013.08.16 14:15:42.436,0.8389,0.83914,1.13,2.07
2013.08.16 14:15:42.656,0.83889,0.83914,1.13,2.07
2013.08.16 14:15:42.877,0.8389,0.83914,1.13,2.07
2013.08.16 14:15:43.572,0.83889,0.83914,1.69,1.88
2013.08.16 14:15:44.075,0.83889,0.83914,1.32,1.88
2013.08.16 14:15:44.753,0.83886,0.83914,1.32,1.88
2013.08.16 14:15:45.263,0.83885,0.83914,2.07,1.50
2013.08.16 14:15:45.850,0.83885,0.83914,2.07,1.50
2013.08.16 14:15:46.535,0.83885,0.83914,2.07,1.50
2013.08.16 14:15:47.043,0.83885,0.83911,1.50,1.13
2013.08.16 14:15:47.344,0.83883,0.83911,2.44,2.07
2013.08.16 14:15:48.994,0.83883,0.83911,2.44,2.07
2013.08.16 14:15:49.591,0.83883,0.83911,2.44,2.07
2013.08.16 14:15:51.294,0.83883,0.8391,2.07,1.32
2013.08.16 14:15:51.354,0.83883,0.83909,1.88,1.32
2013.08.16 14:15:51.764,0.83885,0.83909,1.13,1.13
2013.08.16 14:15:52.953,0.83886,0.83909,1.13,1.69
2013.08.16 14:15:53.173,0.83886,0.83909,1.13,2.07
2013.08.16 14:15:53.393,0.83886,0.83909,1.13,1.69
2013.08.16 14:15:53.634,0.83886,0.83909,1.13,1.50
2013.08.16 14:15:53.984,0.83886,0.83909,1.13,1.50
2013.08.16 14:15:54.185,0.83886,0.83909,1.13,1.88
2013.08.16 14:15:55.084,0.83886,0.83908,1.13,1.13
2013.08.16 14:15:55.703,0.83886,0.83909,1.13,1.50
2013.08.16 14:15:57.424,0.83885,0.83909,1.13,1.32
2013.08.16 14:15:57.496,0.83885,0.83912,1.13,2.44
2013.08.16 14:15:57.615,0.83884,0.83904,1.13,1.13
2013.08.16 14:15:57.735,0.83884,0.83908,1.32,1.50
2013.08.16 14:15:57.795,0.8388,0.83905,1.69,1.50
2013.08.16 14:15:57.854,0.83875,0.83901,1.54,1.13
2013.08.16 14:15:57.974,0.8387,0.83899,1.69,1.13
2013.08.16 14:15:58.033,0.83869,0.83899,2.44,1.13
2013.08.16 14:15:58.285,0.83869,0.83899,1.50,1.88
2013.08.16 14:15:58.558,0.83866,0.83895,2.07,1.50
2013.08.16 14:15:59.884,0.83867,0.83893,1.13,1.88
2013.08.16 14:16:00.335,0.83864,0.83891,1.88,1.13
2013.08.16 14:16:00.873,0.83865,0.83891,1.13,1.13
2013.08.16 14:16:02.735,0.83863,0.8389,2.07,1.50
2013.08.16 14:16:03.357,0.83863,0.83889,1.69,1.13
2013.08.16 14:16:03.894,0.83863,0.8389,1.69,1.50
2013.08.16 14:16:04.384,0.83862,0.83889,1.69,1.50
2013.08.16 14:16:04.503,0.83865,0.8389,1.32,1.88
2013.08.16 14:16:04.804,0.83869,0.83896,1.69,2.82
2013.08.16 14:16:05.834,0.8387,0.83897,1.13,1.32
2013.08.16 14:16:07.008,0.8387,0.83897,1.13,1.13
2013.08.16 14:16:07.713,0.83871,0.83899,1.13,2.07
2013.08.16 14:16:08.092,0.83872,0.83899,1.13,1.32
2013.08.16 14:16:08.353,0.83872,0.83899,1.88,1.32
2013.08.16 14:16:09.904,0.83872,0.83899,1.13,1.88
2013.08.16 14:16:10.553,0.83872,0.83899,1.32,1.88
2013.08.16 14:16:11.045,0.83872,0.83899,1.32,2.07
2013.08.16 14:16:11.104,0.83871,0.83899,1.69,2.82
2013.08.16 14:16:11.293,0.83869,0.83896,1.69,1.32
2013.08.16 14:16:17.034,0.83869,0.83896,1.69,1.69
2013.08.16 14:16:20.125,0.83869,0.83896,2.82,1.50
2013.08.16 14:16:22.013,0.83869,0.83896,1.69,1.50
2013.08.16 14:16:22.873,0.83869,0.83896,1.69,1.88
2013.08.16 14:16:22.933,0.83869,0.83893,2.07,1.50
2013.08.16 14:16:26.055,0.8387,0.83894,1.32,1.50
2013.08.16 14:16:28.921,0.83869,0.83895,2.07,1.50
2013.08.16 14:16:31.844,0.8387,0.83892,1.32,1.50
2013.08.16 14:16:32.445,0.83869,0.83894,1.32,1.13
2013.08.16 14:16:32.693,0.83872,0.83896,1.13,1.13
2013.08.16 14:16:32.995,0.83872,0.83892,1.13,1.50
2013.08.16 14:16:33.464,0.83866,0.83889,1.32,1.13
2013.08.16 14:16:33.833,0.83866,0.8389,1.32,1.88
2013.08.16 14:16:35.964,0.83868,0.83891,1.13,1.13
2013.08.16 14:16:37.224,0.83867,0.83891,1.13,1.13
2013.08.16 14:16:37.913,0.83865,0.83889,2.44,1.13
2013.08.16 14:16:39.193,0.83866,0.83889,1.50,1.13
2013.08.16 14:16:41.934,0.83866,0.83893,1.50,2.44
2013.08.16 14:16:41.994,0.83867,0.83893,1.13,2.44
2013.08.16 14:16:42.565,0.83867,0.83893,1.13,2.44
2013.08.16 14:16:45.303,0.83868,0.83893,1.13,2.25
2013.08.16 14:16:45.364,0.83873,0.83893,1.13,1.13
2013.08.16 14:16:45.691,0.83869,0.83898,1.13,3.57
2013.08.16 14:16:46.114,0.83868,0.83893,1.88,1.13
2013.08.16 14:16:46.705,0.83868,0.83893,1.13,1.88
2013.08.16 14:16:47.913,0.83868,0.83893,1.13,2.25
2013.08.16 14:16:50.064,0.83867,0.83893,1.32,2.25
2013.08.16 14:16:55.790,0.83866,0.83893,2.07,2.25
2013.08.16 14:16:59.516,0.83867,0.83893,1.32,2.25
2013.08.16 14:16:59.824,0.83866,0.83893,1.69,2.44
2013.08.16 14:17:00.254,0.83866,0.83893,1.69,2.44
2013.08.16 14:17:21.277,0.83866,0.83893,2.07,2.44
2013.08.16 14:17:21.394,0.83866,0.83893,2.07,2.44
2013.08.16 14:17:27.605,0.83866,0.83894,1.32,1.50
2013.08.16 14:17:29.484,0.83868,0.83898,1.69,3.57
2013.08.16 14:17:32.494,0.83868,0.83898,2.07,3.19
2013.08.16 14:17:32.655,0.83868,0.83898,2.07,3.19
2013.08.16 14:17:33.514,0.83868,0.83898,2.07,3.19
2013.08.16 14:17:43.493,0.83869,0.83895,1.32,1.32
2013.08.16 14:17:44.956,0.83868,0.83895,1.69,1.32
2013.08.16 14:17:54.075,0.83867,0.83894,1.13,1.69
2013.08.16 14:17:54.603,0.83866,0.83886,1.13,1.50
2013.08.16 14:17:55.144,0.83862,0.83885,1.32,1.13
2013.08.16 14:17:55.565,0.83862,0.83881,1.13,1.13
2013.08.16 14:17:56.572,0.83862,0.83881,1.13,1.13
2013.08.16 14:17:56.763,0.83861,0.83881,1.13,1.13
2013.08.16 14:17:57.447,0.83857,0.83881,1.69,1.13
2013.08.16 14:17:59.195,0.83857,0.83881,1.69,1.13
2013.08.16 14:18:00.394,0.83858,0.83884,1.69,1.13
2013.08.16 14:18:00.919,0.83858,0.83884,1.69,1.05
2013.08.16 14:18:01.602,0.83858,0.83884,2.07,1.05
2013.08.16 14:18:02.164,0.83858,0.83884,2.07,1.13
2013.08.16 14:18:02.485,0.83858,0.83888,2.07,1.32
2013.08.16 14:18:02.634,0.83858,0.83888,1.69,1.32
2013.08.16 14:18:03.044,0.83858,0.83888,1.69,1.32
2013.08.16 14:18:03.164,0.83857,0.83886,1.69,1.32
2013.08.16 14:18:03.684,0.83859,0.83882,1.32,1.50
2013.08.16 14:18:04.034,0.83859,0.83882,1.69,1.50
2013.08.16 14:18:04.093,0.83862,0.8389,1.69,1.69
2013.08.16 14:18:04.707,0.83862,0.8389,1.69,1.69
2013.08.16 14:18:05.384,0.83866,0.8389,1.50,1.50
2013.08.16 14:18:07.216,0.83862,0.83886,2.07,1.13
2013.08.16 14:18:07.504,0.83864,0.83889,1.13,2.07
2013.08.16 14:18:07.685,0.83873,0.8389,1.13,1.13
2013.08.16 14:18:07.864,0.83873,0.8389,1.13,1.13
2013.08.16 14:18:08.163,0.83867,0.83889,2.07,1.50
2013.08.16 14:18:08.224,0.83867,0.83888,2.07,1.13
2013.08.16 14:18:08.284,0.83867,0.83888,1.32,1.13
2013.08.16 14:18:09.195,0.83867,0.83888,1.13,1.13
2013.08.16 14:18:10.144,0.83863,0.83893,1.69,2.07
2013.08.16 14:18:10.876,0.83867,0.83893,1.69,1.50
2013.08.16 14:18:13.325,0.83867,0.83894,1.69,1.32
2013.08.16 14:18:13.503,0.83875,0.83894,1.50,1.13
2013.08.16 14:18:13.624,0.83875,0.83899,1.50,2.07
2013.08.16 14:18:14.245,0.83876,0.83899,1.50,1.50
2013.08.16 14:18:14.304,0.83876,0.83899,1.50,1.13
2013.08.16 14:18:14.874,0.83876,0.83902,1.69,1.32
2013.08.16 14:18:15.604,0.83877,0.83903,1.69,1.69
2013.08.16 14:18:16.125,0.83876,0.83903,1.69,1.32
2013.08.16 14:18:16.942,0.83876,0.83903,1.69,1.32
2013.08.16 14:18:17.664,0.83877,0.83903,1.32,1.32
2013.08.16 14:18:18.200,0.83877,0.83903,1.69,1.32
2013.08.16 14:18:18.940,0.83877,0.83903,1.69,1.69
2013.08.16 14:18:19.735,0.83877,0.83903,1.69,2.07
2013.08.16 14:18:20.290,0.83877,0.83903,1.69,2.07
2013.08.16 14:18:21.014,0.83877,0.83903,1.69,2.07
2013.08.16 14:18:21.425,0.83877,0.83903,1.69,2.07
2013.08.16 14:18:21.484,0.83877,0.83903,1.69,2.07
2013.08.16 14:18:21.845,0.83877,0.83902,1.69,1.50
2013.08.16 14:18:22.224,0.83874,0.839,1.32,1.13
2013.08.16 14:18:23.644,0.83875,0.83902,1.69,1.32
2013.08.16 14:18:23.704,0.83878,0.83903,1.13,2.07
2013.08.16 14:18:24.278,0.83877,0.83903,1.69,1.69
2013.08.16 14:18:24.614,0.83877,0.83904,2.07,1.50
2013.08.16 14:18:24.974,0.83884,0.83912,1.13,1.50
2013.08.16 14:18:25.414,0.83884,0.83912,1.13,1.13
2013.08.16 14:18:26.245,0.83884,0.83912,1.13,1.13
2013.08.16 14:18:26.351,0.83884,0.83913,1.50,2.25
2013.08.16 14:18:30.184,0.83884,0.83913,2.44,1.88
2013.08.16 14:18:30.848,0.83886,0.83913,1.69,1.88
2013.08.16 14:18:31.045,0.83887,0.83913,1.32,1.50
2013.08.16 14:18:32.375,0.83886,0.83913,2.44,1.88
2013.08.16 14:18:32.503,0.83886,0.83913,1.69,1.88
2013.08.16 14:18:33.660,0.83886,0.83913,1.69,1.88
2013.08.16 14:18:34.943,0.8389,0.83915,1.50,1.32
2013.08.16 14:18:35.126,0.83886,0.83914,1.69,1.69
2013.08.16 14:18:35.740,0.83885,0.83914,2.44,2.44
2013.08.16 14:18:37.426,0.83886,0.83914,1.69,1.13
2013.08.16 14:18:37.605,0.83892,0.83917,1.69,1.13
2013.08.16 14:18:38.134,0.83892,0.83917,1.69,1.13
2013.08.16 14:18:38.748,0.83887,0.83914,2.44,1.13
2013.08.16 14:18:39.206,0.8389,0.83917,1.69,1.88
2013.08.16 14:18:39.498,0.8389,0.83917,1.69,1.88
2013.08.16 14:18:39.844,0.83896,0.8392,1.50,1.13
2013.08.16 14:18:40.174,0.83896,0.8392,1.69,1.13
2013.08.16 14:18:40.705,0.83895,0.8392,2.07,1.13
2013.08.16 14:18:42.015,0.83895,0.83923,2.07,1.88
2013.08.16 14:18:42.459,0.83895,0.83919,2.07,1.13
2013.08.16 14:18:43.125,0.83895,0.83919,2.07,1.13
2013.08.16 14:18:43.723,0.83895,0.83919,1.32,1.50
2013.08.16 14:18:44.024,0.83895,0.83917,1.32,1.13
2013.08.16 14:18:44.663,0.83895,0.83915,1.13,1.13
2013.08.16 14:18:45.574,0.83895,0.83914,1.13,1.13
2013.08.16 14:18:45.694,0.83892,0.83916,1.69,1.13
2013.08.16 14:18:45.913,0.83892,0.83916,1.69,1.13
2013.08.16 14:18:46.424,0.83892,0.83916,1.69,1.13
2013.08.16 14:18:46.586,0.83891,0.83916,1.32,1.13
2013.08.16 14:18:48.424,0.83894,0.83919,1.13,1.69
2013.08.16 14:18:48.544,0.83895,0.83919,1.13,1.32
2013.08.16 14:18:48.663,0.83892,0.83918,1.69,1.32
2013.08.16 14:18:48.784,0.83892,0.83915,1.69,1.13
2013.08.16 14:18:49.204,0.83892,0.83916,1.69,1.13
2013.08.16 14:18:50.293,0.83894,0.83916,1.32,1.13
2013.08.16 14:18:50.563,0.83892,0.83916,1.69,1.13
2013.08.16 14:18:50.684,0.83892,0.83916,1.69,1.13
2013.08.16 14:18:50.924,0.83888,0.83913,1.69,1.13
2013.08.16 14:18:51.573,0.83888,0.83912,1.69,1.13
2013.08.16 14:19:01.026,0.83886,0.83912,1.69,1.13
2013.08.16 14:19:02.596,0.83886,0.83913,1.69,1.13
2013.08.16 14:19:02.654,0.83889,0.83913,1.32,1.13
2013.08.16 14:19:02.833,0.83895,0.83916,1.13,1.13
2013.08.16 14:19:02.954,0.83888,0.83914,1.69,1.13
2013.08.16 14:19:03.763,0.83886,0.83914,2.82,1.13
2013.08.16 14:19:04.124,0.83887,0.83916,2.44,1.13
2013.08.16 14:19:05.115,0.83887,0.83916,1.32,2.07
2013.08.16 14:19:06.416,0.83887,0.83916,1.32,1.32
2013.08.16 14:19:06.926,0.83891,0.83916,1.50,1.32
2013.08.16 14:19:07.125,0.83891,0.83915,1.69,1.13
2013.08.16 14:19:07.364,0.83891,0.83919,1.69,1.88
2013.08.16 14:19:07.657,0.83891,0.83917,1.69,1.13
2013.08.16 14:19:08.121,0.83889,0.83915,2.82,1.50
2013.08.16 14:19:08.455,0.83887,0.8391,1.32,1.50
2013.08.16 14:19:08.514,0.83886,0.8391,2.07,1.50
2013.08.16 14:19:08.693,0.83887,0.83913,2.07,1.13
2013.08.16 14:19:09.194,0.83887,0.83913,1.32,1.13
2013.08.16 14:19:09.810,0.83889,0.83913,1.32,1.13
2013.08.16 14:19:10.114,0.83878,0.83901,1.13,1.13
2013.08.16 14:19:10.175,0.83878,0.83903,1.13,2.25
2013.08.16 14:19:10.756,0.83872,0.83901,1.32,1.13
2013.08.16 14:19:11.344,0.83873,0.83903,1.32,2.07
2013.08.16 14:19:11.463,0.83873,0.83903,1.32,1.69
2013.08.16 14:19:12.997,0.83873,0.83903,1.32,1.69
2013.08.16 14:19:13.584,0.83873,0.83903,1.32,2.44
2013.08.16 14:19:13.824,0.83881,0.83899,1.88,1.69
2013.08.16 14:19:13.946,0.8387,0.83897,1.69,1.50
2013.08.16 14:19:14.004,0.83869,0.83893,1.13,1.50
2013.08.16 14:19:14.516,0.83871,0.83889,1.13,1.50
2013.08.16 14:19:14.936,0.83868,0.83894,1.13,1.69
2013.08.16 14:19:15.454,0.83871,0.83897,1.13,1.32
2013.08.16 14:19:15.514,0.83871,0.83899,1.13,1.69
2013.08.16 14:19:15.827,0.83871,0.839,1.13,1.32
2013.08.16 14:19:16.254,0.83867,0.83899,1.69,1.32
2013.08.16 14:19:16.374,0.83869,0.839,2.44,1.69
2013.08.16 14:19:16.554,0.83871,0.83902,1.69,1.32
2013.08.16 14:19:16.614,0.83875,0.83902,1.50,1.32
2013.08.16 14:19:17.182,0.83875,0.83902,1.69,1.13
2013.08.16 14:19:19.135,0.83873,0.83902,1.69,1.13
2013.08.16 14:19:19.743,0.83873,0.83902,1.69,1.32
2013.08.16 14:19:20.607,0.83871,0.83901,2.44,1.32
2013.08.16 14:19:20.866,0.83869,0.83899,2.07,1.50
2013.08.16 14:19:21.666,0.83872,0.83903,1.69,2.07
2013.08.16 14:19:22.350,0.83872,0.83903,2.44,2.07
2013.08.16 14:19:23.474,0.83872,0.83903,2.44,2.07
2013.08.16 14:19:24.030,0.83872,0.83903,2.44,2.07
2013.08.16 14:19:24.894,0.83872,0.83893,1.50,1.13
2013.08.16 14:19:25.014,0.83867,0.83893,1.13,1.13
2013.08.16 14:19:25.194,0.83868,0.83897,1.13,1.69
2013.08.16 14:19:25.313,0.83868,0.83898,1.13,2.44
2013.08.16 14:19:25.554,0.8387,0.83898,1.50,1.69
2013.08.16 14:19:25.914,0.83877,0.83906,1.13,1.32
2013.08.16 14:19:26.415,0.83874,0.83904,1.13,3.19
2013.08.16 14:19:26.474,0.83873,0.83903,1.13,1.69
2013.08.16 14:19:26.534,0.83872,0.839,1.13,2.07
2013.08.16 14:19:26.654,0.83871,0.83899,1.13,1.32
2013.08.16 14:19:27.272,0.8387,0.83898,1.13,1.32
2013.08.16 14:19:27.434,0.83872,0.83899,1.13,1.32
2013.08.16 14:19:27.624,0.83872,0.83899,1.13,1.32
2013.08.16 14:19:27.698,0.8387,0.83898,1.13,1.32
2013.08.16 14:19:29.475,0.8387,0.83899,2.07,1.32
2013.08.16 14:19:30.095,0.83872,0.83899,1.13,1.32
2013.08.16 14:19:30.654,0.83872,0.83899,1.13,1.32
2013.08.16 14:19:31.496,0.83872,0.83899,1.13,1.32
2013.08.16 14:19:32.505,0.83872,0.83899,1.13,1.32
2013.08.16 14:19:36.224,0.83871,0.83896,1.13,1.32
2013.08.16 14:19:36.284,0.8387,0.83896,1.13,2.07
2013.08.16 14:19:36.584,0.83868,0.83894,1.13,1.69
2013.08.16 14:19:36.864,0.83866,0.83894,1.50,3.19
2013.08.16 14:19:38.146,0.8387,0.83894,1.13,2.25
2013.08.16 14:19:38.385,0.83866,0.83894,1.69,3.19
2013.08.16 14:19:38.777,0.83866,0.83891,1.69,1.13
2013.08.16 14:19:39.485,0.83866,0.83891,1.50,1.88
2013.08.16 14:19:40.045,0.83867,0.83893,1.32,2.44
2013.08.16 14:19:41.817,0.83867,0.83893,1.13,2.44
2013.08.16 14:19:42.344,0.83867,0.83882,1.13,1.50
2013.08.16 14:19:42.524,0.83855,0.83879,1.32,1.13
2013.08.16 14:19:42.644,0.83855,0.83881,1.13,1.88
2013.08.16 14:19:42.825,0.83861,0.83881,1.13,1.13
2013.08.16 14:19:42.944,0.83866,0.83891,1.13,2.07
2013.08.16 14:19:43.004,0.83866,0.83891,1.13,1.32
2013.08.16 14:19:43.155,0.83861,0.83891,2.25,1.13
2013.08.16 14:19:43.274,0.83862,0.83891,1.32,1.32
2013.08.16 14:19:44.315,0.83862,0.83889,1.32,1.69
2013.08.16 14:19:45.108,0.83861,0.83886,2.07,1.13
2013.08.16 14:19:48.258,0.83861,0.83892,2.07,2.82
2013.08.16 14:19:52.834,0.83861,0.83886,1.69,1.50
2013.08.16 14:19:52.894,0.83861,0.83886,1.32,1.88
2013.08.16 14:19:53.434,0.83862,0.83889,1.13,1.69
2013.08.16 14:19:53.494,0.83862,0.83889,1.13,1.69
2013.08.16 14:19:53.835,0.83856,0.83878,1.32,1.88
2013.08.16 14:19:53.894,0.83857,0.83878,1.50,1.13
2013.08.16 14:19:54.134,0.83862,0.8388,1.50,1.13
2013.08.16 14:19:54.254,0.83862,0.8389,1.50,1.32
2013.08.16 14:19:54.348,0.83862,0.83891,1.50,2.07
2013.08.16 14:19:54.881,0.83866,0.83891,1.13,1.69
2013.08.16 14:19:54.944,0.83866,0.83891,1.50,2.07
2013.08.16 14:19:55.004,0.83866,0.83891,1.50,1.69
2013.08.16 14:19:56.293,0.83866,0.83888,1.50,1.50
2013.08.16 14:19:56.713,0.83862,0.83883,1.13,1.50
2013.08.16 14:19:56.863,0.83862,0.83883,1.13,1.50
2013.08.16 14:19:57.197,0.83862,0.83883,1.13,1.50
2013.08.16 14:19:57.648,0.83867,0.83887,1.13,1.50
2013.08.16 14:19:58.160,0.83867,0.83891,1.13,1.32
2013.08.16 14:19:58.224,0.83867,0.83891,1.13,1.13
2013.08.16 14:19:59.537,0.83866,0.83891,1.50,1.13
2013.08.16 14:20:01.745,0.83866,0.83892,1.13,1.32
2013.08.16 14:20:02.073,0.83862,0.83888,2.07,1.50
2013.08.16 14:20:02.152,0.83862,0.83888,2.07,1.50
2013.08.16 14:20:02.727,0.83862,0.83888,1.88,1.50
2013.08.16 14:20:03.737,0.83862,0.83886,1.50,1.13
2013.08.16 14:20:03.994,0.83862,0.83886,1.50,1.13
2013.08.16 14:20:04.135,0.83862,0.83886,1.50,1.13
2013.08.16 14:20:06.206,0.83862,0.83888,1.88,1.50
2013.08.16 14:20:06.685,0.83864,0.83893,1.32,2.44
2013.08.16 14:20:06.803,0.83864,0.83893,1.32,2.44
2013.08.16 14:20:08.575,0.83864,0.83893,1.32,2.44
2013.08.16 14:20:08.934,0.83851,0.83874,1.32,1.50
2013.08.16 14:20:09.325,0.83851,0.83874,1.13,1.50
2013.08.16 14:20:09.443,0.83857,0.83883,1.13,1.69
2013.08.16 14:20:09.563,0.83857,0.83883,1.13,1.69
2013.08.16 14:20:09.631,0.83857,0.83883,1.13,1.69
2013.08.16 14:20:09.695,0.83857,0.83883,1.13,1.50
2013.08.16 14:20:10.378,0.83857,0.83884,1.13,1.13
2013.08.16 14:20:11.434,0.83862,0.83887,1.13,1.13
2013.08.16 14:20:12.031,0.83862,0.83889,1.50,1.32
2013.08.16 14:20:12.094,0.83862,0.83886,1.13,1.73
2013.08.16 14:20:12.454,0.83853,0.83876,1.32,1.50
2013.08.16 14:20:12.994,0.83857,0.8388,1.50,1.32
2013.08.16 14:20:13.141,0.83857,0.83883,1.88,1.50
2013.08.16 14:20:13.204,0.83857,0.83884,1.88,1.69
2013.08.16 14:20:13.714,0.83857,0.83883,2.07,1.50
2013.08.16 14:20:15.154,0.83851,0.83871,1.13,1.35
2013.08.16 14:20:15.275,0.83845,0.83869,1.69,1.13
2013.08.16 14:20:15.794,0.83847,0.83866,1.50,1.69
2013.08.16 14:20:15.853,0.83847,0.83867,2.25,1.32
2013.08.16 14:20:15.974,0.83847,0.83868,2.25,2.44
2013.08.16 14:20:16.034,0.83847,0.83868,2.25,1.69
2013.08.16 14:20:16.094,0.83851,0.83868,1.13,1.69
2013.08.16 14:20:16.524,0.83851,0.83871,1.13,2.44
2013.08.16 14:20:16.714,0.83851,0.83873,1.13,1.69
2013.08.16 14:20:19.424,0.83847,0.83871,1.32,1.50
2013.08.16 14:20:19.494,0.83847,0.83873,1.32,1.69
2013.08.16 14:20:20.691,0.83847,0.83873,1.32,1.69
2013.08.16 14:20:23.354,0.83847,0.83873,1.13,1.69
2013.08.16 14:20:23.846,0.83851,0.83874,1.88,1.69
2013.08.16 14:20:24.083,0.83856,0.83882,1.50,1.13
2013.08.16 14:20:24.144,0.83856,0.83882,1.50,1.13
2013.08.16 14:20:24.316,0.83856,0.83882,1.50,1.13
2013.08.16 14:20:24.494,0.83856,0.83885,1.50,1.69
2013.08.16 14:20:25.095,0.83856,0.83885,1.50,1.32
2013.08.16 14:20:25.444,0.83849,0.83875,1.69,1.50
2013.08.16 14:20:26.125,0.83847,0.83873,2.07,1.50
2013.08.16 14:20:26.424,0.83849,0.83873,1.32,1.50
2013.08.16 14:20:26.753,0.83849,0.83869,1.32,1.50
2013.08.16 14:20:27.974,0.83848,0.8387,1.32,1.50
2013.08.16 14:20:34.215,0.83849,0.83869,2.82,1.50
2013.08.16 14:20:34.465,0.83848,0.8387,1.32,1.50
2013.08.16 14:20:34.645,0.83848,0.8387,2.82,1.50
2013.08.16 14:20:34.961,0.83848,0.8387,2.82,1.50
2013.08.16 14:20:35.630,0.83848,0.8387,2.07,1.50
2013.08.16 14:20:36.385,0.83852,0.83873,1.13,1.50
2013.08.16 14:20:36.806,0.83852,0.83874,1.13,1.50
2013.08.16 14:20:36.984,0.83848,0.83872,2.07,1.50
2013.08.16 14:20:37.656,0.83847,0.83873,1.13,1.32
2013.08.16 14:20:37.875,0.83846,0.83874,1.13,2.07
2013.08.16 14:20:42.556,0.83846,0.83874,1.32,1.80
2013.08.16 14:20:43.125,0.83845,0.83872,2.07,1.50
2013.08.16 14:20:43.484,0.83842,0.83864,1.32,1.50
2013.08.16 14:20:44.071,0.83841,0.83864,1.50,1.50
2013.08.16 14:20:44.455,0.83838,0.83861,1.13,1.50
2013.08.16 14:20:44.583,0.83836,0.83861,2.07,1.50
2013.08.16 14:20:45.334,0.83836,0.83861,1.50,1.50
2013.08.16 14:20:45.805,0.83835,0.83864,1.32,1.69
2013.08.16 14:20:46.074,0.83835,0.83864,2.07,1.50
2013.08.16 14:20:46.752,0.83833,0.83864,1.32,1.69
2013.08.16 14:20:50.881,0.83834,0.83854,1.69,1.13
2013.08.16 14:20:50.944,0.83826,0.83853,1.88,1.13
2013.08.16 14:20:51.445,0.83819,0.83852,2.44,1.69
2013.08.16 14:20:51.505,0.83828,0.83852,1.13,1.69
2013.08.16 14:20:51.805,0.83826,0.83852,1.32,1.13
2013.08.16 14:20:52.114,0.83827,0.83856,2.07,1.50
2013.08.16 14:20:52.631,0.83827,0.83857,1.32,1.69
2013.08.16 14:20:52.977,0.83827,0.83857,1.32,1.69
2013.08.16 14:20:53.034,0.83827,0.83857,1.32,1.32
2013.08.16 14:20:58.123,0.83827,0.83857,1.13,1.32
2013.08.16 14:20:58.184,0.83826,0.83856,1.32,1.32
2013.08.16 14:20:58.364,0.83823,0.83852,1.32,1.50
2013.08.16 14:20:58.424,0.83823,0.83852,1.32,1.50
2013.08.16 14:20:58.484,0.83823,0.83852,1.32,1.50
2013.08.16 14:20:58.904,0.83826,0.83855,1.13,1.69
2013.08.16 14:21:00.174,0.83831,0.83856,1.88,1.32
2013.08.16 14:21:01.375,0.83828,0.83855,1.13,1.32
2013.08.16 14:21:01.555,0.83828,0.83856,1.88,2.07
2013.08.16 14:21:02.165,0.8383,0.83858,1.13,2.44
2013.08.16 14:21:02.788,0.83827,0.83855,2.07,2.07
2013.08.16 14:21:03.468,0.83827,0.83855,2.07,2.44
2013.08.16 14:21:03.803,0.83827,0.83855,2.07,2.44
2013.08.16 14:21:04.778,0.83827,0.83855,2.07,2.44
2013.08.16 14:21:04.895,0.8383,0.83855,1.32,1.50
2013.08.16 14:21:05.426,0.83829,0.83859,1.32,1.69
2013.08.16 14:21:05.791,0.83829,0.83859,1.32,1.69
2013.08.16 14:21:08.074,0.83836,0.83861,1.13,1.32
2013.08.16 14:21:08.135,0.83836,0.83861,1.50,1.13
2013.08.16 14:21:08.197,0.83836,0.83862,1.50,1.32
2013.08.16 14:21:08.631,0.83837,0.83864,1.32,1.13
2013.08.16 14:21:08.754,0.83837,0.83864,1.32,1.32
2013.08.16 14:21:08.994,0.83832,0.83858,3.19,1.50
2013.08.16 14:21:09.174,0.8383,0.83858,1.69,1.50
2013.08.16 14:21:09.234,0.83832,0.83858,1.13,1.50
2013.08.16 14:21:09.594,0.83836,0.83864,1.69,2.44
2013.08.16 14:21:09.654,0.83836,0.83864,2.44,1.69
2013.08.16 14:21:10.184,0.83837,0.83864,1.13,1.32
2013.08.16 14:21:10.514,0.83846,0.83869,1.13,1.32
2013.08.16 14:21:11.044,0.83842,0.83868,1.32,1.13
2013.08.16 14:21:11.450,0.83842,0.83868,1.32,1.13
2013.08.16 14:21:11.694,0.83839,0.83868,1.69,1.13
2013.08.16 14:21:11.816,0.83838,0.83864,1.32,1.13
2013.08.16 14:21:11.874,0.83838,0.83864,1.32,1.32
2013.08.16 14:21:12.496,0.83837,0.83864,1.13,1.32
2013.08.16 14:21:13.008,0.83834,0.83864,1.69,1.69
2013.08.16 14:21:13.386,0.83834,0.83863,1.32,1.32
2013.08.16 14:21:13.447,0.83833,0.8386,1.32,1.50
2013.08.16 14:21:14.084,0.83833,0.83863,1.69,1.32
2013.08.16 14:21:14.666,0.83833,0.83863,1.32,1.32
2013.08.16 14:21:14.984,0.83831,0.83852,1.13,1.13
2013.08.16 14:21:15.044,0.83828,0.83852,1.32,1.13
2013.08.16 14:21:15.104,0.83826,0.83852,1.13,1.32
2013.08.16 14:21:15.164,0.83826,0.83854,1.88,2.07
2013.08.16 14:21:15.224,0.83826,0.83854,2.25,1.69
2013.08.16 14:21:15.404,0.83826,0.83854,2.25,1.50
2013.08.16 14:21:15.525,0.83826,0.83854,1.88,1.50
2013.08.16 14:21:16.414,0.83828,0.83854,1.32,1.50
2013.08.16 14:21:16.981,0.83828,0.83858,1.32,1.69
2013.08.16 14:21:17.364,0.83828,0.83858,2.07,1.69
2013.08.16 14:21:17.424,0.83828,0.83857,1.88,1.54
2013.08.16 14:21:17.948,0.83822,0.83849,1.50,1.50
2013.08.16 14:21:18.674,0.83827,0.83851,1.13,1.69
2013.08.16 14:21:18.904,0.83826,0.83854,1.50,3.19
2013.08.16 14:21:19.024,0.83826,0.83854,1.69,2.07
2013.08.16 14:21:19.264,0.83827,0.83854,1.69,1.13
2013.08.16 14:21:19.624,0.83832,0.83863,2.44,2.44
2013.08.16 14:21:21.244,0.83837,0.83864,1.13,1.32
2013.08.16 14:21:21.955,0.83837,0.83864,1.13,1.32
2013.08.16 14:21:22.798,0.83837,0.83864,1.32,1.32
2013.08.16 14:21:23.015,0.83837,0.83865,1.32,2.07
2013.08.16 14:21:23.164,0.8383,0.83859,1.69,1.13
2013.08.16 14:21:23.224,0.83829,0.83854,1.69,1.13
2013.08.16 14:21:23.284,0.83827,0.83854,2.07,1.13
2013.08.16 14:21:24.685,0.83829,0.83854,1.13,1.13
2013.08.16 14:21:25.214,0.83831,0.8386,1.32,2.44
2013.08.16 14:21:25.274,0.83831,0.8386,1.32,2.44
2013.08.16 14:21:26.563,0.83829,0.83858,2.07,1.50
2013.08.16 14:21:26.864,0.83829,0.83858,1.32,1.69
2013.08.16 14:21:27.995,0.83829,0.83858,1.32,1.69
2013.08.16 14:21:28.405,0.83828,0.83857,1.32,1.32
2013.08.16 14:21:30.384,0.83827,0.83858,2.44,2.07
2013.08.16 14:21:30.504,0.83829,0.83858,2.44,1.32
2013.08.16 14:21:31.128,0.83829,0.83858,2.44,1.32
2013.08.16 14:21:31.926,0.83829,0.83856,1.69,1.13
2013.08.16 14:21:32.446,0.83827,0.83853,1.32,1.32
2013.08.16 14:21:32.668,0.83827,0.83855,1.32,1.32
2013.08.16 14:21:32.975,0.83829,0.83854,1.13,1.32
2013.08.16 14:21:33.524,0.83829,0.83854,1.13,1.32
2013.08.16 14:21:35.144,0.83827,0.83855,1.32,1.69
2013.08.16 14:21:36.621,0.83826,0.83853,2.44,1.32
2013.08.16 14:21:36.684,0.83826,0.83852,1.50,1.32
2013.08.16 14:21:38.113,0.83824,0.8385,1.13,1.50
2013.08.16 14:21:38.752,0.83825,0.8385,1.13,1.50
2013.08.16 14:21:40.965,0.83824,0.8385,1.32,1.50
2013.08.16 14:21:41.562,0.83824,0.83849,1.32,1.50
2013.08.16 14:21:41.875,0.83824,0.83848,1.13,1.50
2013.08.16 14:21:42.234,0.83824,0.83844,1.13,1.50
2013.08.16 14:21:42.676,0.83819,0.83844,1.13,1.50
2013.08.16 14:21:44.224,0.83821,0.83844,1.50,1.50
2013.08.16 14:21:44.305,0.83821,0.83846,1.50,1.69
2013.08.16 14:21:44.390,0.83821,0.83846,1.50,1.69
2013.08.16 14:21:45.799,0.83816,0.83845,2.44,1.32
2013.08.16 14:21:47.115,0.83818,0.83843,1.69,1.69
2013.08.16 14:21:48.434,0.83817,0.83843,1.13,1.69
2013.08.16 14:21:48.554,0.83817,0.83843,1.32,1.50
2013.08.16 14:21:48.834,0.83817,0.83844,1.69,1.69
2013.08.16 14:21:49.366,0.83816,0.83844,1.69,2.07
2013.08.16 14:21:49.485,0.83814,0.83838,2.07,1.50
2013.08.16 14:21:49.754,0.83817,0.83843,1.50,1.69
2013.08.16 14:21:49.874,0.83817,0.83843,1.50,1.69
2013.08.16 14:21:50.535,0.83817,0.83843,2.25,1.69
2013.08.16 14:21:52.334,0.83817,0.83843,1.50,1.32
2013.08.16 14:21:55.250,0.83817,0.83843,1.69,1.13
2013.08.16 14:21:55.775,0.83817,0.83843,2.44,1.13
2013.08.16 14:21:55.853,0.83817,0.83843,2.25,1.32
2013.08.16 14:21:56.155,0.83811,0.83838,1.88,1.13
2013.08.16 14:21:56.274,0.83807,0.83838,2.82,1.50
2013.08.16 14:21:56.702,0.83807,0.83838,2.82,1.50
2013.08.16 14:21:56.944,0.83816,0.83839,1.13,2.82
2013.08.16 14:21:57.004,0.83816,0.83839,1.13,1.88
2013.08.16 14:21:57.124,0.83813,0.83839,1.13,1.13
2013.08.16 14:21:57.454,0.83812,0.83842,1.13,1.32
2013.08.16 14:22:00.645,0.83816,0.83843,1.13,1.69
2013.08.16 14:22:00.704,0.83816,0.83843,1.13,1.69
2013.08.16 14:22:02.880,0.83816,0.83843,1.13,2.82
2013.08.16 14:22:03.451,0.83816,0.83843,1.13,2.44
2013.08.16 14:22:05.975,0.83817,0.83843,1.13,1.69
2013.08.16 14:22:08.614,0.83815,0.83843,1.88,1.32
2013.08.16 14:22:08.734,0.83814,0.83839,1.32,1.50
2013.08.16 14:22:08.915,0.83811,0.83839,1.69,1.69
2013.08.16 14:22:08.976,0.8381,0.83839,2.44,1.69
2013.08.16 14:22:09.514,0.8381,0.83833,1.69,1.13
2013.08.16 14:22:09.635,0.83807,0.83831,2.07,1.13
2013.08.16 14:22:09.695,0.83804,0.8383,1.32,1.50
2013.08.16 14:22:10.055,0.83803,0.8383,2.44,1.50
2013.08.16 14:22:13.195,0.838,0.83829,1.69,1.50
2013.08.16 14:22:14.388,0.83799,0.83829,2.82,1.50
2013.08.16 14:22:15.094,0.838,0.83828,1.32,1.50
2013.08.16 14:22:15.214,0.838,0.83824,1.32,1.13
2013.08.16 14:22:15.791,0.83798,0.83824,1.32,1.88
2013.08.16 14:22:19.794,0.83797,0.83824,1.50,1.69
2013.08.16 14:22:19.854,0.83797,0.83824,1.50,1.69
2013.08.16 14:22:22.555,0.83797,0.83823,1.13,2.44
2013.08.16 14:22:25.146,0.83796,0.83823,1.13,2.44
2013.08.16 14:22:25.609,0.83797,0.83823,1.32,1.32
2013.08.16 14:22:25.941,0.83797,0.83823,1.32,1.32
2013.08.16 14:22:26.656,0.83797,0.83823,2.07,1.13
2013.08.16 14:22:28.175,0.838,0.83826,1.13,1.32
2013.08.16 14:22:28.648,0.838,0.83826,1.13,1.32
2013.08.16 14:22:29.384,0.83795,0.83822,1.13,2.07
2013.08.16 14:22:29.455,0.83795,0.83821,1.13,1.32
2013.08.16 14:22:30.464,0.83794,0.83822,1.13,2.07
2013.08.16 14:22:30.983,0.83794,0.83822,1.13,2.07
2013.08.16 14:22:32.414,0.83797,0.83822,1.13,1.32
2013.08.16 14:22:32.474,0.83797,0.83823,1.13,1.32
2013.08.16 14:22:32.774,0.83797,0.83823,1.13,1.13
2013.08.16 14:22:33.530,0.83797,0.83827,1.88,1.32
2013.08.16 14:22:34.075,0.83802,0.83827,1.50,1.32
2013.08.16 14:22:34.835,0.83802,0.83823,1.50,1.13
2013.08.16 14:22:35.136,0.83799,0.8382,1.13,1.50
2013.08.16 14:22:35.196,0.838,0.83824,1.50,2.07
2013.08.16 14:22:35.315,0.83801,0.83824,1.13,1.13
2013.08.16 14:22:35.445,0.83802,0.83824,1.13,1.13
2013.08.16 14:22:35.624,0.83804,0.83833,1.88,1.32
2013.08.16 14:22:35.985,0.83807,0.83835,1.88,1.50
2013.08.16 14:22:36.314,0.83809,0.83835,1.13,1.50
2013.08.16 14:22:36.374,0.83809,0.83838,1.50,1.69
2013.08.16 14:22:36.494,0.8381,0.8384,1.50,1.32
2013.08.16 14:22:37.145,0.83811,0.8384,1.32,1.32
2013.08.16 14:22:37.927,0.83812,0.83834,1.32,1.13
2013.08.16 14:22:37.986,0.8381,0.83834,1.32,1.13
2013.08.16 14:22:38.494,0.83812,0.83838,1.13,1.32
2013.08.16 14:22:38.554,0.83812,0.83839,1.13,1.69
2013.08.16 14:22:38.674,0.83809,0.83839,2.07,1.32
2013.08.16 14:22:38.855,0.83811,0.83843,1.32,2.44
2013.08.16 14:22:39.171,0.83814,0.83846,1.13,3.19
2013.08.16 14:22:40.085,0.83812,0.83844,2.07,1.69
2013.08.16 14:22:40.728,0.83812,0.83841,2.07,1.69
2013.08.16 14:22:40.905,0.83812,0.83837,1.13,1.32
2013.08.16 14:22:43.262,0.83812,0.83837,1.13,1.32
2013.08.16 14:22:43.455,0.83807,0.83836,2.07,1.32
2013.08.16 14:22:43.517,0.83807,0.83836,1.32,1.32
2013.08.16 14:22:45.544,0.83809,0.83837,1.69,1.13
2013.08.16 14:22:47.604,0.83809,0.83837,2.44,1.13
2013.08.16 14:22:52.818,0.8381,0.83837,1.32,1.13
2013.08.16 14:22:58.435,0.83809,0.83837,1.32,1.13
2013.08.16 14:23:01.326,0.83809,0.83837,1.32,1.13
2013.08.16 14:23:01.504,0.83808,0.83828,1.13,1.13
2013.08.16 14:23:01.884,0.83807,0.83828,1.13,1.13
2013.08.16 14:23:02.405,0.83804,0.83829,1.13,1.13
2013.08.16 14:23:03.046,0.83798,0.83829,1.69,1.32
2013.08.16 14:23:04.125,0.83798,0.83828,1.32,1.13
2013.08.16 14:23:04.184,0.83796,0.83827,1.69,1.69
2013.08.16 14:23:04.305,0.83795,0.83827,1.69,1.69
2013.08.16 14:23:04.807,0.83795,0.83822,1.32,1.13
2013.08.16 14:23:04.920,0.83795,0.83822,1.32,1.13
2013.08.16 14:23:05.884,0.83796,0.83824,1.13,1.32
2013.08.16 14:23:06.155,0.83796,0.83824,1.32,1.32
2013.08.16 14:23:06.731,0.83796,0.83824,1.32,1.32
2013.08.16 14:23:07.725,0.83796,0.83824,1.32,1.32
2013.08.16 14:23:09.795,0.83796,0.83824,1.32,1.32
2013.08.16 14:23:12.680,0.83796,0.83825,1.69,1.32
2013.08.16 14:23:14.925,0.83796,0.83824,1.32,1.32
2013.08.16 14:23:17.146,0.83796,0.83824,1.32,1.32
2013.08.16 14:23:17.803,0.83796,0.83825,1.32,1.32
2013.08.16 14:23:18.165,0.83796,0.83825,1.32,1.13
2013.08.16 14:23:18.621,0.838,0.83827,1.32,1.32
2013.08.16 14:23:18.955,0.838,0.8382,1.13,1.13
2013.08.16 14:23:19.434,0.83805,0.8383,1.13,1.13
2013.08.16 14:23:19.864,0.83807,0.83833,1.13,1.13
2013.08.16 14:23:20.285,0.83807,0.83833,1.13,1.13
2013.08.16 14:23:21.360,0.83802,0.83827,1.50,1.13
2013.08.16 14:23:21.415,0.83802,0.83821,1.32,1.13
2013.08.16 14:23:21.654,0.83797,0.83821,1.32,1.13
2013.08.16 14:23:22.054,0.83799,0.83821,1.32,1.13
2013.08.16 14:23:22.284,0.83799,0.83821,1.32,1.13
2013.08.16 14:23:23.112,0.83795,0.83821,1.32,1.13
2013.08.16 14:23:23.702,0.83795,0.83821,1.32,1.13
2013.08.16 14:23:24.913,0.83799,0.83821,1.32,1.13
2013.08.16 14:23:25.367,0.83799,0.83823,1.32,1.13
2013.08.16 14:23:25.555,0.83801,0.83823,1.32,1.13
2013.08.16 14:23:28.068,0.83799,0.83823,1.32,1.50
2013.08.16 14:23:28.374,0.83797,0.83823,2.44,1.50
2013.08.16 14:23:28.436,0.83797,0.83824,1.69,1.13
2013.08.16 14:23:29.524,0.838,0.83829,1.32,1.50
2013.08.16 14:23:30.099,0.83799,0.83829,1.69,1.13
2013.08.16 14:23:30.665,0.838,0.83829,1.32,1.13
2013.08.16 14:23:30.954,0.83799,0.83828,1.13,2.48
2013.08.16 14:23:31.386,0.83798,0.83817,1.13,1.13
2013.08.16 14:23:31.827,0.83798,0.83817,1.13,1.13
2013.08.16 14:23:32.214,0.83795,0.83817,1.13,1.32
2013.08.16 14:23:32.274,0.83795,0.83817,1.13,1.32
2013.08.16 14:23:33.184,0.83795,0.83817,1.13,1.32
2013.08.16 14:23:33.244,0.83795,0.83817,1.13,1.32
2013.08.16 14:23:34.021,0.83795,0.83817,1.13,1.32
2013.08.16 14:23:34.144,0.83792,0.83815,1.50,1.13
2013.08.16 14:23:34.324,0.83787,0.83815,2.44,1.32
2013.08.16 14:23:34.637,0.83787,0.83815,2.07,1.32
2013.08.16 14:23:35.176,0.83787,0.83817,1.32,2.44
2013.08.16 14:23:35.237,0.83786,0.83814,1.69,1.69
2013.08.16 14:23:35.545,0.83787,0.83813,1.32,1.13
2013.08.16 14:23:35.608,0.83788,0.83813,1.32,1.13
2013.08.16 14:23:35.666,0.83786,0.8381,1.50,1.13
2013.08.16 14:23:36.634,0.83786,0.8381,1.13,1.13
2013.08.16 14:23:37.386,0.83785,0.83809,1.32,1.13
2013.08.16 14:23:37.505,0.83784,0.83809,2.25,1.13
2013.08.16 14:23:37.685,0.83782,0.83808,2.25,1.13
2013.08.16 14:23:38.205,0.83782,0.83808,1.69,1.13
2013.08.16 14:23:38.264,0.83782,0.83808,1.69,1.13
2013.08.16 14:23:38.804,0.83782,0.83809,1.32,1.32
2013.08.16 14:23:39.444,0.83784,0.8381,1.32,1.32
2013.08.16 14:23:39.984,0.83782,0.83809,1.69,1.32
2013.08.16 14:23:40.365,0.83784,0.83812,1.69,1.13
2013.08.16 14:23:40.484,0.83786,0.83814,2.07,2.07
2013.08.16 14:23:40.545,0.83786,0.83814,2.07,1.88
2013.08.16 14:23:40.888,0.83789,0.8382,1.69,2.07
2013.08.16 14:23:41.226,0.83789,0.83819,1.32,1.32
2013.08.16 14:23:41.285,0.83789,0.83819,1.32,1.69
2013.08.16 14:23:41.525,0.83789,0.83823,2.07,1.69
2013.08.16 14:23:41.805,0.83789,0.8382,1.32,2.44
2013.08.16 14:23:41.897,0.83789,0.8382,1.32,2.44
2013.08.16 14:23:41.956,0.83787,0.83819,1.32,1.69
2013.08.16 14:23:42.486,0.8379,0.8382,1.32,2.82
2013.08.16 14:23:42.546,0.83786,0.8382,3.19,2.82
2013.08.16 14:23:42.855,0.83786,0.83808,1.13,1.50
2013.08.16 14:23:43.518,0.83786,0.83814,1.13,1.69
2013.08.16 14:23:43.586,0.83784,0.83814,1.13,1.69
2013.08.16 14:23:44.072,0.83782,0.83808,1.50,1.13
2013.08.16 14:23:44.451,0.83782,0.83808,1.50,1.13
2013.08.16 14:23:45.836,0.83783,0.83808,1.13,1.13
2013.08.16 14:23:45.929,0.83783,0.83808,1.13,1.13
2013.08.16 14:23:46.055,0.83783,0.83808,1.13,1.13
2013.08.16 14:23:46.364,0.83783,0.83803,1.13,1.13
2013.08.16 14:23:47.488,0.83774,0.83801,1.50,1.13
2013.08.16 14:23:48.118,0.83774,0.83803,2.44,1.32
2013.08.16 14:23:49.215,0.83778,0.83802,1.13,1.32
2013.08.16 14:23:51.874,0.83774,0.83804,2.44,1.32
2013.08.16 14:23:51.951,0.83774,0.83804,2.44,1.32
2013.08.16 14:23:54.064,0.83776,0.83804,1.50,1.32
2013.08.16 14:23:54.335,0.83774,0.83804,2.44,1.32
2013.08.16 14:23:54.394,0.83774,0.83804,2.07,1.32
2013.08.16 14:23:56.464,0.83772,0.838,1.50,1.32
2013.08.16 14:23:57.245,0.8377,0.83798,1.69,1.13
2013.08.16 14:23:58.184,0.83767,0.83798,1.32,1.32
2013.08.16 14:23:58.364,0.83764,0.8379,1.13,1.13
2013.08.16 14:23:58.664,0.83761,0.83789,2.44,1.13
2013.08.16 14:23:59.746,0.83761,0.83789,1.69,1.32
2013.08.16 14:24:00.185,0.83761,0.83789,2.07,1.32
2013.08.16 14:24:00.244,0.83761,0.83789,1.69,1.32
2013.08.16 14:24:00.364,0.83761,0.83789,1.69,1.32
2013.08.16 14:24:01.214,0.83759,0.83782,1.69,1.13
2013.08.16 14:24:01.908,0.8376,0.83787,1.13,1.32
2013.08.16 14:24:02.515,0.8376,0.83787,1.13,1.32
2013.08.16 14:24:04.255,0.83759,0.8378,1.13,1.13
2013.08.16 14:24:04.375,0.83759,0.8378,1.13,1.13
2013.08.16 14:24:04.874,0.83757,0.83779,1.69,1.13
2013.08.16 14:24:05.924,0.83757,0.8378,1.88,1.32
2013.08.16 14:24:07.164,0.83757,0.8378,1.13,1.32
2013.08.16 14:24:07.824,0.83755,0.8378,1.13,1.32
2013.08.16 14:24:08.359,0.83755,0.8378,1.13,1.69
2013.08.16 14:24:08.947,0.83754,0.8378,1.13,1.32
2013.08.16 14:24:09.184,0.83757,0.8378,1.13,1.13
2013.08.16 14:24:09.934,0.83753,0.8378,1.32,1.32
2013.08.16 14:24:10.775,0.83757,0.8378,1.13,1.32
2013.08.16 14:24:11.014,0.83757,0.8378,1.32,1.13
2013.08.16 14:24:11.134,0.83757,0.8378,1.32,1.13
2013.08.16 14:24:11.604,0.83756,0.8378,1.32,1.13
2013.08.16 14:24:11.669,0.83756,0.8378,1.32,1.13
2013.08.16 14:24:12.648,0.83756,0.83779,1.32,1.13
2013.08.16 14:24:13.288,0.83756,0.8378,1.32,1.50
2013.08.16 14:24:13.906,0.83756,0.8378,1.32,1.13
2013.08.16 14:24:14.188,0.83756,0.8378,1.32,1.13
2013.08.16 14:24:15.224,0.83756,0.8378,1.32,1.13
2013.08.16 14:24:15.783,0.83756,0.8378,1.32,1.13
2013.08.16 14:24:16.505,0.83756,0.8378,1.32,1.13
2013.08.16 14:24:16.688,0.83756,0.8378,1.32,1.13
2013.08.16 14:24:17.261,0.83756,0.8378,1.32,1.13
2013.08.16 14:24:18.123,0.83756,0.8378,1.32,1.50
2013.08.16 14:24:18.560,0.83756,0.8378,1.32,1.13
2013.08.16 14:24:18.893,0.83756,0.8378,1.32,1.13
2013.08.16 14:24:19.015,0.83756,0.8378,1.32,1.13
2013.08.16 14:24:20.005,0.83759,0.83786,1.13,1.69
2013.08.16 14:24:20.418,0.83756,0.83781,1.32,1.13
2013.08.16 14:24:20.474,0.83756,0.83781,1.32,1.13
2013.08.16 14:24:20.534,0.83756,0.83774,1.13,1.50
2013.08.16 14:24:20.894,0.8373,0.8375,1.13,1.13
2013.08.16 14:24:20.954,0.83727,0.8375,1.69,1.13
2013.08.16 14:24:21.014,0.83724,0.83744,1.69,1.13
2013.08.16 14:24:21.264,0.83721,0.83745,1.32,1.13
2013.08.16 14:24:21.551,0.83719,0.83743,1.32,1.13
2013.08.16 14:24:22.948,0.83716,0.83742,2.07,1.13
2013.08.16 14:24:23.474,0.83721,0.83749,1.32,1.32
2013.08.16 14:24:23.587,0.83721,0.83748,1.32,1.32
2013.08.16 14:24:23.644,0.83727,0.83749,1.13,1.32
2013.08.16 14:24:24.160,0.83726,0.83749,1.32,1.13
2013.08.16 14:24:25.695,0.83726,0.83748,1.32,1.13
2013.08.16 14:24:25.757,0.83722,0.83748,1.69,1.13
2013.08.16 14:24:26.065,0.8372,0.83748,2.07,1.13
2013.08.16 14:24:26.125,0.8372,0.83748,2.07,1.13
2013.08.16 14:24:26.656,0.8372,0.83748,2.07,1.32
2013.08.16 14:24:27.119,0.8372,0.83748,2.07,1.32
2013.08.16 14:24:27.459,0.83722,0.83748,1.32,1.32
2013.08.16 14:24:28.108,0.8372,0.83748,2.07,1.32
2013.08.16 14:24:28.464,0.83721,0.83748,1.69,1.32
2013.08.16 14:24:29.254,0.8372,0.83748,1.69,1.32
2013.08.16 14:24:29.766,0.8372,0.83748,1.69,1.69
2013.08.16 14:24:30.184,0.83717,0.83744,1.32,1.13
2013.08.16 14:24:30.244,0.83716,0.83744,1.69,1.13
2013.08.16 14:24:30.304,0.83715,0.83744,1.32,1.32
2013.08.16 14:24:30.894,0.8371,0.83739,1.32,1.13
2013.08.16 14:24:31.435,0.83709,0.83739,1.32,1.13
2013.08.16 14:24:31.874,0.83706,0.83735,1.32,1.13
2013.08.16 14:24:31.935,0.83705,0.83735,1.69,1.13
2013.08.16 14:24:33.224,0.83706,0.83734,1.69,1.32
2013.08.16 14:24:34.295,0.83706,0.83734,1.69,1.32
2013.08.16 14:24:34.788,0.83706,0.83732,1.69,1.13
2013.08.16 14:24:35.144,0.83701,0.83729,1.50,1.13
2013.08.16 14:24:35.494,0.83701,0.83729,1.50,1.13
2013.08.16 14:24:35.665,0.83701,0.83729,1.50,1.13
2013.08.16 14:24:35.889,0.83701,0.83729,1.69,1.13
2013.08.16 14:24:36.245,0.83697,0.83726,1.69,1.13
2013.08.16 14:24:36.306,0.83697,0.83724,1.69,1.13
2013.08.16 14:24:36.485,0.83697,0.83724,1.69,1.13
2013.08.16 14:24:37.345,0.83697,0.83724,1.32,1.13
2013.08.16 14:24:37.404,0.83697,0.83729,1.69,1.32
2013.08.16 14:24:37.734,0.83697,0.8373,3.19,1.69
2013.08.16 14:24:38.267,0.83697,0.83727,1.69,1.32
2013.08.16 14:24:38.888,0.83698,0.83728,1.69,1.50
2013.08.16 14:24:39.476,0.83697,0.83729,3.19,1.32
2013.08.16 14:24:39.780,0.83697,0.83729,3.19,1.32
2013.08.16 14:24:40.285,0.83697,0.83727,2.82,1.32
2013.08.16 14:24:40.524,0.83697,0.83728,2.07,1.32
2013.08.16 14:24:40.584,0.83696,0.83717,1.69,1.13
2013.08.16 14:24:40.686,0.83695,0.83717,1.32,1.13
2013.08.16 14:24:41.165,0.83687,0.83717,2.07,1.13
2013.08.16 14:24:41.920,0.83687,0.83716,2.07,1.13
2013.08.16 14:24:42.465,0.83687,0.83717,2.07,1.13
2013.08.16 14:24:42.678,0.83687,0.83717,2.07,1.13
2013.08.16 14:24:42.937,0.83687,0.83717,2.07,1.50
2013.08.16 14:24:43.144,0.83687,0.83712,1.32,1.13
2013.08.16 14:24:43.205,0.83685,0.83712,2.07,1.13
2013.08.16 14:24:43.384,0.8369,0.83713,1.13,2.63
2013.08.16 14:24:43.504,0.83692,0.83713,1.13,2.25
2013.08.16 14:24:43.804,0.83691,0.83713,1.32,2.25
2013.08.16 14:24:45.125,0.83687,0.83717,2.07,1.13
2013.08.16 14:24:45.914,0.8369,0.83717,1.32,1.13
2013.08.16 14:24:46.282,0.83692,0.83719,1.32,1.32
2013.08.16 14:24:46.408,0.83692,0.83719,1.32,1.32
2013.08.16 14:24:46.627,0.83691,0.83719,1.69,1.32
2013.08.16 14:24:46.833,0.83689,0.83717,1.32,1.13
2013.08.16 14:24:46.984,0.83686,0.83717,1.69,1.32
2013.08.16 14:24:50.472,0.83684,0.83717,1.32,2.44
2013.08.16 14:24:50.537,0.83682,0.83713,2.07,1.32
2013.08.16 14:24:50.655,0.83681,0.83707,1.32,1.13
2013.08.16 14:24:50.965,0.83676,0.83707,2.07,1.32
2013.08.16 14:24:52.221,0.83677,0.83707,1.32,2.07
2013.08.16 14:24:52.746,0.83677,0.83707,2.07,1.32
2013.08.16 14:24:56.755,0.83678,0.83706,1.32,1.13
2013.08.16 14:24:57.097,0.83687,0.83709,1.50,1.50
2013.08.16 14:24:57.215,0.83687,0.83717,1.50,1.32
2013.08.16 14:24:58.025,0.83687,0.83715,1.69,1.69
2013.08.16 14:24:58.088,0.83686,0.83715,1.69,1.69
2013.08.16 14:24:58.144,0.83685,0.83715,2.07,1.69
2013.08.16 14:24:58.444,0.83682,0.83712,1.32,1.13
2013.08.16 14:24:58.994,0.83683,0.83713,1.32,1.69
2013.08.16 14:24:59.305,0.83688,0.83713,1.32,1.69
2013.08.16 14:24:59.364,0.83688,0.83717,1.32,3.42
2013.08.16 14:24:59.424,0.83688,0.83717,1.32,2.67
2013.08.16 14:24:59.724,0.83688,0.83717,1.32,2.07
2013.08.16 14:25:00.394,0.83691,0.83717,1.50,1.32
2013.08.16 14:25:00.635,0.83694,0.8372,1.32,1.50
2013.08.16 14:25:01.076,0.83694,0.83728,1.32,2.82
2013.08.16 14:25:01.486,0.83701,0.83728,1.50,1.32
2013.08.16 14:25:01.846,0.83702,0.83733,2.63,1.32
2013.08.16 14:25:01.966,0.83703,0.83734,1.13,1.69
2013.08.16 14:25:02.631,0.83704,0.83737,1.50,1.69
2013.08.16 14:25:03.625,0.83704,0.83737,1.88,1.69
2013.08.16 14:25:04.164,0.83707,0.83737,1.32,1.32
2013.08.16 14:25:04.355,0.83703,0.83733,2.44,1.32
2013.08.16 14:25:04.516,0.83703,0.83732,1.69,1.32
2013.08.16 14:25:06.495,0.83702,0.83733,1.69,1.32
2013.08.16 14:25:07.265,0.83702,0.83734,1.69,2.07
2013.08.16 14:25:10.748,0.83702,0.83731,2.44,1.69
2013.08.16 14:25:12.371,0.83701,0.83732,1.69,1.69
2013.08.16 14:25:13.804,0.83703,0.83732,1.32,1.32
2013.08.16 14:25:13.984,0.83708,0.83738,1.32,2.07
2013.08.16 14:25:14.967,0.83709,0.83738,1.13,1.32
2013.08.16 14:25:16.163,0.83709,0.83738,1.13,1.32
2013.08.16 14:25:16.895,0.8371,0.8374,1.13,1.32
2013.08.16 14:25:17.056,0.8371,0.83741,1.13,1.69
2013.08.16 14:25:18.816,0.83711,0.83741,1.13,1.69
2013.08.16 14:25:19.336,0.83712,0.83741,1.13,1.32
2013.08.16 14:25:19.396,0.83712,0.83741,1.13,1.32
2013.08.16 14:25:20.075,0.83716,0.83744,1.32,1.13
2013.08.16 14:25:20.405,0.83713,0.83741,1.69,1.13
2013.08.16 14:25:20.915,0.8371,0.83741,2.07,1.69
2013.08.16 14:25:23.288,0.83712,0.83741,2.07,1.32
2013.08.16 14:25:23.347,0.83713,0.83743,1.32,2.44
2013.08.16 14:25:23.556,0.83715,0.83743,1.32,1.32
2013.08.16 14:25:23.615,0.83713,0.83743,1.32,1.32
2013.08.16 14:25:23.676,0.83713,0.83741,1.32,1.32
2013.08.16 14:25:24.558,0.83713,0.83741,1.32,1.32
2013.08.16 14:25:24.674,0.83715,0.83744,1.13,1.69
2013.08.16 14:25:24.795,0.83714,0.83743,1.32,1.69
2013.08.16 14:25:24.854,0.83714,0.83741,1.32,1.13
2013.08.16 14:25:26.165,0.83713,0.83741,1.32,1.32
2013.08.16 14:25:27.476,0.83712,0.83739,1.32,1.69
2013.08.16 14:25:32.364,0.83713,0.83741,1.32,1.32
2013.08.16 14:25:32.484,0.83716,0.83744,2.44,1.32
2013.08.16 14:25:32.724,0.83714,0.83743,2.44,1.88
2013.08.16 14:25:33.327,0.83711,0.83739,2.44,1.50
2013.08.16 14:25:34.272,0.83711,0.8374,2.44,1.13
2013.08.16 14:25:34.484,0.83716,0.83744,1.32,2.07
2013.08.16 14:25:34.544,0.83716,0.83744,1.32,2.07
2013.08.16 14:25:35.055,0.83716,0.83744,1.69,2.07
2013.08.16 14:25:35.477,0.83717,0.83744,1.69,1.13
2013.08.16 14:25:35.804,0.83719,0.83744,1.32,1.13
2013.08.16 14:25:36.645,0.83722,0.83746,1.32,1.13
2013.08.16 14:25:36.704,0.83724,0.83749,1.13,2.07
2013.08.16 14:25:36.884,0.83721,0.83748,1.32,1.13
2013.08.16 14:25:37.915,0.83725,0.83749,1.13,1.50
2013.08.16 14:25:38.184,0.83721,0.83748,1.32,1.13
2013.08.16 14:25:39.033,0.8372,0.83749,2.07,1.13
2013.08.16 14:25:39.155,0.83725,0.83749,1.13,1.13
2013.08.16 14:25:40.316,0.83726,0.83752,1.13,1.32
2013.08.16 14:25:44.396,0.83722,0.83747,1.32,1.13
2013.08.16 14:25:47.205,0.83725,0.83749,1.13,1.88
2013.08.16 14:25:47.264,0.83726,0.83749,1.13,1.50
2013.08.16 14:25:47.567,0.83731,0.83759,1.88,1.88
2013.08.16 14:25:48.436,0.83732,0.8376,1.13,1.50
2013.08.16 14:25:48.984,0.83732,0.83758,1.13,1.13
2013.08.16 14:25:49.044,0.83732,0.83758,2.07,1.13
2013.08.16 14:25:49.414,0.83729,0.83753,1.32,1.50
2013.08.16 14:25:49.535,0.83727,0.83753,1.69,1.50
2013.08.16 14:25:50.325,0.83727,0.83749,1.69,1.50
2013.08.16 14:25:50.625,0.83716,0.83744,2.07,1.50
2013.08.16 14:25:50.684,0.83716,0.83745,2.44,1.50
2013.08.16 14:25:51.134,0.83718,0.83748,2.44,1.69
2013.08.16 14:25:51.194,0.83718,0.83748,2.44,1.69
2013.08.16 14:25:51.557,0.83721,0.83749,1.32,1.69
2013.08.16 14:25:52.216,0.83722,0.8375,1.32,1.69
2013.08.16 14:25:52.396,0.83727,0.83753,1.13,1.69
2013.08.16 14:25:52.721,0.83727,0.83754,1.13,2.07
2013.08.16 14:25:52.785,0.83727,0.83753,1.13,1.32
2013.08.16 14:25:53.646,0.83727,0.83753,1.13,1.32
2013.08.16 14:25:54.509,0.83727,0.83754,1.13,2.07
2013.08.16 14:25:54.967,0.83727,0.83753,1.13,1.32
2013.08.16 14:25:55.867,0.83727,0.83754,1.13,1.69
2013.08.16 14:25:56.395,0.83727,0.83755,2.07,1.13
2013.08.16 14:25:57.198,0.83727,0.83755,2.07,1.32
2013.08.16 14:25:57.658,0.83727,0.83755,1.32,1.32
2013.08.16 14:25:58.076,0.83727,0.83752,1.13,1.69
2013.08.16 14:25:58.164,0.83727,0.83752,1.13,1.69
2013.08.16 14:25:58.544,0.83727,0.83752,1.13,1.69
2013.08.16 14:25:59.157,0.83727,0.83752,1.13,1.69
2013.08.16 14:25:59.414,0.83727,0.83752,1.13,2.07
2013.08.16 14:25:59.486,0.83727,0.83752,1.13,1.69
2013.08.16 14:25:59.596,0.83727,0.83752,1.13,2.07
2013.08.16 14:25:59.964,0.83721,0.83748,2.07,1.50
2013.08.16 14:26:00.404,0.83721,0.83748,2.07,1.50
2013.08.16 14:26:00.476,0.83721,0.83748,2.07,1.50
2013.08.16 14:26:00.716,0.83722,0.83749,1.69,1.13
2013.08.16 14:26:00.881,0.83723,0.83749,1.69,1.13
2013.08.16 14:26:00.944,0.83723,0.8375,1.69,1.13
2013.08.16 14:26:01.427,0.83727,0.83754,1.32,1.13
2013.08.16 14:26:01.485,0.83728,0.83754,1.13,1.13
2013.08.16 14:26:01.857,0.83728,0.83752,1.32,1.13
2013.08.16 14:26:02.197,0.83728,0.83751,1.32,1.13
2013.08.16 14:26:02.885,0.83728,0.83753,1.32,1.13
2013.08.16 14:26:03.564,0.83728,0.83755,1.32,1.50
2013.08.16 14:26:04.505,0.8373,0.83755,1.32,1.13
2013.08.16 14:26:07.385,0.83732,0.83755,1.32,1.13
2013.08.16 14:26:07.444,0.83731,0.83753,1.69,1.13
2013.08.16 14:26:07.804,0.83725,0.83745,1.32,1.13
2013.08.16 14:26:08.656,0.83726,0.83749,1.13,1.13
2013.08.16 14:26:09.786,0.83727,0.83749,1.13,1.13
2013.08.16 14:26:13.415,0.83727,0.83749,1.32,1.13
2013.08.16 14:26:16.605,0.83728,0.83753,1.32,1.13
2013.08.16 14:26:16.666,0.83732,0.83757,1.13,1.50
2013.08.16 14:26:17.146,0.83732,0.8376,1.32,1.50
2013.08.16 14:26:17.206,0.83736,0.83761,1.13,1.13
2013.08.16 14:26:17.265,0.83736,0.83761,1.32,1.13
2013.08.16 14:26:17.384,0.83736,0.83765,2.44,1.50
2013.08.16 14:26:17.624,0.83742,0.83773,1.32,1.69
2013.08.16 14:26:17.685,0.83743,0.83773,1.32,1.50
2013.08.16 14:26:17.745,0.83746,0.83774,1.69,1.50
2013.08.16 14:26:18.044,0.83756,0.83784,1.13,2.07
2013.08.16 14:26:18.385,0.83756,0.83784,1.50,1.13
2013.08.16 14:26:18.564,0.83757,0.83787,1.13,1.50
2013.08.16 14:26:19.270,0.83759,0.83784,1.32,1.13
2013.08.16 14:26:20.026,0.83758,0.83787,2.07,1.88
2013.08.16 14:26:20.957,0.83758,0.83787,2.07,1.88
2013.08.16 14:26:21.637,0.83757,0.83784,1.32,1.50
2013.08.16 14:26:22.685,0.83765,0.83786,1.13,1.13
2013.08.16 14:26:22.804,0.83765,0.8379,1.13,1.50
2013.08.16 14:26:23.115,0.83762,0.83791,1.32,1.32
2013.08.16 14:26:23.235,0.83761,0.83792,1.32,2.07
2013.08.16 14:26:23.336,0.83759,0.83792,1.69,2.07
2013.08.16 14:26:23.886,0.83759,0.8379,1.32,1.32
2013.08.16 14:26:24.487,0.83757,0.83785,1.32,1.50
2013.08.16 14:26:24.914,0.83757,0.83785,2.07,1.50
2013.08.16 14:26:26.918,0.8376,0.83788,1.32,1.69
2013.08.16 14:26:30.206,0.8376,0.83788,1.32,1.69
2013.08.16 14:26:31.376,0.8376,0.83788,1.32,1.50
2013.08.16 14:26:31.476,0.8376,0.83788,1.32,1.50
2013.08.16 14:26:32.231,0.8376,0.83788,1.32,1.50
2013.08.16 14:26:36.034,0.8376,0.83787,1.32,1.13
2013.08.16 14:26:36.274,0.83751,0.83778,1.69,1.50
2013.08.16 14:26:36.456,0.83748,0.83778,2.07,1.88
2013.08.16 14:26:36.766,0.83748,0.83778,1.32,1.88
2013.08.16 14:26:37.134,0.83747,0.83775,1.32,1.13
2013.08.16 14:26:37.314,0.83744,0.83774,1.32,1.50
2013.08.16 14:26:37.437,0.83744,0.83774,1.32,1.50
2013.08.16 14:26:38.086,0.83746,0.83776,1.32,1.69
2013.08.16 14:26:38.715,0.83746,0.83775,1.32,1.32
2013.08.16 14:26:39.156,0.83744,0.83773,1.32,1.69
2013.08.16 14:26:39.397,0.83744,0.83774,2.07,1.69
2013.08.16 14:26:39.576,0.83746,0.83775,1.32,1.32
2013.08.16 14:26:40.417,0.83746,0.83777,1.69,1.69
2013.08.16 14:26:40.617,0.83745,0.83774,1.69,1.50
2013.08.16 14:26:41.182,0.83746,0.83777,1.69,1.69
2013.08.16 14:26:42.236,0.83744,0.83777,1.69,2.44
2013.08.16 14:26:43.726,0.83744,0.83777,1.69,2.44
2013.08.16 14:26:46.653,0.83742,0.83773,2.07,1.69
2013.08.16 14:26:49.622,0.83742,0.83774,2.07,1.69
2013.08.16 14:26:51.205,0.83744,0.83778,2.07,2.07
2013.08.16 14:26:51.387,0.83747,0.83778,1.69,1.69
2013.08.16 14:26:51.975,0.83746,0.83775,1.32,1.69
2013.08.16 14:26:52.488,0.83744,0.83774,1.32,1.50
2013.08.16 14:26:52.852,0.83743,0.83776,2.07,1.50
2013.08.16 14:26:52.915,0.83743,0.83776,2.07,1.69
2013.08.16 14:26:53.575,0.83754,0.8378,1.50,1.69
2013.08.16 14:26:53.875,0.83755,0.8378,1.50,1.32
2013.08.16 14:26:54.307,0.83757,0.83778,1.13,1.50
2013.08.16 14:26:54.637,0.8375,0.83777,1.69,1.50
2013.08.16 14:26:55.134,0.83751,0.83779,1.69,1.69
2013.08.16 14:26:55.194,0.83751,0.83779,1.69,1.69
2013.08.16 14:26:56.157,0.83753,0.83778,1.32,1.50
2013.08.16 14:26:56.215,0.83753,0.83779,2.07,1.13
2013.08.16 14:26:56.395,0.83757,0.83779,1.32,1.13
2013.08.16 14:26:56.514,0.83757,0.83779,1.32,1.13
2013.08.16 14:26:56.786,0.83757,0.83779,1.32,1.13
2013.08.16 14:26:57.336,0.83757,0.83781,1.32,1.50
2013.08.16 14:26:57.665,0.83757,0.83781,1.32,1.50
2013.08.16 14:26:58.891,0.83757,0.83781,1.32,1.50
2013.08.16 14:26:59.125,0.83762,0.83787,1.13,1.32
2013.08.16 14:26:59.245,0.83761,0.83787,1.13,1.32
2013.08.16 14:26:59.305,0.83762,0.83787,1.13,1.32
2013.08.16 14:26:59.485,0.83762,0.83793,1.69,1.69
2013.08.16 14:26:59.545,0.83762,0.83793,1.69,1.69
2013.08.16 14:26:59.946,0.83764,0.83793,1.69,1.50
2013.08.16 14:27:00.095,0.83764,0.83793,1.69,1.50
2013.08.16 14:27:00.534,0.83767,0.83798,2.44,1.32
2013.08.16 14:27:00.715,0.83767,0.83796,1.69,1.13
2013.08.16 14:27:00.834,0.83767,0.83796,1.69,1.13
2013.08.16 14:27:01.645,0.83765,0.83796,1.69,1.88
2013.08.16 14:27:02.146,0.83767,0.83796,1.32,1.32
2013.08.16 14:27:02.325,0.83767,0.83798,2.07,1.69
2013.08.16 14:27:03.197,0.83769,0.83798,1.32,1.50
2013.08.16 14:27:03.366,0.83769,0.83799,1.32,1.88
2013.08.16 14:27:04.127,0.83771,0.83804,1.32,1.69
2013.08.16 14:27:04.625,0.83773,0.83804,1.32,1.69
2013.08.16 14:27:04.684,0.83773,0.83804,2.44,1.69
2013.08.16 14:27:04.986,0.83777,0.83807,1.32,1.32
2013.08.16 14:27:05.345,0.83791,0.83816,1.13,1.32
2013.08.16 14:27:05.476,0.83791,0.83816,1.13,1.32
2013.08.16 14:27:05.655,0.83785,0.83816,2.44,2.07
2013.08.16 14:27:05.890,0.83786,0.83816,1.13,1.32
2013.08.16 14:27:05.956,0.83786,0.83816,1.69,1.32
2013.08.16 14:27:06.277,0.83786,0.83816,1.69,1.32
2013.08.16 14:27:06.755,0.83787,0.83819,1.69,1.69
2013.08.16 14:27:06.815,0.83787,0.83819,1.69,1.69
2013.08.16 14:27:07.005,0.83787,0.83819,1.69,1.69
2013.08.16 14:27:07.355,0.83787,0.83819,1.69,1.69
2013.08.16 14:27:07.945,0.83787,0.83819,1.69,1.69
2013.08.16 14:27:08.488,0.83787,0.83819,1.69,1.69
2013.08.16 14:27:08.636,0.8379,0.8382,1.69,1.69
2013.08.16 14:27:08.695,0.83791,0.83823,1.69,1.69
2013.08.16 14:27:08.754,0.83791,0.83824,1.69,2.07
2013.08.16 14:27:09.276,0.83792,0.83824,1.32,1.69
2013.08.16 14:27:09.596,0.83792,0.83824,1.32,1.69
2013.08.16 14:27:09.755,0.83792,0.83824,1.32,1.69
2013.08.16 14:27:10.662,0.83794,0.83822,1.32,1.50
2013.08.16 14:27:11.467,0.83792,0.83818,1.32,1.50
2013.08.16 14:27:11.685,0.83788,0.83814,1.69,1.13
2013.08.16 14:27:11.986,0.83786,0.83814,1.69,1.88
2013.08.16 14:27:12.346,0.83786,0.83814,1.32,2.07
2013.08.16 14:27:12.495,0.83786,0.83814,1.32,2.07
2013.08.16 14:27:12.705,0.83786,0.83814,1.13,2.07
2013.08.16 14:27:12.966,0.83782,0.83808,1.32,1.50
2013.08.16 14:27:13.781,0.83782,0.83808,1.32,1.50
2013.08.16 14:27:14.687,0.83782,0.83808,1.32,1.50
2013.08.16 14:27:15.351,0.83782,0.83808,1.32,1.50
2013.08.16 14:27:15.884,0.83782,0.83808,1.32,1.50
2013.08.16 14:27:16.526,0.83782,0.83808,1.32,1.50
2013.08.16 14:27:20.156,0.83783,0.83808,1.32,1.50
2013.08.16 14:27:20.215,0.83787,0.8381,1.13,1.69
2013.08.16 14:27:20.396,0.83787,0.8381,1.13,1.69
2013.08.16 14:27:20.635,0.83787,0.83812,1.32,1.50
2013.08.16 14:27:20.806,0.83788,0.83812,1.69,1.50
2013.08.16 14:27:20.865,0.83791,0.83817,1.69,1.13
2013.08.16 14:27:21.006,0.83791,0.83825,2.44,1.69
2013.08.16 14:27:21.066,0.83792,0.83828,2.44,1.69
2013.08.16 14:27:21.575,0.83793,0.83828,1.69,1.69
2013.08.16 14:27:21.885,0.83793,0.83829,1.69,1.69
2013.08.16 14:27:33.327,0.83794,0.8383,1.32,1.32
2013.08.16 14:27:36.557,0.83795,0.83828,1.32,1.69
2013.08.16 14:27:36.796,0.83797,0.83831,1.69,1.69
2013.08.16 14:27:36.856,0.83797,0.83833,1.69,1.69
2013.08.16 14:27:38.356,0.83795,0.83833,2.82,1.69
2013.08.16 14:27:40.362,0.83792,0.8383,2.82,1.69
2013.08.16 14:27:41.586,0.83792,0.8383,2.82,1.69
2013.08.16 14:27:41.646,0.83792,0.8383,2.82,1.69
2013.08.16 14:27:42.405,0.83798,0.83833,1.32,2.07
2013.08.16 14:27:42.465,0.83798,0.83833,1.69,1.69
2013.08.16 14:27:42.697,0.838,0.83834,1.32,2.07
2013.08.16 14:27:44.667,0.838,0.83834,2.07,1.69
2013.08.16 14:27:45.218,0.83801,0.83834,1.69,1.69
2013.08.16 14:27:45.776,0.83801,0.83835,1.69,1.32
2013.08.16 14:27:46.195,0.83805,0.83835,1.32,1.13
2013.08.16 14:27:46.856,0.83805,0.83835,1.32,1.32
2013.08.16 14:27:47.105,0.838,0.83833,2.44,1.50
2013.08.16 14:27:49.238,0.83801,0.83831,1.69,1.69
2013.08.16 14:27:49.486,0.83801,0.83831,1.69,1.69
2013.08.16 14:27:50.096,0.83801,0.83831,1.32,1.69
2013.08.16 14:27:50.587,0.83801,0.83833,1.32,1.69
2013.08.16 14:27:51.419,0.83801,0.83833,1.69,1.69
2013.08.16 14:27:51.765,0.83804,0.83835,1.32,2.82
2013.08.16 14:27:52.136,0.83805,0.83835,2.44,2.07
2013.08.16 14:27:52.798,0.83812,0.83835,1.32,1.13
2013.08.16 14:27:53.188,0.83812,0.83835,1.32,1.13
2013.08.16 14:27:55.617,0.8381,0.83835,2.07,1.13
2013.08.16 14:27:55.795,0.8381,0.83835,1.32,1.13
2013.08.16 14:27:55.915,0.83803,0.83835,1.32,1.13
2013.08.16 14:27:55.975,0.83802,0.8383,2.07,1.13
2013.08.16 14:27:56.916,0.83803,0.83835,1.69,1.32
2013.08.16 14:27:57.530,0.83805,0.83836,1.32,1.32
2013.08.16 14:28:00.205,0.83802,0.83834,2.07,1.32
2013.08.16 14:28:00.705,0.83802,0.83835,2.44,1.69
2013.08.16 14:28:01.339,0.83803,0.83836,1.32,1.69
2013.08.16 14:28:03.175,0.83803,0.83836,1.32,1.69
2013.08.16 14:28:03.715,0.83802,0.83833,2.07,1.32
2013.08.16 14:28:05.114,0.83805,0.83836,1.32,1.69
2013.08.16 14:28:05.175,0.83806,0.83836,1.32,1.69
2013.08.16 14:28:05.474,0.83806,0.83836,1.32,1.69
2013.08.16 14:28:06.015,0.83806,0.83837,1.32,2.07
2013.08.16 14:28:07.335,0.83807,0.83837,1.32,1.32
2013.08.16 14:28:07.395,0.83809,0.83839,1.54,1.32
2013.08.16 14:28:07.455,0.83811,0.83839,1.13,1.32
2013.08.16 14:28:07.515,0.83811,0.83842,1.69,2.07
2013.08.16 14:28:07.695,0.83814,0.83844,1.69,1.32
2013.08.16 14:28:08.856,0.83814,0.83847,1.32,1.69
2013.08.16 14:28:10.728,0.83834,0.8385,1.13,1.32
2013.08.16 14:28:10.796,0.83834,0.83858,1.13,1.50
2013.08.16 14:28:10.925,0.83831,0.83854,1.13,1.13
2013.08.16 14:28:11.045,0.83831,0.83854,1.13,1.13
2013.08.16 14:28:11.165,0.83827,0.8385,1.54,1.13
2013.08.16 14:28:11.286,0.83826,0.8385,1.32,1.13
2013.08.16 14:28:11.685,0.83819,0.8385,1.69,1.50
2013.08.16 14:28:11.746,0.83818,0.8385,1.69,1.50
2013.08.16 14:28:11.955,0.83816,0.83843,1.32,1.50
2013.08.16 14:28:12.075,0.83816,0.83843,1.32,1.50
2013.08.16 14:28:13.250,0.83815,0.83842,1.32,1.13
2013.08.16 14:28:13.715,0.83815,0.83843,1.32,1.50
2013.08.16 14:28:14.908,0.83815,0.83846,1.32,1.69
2013.08.16 14:28:15.487,0.83815,0.83846,2.07,1.69
2013.08.16 14:28:21.096,0.83816,0.83846,1.69,1.69
2013.08.16 14:28:26.445,0.83816,0.83845,1.69,1.69
2013.08.16 14:28:26.506,0.83815,0.83845,1.32,1.69
2013.08.16 14:28:26.695,0.83814,0.8384,1.32,1.13
2013.08.16 14:28:26.755,0.83814,0.8384,1.32,1.13
2013.08.16 14:28:27.326,0.83809,0.83839,1.69,1.50
2013.08.16 14:28:27.385,0.83809,0.83839,1.69,1.50
2013.08.16 14:28:28.467,0.83809,0.83839,2.44,1.50
2013.08.16 14:28:30.360,0.83809,0.83839,2.07,1.50
2013.08.16 14:28:30.697,0.83807,0.83839,1.69,1.69
2013.08.16 14:28:30.757,0.83807,0.83839,1.69,1.69
2013.08.16 14:28:30.816,0.83806,0.83839,1.69,2.44
2013.08.16 14:28:31.136,0.83805,0.83834,1.69,1.50
2013.08.16 14:28:31.255,0.83803,0.83834,1.69,1.69
2013.08.16 14:28:32.775,0.838,0.83832,2.07,1.69
2013.08.16 14:28:33.624,0.838,0.83833,1.69,1.69
2013.08.16 14:28:34.005,0.83801,0.83834,1.69,1.69
2013.08.16 14:28:34.536,0.838,0.83833,1.69,1.69
2013.08.16 14:28:37.666,0.838,0.8383,1.69,1.13
2013.08.16 14:28:37.844,0.83798,0.83829,1.69,1.69
2013.08.16 14:28:39.585,0.83795,0.83827,1.69,1.69
2013.08.16 14:28:42.666,0.83794,0.83827,1.69,1.69
2013.08.16 14:28:42.727,0.83794,0.83826,1.69,1.32
2013.08.16 14:28:43.025,0.83792,0.83826,1.69,2.07
2013.08.16 14:28:43.085,0.83792,0.83826,2.44,2.07
2013.08.16 14:28:44.336,0.83792,0.83825,2.44,1.69
2013.08.16 14:28:44.625,0.83792,0.83825,2.44,1.69
2013.08.16 14:28:44.776,0.83794,0.83826,1.69,2.07
2013.08.16 14:28:44.995,0.83798,0.83828,1.32,2.07
2013.08.16 14:28:45.415,0.838,0.83827,1.50,1.32
2013.08.16 14:28:45.735,0.83805,0.83829,1.50,1.32
2013.08.16 14:28:45.795,0.83805,0.83829,1.50,1.32
2013.08.16 14:28:45.916,0.83805,0.83829,1.50,1.32
2013.08.16 14:28:46.117,0.83805,0.83829,1.50,1.32
2013.08.16 14:28:46.663,0.83805,0.83829,1.50,1.13
2013.08.16 14:28:53.036,0.83803,0.83829,2.07,1.13
2013.08.16 14:28:53.379,0.83803,0.83829,1.69,1.13
2013.08.16 14:28:53.703,0.83803,0.83829,1.69,1.13
2013.08.16 14:28:54.466,0.83803,0.83829,1.69,1.13
2013.08.16 14:28:56.442,0.83803,0.83829,1.69,1.13
2013.08.16 14:28:58.228,0.83803,0.83829,1.50,1.32
2013.08.16 14:28:58.986,0.83803,0.83829,1.50,1.32
2013.08.16 14:28:59.455,0.83803,0.83829,1.50,1.32
2013.08.16 14:29:00.475,0.83803,0.83829,1.50,1.32
2013.08.16 14:29:00.663,0.83803,0.83829,1.50,1.32
2013.08.16 14:29:00.857,0.83803,0.83829,1.50,1.32
2013.08.16 14:29:01.337,0.83814,0.83836,1.13,1.13
2013.08.16 14:29:02.400,0.83814,0.83838,1.50,1.32
2013.08.16 14:29:04.783,0.83814,0.83843,1.50,2.44
2013.08.16 14:29:05.195,0.83817,0.83838,1.50,1.13
2013.08.16 14:29:06.146,0.83814,0.83838,1.50,1.13
2013.08.16 14:29:06.816,0.83814,0.83843,1.50,1.69
2013.08.16 14:29:06.875,0.83814,0.83839,1.50,1.13
2013.08.16 14:29:07.538,0.83814,0.83839,1.50,1.32
2013.08.16 14:29:07.865,0.83814,0.83839,1.50,1.32
2013.08.16 14:29:09.966,0.83811,0.83839,1.50,1.32
2013.08.16 14:29:10.445,0.83811,0.83839,1.50,1.32
2013.08.16 14:29:10.625,0.83812,0.83839,1.50,1.32
2013.08.16 14:29:11.438,0.83813,0.83839,1.32,1.13
2013.08.16 14:29:12.228,0.83813,0.83839,1.32,1.13
2013.08.16 14:29:12.845,0.83812,0.83839,1.32,1.13
2013.08.16 14:29:12.905,0.83811,0.83839,1.69,1.13
2013.08.16 14:29:13.085,0.83811,0.83839,1.32,1.32
2013.08.16 14:29:13.235,0.83811,0.83839,1.32,1.13
2013.08.16 14:29:14.426,0.83811,0.83839,1.32,1.13
2013.08.16 14:29:16.446,0.83812,0.83839,1.69,1.13
2013.08.16 14:29:19.636,0.83813,0.83839,1.32,1.13
2013.08.16 14:29:20.114,0.83813,0.83839,1.32,1.13
2013.08.16 14:29:21.207,0.83813,0.83839,1.32,1.13
2013.08.16 14:29:22.203,0.83813,0.83839,1.32,1.13
2013.08.16 14:29:22.517,0.83813,0.83839,1.32,1.13
2013.08.16 14:29:23.079,0.83813,0.83841,1.69,1.69
2013.08.16 14:29:24.507,0.83815,0.83841,1.32,1.13
2013.08.16 14:29:24.865,0.83821,0.83847,1.50,1.13
2013.08.16 14:29:24.925,0.83822,0.83849,1.13,1.13
2013.08.16 14:29:25.425,0.83822,0.83849,1.13,1.13
2013.08.16 14:29:25.747,0.83822,0.83844,1.13,1.13
2013.08.16 14:29:26.213,0.83817,0.83844,1.32,1.13
2013.08.16 14:29:26.455,0.83817,0.83845,1.13,1.32
2013.08.16 14:29:26.576,0.83817,0.83849,1.32,2.82
2013.08.16 14:29:26.695,0.83817,0.83849,1.32,2.07
2013.08.16 14:29:27.030,0.83817,0.83849,1.32,2.07
2013.08.16 14:29:27.186,0.83817,0.83844,1.32,1.32
2013.08.16 14:29:27.426,0.83817,0.83842,1.13,1.32
2013.08.16 14:29:27.666,0.83809,0.83838,2.44,1.69
2013.08.16 14:29:28.245,0.83809,0.83838,1.69,1.69
2013.08.16 14:29:28.569,0.83812,0.83843,1.32,2.44
2013.08.16 14:29:28.705,0.83812,0.83843,2.07,2.44
2013.08.16 14:29:28.945,0.83816,0.83846,1.50,1.32
2013.08.16 14:29:29.786,0.83818,0.83848,1.32,1.32
2013.08.16 14:29:29.905,0.83816,0.83846,2.44,1.32
2013.08.16 14:29:30.437,0.83816,0.83844,1.69,1.69
2013.08.16 14:29:30.765,0.83815,0.83848,1.69,2.44
2013.08.16 14:29:31.047,0.83812,0.83844,1.69,2.44
2013.08.16 14:29:34.308,0.83813,0.83844,1.32,2.07
2013.08.16 14:29:36.426,0.83811,0.83841,1.32,1.69
2013.08.16 14:29:38.857,0.83812,0.83843,2.07,2.07
2013.08.16 14:29:41.165,0.8381,0.83842,1.69,1.69
2013.08.16 14:29:41.802,0.83809,0.83839,1.69,1.50
2013.08.16 14:29:44.287,0.83808,0.83839,2.44,1.69
2013.08.16 14:29:46.945,0.8381,0.8384,2.07,1.32
2013.08.16 14:29:47.487,0.8381,0.83839,1.32,1.69
2013.08.16 14:29:49.846,0.83808,0.83837,1.69,1.69
2013.08.16 14:29:51.331,0.83807,0.83837,1.32,1.69
2013.08.16 14:29:52.325,0.8381,0.83836,2.44,1.32
2013.08.16 14:29:52.894,0.8381,0.83834,1.50,1.69
2013.08.16 14:29:53.526,0.83805,0.83838,1.69,2.44
2013.08.16 14:29:58.198,0.83804,0.83837,1.69,1.32
2013.08.16 14:29:59.305,0.83805,0.83837,1.69,1.32
2013.08.16 14:30:00.636,0.83804,0.83838,1.32,2.44
2013.08.16 14:30:00.696,0.83804,0.83838,1.32,2.44
2013.08.16 14:30:01.081,0.83806,0.83836,1.32,1.32
2013.08.16 14:30:01.930,0.83806,0.83838,1.32,1.32
2013.08.16 14:30:02.127,0.83809,0.83838,1.13,1.32
2013.08.16 14:30:02.436,0.83811,0.83838,1.13,1.32
2013.08.16 14:30:02.666,0.83811,0.83839,1.88,2.07
2013.08.16 14:30:03.496,0.83811,0.83839,2.07,2.07
2013.08.16 14:30:04.694,0.83811,0.83839,2.07,2.07
2013.08.16 14:30:05.268,0.83811,0.83839,2.07,2.07
2013.08.16 14:30:06.396,0.83811,0.83839,2.07,1.69
2013.08.16 14:30:08.328,0.83811,0.83839,1.13,1.69
2013.08.16 14:30:08.446,0.83809,0.83837,1.32,2.07
2013.08.16 14:30:08.835,0.83807,0.83833,1.69,1.50
2013.08.16 14:30:08.956,0.83818,0.83844,1.50,2.82
2013.08.16 14:30:09.066,0.83818,0.83844,1.50,2.07
2013.08.16 14:30:09.127,0.83818,0.83844,1.50,1.32
2013.08.16 14:30:11.505,0.8382,0.83847,1.13,1.32
2013.08.16 14:30:13.655,0.83821,0.83848,1.69,1.32
2013.08.16 14:30:17.487,0.83821,0.83849,2.07,1.69
2013.08.16 14:30:17.986,0.83821,0.83849,2.07,1.88
2013.08.16 14:30:19.366,0.83823,0.83849,1.32,1.88
2013.08.16 14:30:19.725,0.83823,0.83849,1.32,1.88
2013.08.16 14:30:20.787,0.83821,0.83849,2.82,1.88
2013.08.16 14:30:20.846,0.83821,0.83846,1.69,1.13
2013.08.16 14:30:20.965,0.83819,0.83846,1.69,1.13
2013.08.16 14:30:21.325,0.83819,0.83844,1.13,2.07
2013.08.16 14:30:21.575,0.83819,0.83844,1.50,2.07
2013.08.16 14:30:21.635,0.83819,0.8384,1.50,1.50
2013.08.16 14:30:21.695,0.83815,0.83839,1.32,1.13
2013.08.16 14:30:22.236,0.83814,0.83836,1.50,1.50
2013.08.16 14:30:23.566,0.83812,0.83837,2.07,1.50
2013.08.16 14:30:23.625,0.83812,0.83839,1.32,1.50
2013.08.16 14:30:23.745,0.83812,0.8384,1.32,2.07
2013.08.16 14:30:25.556,0.83813,0.83841,1.13,1.32
2013.08.16 14:30:25.675,0.83813,0.83839,1.13,1.32
2013.08.16 14:30:25.976,0.8381,0.83835,1.13,1.13
2013.08.16 14:30:26.155,0.83809,0.83835,1.13,1.32
2013.08.16 14:30:26.406,0.83807,0.83836,2.44,1.69
2013.08.16 14:30:26.466,0.83807,0.83838,2.44,1.69
2013.08.16 14:30:26.526,0.83807,0.83835,2.44,1.50
2013.08.16 14:30:26.961,0.83807,0.83833,1.13,1.69
2013.08.16 14:30:27.699,0.83806,0.83833,1.32,1.69
2013.08.16 14:30:28.976,0.83806,0.83833,1.32,1.69
2013.08.16 14:30:29.583,0.83804,0.83829,1.32,1.13
2013.08.16 14:30:29.697,0.83803,0.83829,1.32,1.13
2013.08.16 14:30:30.175,0.83806,0.8383,1.13,1.13
2013.08.16 14:30:30.416,0.83806,0.83834,1.50,1.69
2013.08.16 14:30:30.597,0.83808,0.83835,1.13,2.07
2013.08.16 14:30:30.716,0.83806,0.83829,1.32,1.13
2013.08.16 14:30:30.775,0.83804,0.83829,1.69,1.13
2013.08.16 14:30:31.097,0.83798,0.83826,1.69,1.13
2013.08.16 14:30:31.413,0.83805,0.83826,1.13,1.13
2013.08.16 14:30:31.476,0.83805,0.83829,1.13,1.32
2013.08.16 14:30:31.658,0.83805,0.83832,1.13,1.69
2013.08.16 14:30:31.917,0.83803,0.8383,1.32,1.50
2013.08.16 14:30:32.663,0.83802,0.83825,1.32,1.13
2013.08.16 14:30:33.522,0.83802,0.8383,1.32,1.32
2013.08.16 14:30:35.436,0.83802,0.8383,1.32,1.32
2013.08.16 14:30:37.035,0.83802,0.83826,1.69,1.13
2013.08.16 14:30:41.531,0.83802,0.8383,1.69,1.32
2013.08.16 14:30:41.885,0.83802,0.8383,1.32,1.32
2013.08.16 14:30:42.995,0.83804,0.8383,1.13,1.32
2013.08.16 14:30:43.487,0.83805,0.8383,1.13,1.32
2013.08.16 14:30:44.695,0.83805,0.8383,1.32,1.32
2013.08.16 14:30:45.125,0.83805,0.8383,1.32,1.32
2013.08.16 14:30:46.546,0.83803,0.8383,1.50,2.07
2013.08.16 14:30:47.977,0.83803,0.8383,1.88,2.44
2013.08.16 14:30:48.358,0.83803,0.8383,1.88,2.44
2013.08.16 14:30:48.835,0.83804,0.8383,1.69,1.32
2013.08.16 14:30:49.585,0.83804,0.8383,1.69,1.32
2013.08.16 14:30:50.026,0.83804,0.8383,1.69,1.13
2013.08.16 14:30:54.214,0.83803,0.8383,1.69,1.13
2013.08.16 14:30:54.795,0.83807,0.83832,1.13,1.32
2013.08.16 14:30:55.378,0.83807,0.83835,1.13,1.32
2013.08.16 14:30:58.255,0.83808,0.83837,1.13,1.69
2013.08.16 14:30:58.385,0.83808,0.83837,1.13,1.69
2013.08.16 14:31:02.894,0.83808,0.83836,1.13,1.69
2013.08.16 14:31:04.360,0.83806,0.83836,2.07,1.69
2013.08.16 14:31:04.822,0.83806,0.83836,1.32,1.69
2013.08.16 14:31:05.155,0.83807,0.83833,1.32,1.50
2013.08.16 14:31:06.022,0.83807,0.83836,1.32,1.69
2013.08.16 14:31:12.195,0.83807,0.83836,1.32,1.69
2013.08.16 14:31:12.847,0.83807,0.83835,1.13,1.69
2013.08.16 14:31:14.751,0.83807,0.83836,1.32,1.69
2013.08.16 14:31:16.171,0.83807,0.83836,1.32,1.69
2013.08.16 14:31:16.386,0.83807,0.83836,1.32,1.69
2013.08.16 14:31:17.676,0.83808,0.83836,1.32,1.69
2013.08.16 14:31:23.099,0.83808,0.83836,1.69,1.69
2013.08.16 14:31:23.908,0.83808,0.83836,1.32,1.69
2013.08.16 14:31:23.968,0.83808,0.83836,1.32,1.69
2013.08.16 14:31:26.474,0.83808,0.83836,1.32,1.69
2013.08.16 14:31:28.459,0.83808,0.83836,1.32,1.69
2013.08.16 14:31:31.522,0.83808,0.83836,1.32,1.69
2013.08.16 14:31:31.946,0.83807,0.83835,1.32,1.32
2013.08.16 14:31:32.065,0.83805,0.83832,1.32,1.69
2013.08.16 14:31:34.382,0.83803,0.83831,1.69,1.88
2013.08.16 14:31:35.037,0.83803,0.83831,1.69,1.88
2013.08.16 14:31:35.705,0.83805,0.83835,1.32,1.32
2013.08.16 14:31:35.765,0.83805,0.83835,1.32,1.32
2013.08.16 14:31:36.015,0.83805,0.83834,1.13,1.69
2013.08.16 14:31:36.684,0.83805,0.83834,1.13,2.07
2013.08.16 14:31:39.646,0.83804,0.83834,1.32,1.69
2013.08.16 14:31:40.148,0.83804,0.83833,1.32,1.69
2013.08.16 14:31:40.725,0.83804,0.83835,1.32,2.82
2013.08.16 14:31:40.905,0.83804,0.83835,1.32,2.44
2013.08.16 14:31:41.286,0.83804,0.83835,1.32,2.44
2013.08.16 14:31:41.916,0.83803,0.83835,2.07,1.69
2013.08.16 14:31:45.086,0.83805,0.83834,1.13,1.32
2013.08.16 14:31:48.112,0.83805,0.83835,1.13,2.07
2013.08.16 14:31:48.926,0.83805,0.83834,1.13,1.32
2013.08.16 14:31:52.049,0.83805,0.83835,1.13,2.07
2013.08.16 14:31:52.601,0.83805,0.83835,1.13,2.07
2013.08.16 14:31:53.138,0.83805,0.83835,1.13,1.69
2013.08.16 14:31:53.655,0.83805,0.83835,1.13,1.69
2013.08.16 14:31:53.836,0.83805,0.83836,1.32,1.69
2013.08.16 14:31:55.015,0.83802,0.83834,3.57,1.32
2013.08.16 14:31:55.255,0.83801,0.8383,1.32,1.32
2013.08.16 14:31:55.377,0.83802,0.83828,1.32,1.13
2013.08.16 14:31:55.876,0.83799,0.83826,1.32,1.13
2013.08.16 14:31:56.750,0.83805,0.83826,1.50,1.13
2013.08.16 14:31:56.869,0.83805,0.83828,1.50,1.32
2013.08.16 14:31:57.118,0.83805,0.8383,1.50,1.32
2013.08.16 14:31:57.676,0.83802,0.83831,1.32,1.69
2013.08.16 14:32:03.116,0.83802,0.83833,1.32,2.07
2013.08.16 14:32:04.036,0.83801,0.83831,1.32,1.32
2013.08.16 14:32:04.277,0.83801,0.83833,1.32,1.32
2013.08.16 14:32:04.516,0.83801,0.83832,1.32,1.32
2013.08.16 14:32:05.509,0.83799,0.8383,1.69,1.32
2013.08.16 14:32:10.131,0.83796,0.83831,2.82,2.07
2013.08.16 14:32:17.873,0.83796,0.8383,2.82,1.69
2013.08.16 14:32:26.565,0.83796,0.8383,2.44,1.32
2013.08.16 14:32:27.378,0.83796,0.83831,1.69,2.07
2013.08.16 14:32:28.218,0.83796,0.83828,1.69,1.69
2013.08.16 14:32:29.236,0.83796,0.83828,1.32,1.69
2013.08.16 14:32:30.626,0.83795,0.83828,1.32,1.69
2013.08.16 14:32:31.748,0.83795,0.83829,2.07,1.69
2013.08.16 14:32:31.805,0.83797,0.83832,1.69,1.69
2013.08.16 14:32:32.186,0.83797,0.8383,2.07,1.32
2013.08.16 14:32:33.997,0.83798,0.8383,1.69,1.32
2013.08.16 14:32:37.536,0.83797,0.83831,2.07,2.07
2013.08.16 14:32:39.426,0.83796,0.8383,2.82,1.32
2013.08.16 14:32:40.452,0.83797,0.8383,1.32,1.13
2013.08.16 14:32:40.528,0.83797,0.83829,1.32,2.07
2013.08.16 14:32:41.130,0.83797,0.83829,1.32,1.69
2013.08.16 14:32:43.225,0.83796,0.83828,1.32,1.69
2013.08.16 14:32:43.455,0.83795,0.83828,1.32,2.07
2013.08.16 14:32:43.516,0.83795,0.83824,1.32,1.50
2013.08.16 14:32:44.139,0.83794,0.83824,1.69,1.69
2013.08.16 14:32:44.495,0.83791,0.83824,2.44,1.69
2013.08.16 14:32:47.360,0.83793,0.83824,1.32,1.69
2013.08.16 14:32:47.972,0.83793,0.83824,1.32,1.69
2013.08.16 14:32:48.786,0.83793,0.83824,1.32,1.69
2013.08.16 14:32:50.407,0.83792,0.83824,2.07,1.69
2013.08.16 14:32:56.606,0.83792,0.8382,2.07,1.50
2013.08.16 14:32:57.278,0.83797,0.8382,1.50,1.50
2013.08.16 14:32:57.415,0.838,0.83826,1.13,1.13
2013.08.16 14:32:57.676,0.838,0.83826,1.32,2.07
2013.08.16 14:32:58.267,0.838,0.83823,1.13,1.13
2013.08.16 14:32:58.667,0.838,0.83828,1.13,2.07
2013.08.16 14:32:58.727,0.838,0.83828,1.32,1.32
2013.08.16 14:32:59.276,0.838,0.83829,1.32,2.07
2013.08.16 14:33:00.544,0.83802,0.83829,1.32,1.50
2013.08.16 14:33:04.621,0.83803,0.83829,1.32,1.50
2013.08.16 14:33:10.106,0.83804,0.83831,1.32,1.69
2013.08.16 14:33:10.458,0.83818,0.83843,1.13,1.32
2013.08.16 14:33:10.517,0.83818,0.83844,1.13,1.32
2013.08.16 14:33:10.637,0.83821,0.83849,1.50,1.69
2013.08.16 14:33:10.757,0.83821,0.83849,1.50,1.69
2013.08.16 14:33:11.641,0.83822,0.83849,1.13,1.69
2013.08.16 14:33:11.758,0.83821,0.83849,1.50,1.69
2013.08.16 14:33:12.116,0.83822,0.83846,2.07,1.50
2013.08.16 14:33:12.436,0.83822,0.83846,2.07,1.50
2013.08.16 14:33:12.633,0.83819,0.83843,1.32,1.13
2013.08.16 14:33:12.816,0.83818,0.83843,2.07,1.13
2013.08.16 14:33:13.216,0.83821,0.83844,1.13,1.32
2013.08.16 14:33:13.416,0.83818,0.83844,1.88,1.32
2013.08.16 14:33:13.778,0.83821,0.83845,1.13,1.69
2013.08.16 14:33:16.149,0.83821,0.83845,1.13,1.69
2013.08.16 14:33:16.757,0.83821,0.83845,1.13,1.69
2013.08.16 14:33:17.031,0.83821,0.83845,1.13,2.07
2013.08.16 14:33:18.130,0.83821,0.83845,1.13,1.69
2013.08.16 14:33:18.957,0.83821,0.83845,1.13,1.69
2013.08.16 14:33:19.137,0.83821,0.83844,1.32,1.13
2013.08.16 14:33:19.995,0.83819,0.83844,1.32,1.13
2013.08.16 14:33:20.198,0.83819,0.83844,1.32,1.13
2013.08.16 14:33:21.917,0.83825,0.83845,1.50,1.88
2013.08.16 14:33:22.238,0.83841,0.83856,1.50,1.13
2013.08.16 14:33:22.297,0.83841,0.83862,1.50,1.69
2013.08.16 14:33:22.909,0.83841,0.83859,1.50,1.50
2013.08.16 14:33:23.087,0.83841,0.83863,1.50,1.50
2013.08.16 14:33:23.817,0.83835,0.83858,1.50,1.88
2013.08.16 14:33:23.877,0.83835,0.83853,1.50,1.13
2013.08.16 14:33:24.398,0.83835,0.83853,1.50,1.88
2013.08.16 14:33:24.676,0.83835,0.83853,1.50,1.88
2013.08.16 14:33:25.271,0.83835,0.83853,1.50,1.88
2013.08.16 14:33:25.846,0.83835,0.83853,1.50,1.13
2013.08.16 14:33:26.146,0.83833,0.83849,1.50,1.50
2013.08.16 14:33:26.266,0.83833,0.83849,1.88,1.50
2013.08.16 14:33:26.386,0.83833,0.83853,1.88,1.50
2013.08.16 14:33:27.690,0.83833,0.83853,1.88,1.50
2013.08.16 14:33:28.789,0.83835,0.83853,1.50,1.50
2013.08.16 14:33:28.906,0.83828,0.83853,1.13,1.50
2013.08.16 14:33:29.025,0.83828,0.83853,1.13,1.69
2013.08.16 14:33:29.360,0.83827,0.83851,1.88,1.69
2013.08.16 14:33:30.096,0.83828,0.83853,1.13,1.69
2013.08.16 14:33:30.216,0.83834,0.83853,1.50,1.69
2013.08.16 14:33:30.335,0.83834,0.83857,1.50,1.32
2013.08.16 14:33:31.697,0.8383,0.83857,1.13,1.32
2013.08.16 14:33:32.196,0.83829,0.83854,1.69,1.50
2013.08.16 14:33:32.516,0.8383,0.83857,1.13,2.07
2013.08.16 14:33:33.060,0.8383,0.83857,1.32,2.07
2013.08.16 14:33:33.397,0.8383,0.83857,1.32,2.07
2013.08.16 14:33:34.285,0.8383,0.83853,1.32,1.50
2013.08.16 14:33:34.406,0.8383,0.83857,1.32,1.32
2013.08.16 14:33:34.726,0.8383,0.83857,1.32,1.32
2013.08.16 14:33:35.166,0.83832,0.83859,1.13,2.44
2013.08.16 14:33:35.286,0.83836,0.83864,1.13,1.69
2013.08.16 14:33:35.566,0.83836,0.83864,1.88,1.69
2013.08.16 14:33:35.889,0.83836,0.8386,1.13,1.50
2013.08.16 14:33:35.948,0.83836,0.83859,1.13,1.50
2013.08.16 14:33:36.126,0.83836,0.83859,1.13,1.50
2013.08.16 14:33:36.186,0.83828,0.83854,1.32,1.50
2013.08.16 14:33:36.432,0.83826,0.83854,2.07,1.50
2013.08.16 14:33:36.782,0.83826,0.83851,1.32,1.50
2013.08.16 14:33:37.298,0.83826,0.83848,1.32,1.50
2013.08.16 14:33:37.420,0.83826,0.83848,1.32,1.50
2013.08.16 14:33:37.787,0.83826,0.83848,1.32,1.50
2013.08.16 14:33:37.906,0.83824,0.83847,1.69,1.13
2013.08.16 14:33:37.967,0.83821,0.83842,1.17,1.50
2013.08.16 14:33:38.327,0.83822,0.83849,1.32,1.50
2013.08.16 14:33:38.387,0.83822,0.83849,1.32,1.50
2013.08.16 14:33:38.785,0.83821,0.83849,2.44,1.50
2013.08.16 14:33:38.905,0.83821,0.83849,2.44,1.50
2013.08.16 14:33:39.179,0.83821,0.83849,2.44,1.50
2013.08.16 14:33:39.635,0.83821,0.83849,2.44,1.50
2013.08.16 14:33:39.955,0.83822,0.83849,1.32,1.50
2013.08.16 14:33:40.486,0.83822,0.83849,1.32,1.50
2013.08.16 14:33:40.790,0.83823,0.83849,1.69,1.50
2013.08.16 14:33:41.701,0.83823,0.83849,1.69,1.50
2013.08.16 14:33:42.330,0.83825,0.83849,1.32,1.50
2013.08.16 14:33:42.996,0.83825,0.83849,1.32,1.50
2013.08.16 14:33:44.399,0.83825,0.83849,1.32,1.50
2013.08.16 14:33:44.968,0.83824,0.83849,1.32,1.50
2013.08.16 14:33:45.626,0.83824,0.83849,1.32,1.50
2013.08.16 14:33:45.746,0.83818,0.83847,2.07,1.13
2013.08.16 14:33:45.866,0.83821,0.83849,1.13,1.69
2013.08.16 14:33:45.986,0.83821,0.83849,1.32,1.69
2013.08.16 14:33:46.165,0.83821,0.83849,1.32,1.50
2013.08.16 14:33:46.711,0.83821,0.83849,1.32,1.50
2013.08.16 14:33:48.797,0.83824,0.83849,1.32,1.50
2013.08.16 14:33:50.461,0.83824,0.83849,1.32,1.50
2013.08.16 14:33:51.221,0.83824,0.83849,1.32,1.50
2013.08.16 14:33:51.706,0.83824,0.83849,1.32,1.50
2013.08.16 14:33:52.006,0.83824,0.83849,1.32,1.50
2013.08.16 14:33:54.186,0.83822,0.83849,1.32,1.69
2013.08.16 14:33:54.426,0.83822,0.83853,1.32,1.69
2013.08.16 14:33:54.607,0.83822,0.83854,1.32,1.69
2013.08.16 14:33:55.247,0.83822,0.83854,1.32,1.69
2013.08.16 14:33:56.137,0.83825,0.83854,1.32,1.69
2013.08.16 14:33:56.689,0.83825,0.83854,1.32,1.69
2013.08.16 14:33:58.176,0.83825,0.83854,1.32,1.69
2013.08.16 14:34:00.215,0.83824,0.83854,1.32,1.69
2013.08.16 14:34:01.706,0.83824,0.83854,1.32,1.69
2013.08.16 14:34:02.246,0.83822,0.83854,1.69,1.69
2013.08.16 14:34:02.426,0.83824,0.83854,1.32,1.69
2013.08.16 14:34:03.476,0.83824,0.83848,1.32,1.50
2013.08.16 14:34:03.687,0.83824,0.83848,1.32,1.50
2013.08.16 14:34:03.746,0.83824,0.83848,1.32,1.50
2013.08.16 14:34:03.924,0.83824,0.83848,1.32,1.50
2013.08.16 14:34:09.847,0.83828,0.83853,1.13,1.50
2013.08.16 14:34:09.965,0.83828,0.83853,1.13,1.50
2013.08.16 14:34:10.166,0.83828,0.83859,1.32,1.69
2013.08.16 14:34:10.297,0.83828,0.83859,2.07,1.50
2013.08.16 14:34:10.968,0.83829,0.83854,1.69,1.50
2013.08.16 14:34:11.537,0.83828,0.83854,1.32,1.50
2013.08.16 14:34:12.226,0.83828,0.83854,1.32,1.50
2013.08.16 14:34:13.058,0.83827,0.83854,2.07,1.50
2013.08.16 14:34:13.367,0.83827,0.83854,2.07,1.50
2013.08.16 14:34:14.910,0.83827,0.83854,2.07,1.50
2013.08.16 14:34:16.890,0.83827,0.83854,1.69,1.50
2013.08.16 14:34:17.456,0.83827,0.83854,1.69,1.50
2013.08.16 14:34:17.516,0.83827,0.83854,1.69,1.50
2013.08.16 14:34:17.918,0.83827,0.83854,1.69,1.50
2013.08.16 14:34:17.977,0.83827,0.83854,1.69,1.50
2013.08.16 14:34:18.406,0.83826,0.83854,2.07,1.50
2013.08.16 14:34:18.487,0.83826,0.83854,2.07,1.50
2013.08.16 14:34:19.006,0.83826,0.83855,2.07,1.32
2013.08.16 14:34:19.174,0.83826,0.83855,2.07,1.32
2013.08.16 14:34:20.495,0.83823,0.83853,1.32,1.50
2013.08.16 14:34:20.628,0.83823,0.83853,1.32,1.50
2013.08.16 14:34:22.405,0.83823,0.83848,1.32,1.88
2013.08.16 14:34:22.466,0.83819,0.83848,1.32,1.88
2013.08.16 14:34:23.018,0.83817,0.8384,1.32,1.50
2013.08.16 14:34:23.571,0.83817,0.8384,1.32,1.50
2013.08.16 14:34:24.317,0.83817,0.83838,1.32,1.50
2013.08.16 14:34:28.505,0.83817,0.83838,1.32,1.50
2013.08.16 14:34:29.140,0.83817,0.8384,1.32,1.50
2013.08.16 14:34:30.568,0.83817,0.8384,1.32,1.50
2013.08.16 14:34:30.748,0.83817,0.8384,1.32,1.50
2013.08.16 14:34:30.876,0.83822,0.83841,1.13,1.50
2013.08.16 14:34:31.178,0.83821,0.83848,1.32,1.13
2013.08.16 14:34:31.626,0.8382,0.83831,1.32,1.50
2013.08.16 14:34:31.750,0.83812,0.8383,1.69,1.13
2013.08.16 14:34:31.866,0.83818,0.8384,1.35,1.50
2013.08.16 14:34:31.926,0.83824,0.83845,1.13,1.50
2013.08.16 14:34:32.106,0.83812,0.83841,2.67,1.13
2013.08.16 14:34:32.166,0.83813,0.83841,1.69,1.13
2013.08.16 14:34:32.226,0.83814,0.83844,1.32,1.13
2013.08.16 14:34:32.346,0.83813,0.83844,1.69,1.13
2013.08.16 14:34:32.860,0.83811,0.83838,2.07,1.50
2013.08.16 14:34:35.116,0.83812,0.83838,1.69,1.50
2013.08.16 14:34:38.007,0.83812,0.8384,2.07,1.69
2013.08.16 14:34:41.087,0.83812,0.83838,2.07,1.13
2013.08.16 14:34:41.146,0.83812,0.83834,2.07,1.50
2013.08.16 14:34:41.457,0.83812,0.83834,1.32,1.50
2013.08.16 14:34:41.908,0.83808,0.83833,1.69,1.50
2013.08.16 14:34:41.966,0.83808,0.83828,1.69,1.50
2013.08.16 14:34:42.306,0.83808,0.83828,1.69,1.50
2013.08.16 14:34:42.788,0.83808,0.83833,1.69,1.13
2013.08.16 14:34:42.967,0.83808,0.83833,1.69,1.13
2013.08.16 14:34:43.226,0.83812,0.83833,1.32,1.13
2013.08.16 14:34:43.627,0.83809,0.83834,1.32,1.50
2013.08.16 14:34:43.806,0.83808,0.83834,1.69,1.50
2013.08.16 14:34:47.735,0.83809,0.83832,1.32,1.50
2013.08.16 14:34:48.247,0.83811,0.83832,2.07,1.50
2013.08.16 14:34:50.446,0.83811,0.83832,2.07,1.50
2013.08.16 14:34:50.505,0.83811,0.83834,2.07,1.50
2013.08.16 14:34:51.037,0.83811,0.83834,2.07,1.50
2013.08.16 14:34:51.095,0.83811,0.83834,2.07,1.50
2013.08.16 14:34:51.455,0.83811,0.83834,1.88,1.50
2013.08.16 14:34:51.636,0.83811,0.83834,1.13,1.50
2013.08.16 14:34:52.459,0.83808,0.83834,1.32,1.50
2013.08.16 14:34:52.966,0.83808,0.83834,1.32,1.50
2013.08.16 14:34:53.636,0.83808,0.83833,1.32,2.25
2013.08.16 14:34:55.848,0.83808,0.83832,1.32,1.50
2013.08.16 14:34:57.206,0.83807,0.83829,1.32,2.25
2013.08.16 14:34:58.241,0.83807,0.83829,1.32,2.25
2013.08.16 14:34:59.180,0.83807,0.83828,1.32,1.13
2013.08.16 14:34:59.666,0.83807,0.83828,1.13,1.13
2013.08.16 14:35:00.016,0.83809,0.83828,1.13,1.13
2013.08.16 14:35:00.659,0.83811,0.83832,1.13,1.50
2013.08.16 14:35:00.946,0.83811,0.83832,1.13,1.50
2013.08.16 14:35:01.436,0.83806,0.83831,1.13,1.88
2013.08.16 14:35:01.776,0.83806,0.83826,1.13,1.50
2013.08.16 14:35:01.925,0.83806,0.83826,1.13,1.50
2013.08.16 14:35:02.818,0.83802,0.83826,1.32,2.25
2013.08.16 14:35:03.146,0.83802,0.83826,1.32,2.25
2013.08.16 14:35:04.356,0.83802,0.83826,1.32,2.25
2013.08.16 14:35:05.876,0.83802,0.83825,1.32,2.25
2013.08.16 14:35:05.997,0.83802,0.83825,1.32,2.25
2013.08.16 14:35:07.514,0.83802,0.83823,1.32,1.50
2013.08.16 14:35:07.948,0.83802,0.83823,1.32,1.50
2013.08.16 14:35:08.307,0.83802,0.83823,1.32,1.50
2013.08.16 14:35:09.731,0.83802,0.83823,1.32,1.50
2013.08.16 14:35:09.966,0.83799,0.8382,1.32,1.50
2013.08.16 14:35:10.159,0.83799,0.8382,1.32,1.50
2013.08.16 14:35:10.710,0.83797,0.8382,1.32,1.50
2013.08.16 14:35:11.701,0.83797,0.8382,1.32,1.50
2013.08.16 14:35:13.228,0.83797,0.83818,1.32,1.50
2013.08.16 14:35:16.410,0.83797,0.83818,2.07,2.25
2013.08.16 14:35:16.956,0.83802,0.83818,1.13,1.50
2013.08.16 14:35:17.357,0.83802,0.83818,1.13,1.50
2013.08.16 14:35:17.416,0.83802,0.83823,1.13,2.25
2013.08.16 14:35:17.475,0.83802,0.83823,1.13,2.25
2013.08.16 14:35:17.579,0.83802,0.83823,1.13,2.25
2013.08.16 14:35:18.094,0.83802,0.83823,1.13,2.25
2013.08.16 14:35:18.457,0.83802,0.83823,1.13,2.25
2013.08.16 14:35:18.687,0.83802,0.83823,1.13,2.25
2013.08.16 14:35:19.680,0.83806,0.83823,1.13,1.50
2013.08.16 14:35:20.046,0.83802,0.83823,1.32,2.25
2013.08.16 14:35:21.877,0.83802,0.83824,1.32,2.25
2013.08.16 14:35:22.185,0.83802,0.83824,1.32,2.25
2013.08.16 14:35:22.307,0.83802,0.8382,1.32,1.50
2013.08.16 14:35:23.284,0.83802,0.8382,1.32,1.50
2013.08.16 14:35:23.938,0.83802,0.8382,1.32,1.50
2013.08.16 14:35:24.477,0.83802,0.8382,1.32,1.50
2013.08.16 14:35:25.466,0.83802,0.8382,1.32,1.50
2013.08.16 14:35:26.316,0.83802,0.8382,1.13,1.50
2013.08.16 14:35:26.706,0.83796,0.8382,1.32,2.25
2013.08.16 14:35:27.157,0.83796,0.8382,1.32,2.25
2013.08.16 14:35:27.899,0.83796,0.8382,1.32,2.25
2013.08.16 14:35:28.449,0.83796,0.8382,1.32,2.25
2013.08.16 14:35:28.974,0.83796,0.8382,1.32,2.25
2013.08.16 14:35:29.667,0.83796,0.8382,1.32,2.25
2013.08.16 14:35:30.807,0.83796,0.8382,1.32,2.25
2013.08.16 14:35:30.940,0.83796,0.8382,1.32,2.25
2013.08.16 14:35:31.157,0.83796,0.8382,1.32,2.25
2013.08.16 14:35:31.436,0.83796,0.8382,1.32,2.25
2013.08.16 14:35:32.176,0.83796,0.83821,1.32,2.25
2013.08.16 14:35:32.707,0.83796,0.8382,1.32,1.13
2013.08.16 14:35:32.923,0.83796,0.83821,1.32,2.25
2013.08.16 14:35:33.595,0.83796,0.83821,1.32,2.25
2013.08.16 14:35:33.776,0.83792,0.83812,1.13,1.50
2013.08.16 14:35:33.896,0.83792,0.83812,1.13,1.50
2013.08.16 14:35:35.298,0.83792,0.83812,1.32,1.50
2013.08.16 14:35:35.883,0.83792,0.83814,1.32,2.25
2013.08.16 14:35:35.946,0.83795,0.83814,1.50,1.50
2013.08.16 14:35:36.288,0.83796,0.83814,1.50,1.50
2013.08.16 14:35:37.611,0.83797,0.83818,1.13,1.88
2013.08.16 14:35:37.950,0.838,0.83818,1.13,1.88
2013.08.16 14:35:49.297,0.83798,0.8382,1.32,1.13
2013.08.16 14:35:51.466,0.838,0.8382,1.13,2.25
2013.08.16 14:35:51.857,0.838,0.8382,1.13,2.25
2013.08.16 14:35:52.287,0.83796,0.83819,1.69,1.13
2013.08.16 14:35:52.608,0.83794,0.83818,1.32,1.13
2013.08.16 14:35:52.787,0.83793,0.83818,1.69,2.25
2013.08.16 14:35:53.340,0.83792,0.83818,1.69,2.25
2013.08.16 14:35:55.397,0.83792,0.83816,2.07,2.25
2013.08.16 14:35:56.032,0.83794,0.83816,1.32,2.25
2013.08.16 14:35:56.417,0.83794,0.83816,1.32,2.25
2013.08.16 14:35:56.476,0.83794,0.83816,1.32,2.25
2013.08.16 14:35:57.009,0.83794,0.83816,1.32,2.25
2013.08.16 14:35:57.527,0.83794,0.83816,1.32,2.25
2013.08.16 14:35:58.193,0.83794,0.83816,1.32,2.25
2013.08.16 14:35:59.076,0.83794,0.83813,1.32,1.13
2013.08.16 14:35:59.136,0.83794,0.83813,1.32,1.13
2013.08.16 14:35:59.196,0.83792,0.83811,1.32,1.13
2013.08.16 14:35:59.315,0.83792,0.83811,1.13,1.13
2013.08.16 14:35:59.375,0.83789,0.83811,1.32,1.13
2013.08.16 14:35:59.798,0.83786,0.83805,1.13,2.25
2013.08.16 14:35:59.917,0.83786,0.83805,1.13,2.25
2013.08.16 14:36:00.190,0.83784,0.83805,1.32,2.25
2013.08.16 14:36:00.849,0.83784,0.83805,1.32,2.25
2013.08.16 14:36:01.477,0.83784,0.83805,1.32,2.25
2013.08.16 14:36:02.406,0.83795,0.8381,1.13,1.50
2013.08.16 14:36:02.466,0.83795,0.83818,1.13,2.07
2013.08.16 14:36:02.646,0.83792,0.83818,1.13,2.63
2013.08.16 14:36:03.046,0.83789,0.83813,1.32,1.13
2013.08.16 14:36:03.556,0.83789,0.83812,1.32,1.88
2013.08.16 14:36:04.066,0.83793,0.83812,1.13,1.88
2013.08.16 14:36:04.461,0.83796,0.83812,1.13,1.88
2013.08.16 14:36:04.707,0.83792,0.83813,1.32,1.13
2013.08.16 14:36:06.900,0.83792,0.83813,1.32,1.13
2013.08.16 14:36:07.451,0.83792,0.83813,1.32,1.13
2013.08.16 14:36:08.111,0.83792,0.83813,1.32,1.88
2013.08.16 14:36:08.936,0.83792,0.83818,1.88,2.44
2013.08.16 14:36:08.996,0.83794,0.83818,1.13,2.44
2013.08.16 14:36:09.654,0.83794,0.83818,1.13,2.25
2013.08.16 14:36:11.227,0.83794,0.8382,1.13,1.13
2013.08.16 14:36:11.754,0.83797,0.8382,1.13,1.13
2013.08.16 14:36:12.658,0.83797,0.8382,1.13,1.13
2013.08.16 14:36:13.026,0.83795,0.8382,1.13,1.13
2013.08.16 14:36:14.156,0.83802,0.83821,1.13,2.07
2013.08.16 14:36:14.688,0.83802,0.83823,1.13,1.13
2013.08.16 14:36:14.808,0.83802,0.83824,1.13,1.32
2013.08.16 14:36:15.047,0.83808,0.83825,1.13,1.50
2013.08.16 14:36:15.287,0.83807,0.83825,1.69,1.50
2013.08.16 14:36:15.826,0.83803,0.83825,1.13,1.50
2013.08.16 14:36:16.766,0.83803,0.83825,1.13,1.50
2013.08.16 14:36:17.177,0.83803,0.83827,1.13,1.50
2013.08.16 14:36:17.648,0.83806,0.83827,1.13,1.50
2013.08.16 14:36:18.007,0.83812,0.83831,1.13,1.50
2013.08.16 14:36:18.146,0.83812,0.83829,1.13,1.13
2013.08.16 14:36:18.399,0.83801,0.83825,1.32,1.13
2013.08.16 14:36:18.457,0.83801,0.83821,2.07,1.50
2013.08.16 14:36:18.857,0.83805,0.83821,1.13,2.25
2013.08.16 14:36:19.155,0.83801,0.83821,1.13,1.50
2013.08.16 14:36:19.216,0.83801,0.83821,1.13,1.50
2013.08.16 14:36:19.456,0.83804,0.83826,1.13,1.13
2013.08.16 14:36:25.528,0.83804,0.83828,1.32,1.88
2013.08.16 14:36:25.838,0.83805,0.83828,1.32,1.88
2013.08.16 14:36:26.196,0.83807,0.83834,1.32,2.07
2013.08.16 14:36:26.700,0.83813,0.83834,1.13,1.50
2013.08.16 14:36:26.772,0.83813,0.83834,1.13,1.50
2013.08.16 14:36:26.837,0.83813,0.83834,1.13,1.50
2013.08.16 14:36:29.316,0.83813,0.83833,1.13,1.50
2013.08.16 14:36:32.163,0.8381,0.83832,1.13,1.50
2013.08.16 14:36:33.807,0.8381,0.83834,1.13,2.25
2013.08.16 14:36:34.317,0.83816,0.83834,1.50,1.50
2013.08.16 14:36:34.379,0.83816,0.83834,1.50,1.50
2013.08.16 14:36:34.708,0.83817,0.83833,1.13,1.13
2013.08.16 14:36:34.767,0.83816,0.83833,1.13,1.13
2013.08.16 14:36:34.860,0.83816,0.83833,1.13,1.13
2013.08.16 14:36:34.919,0.83816,0.83833,1.13,1.13
2013.08.16 14:36:34.978,0.83816,0.83833,1.13,1.13
2013.08.16 14:36:35.488,0.83818,0.83833,1.13,1.13
2013.08.16 14:36:36.031,0.83818,0.83833,1.13,1.13
2013.08.16 14:36:36.566,0.83818,0.83835,1.13,1.13
2013.08.16 14:36:36.948,0.83818,0.83836,1.13,1.50
2013.08.16 14:36:37.067,0.83817,0.83836,1.88,1.50
2013.08.16 14:36:37.337,0.8382,0.83838,1.13,2.25
2013.08.16 14:36:37.958,0.83819,0.83838,1.13,2.25
2013.08.16 14:36:38.728,0.83811,0.83834,1.32,1.50
2013.08.16 14:36:38.786,0.83811,0.83834,1.13,1.50
2013.08.16 14:36:38.846,0.8381,0.83834,1.32,1.50
2013.08.16 14:36:38.906,0.8381,0.83831,1.32,1.13
2013.08.16 14:36:38.966,0.83811,0.83834,1.13,1.88
2013.08.16 14:36:39.267,0.83807,0.83834,1.13,2.07
2013.08.16 14:36:39.447,0.83806,0.83834,1.69,2.07
2013.08.16 14:36:39.696,0.83802,0.83831,2.07,1.32
2013.08.16 14:36:39.758,0.83802,0.83831,2.07,1.32
2013.08.16 14:36:39.996,0.83802,0.83828,1.69,2.25
2013.08.16 14:36:41.016,0.83801,0.83828,1.69,1.50
2013.08.16 14:36:41.508,0.83812,0.83833,1.50,1.32
2013.08.16 14:36:42.796,0.83812,0.83833,1.50,1.32
2013.08.16 14:36:45.357,0.83814,0.83833,1.13,1.13
2013.08.16 14:36:48.173,0.83816,0.83834,1.13,1.13
2013.08.16 14:36:48.910,0.83816,0.83835,1.13,1.50
2013.08.16 14:36:49.675,0.83818,0.83835,1.13,1.50
2013.08.16 14:36:50.253,0.83818,0.83837,1.13,1.50
2013.08.16 14:36:51.124,0.83816,0.83837,1.13,1.50
2013.08.16 14:36:51.190,0.83816,0.83837,1.13,1.50
2013.08.16 14:36:51.718,0.83816,0.83837,1.13,1.50
2013.08.16 14:36:52.396,0.83816,0.83837,1.13,1.50
2013.08.16 14:36:52.617,0.83816,0.83837,1.13,1.50
2013.08.16 14:36:53.180,0.83816,0.83838,1.13,1.88
2013.08.16 14:36:53.719,0.8382,0.83838,1.13,1.13
2013.08.16 14:36:56.019,0.8382,0.83838,1.13,1.13
2013.08.16 14:36:57.887,0.8382,0.83838,1.13,1.13
2013.08.16 14:36:58.455,0.8382,0.83838,1.13,1.13
2013.08.16 14:36:59.047,0.8382,0.83841,1.13,1.13
2013.08.16 14:36:59.106,0.8382,0.83841,1.13,1.13
2013.08.16 14:37:00.096,0.83822,0.83841,1.13,1.13
2013.08.16 14:37:00.419,0.83823,0.83841,1.13,1.13
2013.08.16 14:37:00.597,0.83819,0.83841,1.32,1.13
2013.08.16 14:37:02.577,0.83824,0.83841,1.13,1.13
2013.08.16 14:37:03.927,0.83821,0.83841,1.32,1.13
2013.08.16 14:37:04.296,0.83824,0.83842,1.13,1.88
2013.08.16 14:37:04.805,0.83821,0.83842,1.32,1.88
2013.08.16 14:37:05.006,0.83819,0.83838,1.32,1.50
2013.08.16 14:37:07.978,0.8382,0.8384,1.13,1.50
2013.08.16 14:37:09.626,0.83819,0.83839,1.13,1.13
2013.08.16 14:37:09.746,0.8382,0.83839,1.13,1.13
2013.08.16 14:37:19.881,0.83819,0.83839,1.13,2.07
2013.08.16 14:37:21.420,0.83819,0.83839,1.13,2.07
2013.08.16 14:37:21.972,0.83818,0.83839,1.13,1.69
2013.08.16 14:37:22.757,0.83818,0.83839,1.13,1.69
2013.08.16 14:37:23.279,0.83823,0.8384,1.13,1.88
2013.08.16 14:37:23.948,0.83824,0.8384,1.13,1.88
2013.08.16 14:37:26.042,0.83825,0.83839,1.13,1.13
2013.08.16 14:37:26.296,0.83814,0.83839,1.13,1.13
2013.08.16 14:37:27.247,0.83813,0.83839,1.32,2.63
2013.08.16 14:37:33.028,0.83818,0.83839,1.13,2.63
2013.08.16 14:37:33.546,0.83817,0.83839,1.50,1.88
2013.08.16 14:37:33.847,0.83813,0.83825,1.13,1.13
2013.08.16 14:37:33.907,0.83813,0.83828,1.13,1.50
2013.08.16 14:37:33.966,0.83811,0.83828,1.13,1.50
2013.08.16 14:37:34.388,0.83813,0.83828,1.13,1.50
2013.08.16 14:37:34.469,0.83813,0.83836,1.13,1.32
2013.08.16 14:37:38.586,0.83816,0.83836,1.13,1.13
2013.08.16 14:37:40.308,0.83816,0.83837,1.13,1.13
2013.08.16 14:37:40.985,0.83816,0.83838,1.13,1.69
2013.08.16 14:37:43.387,0.83818,0.83837,1.13,1.69
2013.08.16 14:37:46.458,0.83817,0.83837,1.13,1.69
2013.08.16 14:37:51.077,0.83815,0.83836,1.13,1.69
2013.08.16 14:37:52.839,0.83815,0.83837,1.13,1.69
2013.08.16 14:37:56.608,0.83816,0.83837,1.13,1.69
2013.08.16 14:37:56.787,0.83813,0.83825,1.13,1.13
2013.08.16 14:37:57.126,0.83802,0.83825,1.69,1.13
2013.08.16 14:37:57.186,0.83807,0.83829,1.50,1.50
2013.08.16 14:37:57.366,0.83806,0.83829,2.07,1.50
2013.08.16 14:37:57.537,0.83806,0.83829,2.07,1.50
2013.08.16 14:37:57.766,0.83806,0.83829,2.07,1.50
2013.08.16 14:37:58.136,0.83806,0.83837,2.07,1.69
2013.08.16 14:37:58.617,0.83806,0.83837,2.07,1.69
2013.08.16 14:37:59.166,0.83806,0.83837,2.07,1.69
2013.08.16 14:38:00.707,0.83806,0.83837,2.07,1.69
2013.08.16 14:38:01.067,0.83812,0.83833,1.13,2.25
2013.08.16 14:38:01.366,0.83812,0.83833,1.13,2.25
2013.08.16 14:38:02.117,0.83811,0.83831,1.13,1.50
2013.08.16 14:38:02.477,0.83805,0.8382,1.13,1.50
2013.08.16 14:38:02.689,0.83805,0.8382,1.13,1.50
2013.08.16 14:38:03.217,0.83805,0.8382,1.13,1.50
2013.08.16 14:38:03.447,0.83805,0.8382,1.13,1.50
2013.08.16 14:38:03.677,0.83805,0.8382,1.13,1.50
2013.08.16 14:38:04.238,0.83805,0.8382,1.13,1.50
2013.08.16 14:38:04.334,0.83805,0.8382,1.13,1.50
2013.08.16 14:38:04.696,0.83802,0.83818,1.13,1.13
2013.08.16 14:38:04.996,0.83807,0.83819,1.88,1.50
2013.08.16 14:38:05.116,0.83812,0.83829,1.13,1.50
2013.08.16 14:38:05.236,0.83814,0.83829,1.13,1.50
2013.08.16 14:38:05.540,0.83816,0.83829,1.13,1.50
2013.08.16 14:38:05.864,0.83814,0.83829,1.13,1.50
2013.08.16 14:38:06.126,0.83813,0.83829,1.13,1.50
2013.08.16 14:38:06.635,0.83813,0.83829,1.13,1.50
2013.08.16 14:38:07.149,0.83813,0.83833,1.13,2.25
2013.08.16 14:38:07.781,0.83812,0.83832,1.13,1.13
2013.08.16 14:38:08.006,0.83808,0.83822,1.13,1.50
2013.08.16 14:38:08.610,0.83806,0.83822,1.13,1.50
2013.08.16 14:38:09.037,0.83806,0.83822,1.13,1.50
2013.08.16 14:38:10.177,0.83806,0.83818,1.13,2.25
2013.08.16 14:38:10.993,0.83806,0.83818,1.13,2.25
2013.08.16 14:38:12.526,0.83806,0.83818,1.13,2.25
2013.08.16 14:38:13.116,0.83806,0.8382,1.13,1.13
2013.08.16 14:38:13.987,0.83806,0.8382,1.13,1.13
2013.08.16 14:38:14.226,0.83802,0.8382,1.13,1.13
2013.08.16 14:38:14.568,0.83802,0.8382,1.13,1.13
2013.08.16 14:38:14.626,0.83802,0.8382,1.13,1.13
2013.08.16 14:38:15.295,0.83797,0.83817,1.13,1.13
2013.08.16 14:38:15.387,0.83797,0.83817,1.13,1.13
2013.08.16 14:38:17.826,0.83797,0.83816,1.13,1.13
2013.08.16 14:38:18.137,0.83798,0.83816,1.13,1.13
2013.08.16 14:38:18.704,0.838,0.83816,1.13,1.13
2013.08.16 14:38:19.488,0.83801,0.83821,1.13,1.13
2013.08.16 14:38:20.022,0.83801,0.83826,1.13,2.44
2013.08.16 14:38:20.986,0.83801,0.83826,1.13,2.44
2013.08.16 14:38:21.166,0.83801,0.83826,1.13,1.69
2013.08.16 14:38:21.226,0.83804,0.83826,1.13,1.69
2013.08.16 14:38:21.407,0.83806,0.83826,1.13,1.50
2013.08.16 14:38:21.467,0.83807,0.83827,1.50,1.50
2013.08.16 14:38:22.015,0.83809,0.83832,1.13,1.50
2013.08.16 14:38:22.076,0.83809,0.83832,1.13,1.50
2013.08.16 14:38:22.447,0.83811,0.83832,1.13,1.50
2013.08.16 14:38:22.767,0.83811,0.83832,1.13,1.50
2013.08.16 14:38:22.947,0.83813,0.83832,1.13,1.50
2013.08.16 14:38:23.397,0.83811,0.83832,1.13,1.50
2013.08.16 14:38:23.637,0.83811,0.83832,1.13,1.50
2013.08.16 14:38:24.746,0.83811,0.8383,1.13,1.50
2013.08.16 14:38:25.747,0.83811,0.83832,1.13,1.50
2013.08.16 14:38:29.771,0.83808,0.83834,1.32,1.13
2013.08.16 14:38:30.938,0.83812,0.83834,1.13,1.13
2013.08.16 14:38:32.208,0.83812,0.83836,2.07,1.13
2013.08.16 14:38:33.098,0.83812,0.83836,2.07,1.13
2013.08.16 14:38:33.987,0.83812,0.83836,2.07,1.13
2013.08.16 14:38:34.677,0.83812,0.83834,2.07,1.50
2013.08.16 14:38:44.758,0.83812,0.83834,1.32,1.13
2013.08.16 14:38:45.177,0.8381,0.83833,1.13,1.13
2013.08.16 14:38:45.797,0.8381,0.83834,1.13,1.50
2013.08.16 14:38:48.846,0.8381,0.83833,1.13,1.13
2013.08.16 14:38:50.365,0.8381,0.83832,1.13,1.13
2013.08.16 14:38:51.028,0.83807,0.83832,2.07,1.13
2013.08.16 14:38:51.148,0.83812,0.83833,1.13,2.25
2013.08.16 14:38:51.207,0.83813,0.83837,1.13,1.13
2013.08.16 14:38:51.516,0.83812,0.83834,2.07,1.13
2013.08.16 14:38:52.056,0.8381,0.83833,1.32,1.13
2013.08.16 14:38:57.837,0.83811,0.83835,2.07,1.13
2013.08.16 14:38:58.159,0.83812,0.83837,1.32,1.13
2013.08.16 14:38:58.686,0.83812,0.83836,1.32,1.13
2013.08.16 14:38:59.236,0.83811,0.83836,2.07,1.13
2013.08.16 14:39:04.265,0.83812,0.83839,2.07,1.69
2013.08.16 14:39:04.636,0.83814,0.83838,2.07,1.13
2013.08.16 14:39:05.258,0.83812,0.83835,1.13,1.13
2013.08.16 14:39:05.329,0.83803,0.83835,2.07,1.50
2013.08.16 14:39:05.446,0.83809,0.83834,1.32,1.13
2013.08.16 14:39:05.507,0.83809,0.83835,1.32,1.32
2013.08.16 14:39:06.159,0.83809,0.83835,1.32,1.50
2013.08.16 14:39:08.997,0.8381,0.83836,1.13,1.13
2013.08.16 14:39:09.516,0.8381,0.83836,1.13,1.13
2013.08.16 14:39:09.866,0.8381,0.83835,1.13,1.13
2013.08.16 14:39:10.226,0.83813,0.83837,1.13,1.88
2013.08.16 14:39:12.767,0.83813,0.83837,1.32,1.13
2013.08.16 14:39:13.743,0.83813,0.83837,1.32,1.13
2013.08.16 14:39:14.396,0.83813,0.83837,1.32,1.13
2013.08.16 14:39:14.921,0.83813,0.83837,1.32,1.13
2013.08.16 14:39:15.875,0.83815,0.83837,1.13,1.13
2013.08.16 14:39:16.676,0.83815,0.83837,1.13,1.13
2013.08.16 14:39:17.477,0.83815,0.83838,1.13,1.13
2013.08.16 14:39:19.967,0.83815,0.8384,1.13,1.32
2013.08.16 14:39:20.026,0.83815,0.83841,1.13,1.32
2013.08.16 14:39:22.848,0.83815,0.83841,1.13,1.32
2013.08.16 14:39:22.960,0.83815,0.83841,1.13,1.32
2013.08.16 14:39:23.157,0.83817,0.83843,1.13,2.44
2013.08.16 14:39:23.288,0.83817,0.83843,1.13,2.82
2013.08.16 14:39:23.348,0.83818,0.83843,1.13,2.44
2013.08.16 14:39:23.658,0.83818,0.83843,1.13,2.82
2013.08.16 14:39:24.428,0.83813,0.83843,1.32,2.44
2013.08.16 14:39:24.787,0.83819,0.83844,1.32,1.13
2013.08.16 14:39:24.847,0.83819,0.83844,1.32,1.13
2013.08.16 14:39:25.597,0.83819,0.83844,1.32,1.13
2013.08.16 14:39:26.116,0.83817,0.83843,1.32,2.25
2013.08.16 14:39:28.137,0.83819,0.83844,1.13,1.13
2013.08.16 14:39:28.769,0.83819,0.83844,1.13,1.13
2013.08.16 14:39:29.540,0.83819,0.83844,1.13,1.13
2013.08.16 14:39:30.487,0.83819,0.83844,1.13,1.13
2013.08.16 14:39:30.768,0.83819,0.83844,1.13,1.13
2013.08.16 14:39:32.087,0.83819,0.83844,1.13,1.13
2013.08.16 14:39:33.739,0.83819,0.83844,1.13,1.13
2013.08.16 14:39:34.398,0.83819,0.83843,1.13,2.25
2013.08.16 14:39:34.967,0.83819,0.83843,1.13,2.25
2013.08.16 14:39:36.052,0.83819,0.83843,1.13,2.63
2013.08.16 14:39:36.226,0.83814,0.83835,1.32,1.50
2013.08.16 14:39:36.469,0.83814,0.83836,1.32,1.50
2013.08.16 14:39:36.527,0.83817,0.83836,1.13,1.50
2013.08.16 14:39:36.828,0.83817,0.83843,1.13,1.32
2013.08.16 14:39:36.915,0.83817,0.83843,1.13,1.32
2013.08.16 14:39:37.777,0.83817,0.83843,1.32,1.32
2013.08.16 14:39:39.738,0.83817,0.83843,1.32,1.32
2013.08.16 14:39:40.257,0.83817,0.83843,1.32,2.44
2013.08.16 14:39:41.879,0.83818,0.83844,1.13,1.32
2013.08.16 14:39:41.991,0.83818,0.83844,1.13,1.32
2013.08.16 14:39:42.226,0.83818,0.83844,1.13,2.07
2013.08.16 14:39:45.597,0.83819,0.8384,1.13,1.13
2013.08.16 14:39:45.718,0.83819,0.83842,1.13,1.69
2013.08.16 14:39:46.004,0.83819,0.83842,1.13,1.69
2013.08.16 14:39:46.066,0.83817,0.83842,1.13,1.69
2013.08.16 14:39:46.367,0.83816,0.83839,1.32,1.50
2013.08.16 14:39:46.896,0.83816,0.83839,2.07,1.50
2013.08.16 14:39:47.267,0.83816,0.83844,2.07,1.32
2013.08.16 14:39:47.659,0.83816,0.83844,2.07,1.32
2013.08.16 14:39:47.777,0.83816,0.83844,2.07,1.32
2013.08.16 14:39:48.321,0.83818,0.83844,1.13,1.32
2013.08.16 14:39:49.817,0.83818,0.83844,1.13,1.32
2013.08.16 14:39:50.925,0.83818,0.83844,1.13,1.69
2013.08.16 14:39:51.128,0.83818,0.83844,1.13,1.69
2013.08.16 14:39:51.917,0.83818,0.83844,1.13,1.69
2013.08.16 14:39:52.534,0.83818,0.83844,1.13,1.69
2013.08.16 14:39:56.288,0.83818,0.83844,1.32,1.32
2013.08.16 14:39:57.165,0.83818,0.83844,1.32,1.32
2013.08.16 14:39:57.390,0.83818,0.83845,1.32,1.32
2013.08.16 14:39:57.938,0.83819,0.83845,1.32,1.32
2013.08.16 14:39:58.166,0.83819,0.83845,1.32,1.32
2013.08.16 14:39:58.705,0.83819,0.83845,1.32,1.32
2013.08.16 14:39:59.367,0.83819,0.83846,1.32,1.32
2013.08.16 14:39:59.927,0.83819,0.83846,1.32,1.32
2013.08.16 14:40:01.748,0.83819,0.83846,1.32,1.32
2013.08.16 14:40:03.307,0.83819,0.83844,1.32,1.32
2013.08.16 14:40:03.427,0.83819,0.83844,1.32,1.32
2013.08.16 14:40:03.486,0.83819,0.83844,1.32,1.32
2013.08.16 14:40:04.456,0.83819,0.83844,1.32,1.32
2013.08.16 14:40:04.597,0.83819,0.83838,1.13,2.25
2013.08.16 14:40:06.207,0.83822,0.83838,1.13,1.50
2013.08.16 14:40:06.366,0.83822,0.83844,1.13,2.44
2013.08.16 14:40:06.427,0.83822,0.83843,1.13,1.69
2013.08.16 14:40:06.938,0.83816,0.83843,1.13,2.07
2013.08.16 14:40:07.486,0.8382,0.83843,1.13,1.32
2013.08.16 14:40:08.097,0.8382,0.83843,1.13,1.32
2013.08.16 14:40:08.720,0.8382,0.83843,1.13,1.32
2013.08.16 14:40:09.688,0.83822,0.83844,1.13,1.13
2013.08.16 14:40:11.986,0.83821,0.83844,1.13,1.13
2013.08.16 14:40:12.363,0.83821,0.83844,1.13,1.13
2013.08.16 14:40:15.758,0.83824,0.83844,1.13,1.13
2013.08.16 14:40:15.937,0.83823,0.83844,1.13,1.13
2013.08.16 14:40:15.997,0.83822,0.83843,1.13,1.13
2013.08.16 14:40:16.118,0.83822,0.83848,1.13,1.13
2013.08.16 14:40:16.176,0.8382,0.83849,1.32,2.44
2013.08.16 14:40:16.297,0.83822,0.83849,1.69,1.50
2013.08.16 14:40:16.358,0.83822,0.83853,1.69,1.13
2013.08.16 14:40:16.418,0.83821,0.83851,2.07,1.13
2013.08.16 14:40:16.656,0.83821,0.83854,2.07,1.69
2013.08.16 14:40:16.837,0.83824,0.83854,1.69,1.69
2013.08.16 14:40:17.196,0.83824,0.83851,1.69,1.13
2013.08.16 14:40:17.698,0.83823,0.83851,1.69,1.13
2013.08.16 14:40:20.284,0.83828,0.83851,2.10,1.13
2013.08.16 14:40:20.587,0.83837,0.8386,1.13,1.50
2013.08.16 14:40:20.889,0.83842,0.8386,1.32,1.50
2013.08.16 14:40:21.007,0.83842,0.83868,1.32,1.69
2013.08.16 14:40:21.559,0.83842,0.83868,1.32,1.50
2013.08.16 14:40:22.116,0.83842,0.83868,1.32,1.50
2013.08.16 14:40:22.700,0.83843,0.83868,1.32,1.50
2013.08.16 14:40:25.899,0.83843,0.83868,1.32,1.13
2013.08.16 14:40:26.138,0.83843,0.83868,1.32,1.13
2013.08.16 14:40:26.717,0.83843,0.83868,1.32,1.50
2013.08.16 14:40:27.338,0.83843,0.83868,1.32,1.50
2013.08.16 14:40:31.593,0.83842,0.83868,1.32,1.88
2013.08.16 14:40:32.519,0.83842,0.83868,1.32,1.88
2013.08.16 14:40:33.241,0.83842,0.83868,1.32,1.88
2013.08.16 14:40:33.774,0.83842,0.83868,1.32,2.07
2013.08.16 14:40:35.980,0.83842,0.83868,1.32,2.07
2013.08.16 14:40:41.355,0.8384,0.83868,1.32,1.32
2013.08.16 14:40:41.904,0.8384,0.83868,1.69,1.32
2013.08.16 14:40:42.157,0.83841,0.83869,1.69,1.32
2013.08.16 14:40:42.881,0.83842,0.8387,1.69,1.32
2013.08.16 14:40:42.966,0.83842,0.8387,1.69,1.32
2013.08.16 14:40:44.436,0.83842,0.8387,1.32,1.69
2013.08.16 14:40:45.556,0.83843,0.8387,1.13,1.69
2013.08.16 14:40:45.796,0.83841,0.8387,1.32,1.69
2013.08.16 14:40:47.417,0.83846,0.8387,1.13,1.32
2013.08.16 14:40:47.657,0.83846,0.8387,1.69,1.13
2013.08.16 14:40:47.918,0.83852,0.83879,1.13,1.32
2013.08.16 14:40:47.976,0.83852,0.8388,1.13,2.07
2013.08.16 14:40:48.717,0.83852,0.8388,1.13,2.07
2013.08.16 14:40:49.386,0.83853,0.8388,1.13,2.07
2013.08.16 14:40:49.446,0.83854,0.8388,1.13,2.07
2013.08.16 14:40:50.084,0.83855,0.8388,1.13,2.07
2013.08.16 14:40:50.679,0.83853,0.8388,1.13,1.69
2013.08.16 14:40:50.736,0.83853,0.83881,1.13,1.32
2013.08.16 14:40:51.894,0.83855,0.83881,1.13,1.32
2013.08.16 14:40:52.454,0.83855,0.83881,1.13,1.32
2013.08.16 14:40:53.009,0.83855,0.83882,1.13,2.07
2013.08.16 14:40:54.038,0.83855,0.83879,1.13,1.13
2013.08.16 14:40:54.306,0.83852,0.83879,1.32,1.13
2013.08.16 14:40:54.848,0.83852,0.8388,1.32,1.32
2013.08.16 14:40:55.070,0.83852,0.83879,1.32,1.13
2013.08.16 14:40:55.188,0.83852,0.8388,1.32,1.32
2013.08.16 14:40:55.667,0.83856,0.8388,1.32,1.13
2013.08.16 14:40:56.216,0.83855,0.83879,1.32,1.13
2013.08.16 14:40:56.838,0.83856,0.83877,1.88,1.50
2013.08.16 14:40:57.077,0.83851,0.83876,1.69,1.13
2013.08.16 14:40:57.698,0.83853,0.83877,1.13,1.50
2013.08.16 14:40:58.416,0.83872,0.83877,1.13,1.50
2013.08.16 14:40:58.890,0.83872,0.83893,1.13,2.25
2013.08.16 14:40:58.961,0.83871,0.83893,1.13,1.50
2013.08.16 14:41:00.424,0.83871,0.83893,1.13,1.50
2013.08.16 14:41:00.657,0.83871,0.83893,1.13,1.50
2013.08.16 14:41:01.398,0.83871,0.83892,1.13,1.50
2013.08.16 14:41:02.069,0.83871,0.83892,1.13,1.50
2013.08.16 14:41:02.597,0.8387,0.83891,1.13,1.50
2013.08.16 14:41:02.777,0.83867,0.83891,1.32,1.50
2013.08.16 14:41:02.957,0.83867,0.83891,1.32,1.50
2013.08.16 14:41:05.409,0.83867,0.83888,1.32,1.13
2013.08.16 14:41:06.568,0.83867,0.83888,1.32,1.50
2013.08.16 14:41:07.788,0.83867,0.83888,1.32,1.50
2013.08.16 14:41:08.864,0.83867,0.83888,1.32,1.50
2013.08.16 14:41:09.538,0.83867,0.83888,1.32,1.50
2013.08.16 14:41:10.608,0.83867,0.83888,1.32,1.50
2013.08.16 14:41:12.067,0.83867,0.83888,1.32,1.50
2013.08.16 14:41:12.738,0.83863,0.83888,1.32,1.50
2013.08.16 14:41:16.127,0.83861,0.83887,2.07,1.50
2013.08.16 14:41:16.276,0.83861,0.83887,2.07,1.50
2013.08.16 14:41:16.596,0.83861,0.8388,1.88,1.50
2013.08.16 14:41:16.657,0.83859,0.83879,1.69,1.50
2013.08.16 14:41:16.717,0.83853,0.83876,1.32,1.13
2013.08.16 14:41:16.776,0.83852,0.83878,1.88,1.13
2013.08.16 14:41:16.897,0.83852,0.83873,1.50,1.13
2013.08.16 14:41:17.087,0.83848,0.83874,1.32,1.13
2013.08.16 14:41:17.207,0.83848,0.83871,1.13,1.13
2013.08.16 14:41:17.327,0.83844,0.8387,1.69,1.13
2013.08.16 14:41:18.236,0.83844,0.83868,1.32,1.13
2013.08.16 14:41:18.748,0.83844,0.83869,1.32,1.13
2013.08.16 14:41:19.189,0.83844,0.8387,1.32,1.13
2013.08.16 14:41:19.718,0.83845,0.83869,1.32,1.13
2013.08.16 14:41:20.506,0.83845,0.83873,1.32,2.44
2013.08.16 14:41:21.055,0.83845,0.83876,1.32,1.32
2013.08.16 14:41:24.587,0.83844,0.83878,2.07,1.32
2013.08.16 14:41:24.646,0.83847,0.83878,1.32,1.32
2013.08.16 14:41:24.707,0.8385,0.83879,1.32,2.07
2013.08.16 14:41:24.766,0.83851,0.83879,1.69,1.88
2013.08.16 14:41:25.299,0.83851,0.83879,1.69,1.13
2013.08.16 14:41:25.973,0.83851,0.83879,1.69,1.32
2013.08.16 14:41:26.756,0.83849,0.83879,1.32,1.32
2013.08.16 14:41:27.997,0.8385,0.83879,1.69,1.32
2013.08.16 14:41:30.008,0.83852,0.83879,1.32,1.13
2013.08.16 14:41:31.877,0.83849,0.83881,2.07,1.32
2013.08.16 14:41:32.337,0.83852,0.83881,1.32,1.32
2013.08.16 14:41:32.397,0.83849,0.83881,1.69,1.32
2013.08.16 14:41:32.908,0.83852,0.8388,1.32,1.32
2013.08.16 14:41:33.026,0.83852,0.83879,1.32,1.32
2013.08.16 14:41:33.648,0.83849,0.83876,1.32,1.13
2013.08.16 14:41:34.452,0.83849,0.83878,1.32,1.32
2013.08.16 14:41:37.207,0.83851,0.8388,1.13,1.32
2013.08.16 14:41:37.657,0.83847,0.83879,1.69,1.32
2013.08.16 14:41:38.343,0.83846,0.83879,2.44,1.32
2013.08.16 14:41:38.936,0.83848,0.83879,1.69,1.13
2013.08.16 14:41:39.237,0.8385,0.8388,1.69,1.13
2013.08.16 14:41:40.226,0.83848,0.83877,1.69,1.13
2013.08.16 14:41:41.237,0.83847,0.83873,1.69,1.50
2013.08.16 14:41:43.499,0.83846,0.83875,1.32,1.32
2013.08.16 14:41:44.057,0.83847,0.83875,1.69,1.32
2013.08.16 14:41:45.066,0.83848,0.83875,2.44,1.13
2013.08.16 14:41:45.298,0.83851,0.83876,1.32,1.13
2013.08.16 14:41:46.079,0.83853,0.83878,1.13,1.13
2013.08.16 14:41:46.569,0.83851,0.83876,1.69,1.13
2013.08.16 14:41:48.477,0.83853,0.83878,1.32,1.50
2013.08.16 14:41:52.213,0.83853,0.83878,1.32,1.50
2013.08.16 14:41:52.558,0.83853,0.83876,1.32,1.13
2013.08.16 14:41:52.622,0.83853,0.83879,1.32,1.13
2013.08.16 14:41:52.677,0.83853,0.83881,1.32,1.13
2013.08.16 14:41:52.858,0.83854,0.83881,2.07,1.13
2013.08.16 14:41:54.824,0.83856,0.83881,1.32,1.32
2013.08.16 14:42:03.518,0.83857,0.83885,1.32,1.32
2013.08.16 14:42:04.218,0.83857,0.83885,1.32,1.32
2013.08.16 14:42:05.441,0.83857,0.83882,1.32,1.32
2013.08.16 14:42:06.630,0.83857,0.83882,1.32,1.32
2013.08.16 14:42:07.623,0.83857,0.83884,1.32,1.32
2013.08.16 14:42:10.166,0.83857,0.83884,2.07,1.13
2013.08.16 14:42:10.607,0.83857,0.83886,1.32,1.69
2013.08.16 14:42:10.927,0.83857,0.83886,1.32,1.69
2013.08.16 14:42:13.737,0.83857,0.83886,1.13,1.69
2013.08.16 14:42:14.301,0.83861,0.83886,1.13,1.69
2013.08.16 14:42:14.418,0.83862,0.83886,1.13,1.32
2013.08.16 14:42:14.478,0.83862,0.83888,1.13,2.44
2013.08.16 14:42:14.538,0.83865,0.83888,1.13,2.44
2013.08.16 14:42:14.657,0.83865,0.83888,1.13,2.44
2013.08.16 14:42:14.717,0.83865,0.83886,1.13,1.50
2013.08.16 14:42:15.079,0.83857,0.83886,1.32,1.69
2013.08.16 14:42:15.612,0.83857,0.83886,1.32,1.69
2013.08.16 14:42:15.677,0.83857,0.83886,2.07,1.69
2013.08.16 14:42:16.527,0.83857,0.83886,2.07,1.32
2013.08.16 14:42:18.647,0.83857,0.83886,1.32,1.69
2013.08.16 14:42:21.708,0.83857,0.83884,1.32,1.32
2013.08.16 14:42:21.980,0.83857,0.83884,1.32,1.32
2013.08.16 14:42:24.666,0.83857,0.83884,1.32,1.32
2013.08.16 14:42:25.108,0.83857,0.83884,1.32,1.32
2013.08.16 14:42:25.227,0.83857,0.83884,1.32,1.32
2013.08.16 14:42:25.348,0.83857,0.83885,1.32,2.07
2013.08.16 14:42:25.466,0.83857,0.83885,1.32,2.07
2013.08.16 14:42:25.768,0.83857,0.83885,1.32,1.69
2013.08.16 14:42:25.886,0.83857,0.83885,1.32,1.69
2013.08.16 14:42:30.612,0.83857,0.83885,1.32,1.69
2013.08.16 14:42:32.367,0.83861,0.83885,1.13,1.69
2013.08.16 14:42:33.176,0.83861,0.83884,1.13,1.32
2013.08.16 14:42:34.683,0.83861,0.83884,1.13,1.32
2013.08.16 14:42:36.111,0.83861,0.83884,1.13,1.32
2013.08.16 14:42:36.178,0.83861,0.83884,1.13,1.32
2013.08.16 14:42:36.358,0.83864,0.83884,1.13,1.13
2013.08.16 14:42:36.716,0.83867,0.83886,1.13,1.13
2013.08.16 14:42:36.908,0.83867,0.83893,1.88,2.07
2013.08.16 14:42:36.967,0.83873,0.83893,1.13,1.69
2013.08.16 14:42:37.448,0.83873,0.83894,1.13,1.50
2013.08.16 14:42:37.786,0.83873,0.83894,1.13,1.50
2013.08.16 14:42:38.427,0.83873,0.83894,1.13,1.50
2013.08.16 14:42:39.067,0.83873,0.83897,1.13,1.69
2013.08.16 14:42:39.898,0.83873,0.83897,1.13,1.69
2013.08.16 14:42:41.717,0.83874,0.83897,1.13,1.69
2013.08.16 14:42:42.132,0.83874,0.83899,1.13,2.44
2013.08.16 14:42:42.901,0.83874,0.83899,1.13,2.44
2013.08.16 14:42:43.897,0.83874,0.83899,1.13,2.44
2013.08.16 14:42:44.628,0.83876,0.83899,1.13,1.32
2013.08.16 14:42:45.538,0.83876,0.83899,1.13,1.32
2013.08.16 14:42:46.065,0.83876,0.83899,1.13,1.32
2013.08.16 14:42:46.892,0.83876,0.83899,1.13,1.32
2013.08.16 14:42:47.488,0.83876,0.83899,1.13,1.32
2013.08.16 14:42:48.403,0.83876,0.83899,1.13,1.32
2013.08.16 14:42:50.377,0.83876,0.83894,1.13,1.50
2013.08.16 14:42:50.557,0.83872,0.83894,1.13,1.50
2013.08.16 14:42:51.229,0.83872,0.83896,1.13,1.32
2013.08.16 14:42:55.011,0.83872,0.83897,1.13,1.32
2013.08.16 14:42:56.267,0.83872,0.83897,1.13,1.32
2013.08.16 14:42:56.388,0.83872,0.83897,1.13,1.13
2013.08.16 14:42:56.662,0.83872,0.83897,1.13,1.13
2013.08.16 14:42:57.208,0.83872,0.83897,1.13,1.13
2013.08.16 14:42:58.537,0.83872,0.83897,1.13,1.32
2013.08.16 14:42:58.876,0.83872,0.83897,1.13,1.32
2013.08.16 14:43:00.509,0.83872,0.83897,1.13,1.69
2013.08.16 14:43:02.562,0.83872,0.83897,1.13,1.69
2013.08.16 14:43:04.094,0.83872,0.83897,1.13,1.69
2013.08.16 14:43:05.528,0.83872,0.83897,1.13,1.69
2013.08.16 14:43:08.108,0.8387,0.83896,1.13,1.32
2013.08.16 14:43:08.297,0.83864,0.83894,1.69,1.69
2013.08.16 14:43:08.477,0.83864,0.83894,1.50,1.69
2013.08.16 14:43:08.596,0.83867,0.83894,1.50,1.69
2013.08.16 14:43:08.657,0.83867,0.83894,1.50,1.69
2013.08.16 14:43:09.098,0.83867,0.83894,1.50,2.44
2013.08.16 14:43:09.218,0.83867,0.83894,1.50,2.44
2013.08.16 14:43:09.903,0.83867,0.83894,1.50,1.69
2013.08.16 14:43:10.417,0.8387,0.83894,1.13,2.07
2013.08.16 14:43:10.477,0.8387,0.83894,1.13,1.32
2013.08.16 14:43:10.537,0.8387,0.83894,1.13,1.32
2013.08.16 14:43:11.161,0.83861,0.83894,2.44,1.32
2013.08.16 14:43:17.556,0.83864,0.83896,1.32,1.69
2013.08.16 14:43:18.227,0.83864,0.83896,1.32,1.69
2013.08.16 14:43:21.557,0.83867,0.83898,1.88,2.07
2013.08.16 14:43:25.256,0.83869,0.83898,1.13,1.69
2013.08.16 14:43:28.468,0.83868,0.83898,1.13,1.69
2013.08.16 14:43:31.378,0.83867,0.83898,1.88,1.69
2013.08.16 14:43:32.117,0.83867,0.83898,1.88,1.69
2013.08.16 14:43:32.236,0.83867,0.83894,1.13,1.69
2013.08.16 14:43:34.910,0.83864,0.83896,1.69,1.69
2013.08.16 14:43:35.432,0.83867,0.83896,1.13,1.69
2013.08.16 14:43:35.502,0.8387,0.83899,1.13,1.32
2013.08.16 14:43:35.569,0.8387,0.83898,1.13,1.69
2013.08.16 14:43:39.108,0.83866,0.83897,1.32,1.32
2013.08.16 14:43:39.293,0.83864,0.83894,1.13,1.32
2013.08.16 14:43:42.649,0.83862,0.83891,1.13,1.69
2013.08.16 14:43:43.235,0.83862,0.83891,1.13,1.69
2013.08.16 14:43:43.791,0.83865,0.83891,1.13,1.69
2013.08.16 14:43:44.395,0.83865,0.8389,1.13,1.69
2013.08.16 14:43:44.590,0.83865,0.83894,1.13,1.69
2013.08.16 14:43:44.649,0.83865,0.83894,1.50,1.69
2013.08.16 14:43:44.710,0.83868,0.83898,1.13,1.13
2013.08.16 14:43:44.769,0.83872,0.83903,1.50,2.44
2013.08.16 14:43:45.130,0.83876,0.83903,1.13,2.44
2013.08.16 14:43:45.250,0.83878,0.83905,1.13,2.07
2013.08.16 14:43:45.310,0.83878,0.83905,1.13,2.07
2013.08.16 14:43:45.490,0.83879,0.83909,1.13,1.32
2013.08.16 14:43:47.161,0.83877,0.83911,1.32,1.69
2013.08.16 14:43:47.820,0.83877,0.8391,1.32,1.69
2013.08.16 14:43:50.282,0.83878,0.83909,1.32,1.69
2013.08.16 14:43:51.388,0.83876,0.83909,2.44,1.69
2013.08.16 14:43:51.600,0.83876,0.83909,2.44,1.69
2013.08.16 14:43:52.510,0.83877,0.83909,1.32,1.69
2013.08.16 14:43:53.981,0.83876,0.83909,2.07,1.69
2013.08.16 14:43:55.607,0.83881,0.83914,1.50,1.69
2013.08.16 14:44:01.410,0.83881,0.83914,1.50,1.69
2013.08.16 14:44:01.470,0.83881,0.83914,1.69,1.69
2013.08.16 14:44:01.830,0.83882,0.83913,1.69,1.69
2013.08.16 14:44:06.110,0.83886,0.83914,1.13,1.69
2013.08.16 14:44:08.355,0.83886,0.83915,1.32,1.69
2013.08.16 14:44:10.261,0.83886,0.83917,1.32,1.69
2013.08.16 14:44:17.592,0.83887,0.83915,1.13,1.69
2013.08.16 14:44:18.699,0.83886,0.83916,1.69,1.69
2013.08.16 14:44:23.031,0.83888,0.83916,1.69,1.69
2013.08.16 14:44:23.848,0.83889,0.83918,1.50,1.69
2013.08.16 14:44:24.265,0.83888,0.83915,1.88,1.69
2013.08.16 14:44:27.548,0.83889,0.83916,1.13,1.69
2013.08.16 14:44:27.870,0.83888,0.83916,1.50,1.69
2013.08.16 14:44:28.330,0.83887,0.83916,1.88,1.69
2013.08.16 14:44:28.910,0.83887,0.83916,1.88,1.69
2013.08.16 14:44:30.320,0.83888,0.83916,2.25,1.69
2013.08.16 14:44:35.404,0.83887,0.83915,1.50,1.69
2013.08.16 14:44:35.530,0.83886,0.83912,2.25,1.69
2013.08.16 14:44:35.891,0.83887,0.83914,1.50,1.69
2013.08.16 14:44:35.950,0.83887,0.83916,1.69,1.69
2013.08.16 14:44:36.250,0.83889,0.83918,1.32,1.69
2013.08.16 14:44:36.432,0.83892,0.83919,1.13,1.32
2013.08.16 14:44:36.491,0.83892,0.83919,1.88,1.32
2013.08.16 14:44:36.551,0.83892,0.83919,2.07,1.32
2013.08.16 14:44:36.610,0.83894,0.83922,1.88,1.69
2013.08.16 14:44:36.670,0.83896,0.83924,1.13,1.69
2013.08.16 14:44:36.790,0.83896,0.83926,1.88,1.69
2013.08.16 14:44:37.329,0.83896,0.83927,1.32,1.69
2013.08.16 14:44:37.811,0.83897,0.83927,2.44,1.69
2013.08.16 14:44:38.256,0.83897,0.83927,1.69,1.69
2013.08.16 14:44:39.221,0.83891,0.83921,1.32,1.13
2013.08.16 14:44:40.430,0.83891,0.83921,1.32,1.32
2013.08.16 14:44:40.780,0.83891,0.83921,1.32,1.32
2013.08.16 14:44:41.722,0.83889,0.8392,1.32,1.69
2013.08.16 14:44:42.451,0.83888,0.8392,1.32,1.69
2013.08.16 14:44:43.010,0.83887,0.83918,2.07,1.69
2013.08.16 14:44:43.820,0.8389,0.83918,1.13,1.69
2013.08.16 14:44:44.418,0.8389,0.83921,1.13,2.07
2013.08.16 14:44:45.630,0.83889,0.8392,1.32,1.69
2013.08.16 14:44:45.750,0.83889,0.83924,1.32,2.44
2013.08.16 14:44:45.810,0.83889,0.83921,1.32,1.69
2013.08.16 14:44:46.194,0.83888,0.83916,1.32,1.32
2013.08.16 14:44:46.710,0.83888,0.83916,1.32,1.32
2013.08.16 14:44:48.121,0.83888,0.83916,1.32,1.13
2013.08.16 14:44:49.629,0.83888,0.83916,1.32,1.32
2013.08.16 14:44:50.400,0.83886,0.83916,1.32,1.32
2013.08.16 14:44:51.255,0.83886,0.83916,1.32,1.32
2013.08.16 14:44:52.036,0.83883,0.83916,2.82,1.32
2013.08.16 14:44:58.310,0.83883,0.83915,1.69,1.69
2013.08.16 14:44:59.863,0.83883,0.83916,1.69,1.32
2013.08.16 14:44:59.971,0.83883,0.83914,1.69,1.69
2013.08.16 14:45:01.050,0.83884,0.83913,1.13,1.32
2013.08.16 14:45:05.635,0.83884,0.83913,2.82,1.32
2013.08.16 14:45:06.183,0.83884,0.83913,2.82,1.32
2013.08.16 14:45:09.951,0.83886,0.83914,1.50,1.32
2013.08.16 14:45:12.131,0.83886,0.83914,1.50,2.07
2013.08.16 14:45:13.360,0.83886,0.83914,1.50,1.32
2013.08.16 14:45:14.230,0.83886,0.83914,1.50,1.32
2013.08.16 14:45:14.570,0.83886,0.83914,1.69,1.32
2013.08.16 14:45:14.731,0.83886,0.83914,1.69,1.32
2013.08.16 14:45:16.031,0.83886,0.83914,1.69,1.32
2013.08.16 14:45:17.374,0.83884,0.83913,2.07,1.32
2013.08.16 14:45:17.914,0.83884,0.83913,1.88,1.32
2013.08.16 14:45:18.465,0.83884,0.83913,2.07,2.07
2013.08.16 14:45:19.454,0.83884,0.83913,1.69,2.07
2013.08.16 14:45:22.484,0.83887,0.83913,1.88,2.07
2013.08.16 14:45:23.011,0.83887,0.83914,1.13,2.07
2013.08.16 14:45:25.244,0.83887,0.83914,1.50,1.32
2013.08.16 14:45:25.702,0.83887,0.83918,2.25,1.69
2013.08.16 14:45:25.821,0.83892,0.8392,1.13,1.69
2013.08.16 14:45:25.881,0.83892,0.83921,1.13,1.32
2013.08.16 14:45:27.260,0.83895,0.83921,1.50,1.32
2013.08.16 14:45:28.610,0.83895,0.83923,1.13,2.82
2013.08.16 14:45:28.952,0.83897,0.83927,1.50,2.44
2013.08.16 14:45:29.012,0.83898,0.83929,1.13,1.32
2013.08.16 14:45:29.395,0.83903,0.83929,1.13,1.32
2013.08.16 14:45:30.162,0.83905,0.83931,1.13,1.69
2013.08.16 14:45:31.431,0.83905,0.83932,1.13,2.07
2013.08.16 14:45:32.441,0.83902,0.83929,1.50,1.69
2013.08.16 14:45:32.501,0.83899,0.83928,2.44,1.32
2013.08.16 14:45:33.039,0.83899,0.83927,2.25,1.69
2013.08.16 14:45:34.922,0.83898,0.83925,1.50,1.69
2013.08.16 14:45:37.601,0.83896,0.83924,1.69,1.32
2013.08.16 14:45:41.572,0.83897,0.83925,1.50,2.82
2013.08.16 14:45:41.790,0.83897,0.83925,2.25,1.32
2013.08.16 14:45:43.102,0.839,0.83927,1.13,1.69
2013.08.16 14:45:45.293,0.83899,0.83927,1.69,1.32
2013.08.16 14:45:55.272,0.83897,0.83926,2.25,1.69
2013.08.16 14:45:55.961,0.83897,0.83926,2.25,1.69
2013.08.16 14:45:58.513,0.839,0.83927,1.13,1.69
2013.08.16 14:46:09.001,0.83898,0.83925,1.13,1.69
2013.08.16 14:46:09.362,0.83904,0.83929,1.13,1.69
2013.08.16 14:46:09.423,0.83904,0.83932,1.13,1.69
2013.08.16 14:46:09.541,0.83906,0.83932,1.13,1.69
2013.08.16 14:46:09.723,0.83907,0.83935,1.88,1.69
2013.08.16 14:46:09.844,0.83907,0.83936,1.88,1.32
2013.08.16 14:46:10.033,0.83907,0.83937,1.88,1.69
2013.08.16 14:46:10.913,0.83909,0.83937,1.13,1.69
2013.08.16 14:46:14.874,0.83909,0.83937,1.13,1.69
2013.08.16 14:46:15.122,0.83912,0.83938,1.88,1.69
2013.08.16 14:46:15.242,0.83914,0.83939,1.13,1.69
2013.08.16 14:46:15.972,0.83914,0.8394,1.13,1.69
2013.08.16 14:46:16.103,0.83916,0.83944,1.50,1.69
2013.08.16 14:46:16.222,0.83916,0.83944,1.50,1.69
2013.08.16 14:46:16.761,0.83916,0.83944,1.50,1.69
2013.08.16 14:46:16.902,0.83916,0.83945,1.50,1.69
2013.08.16 14:46:19.121,0.83916,0.83946,1.50,1.69
2013.08.16 14:46:20.972,0.83916,0.83946,1.50,1.69
2013.08.16 14:46:23.063,0.83916,0.83944,1.50,2.07
2013.08.16 14:46:23.292,0.83916,0.83944,1.50,2.07
2013.08.16 14:46:23.793,0.83915,0.83942,1.13,1.69
2013.08.16 14:46:24.062,0.83913,0.83942,2.07,1.69
2013.08.16 14:46:24.300,0.83909,0.83942,1.69,1.69
2013.08.16 14:46:24.421,0.83908,0.8394,1.13,1.69
2013.08.16 14:46:24.541,0.83908,0.83938,1.32,1.69
2013.08.16 14:46:24.910,0.83908,0.83938,1.13,1.69
2013.08.16 14:46:27.632,0.83902,0.83935,2.07,1.69
2013.08.16 14:46:28.341,0.83907,0.83934,1.13,1.32
2013.08.16 14:46:28.701,0.83899,0.83929,1.13,1.50
2013.08.16 14:46:28.761,0.83899,0.83927,1.13,1.69
2013.08.16 14:46:28.880,0.83898,0.83927,1.50,1.69
2013.08.16 14:46:30.472,0.83898,0.83921,1.50,1.69
2013.08.16 14:46:30.531,0.83894,0.83921,1.69,1.69
2013.08.16 14:46:31.568,0.83894,0.83921,1.69,1.32
2013.08.16 14:46:32.331,0.83894,0.83921,1.69,1.32
2013.08.16 14:46:34.103,0.83894,0.83921,1.69,1.32
2013.08.16 14:46:35.427,0.83894,0.83921,1.69,1.32
2013.08.16 14:46:38.625,0.83894,0.83921,1.88,1.32
2013.08.16 14:46:39.604,0.83894,0.83921,1.88,1.32
2013.08.16 14:46:40.034,0.83894,0.83921,1.88,1.32
2013.08.16 14:46:41.362,0.83894,0.83921,2.07,1.32
2013.08.16 14:46:41.912,0.83894,0.83921,2.07,1.32
2013.08.16 14:46:43.440,0.83894,0.83921,2.07,1.32
2013.08.16 14:46:44.712,0.83897,0.83921,1.13,1.32
2013.08.16 14:46:44.986,0.83897,0.83921,1.13,1.32
2013.08.16 14:46:46.295,0.83897,0.83924,2.25,2.07
2013.08.16 14:46:46.905,0.83897,0.83924,2.63,1.69
2013.08.16 14:46:48.371,0.83897,0.83924,1.13,1.69
2013.08.16 14:46:48.920,0.83897,0.83924,1.50,1.69
2013.08.16 14:46:49.593,0.83897,0.83923,1.50,1.32
2013.08.16 14:46:49.652,0.83896,0.83923,1.88,1.32
2013.08.16 14:46:52.661,0.83895,0.83923,1.50,1.69
2013.08.16 14:46:54.461,0.83894,0.83923,2.25,2.07
2013.08.16 14:46:55.133,0.83895,0.83921,1.13,1.69
2013.08.16 14:46:58.732,0.83892,0.8392,1.50,2.07
2013.08.16 14:47:01.154,0.83891,0.83918,1.88,2.07
2013.08.16 14:47:01.702,0.8389,0.83914,1.13,1.32
2013.08.16 14:47:02.567,0.8389,0.83914,1.13,2.07
2013.08.16 14:47:02.647,0.83885,0.83914,1.50,2.07
2013.08.16 14:47:06.960,0.83886,0.83912,1.13,2.44
2013.08.16 14:47:07.140,0.83885,0.83912,1.13,2.44
2013.08.16 14:47:11.599,0.83885,0.83909,1.13,2.07
2013.08.16 14:47:17.183,0.83885,0.8391,1.13,2.07
2013.08.16 14:47:18.061,0.83884,0.8391,1.13,2.07
2013.08.16 14:47:19.040,0.83879,0.83905,1.13,1.32
2013.08.16 14:47:19.101,0.83878,0.83905,1.50,1.32
2013.08.16 14:47:19.482,0.83878,0.83905,1.13,1.32
2013.08.16 14:47:20.910,0.83878,0.83905,1.50,1.69
2013.08.16 14:47:21.152,0.83878,0.83904,1.13,1.69
2013.08.16 14:47:25.701,0.83882,0.83908,1.50,2.07
2013.08.16 14:47:25.761,0.83882,0.83908,1.50,1.32
2013.08.16 14:47:26.289,0.83883,0.83908,1.13,1.32
2013.08.16 14:47:26.411,0.83884,0.8391,1.13,1.32
2013.08.16 14:47:27.167,0.83884,0.83912,1.32,1.32
2013.08.16 14:47:28.180,0.83886,0.83914,1.13,1.69
2013.08.16 14:47:28.622,0.83884,0.83914,1.32,1.69
2013.08.16 14:47:30.406,0.83884,0.83914,1.32,1.69
2013.08.16 14:47:33.700,0.83886,0.83913,1.13,2.07
2013.08.16 14:47:37.870,0.83885,0.83912,1.50,1.69
2013.08.16 14:47:38.350,0.83886,0.83918,1.13,3.19
2013.08.16 14:47:39.041,0.83887,0.83918,1.50,2.44
2013.08.16 14:47:40.811,0.83888,0.83918,1.50,1.69
2013.08.16 14:47:40.942,0.83888,0.83918,1.50,1.32
2013.08.16 14:47:41.553,0.83891,0.83918,1.50,1.32
2013.08.16 14:47:43.147,0.83891,0.83919,1.50,1.69
2013.08.16 14:47:44.581,0.83891,0.83919,1.50,3.19
2013.08.16 14:47:45.021,0.83887,0.83914,1.13,1.69
2013.08.16 14:47:45.543,0.83887,0.83914,1.13,1.69
2013.08.16 14:47:47.211,0.83887,0.83914,1.13,1.69
2013.08.16 14:47:48.294,0.83889,0.83915,1.50,1.32
2013.08.16 14:47:50.171,0.83892,0.83918,1.88,3.19
2013.08.16 14:47:50.232,0.83892,0.83918,1.88,1.69
2013.08.16 14:47:50.351,0.83893,0.83922,1.13,1.32
2013.08.16 14:47:50.651,0.83893,0.83922,1.32,1.32
2013.08.16 14:47:50.771,0.83896,0.83924,1.50,2.07
2013.08.16 14:47:51.070,0.83897,0.83925,1.69,1.69
2013.08.16 14:47:51.390,0.83901,0.83928,1.50,1.32
2013.08.16 14:47:51.451,0.83901,0.8393,1.69,1.32
2013.08.16 14:47:51.690,0.83901,0.83933,1.69,3.19
2013.08.16 14:47:51.931,0.83901,0.83931,1.50,1.69
2013.08.16 14:47:52.262,0.83901,0.83928,1.50,1.32
2013.08.16 14:47:53.830,0.83901,0.83932,1.50,1.69
2013.08.16 14:47:54.190,0.83901,0.83933,1.69,2.07
2013.08.16 14:47:54.790,0.83901,0.83933,1.69,1.32
2013.08.16 14:47:58.811,0.83906,0.83933,1.50,1.69
2013.08.16 14:47:59.802,0.83904,0.83934,1.50,3.19
2013.08.16 14:48:00.121,0.83907,0.83934,1.13,2.07
2013.08.16 14:48:00.441,0.8391,0.83934,1.32,1.50
2013.08.16 14:48:00.681,0.83907,0.83934,2.44,1.50
2013.08.16 14:48:00.860,0.83907,0.83933,2.07,1.13
2013.08.16 14:48:01.170,0.83907,0.83934,1.13,1.69
2013.08.16 14:48:01.230,0.83907,0.83934,1.13,2.07
2013.08.16 14:48:01.541,0.83907,0.83934,1.88,1.32
2013.08.16 14:48:01.660,0.83907,0.83937,1.88,2.07
2013.08.16 14:48:03.491,0.8391,0.83936,1.13,2.07
2013.08.16 14:48:04.766,0.83907,0.83936,1.50,2.44
2013.08.16 14:48:06.112,0.83908,0.83936,1.13,2.44
2013.08.16 14:48:06.291,0.83912,0.83937,1.13,1.69
2013.08.16 14:48:06.352,0.83914,0.83937,1.50,1.32
2013.08.16 14:48:06.412,0.83914,0.83938,1.50,1.50
2013.08.16 14:48:06.472,0.83917,0.83941,1.13,1.13
2013.08.16 14:48:06.651,0.83921,0.83942,1.13,1.50
2013.08.16 14:48:06.852,0.83922,0.83945,1.50,2.07
2013.08.16 14:48:07.111,0.83922,0.83947,1.50,1.69
2013.08.16 14:48:07.491,0.83922,0.83947,1.13,1.69
2013.08.16 14:48:07.690,0.83922,0.83947,1.50,1.69
2013.08.16 14:48:08.216,0.83922,0.83947,1.50,1.69
2013.08.16 14:48:08.973,0.83922,0.83947,1.13,2.07
2013.08.16 14:48:10.854,0.83922,0.83947,1.13,2.07
2013.08.16 14:48:11.781,0.83922,0.83947,1.13,2.07
2013.08.16 14:48:15.391,0.83916,0.83944,1.32,1.69
2013.08.16 14:48:15.570,0.83916,0.83943,1.13,1.69
2013.08.16 14:48:16.050,0.83912,0.8394,3.19,1.69
2013.08.16 14:48:16.680,0.83912,0.8394,3.19,1.69
2013.08.16 14:48:19.990,0.83912,0.83938,3.19,1.32
2013.08.16 14:48:20.541,0.83912,0.83938,1.50,1.69
2013.08.16 14:48:25.686,0.83912,0.83937,1.13,1.13
2013.08.16 14:48:26.561,0.83913,0.83937,1.13,1.13
2013.08.16 14:48:26.921,0.83912,0.83934,1.50,1.13
2013.08.16 14:48:27.041,0.8391,0.83934,1.13,1.13
2013.08.16 14:48:27.614,0.83907,0.83934,1.50,1.32
2013.08.16 14:48:28.919,0.83907,0.83933,1.13,1.32
2013.08.16 14:48:29.452,0.83907,0.83933,1.13,1.32
2013.08.16 14:48:30.002,0.83907,0.83933,1.13,1.69
2013.08.16 14:48:30.062,0.83907,0.83933,1.13,1.69
2013.08.16 14:48:30.746,0.83907,0.8393,1.13,1.50
2013.08.16 14:48:31.050,0.83902,0.83928,1.13,1.32
2013.08.16 14:48:31.114,0.83906,0.83929,1.13,2.82
2013.08.16 14:48:31.181,0.83905,0.83929,1.13,3.19
2013.08.16 14:48:31.680,0.83904,0.83926,1.13,1.13
2013.08.16 14:48:31.802,0.83897,0.83926,1.69,1.13
2013.08.16 14:48:31.922,0.83905,0.83928,1.13,1.32
2013.08.16 14:48:32.162,0.83905,0.83928,1.13,1.13
2013.08.16 14:48:32.911,0.83905,0.8393,1.50,1.69
2013.08.16 14:48:33.261,0.8391,0.8393,1.50,1.50
2013.08.16 14:48:33.320,0.8391,0.83935,1.50,2.07
2013.08.16 14:48:33.883,0.83908,0.83934,1.13,1.69
2013.08.16 14:48:34.431,0.83906,0.83934,2.07,2.07
2013.08.16 14:48:36.136,0.83906,0.83933,2.07,2.07
2013.08.16 14:48:37.752,0.83907,0.83933,1.32,1.69
2013.08.16 14:48:37.812,0.83907,0.83933,1.69,1.69
2013.08.16 14:48:37.930,0.83907,0.83933,1.69,1.69
2013.08.16 14:48:39.321,0.83907,0.83934,1.32,1.69
2013.08.16 14:48:41.442,0.83907,0.83931,1.32,1.50
2013.08.16 14:48:41.882,0.83907,0.83931,1.32,1.50
2013.08.16 14:48:44.411,0.83907,0.8393,1.13,1.50
2013.08.16 14:48:46.872,0.83907,0.8393,1.13,1.69
2013.08.16 14:48:47.111,0.83897,0.83924,1.50,1.50
2013.08.16 14:48:47.410,0.83887,0.83913,2.07,1.50
2013.08.16 14:48:47.652,0.83887,0.83913,1.88,1.50
2013.08.16 14:48:48.490,0.83887,0.83907,1.13,1.50
2013.08.16 14:48:48.852,0.83882,0.83907,1.50,1.50
2013.08.16 14:48:49.383,0.83876,0.83907,2.44,1.69
2013.08.16 14:48:50.151,0.83876,0.83909,2.44,3.94
2013.08.16 14:48:50.211,0.83874,0.83906,1.69,1.32
2013.08.16 14:48:51.238,0.83873,0.83906,1.69,2.07
2013.08.16 14:48:53.871,0.83871,0.83904,2.44,1.69
2013.08.16 14:48:54.860,0.83871,0.83904,2.44,1.69
2013.08.16 14:48:55.411,0.83872,0.83903,1.32,1.32
2013.08.16 14:48:56.900,0.83871,0.839,1.69,1.69
2013.08.16 14:48:58.812,0.83876,0.839,1.50,1.69
2013.08.16 14:48:58.870,0.83876,0.83902,1.50,1.69
2013.08.16 14:49:02.659,0.8387,0.839,2.44,1.13
2013.08.16 14:49:02.781,0.8387,0.839,1.32,1.32
2013.08.16 14:49:05.271,0.83871,0.83902,1.69,1.69
2013.08.16 14:49:05.632,0.83869,0.839,1.32,1.32
2013.08.16 14:49:06.393,0.83868,0.839,1.69,1.32
2013.08.16 14:49:06.601,0.83872,0.83903,2.82,1.32
2013.08.16 14:49:07.060,0.83873,0.83903,1.32,1.32
2013.08.16 14:49:11.632,0.83874,0.83903,1.32,1.32
2013.08.16 14:49:11.711,0.83874,0.83903,1.32,1.32
2013.08.16 14:49:13.691,0.83872,0.83902,1.69,1.69
2013.08.16 14:49:14.578,0.83873,0.83903,1.50,2.07
2013.08.16 14:49:19.601,0.83874,0.83903,1.32,1.32
2013.08.16 14:49:19.661,0.83876,0.83904,1.50,1.32
2013.08.16 14:49:20.331,0.83877,0.83904,1.13,1.32
2013.08.16 14:49:22.343,0.83876,0.83903,2.07,1.32
2013.08.16 14:49:22.641,0.83875,0.83902,1.13,1.32
2013.08.16 14:49:23.761,0.83874,0.83903,1.13,1.32
2013.08.16 14:49:26.284,0.83874,0.83904,1.32,2.07
2013.08.16 14:49:36.191,0.83871,0.83904,1.69,1.69
2013.08.16 14:49:36.311,0.83869,0.83902,1.32,1.69
2013.08.16 14:49:36.562,0.83872,0.83901,2.10,1.69
2013.08.16 14:49:36.921,0.83882,0.83904,1.13,1.13
2013.08.16 14:49:37.250,0.83876,0.83904,1.32,1.13
2013.08.16 14:49:37.832,0.83873,0.83904,1.32,1.13
2013.08.16 14:49:38.371,0.83876,0.83904,1.13,1.13
2013.08.16 14:49:38.910,0.83877,0.83904,1.13,1.32
2013.08.16 14:49:39.044,0.83875,0.83904,1.13,1.32
2013.08.16 14:49:39.271,0.83877,0.83904,2.07,1.32
2013.08.16 14:49:39.603,0.83875,0.83904,1.32,2.07
2013.08.16 14:49:40.040,0.83873,0.83901,1.32,1.32
2013.08.16 14:49:40.341,0.83886,0.83908,1.50,1.32
2013.08.16 14:49:40.711,0.83878,0.83904,1.13,1.32
2013.08.16 14:49:40.962,0.83877,0.83903,1.50,2.44
2013.08.16 14:49:44.342,0.8388,0.83903,1.13,2.82
2013.08.16 14:49:44.700,0.83879,0.83903,1.13,2.44
2013.08.16 14:49:45.241,0.83877,0.83903,1.88,1.69
2013.08.16 14:49:45.493,0.8388,0.83903,1.50,1.32
2013.08.16 14:49:46.376,0.83876,0.83903,1.50,1.32
2013.08.16 14:49:46.961,0.83876,0.83903,1.50,1.32
2013.08.16 14:49:51.033,0.83876,0.83903,1.50,1.32
2013.08.16 14:49:51.291,0.83876,0.83904,1.50,2.82
2013.08.16 14:49:51.742,0.83876,0.83904,1.50,2.82
2013.08.16 14:49:52.100,0.83887,0.83908,1.50,1.69
2013.08.16 14:49:52.280,0.83877,0.83907,2.07,2.07
2013.08.16 14:49:52.341,0.83877,0.83903,1.69,1.32
2013.08.16 14:49:52.490,0.83877,0.83903,1.69,1.32
2013.08.16 14:49:53.078,0.83877,0.83903,1.50,2.82
2013.08.16 14:49:57.380,0.83877,0.83899,1.50,1.50
2013.08.16 14:50:00.341,0.83877,0.83899,1.50,1.50
2013.08.16 14:50:03.421,0.83877,0.83897,1.50,1.50
2013.08.16 14:50:06.392,0.83877,0.83897,1.50,1.69
2013.08.16 14:50:07.932,0.83877,0.83901,1.50,2.44
2013.08.16 14:50:08.105,0.83877,0.83901,1.50,1.69
2013.08.16 14:50:11.012,0.83877,0.83901,1.50,1.69
2013.08.16 14:50:11.969,0.83877,0.83899,1.50,1.32
2013.08.16 14:50:12.211,0.83872,0.83898,1.50,1.69
2013.08.16 14:50:12.332,0.83872,0.83898,1.50,1.69
2013.08.16 14:50:12.691,0.83877,0.83903,1.50,2.44
2013.08.16 14:50:12.751,0.83877,0.83903,1.50,1.69
2013.08.16 14:50:12.833,0.83877,0.83903,1.50,1.69
2013.08.16 14:50:13.391,0.83877,0.83903,1.50,1.69
2013.08.16 14:50:13.923,0.83877,0.83903,1.50,1.69
2013.08.16 14:50:14.703,0.83877,0.83903,1.88,1.69
2013.08.16 14:50:15.454,0.83877,0.83903,1.88,1.32
2013.08.16 14:50:16.781,0.83878,0.83903,1.13,1.32
2013.08.16 14:50:18.872,0.83879,0.83903,1.13,1.32
2013.08.16 14:50:19.221,0.83884,0.83909,1.88,1.88
2013.08.16 14:50:19.581,0.83892,0.83916,1.13,1.50
2013.08.16 14:50:20.080,0.83896,0.83916,1.50,1.50
2013.08.16 14:50:20.610,0.83896,0.83922,1.50,1.32
2013.08.16 14:50:21.178,0.83896,0.83924,1.50,3.57
2013.08.16 14:50:21.302,0.83894,0.83924,2.07,3.57
2013.08.16 14:50:25.274,0.83894,0.83922,2.07,1.69
2013.08.16 14:50:25.511,0.83894,0.83922,2.07,1.69
2013.08.16 14:50:25.910,0.83894,0.83923,2.82,1.69
2013.08.16 14:50:26.031,0.83893,0.83923,1.69,1.69
2013.08.16 14:50:26.553,0.83893,0.83922,1.50,1.32
2013.08.16 14:50:26.632,0.83892,0.83921,1.69,1.32
2013.08.16 14:50:27.152,0.83889,0.8392,1.69,1.32
2013.08.16 14:50:28.159,0.83889,0.8392,1.32,2.07
2013.08.16 14:50:34.513,0.83887,0.8392,2.07,2.07
2013.08.16 14:50:36.012,0.83888,0.8392,1.32,1.32
2013.08.16 14:50:37.101,0.83887,0.8392,2.07,2.07
2013.08.16 14:50:38.614,0.83887,0.8392,2.82,1.32
2013.08.16 14:50:38.913,0.83896,0.83923,1.13,2.07
2013.08.16 14:50:39.471,0.83896,0.83923,1.13,2.07
2013.08.16 14:50:39.652,0.83896,0.83923,1.13,2.07
2013.08.16 14:50:40.081,0.83896,0.83924,1.13,1.69
2013.08.16 14:50:41.711,0.83896,0.83927,1.50,1.69
2013.08.16 14:50:43.051,0.83896,0.83929,2.07,2.82
2013.08.16 14:50:43.786,0.83897,0.83928,1.32,1.32
2013.08.16 14:50:43.851,0.83899,0.83929,1.13,1.32
2013.08.16 14:50:44.211,0.83902,0.83934,1.13,1.69
2013.08.16 14:50:44.271,0.83906,0.83934,1.13,1.32
2013.08.16 14:50:44.602,0.83906,0.83934,1.32,1.32
2013.08.16 14:50:44.721,0.83906,0.83934,2.07,1.13
2013.08.16 14:50:44.915,0.83912,0.83934,1.13,1.13
2013.08.16 14:50:45.151,0.83917,0.83943,1.13,1.32
2013.08.16 14:50:45.271,0.83916,0.83948,1.50,1.32
2013.08.16 14:50:45.451,0.83921,0.8395,1.13,1.32
2013.08.16 14:50:46.013,0.83919,0.83951,1.13,2.07
2013.08.16 14:50:46.761,0.83921,0.83951,1.50,1.32
2013.08.16 14:50:47.582,0.83921,0.83952,1.50,1.32
2013.08.16 14:50:48.665,0.83921,0.83951,1.50,1.32
2013.08.16 14:50:49.067,0.83921,0.83953,1.50,1.32
2013.08.16 14:50:49.191,0.83922,0.83953,1.50,2.07
2013.08.16 14:50:49.312,0.83922,0.83953,1.50,2.07
2013.08.16 14:50:49.551,0.83922,0.83953,1.50,1.32
2013.08.16 14:50:50.144,0.83922,0.83954,1.50,2.07
2013.08.16 14:50:50.565,0.83923,0.83954,1.13,2.07
2013.08.16 14:50:50.821,0.83922,0.83949,1.13,1.13
2013.08.16 14:50:51.375,0.83921,0.83953,2.44,1.32
2013.08.16 14:50:51.942,0.83921,0.83953,1.69,1.32
2013.08.16 14:50:55.906,0.83921,0.83951,1.69,1.32
2013.08.16 14:50:57.121,0.83921,0.83951,2.07,1.32
2013.08.16 14:50:57.894,0.83921,0.83951,2.07,1.32
2013.08.16 14:50:57.951,0.83929,0.83955,1.13,1.32
2013.08.16 14:50:58.130,0.83927,0.83953,1.13,1.32
2013.08.16 14:50:58.431,0.83925,0.8395,1.13,1.13
2013.08.16 14:50:58.781,0.83919,0.83946,1.69,1.13
2013.08.16 14:50:58.841,0.83919,0.83951,1.69,1.32
2013.08.16 14:50:59.206,0.83919,0.83951,2.07,1.32
2013.08.16 14:50:59.272,0.83919,0.83944,1.13,1.13
2013.08.16 14:50:59.392,0.83914,0.83944,1.69,1.50
2013.08.16 14:50:59.861,0.83915,0.83943,1.32,1.32
2013.08.16 14:51:00.182,0.83918,0.83945,1.13,1.32
2013.08.16 14:51:00.242,0.83918,0.83947,1.13,1.32
2013.08.16 14:51:00.451,0.83917,0.83943,1.13,1.32
2013.08.16 14:51:01.461,0.83914,0.83943,1.13,1.32
2013.08.16 14:51:02.798,0.83912,0.83944,1.32,3.19
2013.08.16 14:51:04.972,0.83912,0.83944,1.32,2.82
2013.08.16 14:51:06.112,0.83916,0.83944,1.13,2.44
2013.08.16 14:51:06.233,0.83919,0.83949,1.13,1.69
2013.08.16 14:51:06.951,0.8392,0.8395,1.13,1.32
2013.08.16 14:51:07.490,0.83921,0.83952,1.32,1.32
2013.08.16 14:51:09.171,0.83921,0.83951,1.69,1.32
2013.08.16 14:51:11.238,0.83921,0.83951,1.69,1.32
2013.08.16 14:51:13.522,0.83921,0.83951,1.69,1.32
2013.08.16 14:51:14.071,0.83921,0.83951,1.69,1.32
2013.08.16 14:51:17.370,0.83926,0.83951,1.50,1.32
2013.08.16 14:51:17.671,0.8393,0.83952,1.13,1.32
2013.08.16 14:51:17.731,0.83927,0.83952,1.50,1.32
2013.08.16 14:51:18.042,0.83921,0.83949,1.32,1.32
2013.08.16 14:51:20.585,0.83918,0.83947,1.32,1.32
2013.08.16 14:51:26.615,0.83917,0.83946,1.50,2.07
2013.08.16 14:51:26.741,0.83917,0.83945,1.13,1.32
2013.08.16 14:51:27.452,0.83914,0.83945,1.13,2.07
2013.08.16 14:51:27.923,0.83914,0.83944,1.32,1.32
2013.08.16 14:51:30.126,0.83912,0.83944,2.07,1.32
2013.08.16 14:51:33.103,0.83912,0.83941,1.69,1.69
2013.08.16 14:51:34.712,0.83912,0.83941,1.69,1.69
2013.08.16 14:51:35.276,0.83912,0.83941,1.69,1.69
2013.08.16 14:51:36.421,0.83912,0.83941,1.32,1.69
2013.08.16 14:51:39.802,0.83917,0.83942,1.13,1.32
2013.08.16 14:51:40.453,0.83917,0.83942,1.13,2.07
2013.08.16 14:51:41.163,0.83913,0.83941,1.32,1.69
2013.08.16 14:51:43.407,0.83917,0.83942,1.13,1.32
2013.08.16 14:51:45.561,0.83917,0.83942,1.13,1.32
2013.08.16 14:51:46.763,0.83917,0.83942,1.32,1.32
2013.08.16 14:51:46.822,0.83917,0.83943,1.32,2.07
2013.08.16 14:51:47.061,0.83921,0.83947,1.13,1.32
2013.08.16 14:51:48.222,0.83921,0.83948,1.13,1.69
2013.08.16 14:51:52.461,0.83921,0.83948,1.50,1.69
2013.08.16 14:51:53.309,0.83921,0.83948,1.50,2.07
2013.08.16 14:51:53.413,0.83921,0.83948,1.50,1.69
2013.08.16 14:51:54.082,0.83921,0.83949,1.13,2.44
2013.08.16 14:51:54.502,0.83921,0.83948,1.13,1.32
2013.08.16 14:51:57.342,0.83921,0.83947,1.50,1.32
2013.08.16 14:51:58.772,0.83921,0.83947,1.50,1.32
2013.08.16 14:52:03.640,0.83921,0.83949,1.50,2.82
2013.08.16 14:52:05.018,0.83921,0.83949,1.50,2.07
2013.08.16 14:52:06.660,0.83923,0.83949,1.13,2.07
2013.08.16 14:52:06.899,0.83921,0.83949,3.38,2.07
2013.08.16 14:52:07.212,0.83923,0.83949,1.13,2.82
2013.08.16 14:52:07.331,0.83922,0.83948,1.13,1.32
2013.08.16 14:52:09.591,0.83921,0.83948,1.88,1.69
2013.08.16 14:52:10.203,0.8392,0.83946,1.13,1.32
2013.08.16 14:52:10.722,0.83916,0.83943,1.69,1.32
2013.08.16 14:52:13.118,0.83917,0.83943,1.50,1.32
2013.08.16 14:52:13.903,0.83917,0.83943,1.50,1.32
2013.08.16 14:52:15.231,0.83917,0.83943,1.50,2.82
2013.08.16 14:52:15.771,0.83915,0.83943,1.13,3.19
2013.08.16 14:52:18.591,0.83915,0.83943,1.69,2.07
2013.08.16 14:52:21.512,0.83917,0.83943,1.13,2.44
2013.08.16 14:52:21.917,0.83917,0.83943,1.13,1.69
2013.08.16 14:52:22.572,0.83917,0.83946,1.13,2.07
2013.08.16 14:52:23.300,0.83917,0.83946,1.32,2.82
2013.08.16 14:52:25.571,0.83919,0.83946,1.88,1.32
2013.08.16 14:52:26.332,0.83919,0.83946,1.13,1.69
2013.08.16 14:52:26.753,0.8392,0.83946,1.50,1.69
2013.08.16 14:52:28.743,0.8392,0.83947,1.50,2.44
2013.08.16 14:52:29.672,0.83919,0.83947,1.13,2.44
2013.08.16 14:52:32.692,0.83918,0.83947,1.69,2.44
2013.08.16 14:52:33.228,0.83919,0.83947,1.13,2.07
2013.08.16 14:52:33.351,0.83917,0.83946,2.82,1.32
2013.08.16 14:52:34.041,0.8392,0.83946,1.50,1.32
2013.08.16 14:52:36.622,0.83922,0.83947,1.50,1.32
2013.08.16 14:52:36.681,0.83925,0.83947,1.50,1.32
2013.08.16 14:52:36.741,0.83925,0.83947,1.50,1.32
2013.08.16 14:52:38.704,0.83925,0.83948,1.50,1.32
2013.08.16 14:52:39.732,0.83924,0.8395,1.50,2.07
2013.08.16 14:52:42.712,0.83924,0.83948,1.50,1.32
2013.08.16 14:52:43.092,0.83924,0.83948,1.50,1.32
2013.08.16 14:52:43.872,0.83924,0.83947,1.50,2.07
2013.08.16 14:52:44.171,0.83919,0.83944,1.50,1.88
2013.08.16 14:52:46.782,0.83916,0.83944,1.69,1.69
2013.08.16 14:52:48.182,0.83916,0.83944,1.69,1.69
2013.08.16 14:52:48.940,0.83919,0.83946,1.32,1.69
2013.08.16 14:52:50.445,0.83921,0.83947,1.13,2.07
2013.08.16 14:52:53.976,0.83917,0.83946,2.44,2.07
2013.08.16 14:52:55.363,0.83917,0.83944,2.07,1.69
2013.08.16 14:53:00.358,0.83918,0.83945,1.32,2.44
2013.08.16 14:53:00.574,0.83917,0.83945,2.07,2.44
2013.08.16 14:53:01.232,0.83918,0.83945,1.32,1.32
2013.08.16 14:53:02.668,0.83917,0.83945,2.07,1.32
2013.08.16 14:53:04.883,0.83918,0.83947,1.69,1.69
2013.08.16 14:53:05.433,0.8392,0.83945,1.13,1.32
2013.08.16 14:53:05.492,0.83917,0.83944,2.07,1.50
2013.08.16 14:53:07.424,0.83917,0.83944,2.07,1.69
2013.08.16 14:53:07.803,0.83917,0.83945,2.07,1.32
2013.08.16 14:53:08.471,0.83921,0.83946,1.13,1.32
2013.08.16 14:53:10.141,0.8392,0.83947,1.13,1.69
2013.08.16 14:53:10.931,0.83919,0.83945,1.32,1.88
2013.08.16 14:53:12.292,0.8392,0.83945,1.32,2.07
2013.08.16 14:53:13.311,0.83921,0.83945,1.13,2.07
2013.08.16 14:53:15.686,0.83921,0.83945,1.13,2.07
2013.08.16 14:53:17.466,0.83921,0.83947,1.13,2.82
2013.08.16 14:53:18.410,0.83921,0.83946,1.13,1.32
2013.08.16 14:53:18.561,0.83918,0.83943,1.13,1.32
2013.08.16 14:53:18.681,0.83918,0.83944,1.13,1.32
2013.08.16 14:53:19.251,0.83922,0.83944,1.13,1.13
2013.08.16 14:53:20.181,0.83922,0.83946,1.13,1.32
2013.08.16 14:53:24.540,0.83922,0.83947,1.13,1.32
2013.08.16 14:53:24.601,0.83918,0.83943,1.13,1.13
2013.08.16 14:53:25.131,0.83918,0.83946,1.13,1.32
2013.08.16 14:53:25.382,0.83918,0.83947,1.13,2.07
2013.08.16 14:53:27.302,0.83918,0.83946,1.69,1.32
2013.08.16 14:53:28.405,0.83918,0.83945,1.69,1.32
2013.08.16 14:53:28.851,0.83917,0.83943,1.50,1.32
2013.08.16 14:53:29.321,0.83916,0.83941,1.13,1.32
2013.08.16 14:53:29.623,0.83912,0.83937,1.88,1.13
2013.08.16 14:53:29.921,0.83915,0.83939,2.25,1.32
2013.08.16 14:53:29.981,0.83916,0.83943,1.13,1.69
2013.08.16 14:53:30.682,0.83917,0.83943,1.13,1.32
2013.08.16 14:53:31.468,0.83917,0.83944,1.13,3.57
2013.08.16 14:53:32.257,0.83917,0.83943,1.13,1.32
2013.08.16 14:53:33.782,0.83917,0.83943,1.13,1.32
2013.08.16 14:53:34.361,0.83919,0.83943,1.13,1.32
2013.08.16 14:53:34.602,0.83921,0.83947,1.13,1.69
2013.08.16 14:53:34.722,0.83927,0.83951,1.13,2.07
2013.08.16 14:53:34.843,0.83928,0.83951,1.13,1.69
2013.08.16 14:53:35.351,0.83929,0.83951,1.13,1.50
2013.08.16 14:53:35.781,0.83927,0.83954,1.32,1.13
2013.08.16 14:53:38.193,0.83929,0.83956,1.13,1.32
2013.08.16 14:53:38.423,0.83929,0.83956,1.13,1.32
2013.08.16 14:53:38.662,0.83925,0.83955,1.32,1.32
2013.08.16 14:53:39.206,0.83923,0.83954,2.44,1.69
2013.08.16 14:53:41.283,0.83926,0.83955,1.50,2.07
2013.08.16 14:53:43.472,0.83926,0.83955,1.50,1.69
2013.08.16 14:53:44.469,0.83926,0.83953,1.88,1.69
2013.08.16 14:53:45.601,0.83926,0.83956,2.07,1.69
2013.08.16 14:53:45.841,0.83927,0.83956,1.50,1.69
2013.08.16 14:53:46.021,0.83939,0.83961,1.13,2.07
2013.08.16 14:53:46.201,0.83936,0.83958,1.50,1.13
2013.08.16 14:53:46.655,0.83932,0.83958,1.13,1.69
2013.08.16 14:53:47.493,0.83932,0.83958,1.13,1.69
2013.08.16 14:53:48.352,0.83932,0.83958,1.50,1.69
2013.08.16 14:53:48.411,0.83938,0.83958,1.13,1.50
2013.08.16 14:53:48.471,0.83939,0.83963,1.13,1.32
2013.08.16 14:53:48.531,0.83939,0.83963,1.13,1.13
2013.08.16 14:53:48.651,0.83938,0.83961,1.13,1.13
2013.08.16 14:53:48.892,0.83939,0.83964,1.13,1.69
2013.08.16 14:53:49.192,0.83932,0.83958,1.92,1.13
2013.08.16 14:53:49.702,0.83932,0.83959,1.32,1.13
2013.08.16 14:53:49.917,0.83931,0.83958,1.32,1.13
2013.08.16 14:53:50.351,0.83927,0.83956,2.07,2.07
2013.08.16 14:53:51.012,0.83927,0.83957,2.44,2.07
2013.08.16 14:53:51.190,0.83927,0.83957,1.32,2.44
2013.08.16 14:53:52.736,0.83927,0.83954,1.13,1.69
2013.08.16 14:53:54.023,0.83927,0.83954,1.13,1.69
2013.08.16 14:53:57.083,0.83927,0.83954,1.50,1.69
2013.08.16 14:53:58.167,0.83927,0.83955,1.50,1.69
2013.08.16 14:54:00.211,0.83926,0.83954,1.50,2.07
2013.08.16 14:54:00.842,0.83926,0.83954,2.25,2.82
2013.08.16 14:54:01.879,0.83926,0.83954,1.50,1.32
2013.08.16 14:54:04.122,0.83926,0.83954,1.13,1.32
2013.08.16 14:54:04.361,0.83925,0.83953,1.69,1.32
2013.08.16 14:54:04.911,0.83923,0.8395,1.69,1.13
2013.08.16 14:54:05.246,0.83923,0.83949,1.69,1.13
2013.08.16 14:54:05.462,0.83923,0.8395,1.69,1.13
2013.08.16 14:54:08.381,0.83923,0.8395,1.69,1.13
2013.08.16 14:54:08.441,0.83921,0.83949,1.32,1.69
2013.08.16 14:54:08.561,0.8392,0.83947,1.13,1.32
2013.08.16 14:54:09.121,0.83909,0.83942,1.32,1.69
2013.08.16 14:54:09.241,0.83909,0.83941,1.32,1.69
2013.08.16 14:54:10.531,0.83909,0.83939,1.32,1.69
2013.08.16 14:54:11.529,0.83908,0.83939,2.07,1.69
2013.08.16 14:54:12.938,0.83909,0.83939,1.32,1.69
2013.08.16 14:54:13.823,0.83913,0.83941,1.50,1.69
2013.08.16 14:54:14.091,0.83913,0.83944,1.69,1.69
2013.08.16 14:54:14.271,0.83915,0.83944,1.69,1.69
2013.08.16 14:54:15.471,0.83918,0.83947,1.32,2.44
2013.08.16 14:54:19.881,0.83917,0.83948,1.69,1.69
2013.08.16 14:54:19.941,0.83919,0.83948,2.44,1.69
2013.08.16 14:54:20.001,0.83919,0.83948,2.44,1.69
2013.08.16 14:54:20.273,0.83922,0.83954,1.32,2.44
2013.08.16 14:54:20.391,0.83921,0.8395,1.13,1.32
2013.08.16 14:54:21.001,0.83922,0.8395,1.32,1.69
2013.08.16 14:54:21.061,0.83922,0.83953,2.07,2.44
2013.08.16 14:54:21.591,0.83922,0.8395,2.07,1.13
2013.08.16 14:54:21.711,0.83922,0.8395,1.32,1.32
2013.08.16 14:54:22.211,0.83922,0.8395,1.13,1.32
2013.08.16 14:54:22.271,0.83918,0.83946,1.32,1.13
2013.08.16 14:54:22.511,0.83916,0.83945,1.88,2.44
2013.08.16 14:54:23.184,0.83912,0.83939,2.07,1.32
2013.08.16 14:54:23.244,0.83912,0.83939,1.32,1.32
2013.08.16 14:54:23.552,0.83916,0.83939,1.50,1.32
2013.08.16 14:54:23.901,0.83912,0.83939,2.25,1.32
2013.08.16 14:54:24.661,0.83912,0.83939,1.88,1.32
2013.08.16 14:54:27.154,0.83911,0.83939,1.50,1.32
2013.08.16 14:54:29.063,0.83913,0.83939,1.50,1.32
2013.08.16 14:54:29.654,0.83916,0.83939,1.13,1.69
2013.08.16 14:54:31.035,0.83916,0.83939,1.13,1.69
2013.08.16 14:54:35.321,0.83917,0.83944,1.50,2.44
2013.08.16 14:54:35.763,0.83917,0.83944,1.50,2.44
2013.08.16 14:54:36.324,0.83917,0.83944,1.50,2.44
2013.08.16 14:54:36.586,0.83918,0.83944,1.50,2.44
2013.08.16 14:54:36.921,0.83924,0.83947,1.50,1.69
2013.08.16 14:54:37.101,0.83922,0.83943,1.50,1.32
2013.08.16 14:54:37.161,0.83922,0.83943,1.50,1.32
2013.08.16 14:54:37.721,0.83922,0.83943,1.50,1.69
2013.08.16 14:54:38.372,0.83918,0.83943,1.50,1.69
2013.08.16 14:54:43.201,0.83917,0.83942,1.13,1.32
2013.08.16 14:54:45.702,0.83917,0.8394,1.13,1.32
2013.08.16 14:54:50.131,0.83917,0.83942,1.13,1.32
2013.08.16 14:54:52.712,0.83917,0.8394,1.13,1.32
2013.08.16 14:54:53.264,0.83916,0.8394,1.13,1.32
2013.08.16 14:54:57.745,0.83916,0.8394,1.13,2.07
2013.08.16 14:54:58.853,0.83915,0.83942,1.13,2.07
2013.08.16 14:55:01.183,0.83915,0.83942,2.44,1.32
2013.08.16 14:55:01.302,0.83915,0.83942,2.44,1.13
2013.08.16 14:55:01.932,0.83921,0.83943,1.13,1.13
2013.08.16 14:55:02.051,0.83921,0.83943,1.13,1.50
2013.08.16 14:55:06.966,0.83921,0.83943,1.13,1.50
2013.08.16 14:55:08.212,0.8392,0.83943,1.13,2.07
2013.08.16 14:55:08.712,0.83923,0.83947,1.50,2.44
2013.08.16 14:55:08.772,0.83923,0.83947,1.50,1.69
2013.08.16 14:55:08.831,0.83923,0.83947,1.50,1.50
2013.08.16 14:55:09.630,0.83926,0.83948,1.50,1.13
2013.08.16 14:55:11.071,0.83926,0.8395,1.50,1.13
2013.08.16 14:55:12.693,0.83927,0.83952,1.50,1.32
2013.08.16 14:55:13.211,0.83924,0.83948,1.50,1.50
2013.08.16 14:55:13.331,0.83924,0.83948,1.50,1.69
2013.08.16 14:55:13.571,0.83919,0.83947,1.50,1.32
2013.08.16 14:55:13.856,0.83918,0.83946,1.13,1.32
2013.08.16 14:55:14.584,0.83918,0.83946,1.13,2.07
2013.08.16 14:55:15.001,0.83923,0.83946,1.13,1.32
2013.08.16 14:55:15.532,0.83923,0.83947,1.13,1.69
2013.08.16 14:55:16.386,0.83923,0.83947,1.13,1.69
2013.08.16 14:55:16.713,0.83923,0.83947,1.13,1.69
2013.08.16 14:55:16.771,0.83923,0.83947,1.13,1.69
2013.08.16 14:55:17.617,0.83922,0.83943,1.13,1.13
2013.08.16 14:55:18.161,0.8392,0.83943,2.07,1.13
2013.08.16 14:55:18.343,0.8392,0.83943,2.07,1.13
2013.08.16 14:55:18.812,0.8392,0.83944,1.32,1.13
2013.08.16 14:55:19.312,0.8392,0.83948,2.07,1.69
2013.08.16 14:55:19.450,0.8392,0.83948,2.07,1.69
2013.08.16 14:55:19.691,0.83923,0.83948,1.50,1.69
2013.08.16 14:55:19.931,0.83923,0.83948,1.50,1.69
2013.08.16 14:55:20.362,0.8392,0.83944,1.32,1.13
2013.08.16 14:55:20.551,0.8392,0.83944,1.13,1.13
2013.08.16 14:55:20.675,0.8392,0.83944,1.13,1.13
2013.08.16 14:55:21.151,0.8392,0.83942,1.13,1.13
2013.08.16 14:55:21.742,0.83917,0.83938,2.25,1.13
2013.08.16 14:55:22.652,0.83917,0.83938,1.13,1.13
2013.08.16 14:55:23.185,0.83917,0.83943,1.13,1.32
2013.08.16 14:55:23.242,0.83917,0.83943,1.88,1.32
2013.08.16 14:55:24.781,0.83917,0.83943,1.88,1.32
2013.08.16 14:55:25.392,0.83917,0.83943,1.88,1.32
2013.08.16 14:55:28.912,0.83917,0.83943,1.88,1.32
2013.08.16 14:55:30.452,0.83917,0.83943,1.88,1.32
2013.08.16 14:55:31.001,0.83916,0.8394,1.13,1.32
2013.08.16 14:55:31.061,0.83916,0.8394,1.13,1.32
2013.08.16 14:55:32.779,0.83914,0.83939,1.32,1.32
2013.08.16 14:55:32.911,0.83914,0.83943,2.07,2.44
2013.08.16 14:55:33.917,0.83917,0.83943,1.50,1.69
2013.08.16 14:55:33.982,0.83917,0.83943,1.50,1.69
2013.08.16 14:55:34.556,0.83917,0.83943,1.50,1.69
2013.08.16 14:55:37.215,0.83917,0.83943,1.50,1.32
2013.08.16 14:55:37.786,0.83917,0.83943,1.50,1.32
2013.08.16 14:55:39.973,0.83917,0.83943,1.50,1.32
2013.08.16 14:55:40.533,0.83917,0.83943,1.50,1.32
2013.08.16 14:55:41.283,0.83917,0.83943,1.50,1.32
2013.08.16 14:55:41.603,0.83917,0.83944,1.50,1.69
2013.08.16 14:55:41.662,0.83917,0.83944,1.50,1.69
2013.08.16 14:55:41.903,0.83917,0.83943,1.69,1.13
2013.08.16 14:55:41.962,0.83917,0.83943,1.69,1.13
2013.08.16 14:55:42.161,0.83917,0.83943,1.50,1.32
2013.08.16 14:55:43.358,0.83917,0.83943,1.50,1.32
2013.08.16 14:55:43.895,0.83917,0.83943,1.50,1.32
2013.08.16 14:55:47.204,0.83917,0.83943,1.50,1.32
2013.08.16 14:55:47.501,0.83912,0.83939,1.50,2.07
2013.08.16 14:55:47.561,0.83911,0.83937,1.50,1.13
2013.08.16 14:55:47.683,0.83911,0.83937,1.50,1.13
2013.08.16 14:55:49.403,0.83911,0.83937,1.50,1.32
2013.08.16 14:55:54.341,0.83911,0.83936,1.50,1.69
2013.08.16 14:55:54.776,0.83911,0.83939,2.25,2.07
2013.08.16 14:55:54.901,0.83913,0.83943,2.25,3.19
2013.08.16 14:55:57.775,0.83916,0.83942,1.13,1.69
2013.08.16 14:55:58.521,0.83917,0.83942,1.50,1.69
2013.08.16 14:55:59.112,0.8392,0.83942,1.50,1.69
2013.08.16 14:55:59.231,0.8392,0.83947,1.50,1.32
2013.08.16 14:55:59.531,0.83921,0.83947,1.50,1.32
2013.08.16 14:56:00.811,0.83921,0.83947,1.50,2.07
2013.08.16 14:56:01.832,0.83921,0.83947,1.50,1.32
2013.08.16 14:56:05.001,0.83921,0.83948,1.88,2.07
2013.08.16 14:56:05.503,0.83925,0.83948,1.50,2.07
2013.08.16 14:56:05.691,0.83921,0.83948,1.88,1.32
2013.08.16 14:56:14.411,0.83919,0.83943,1.50,1.32
2013.08.16 14:56:14.771,0.83919,0.83938,1.13,1.13
2013.08.16 14:56:15.551,0.83921,0.83944,1.88,1.13
2013.08.16 14:56:15.612,0.83921,0.83944,1.88,1.13
2013.08.16 14:56:15.872,0.83921,0.83944,1.88,1.13
2013.08.16 14:56:16.052,0.83921,0.83944,1.88,1.13
2013.08.16 14:56:16.720,0.83921,0.83944,1.88,1.13
2013.08.16 14:56:17.405,0.83921,0.83944,1.88,1.13
2013.08.16 14:56:18.172,0.83921,0.83944,2.07,1.13
2013.08.16 14:56:18.431,0.83921,0.83944,1.69,1.13
2013.08.16 14:56:19.201,0.83922,0.83949,2.07,1.32
2013.08.16 14:56:19.261,0.83924,0.83949,1.13,1.32
2013.08.16 14:56:19.381,0.83926,0.83956,2.25,1.69
2013.08.16 14:56:19.444,0.83927,0.83957,1.50,1.32
2013.08.16 14:56:19.511,0.83927,0.83957,1.69,1.32
2013.08.16 14:56:20.573,0.83929,0.83959,1.13,1.32
2013.08.16 14:56:21.853,0.83931,0.83959,1.50,1.32
2013.08.16 14:56:22.212,0.83937,0.83964,1.13,1.32
2013.08.16 14:56:22.782,0.83937,0.83962,1.13,1.13
2013.08.16 14:56:24.842,0.83936,0.83961,1.32,1.32
2013.08.16 14:56:24.903,0.83933,0.83959,1.69,1.88
2013.08.16 14:56:25.081,0.8393,0.83958,1.32,1.50
2013.08.16 14:56:26.288,0.8393,0.83958,1.32,1.50
2013.08.16 14:56:26.799,0.8393,0.83958,1.13,1.69
2013.08.16 14:56:27.463,0.8393,0.83958,1.13,1.69
2013.08.16 14:56:29.772,0.83927,0.83958,2.44,1.32
2013.08.16 14:56:30.241,0.83932,0.83958,1.50,1.32
2013.08.16 14:56:30.591,0.83932,0.83958,1.50,1.32
2013.08.16 14:56:32.426,0.83932,0.83958,1.69,1.32
2013.08.16 14:56:32.741,0.83932,0.83958,1.69,1.32
2013.08.16 14:56:32.992,0.83934,0.83958,1.13,1.32
2013.08.16 14:56:33.423,0.83934,0.83959,1.32,1.13
2013.08.16 14:56:33.644,0.8394,0.83964,1.13,1.32
2013.08.16 14:56:33.702,0.8394,0.83968,1.13,1.32
2013.08.16 14:56:34.002,0.83937,0.83968,2.44,1.69
2013.08.16 14:56:34.062,0.83938,0.83969,2.44,3.57
2013.08.16 14:56:34.552,0.83938,0.83969,2.44,2.44
2013.08.16 14:56:38.725,0.83938,0.83969,2.44,2.07
2013.08.16 14:56:40.042,0.83938,0.83969,1.69,2.07
2013.08.16 14:56:42.542,0.83937,0.83969,2.44,2.07
2013.08.16 14:56:48.258,0.83937,0.83969,1.32,2.82
2013.08.16 14:56:51.402,0.83938,0.83968,1.69,1.32
2013.08.16 14:56:51.463,0.83937,0.83968,3.19,1.32
2013.08.16 14:56:52.473,0.83937,0.83969,2.82,2.07
2013.08.16 14:56:55.483,0.83937,0.83969,2.44,2.07
2013.08.16 14:56:56.144,0.83937,0.83969,2.44,2.07
2013.08.16 14:56:56.203,0.83937,0.83969,1.69,2.07
2013.08.16 14:56:57.963,0.83937,0.83963,2.44,1.13
2013.08.16 14:57:03.201,0.83941,0.83967,1.13,1.32
2013.08.16 14:57:03.261,0.83943,0.83968,1.50,1.32
2013.08.16 14:57:03.382,0.83943,0.83968,1.50,1.32
2013.08.16 14:57:03.442,0.83941,0.83963,1.13,1.13
2013.08.16 14:57:03.501,0.83939,0.83963,1.69,1.13
2013.08.16 14:57:03.622,0.83939,0.83963,1.50,1.32
2013.08.16 14:57:03.682,0.83939,0.83956,1.50,1.13
2013.08.16 14:57:03.802,0.83932,0.83954,1.32,1.13
2013.08.16 14:57:03.922,0.83932,0.83953,1.88,1.13
2013.08.16 14:57:04.041,0.83932,0.83953,2.07,1.13
2013.08.16 14:57:04.669,0.83932,0.83953,2.07,1.13
2013.08.16 14:57:05.181,0.83935,0.83959,1.88,1.69
2013.08.16 14:57:05.242,0.83936,0.83959,1.50,1.69
2013.08.16 14:57:05.603,0.83939,0.83967,1.88,1.32
2013.08.16 14:57:05.932,0.83946,0.83969,1.13,2.25
2013.08.16 14:57:06.004,0.83948,0.83969,1.50,1.50
2013.08.16 14:57:06.181,0.83946,0.83971,1.50,1.32
2013.08.16 14:57:06.242,0.83945,0.83971,1.69,1.32
2013.08.16 14:57:17.362,0.83944,0.83973,2.44,2.44
2013.08.16 14:57:17.482,0.83947,0.83973,1.50,1.69
2013.08.16 14:57:17.601,0.83948,0.83974,1.50,1.32
2013.08.16 14:57:17.961,0.83952,0.83978,1.50,1.47
2013.08.16 14:57:18.535,0.83952,0.83978,1.50,1.47
2013.08.16 14:57:19.182,0.83952,0.83978,1.50,1.47
2013.08.16 14:57:20.633,0.83952,0.83976,1.13,1.09
2013.08.16 14:57:21.372,0.8395,0.83973,1.32,1.13
2013.08.16 14:57:21.491,0.83947,0.83972,1.69,1.13
2013.08.16 14:57:21.622,0.83944,0.83967,2.07,1.13
2013.08.16 14:57:21.741,0.83941,0.83966,1.32,1.13
2013.08.16 14:57:22.272,0.83941,0.83969,1.88,1.50
2013.08.16 14:57:22.531,0.83941,0.83968,1.32,1.32
2013.08.16 14:57:22.591,0.83941,0.83969,1.32,1.32
2013.08.16 14:57:23.762,0.83942,0.8397,1.69,1.32
2013.08.16 14:57:24.464,0.83942,0.8397,1.69,1.32
2013.08.16 14:57:25.024,0.83939,0.83965,1.32,1.13
2013.08.16 14:57:25.367,0.83942,0.83963,1.50,1.13
2013.08.16 14:57:25.723,0.83942,0.83964,1.69,1.13
2013.08.16 14:57:28.843,0.83942,0.83963,1.50,1.13
2013.08.16 14:57:29.152,0.83945,0.83967,1.13,1.13
2013.08.16 14:57:29.211,0.83946,0.83968,1.50,1.50
2013.08.16 14:57:29.364,0.83946,0.83974,1.50,1.32
2013.08.16 14:57:29.481,0.83946,0.83974,1.69,1.32
2013.08.16 14:57:30.362,0.83946,0.8397,1.69,1.13
2013.08.16 14:57:30.481,0.83945,0.83969,1.88,1.50
2013.08.16 14:57:32.424,0.83946,0.83969,1.50,2.07
2013.08.16 14:57:33.733,0.83945,0.83969,1.88,1.32
2013.08.16 14:57:36.360,0.83944,0.83969,1.13,1.69
2013.08.16 14:57:36.543,0.83938,0.83968,1.32,1.32
2013.08.16 14:57:36.601,0.83937,0.83964,1.32,1.13
2013.08.16 14:57:37.071,0.83937,0.83964,1.32,1.32
2013.08.16 14:57:37.431,0.83937,0.83963,1.32,1.13
2013.08.16 14:57:37.492,0.8394,0.83964,1.13,1.13
2013.08.16 14:57:37.872,0.83937,0.83964,1.69,1.13
2013.08.16 14:57:38.002,0.83938,0.83968,1.32,1.69
2013.08.16 14:57:38.551,0.83938,0.83966,1.69,1.32
2013.08.16 14:57:38.871,0.83942,0.83966,1.13,1.32
2013.08.16 14:57:38.931,0.83945,0.83972,1.13,1.69
2013.08.16 14:57:39.051,0.83949,0.83973,1.13,2.07
2013.08.16 14:57:39.172,0.83949,0.83973,1.13,1.69
2013.08.16 14:57:39.471,0.83942,0.83968,1.13,1.32
2013.08.16 14:57:39.593,0.8394,0.83969,1.13,1.69
2013.08.16 14:57:39.732,0.83936,0.83968,1.32,2.44
2013.08.16 14:57:41.602,0.83937,0.83965,1.32,1.69
2013.08.16 14:57:41.661,0.83937,0.83965,1.32,1.69
2013.08.16 14:57:42.233,0.83935,0.83963,2.07,1.69
2013.08.16 14:57:42.804,0.83938,0.83967,1.13,1.32
2013.08.16 14:57:42.957,0.83937,0.83967,1.69,1.32
2013.08.16 14:57:43.962,0.83937,0.83967,1.69,1.32
2013.08.16 14:57:44.141,0.83936,0.83961,1.32,1.13
2013.08.16 14:57:44.381,0.83934,0.83958,1.50,1.13
2013.08.16 14:57:44.995,0.83933,0.83958,1.32,1.13
2013.08.16 14:57:45.925,0.83933,0.83958,1.32,1.50
2013.08.16 14:57:46.233,0.83936,0.83962,1.13,1.69
2013.08.16 14:57:46.591,0.83936,0.83959,1.32,1.13
2013.08.16 14:57:47.132,0.83939,0.83964,1.13,1.32
2013.08.16 14:57:47.252,0.83939,0.83965,1.32,1.69
2013.08.16 14:57:48.173,0.8394,0.83969,1.32,2.07
2013.08.16 14:57:49.815,0.83941,0.83969,1.32,2.07
2013.08.16 14:57:49.934,0.83941,0.83969,2.07,2.07
2013.08.16 14:57:50.243,0.83941,0.83969,1.69,2.07
2013.08.16 14:57:50.601,0.83945,0.83971,1.32,1.13
2013.08.16 14:57:50.721,0.83946,0.83973,1.50,1.69
2013.08.16 14:57:51.223,0.83946,0.83973,1.69,1.69
2013.08.16 14:57:54.766,0.83946,0.83973,1.69,1.69
2013.08.16 14:57:55.454,0.83946,0.83976,1.69,1.32
2013.08.16 14:57:55.975,0.83946,0.83977,1.69,1.69
2013.08.16 14:57:56.381,0.83946,0.83977,1.69,1.32
2013.08.16 14:57:56.661,0.8395,0.83978,1.32,2.07
2013.08.16 14:57:57.142,0.83952,0.83978,1.69,1.69
2013.08.16 14:57:57.401,0.83946,0.83973,2.07,1.13
2013.08.16 14:57:57.461,0.83946,0.83973,1.69,1.13
2013.08.16 14:57:57.522,0.83946,0.83973,1.69,1.13
2013.08.16 14:57:57.655,0.83946,0.83973,1.69,1.32
2013.08.16 14:57:58.204,0.83946,0.83973,1.69,1.32
2013.08.16 14:57:58.778,0.83946,0.83973,1.69,1.32
2013.08.16 14:57:59.328,0.83946,0.83973,1.69,1.32
2013.08.16 14:58:00.406,0.83946,0.83973,1.69,1.32
2013.08.16 14:58:00.521,0.83942,0.83969,1.32,1.32
2013.08.16 14:58:00.781,0.83942,0.83969,1.32,1.32
2013.08.16 14:58:01.605,0.83942,0.83969,1.32,1.32
2013.08.16 14:58:02.204,0.83942,0.83969,1.32,1.32
2013.08.16 14:58:02.933,0.83942,0.83963,1.88,1.13
2013.08.16 14:58:05.462,0.8394,0.83968,1.69,2.44
2013.08.16 14:58:05.702,0.8394,0.83968,1.69,1.88
2013.08.16 14:58:06.298,0.8394,0.83968,1.69,1.88
2013.08.16 14:58:08.055,0.8394,0.83968,1.69,2.07
2013.08.16 14:58:10.367,0.8394,0.83968,1.69,1.69
2013.08.16 14:58:10.482,0.83937,0.83967,1.69,1.32
2013.08.16 14:58:10.601,0.83937,0.83964,1.69,1.32
2013.08.16 14:58:11.131,0.83937,0.83963,1.69,1.32
2013.08.16 14:58:11.249,0.83937,0.83963,1.69,1.32
2013.08.16 14:58:12.113,0.83937,0.83963,1.69,1.32
2013.08.16 14:58:12.593,0.8394,0.83967,1.50,1.32
2013.08.16 14:58:18.395,0.8394,0.83968,1.50,1.32
2013.08.16 14:58:20.234,0.8394,0.83969,1.69,2.07
2013.08.16 14:58:21.632,0.8394,0.83968,1.69,1.32
2013.08.16 14:58:21.807,0.8394,0.83967,1.69,1.32
2013.08.16 14:58:23.223,0.8394,0.83964,1.50,1.32
2013.08.16 14:58:23.772,0.83937,0.83964,1.88,1.69
2013.08.16 14:58:24.662,0.83937,0.83964,1.88,1.69
2013.08.16 14:58:27.542,0.83935,0.83963,1.50,1.32
2013.08.16 14:58:27.902,0.83926,0.83953,1.69,1.50
2013.08.16 14:58:28.312,0.83922,0.83953,2.82,1.88
2013.08.16 14:58:28.386,0.83922,0.83953,1.69,2.82
2013.08.16 14:58:28.572,0.83919,0.83952,1.32,1.32
2013.08.16 14:58:28.812,0.83917,0.83951,3.19,1.50
2013.08.16 14:58:30.152,0.83917,0.8395,3.19,1.69
2013.08.16 14:58:30.672,0.83917,0.83948,2.82,2.07
2013.08.16 14:58:30.731,0.83919,0.83947,1.13,1.32
2013.08.16 14:58:31.261,0.83916,0.83946,1.32,1.32
2013.08.16 14:58:31.983,0.83916,0.83946,1.32,2.07
2013.08.16 14:58:32.643,0.83915,0.83946,1.32,2.07
2013.08.16 14:58:35.292,0.83917,0.83947,1.13,2.44
2013.08.16 14:58:35.671,0.83919,0.83948,1.69,2.07
2013.08.16 14:58:35.802,0.83921,0.8395,1.13,1.32
2013.08.16 14:58:35.982,0.83921,0.8395,2.07,1.32
2013.08.16 14:58:37.549,0.83921,0.83953,2.07,1.69
2013.08.16 14:58:38.701,0.83921,0.83952,2.07,1.69
2013.08.16 14:58:40.604,0.83922,0.83952,1.69,1.69
2013.08.16 14:58:40.722,0.83926,0.83956,1.50,1.32
2013.08.16 14:58:41.142,0.83926,0.83956,2.07,1.69
2013.08.16 14:58:41.202,0.83926,0.83958,2.07,1.69
2013.08.16 14:58:41.321,0.83929,0.8396,1.69,2.07
2013.08.16 14:58:41.642,0.83927,0.83957,1.32,1.69
2013.08.16 14:58:41.822,0.83924,0.83954,1.32,1.32
2013.08.16 14:58:42.324,0.83924,0.83954,1.32,1.32
2013.08.16 14:58:42.704,0.83922,0.83951,1.32,1.13
2013.08.16 14:58:43.001,0.83922,0.83948,1.32,1.13
2013.08.16 14:58:43.242,0.83923,0.83953,1.13,2.07
2013.08.16 14:58:43.481,0.83923,0.8395,1.13,1.69
2013.08.16 14:58:44.191,0.83922,0.83953,2.44,2.82
2013.08.16 14:58:44.256,0.83922,0.83953,2.44,1.32
2013.08.16 14:58:44.685,0.83922,0.83951,1.69,1.69
2013.08.16 14:58:45.734,0.83924,0.83952,1.69,1.69
2013.08.16 14:58:45.944,0.83926,0.83954,1.13,2.07
2013.08.16 14:58:46.492,0.83926,0.83954,2.07,1.32
2013.08.16 14:58:47.398,0.83926,0.83954,2.07,1.32
2013.08.16 14:58:47.713,0.83929,0.83956,1.69,1.32
2013.08.16 14:58:48.799,0.83931,0.83957,1.13,1.69
2013.08.16 14:58:48.985,0.83932,0.83959,1.32,1.69
2013.08.16 14:58:49.056,0.83932,0.83959,1.32,1.50
2013.08.16 14:58:49.433,0.83933,0.8396,1.69,1.50
2013.08.16 14:58:49.492,0.83933,0.83963,1.69,1.50
2013.08.16 14:58:49.792,0.83936,0.83966,1.69,1.13
2013.08.16 14:58:51.152,0.83936,0.83967,2.44,1.32
2013.08.16 14:58:51.756,0.83937,0.83967,1.69,1.32
2013.08.16 14:58:57.379,0.83938,0.83969,1.69,2.07
2013.08.16 14:58:58.911,0.83937,0.83969,1.69,2.44
2013.08.16 14:58:59.609,0.83934,0.83965,1.69,1.69
2013.08.16 14:59:01.202,0.83934,0.83965,1.69,2.07
2013.08.16 14:59:09.936,0.83934,0.83963,1.69,1.32
2013.08.16 14:59:10.523,0.83934,0.83963,1.69,1.32
2013.08.16 14:59:12.373,0.83934,0.83964,1.69,1.32
2013.08.16 14:59:12.552,0.83942,0.83968,1.88,1.32
2013.08.16 14:59:12.673,0.83938,0.83964,1.69,1.13
2013.08.16 14:59:12.732,0.83938,0.83964,1.69,1.13
2013.08.16 14:59:12.793,0.83938,0.83964,1.50,1.32
2013.08.16 14:59:13.043,0.83936,0.83964,2.25,1.32
2013.08.16 14:59:15.357,0.83938,0.83964,1.13,1.32
2013.08.16 14:59:15.612,0.83936,0.83964,1.50,1.32
2013.08.16 14:59:15.851,0.83934,0.83959,1.32,1.13
2013.08.16 14:59:16.103,0.83934,0.83959,1.32,1.13
2013.08.16 14:59:18.801,0.83934,0.83959,1.13,1.32
2013.08.16 14:59:19.102,0.83929,0.83954,1.32,1.13
2013.08.16 14:59:19.416,0.83924,0.83949,1.32,1.13
2013.08.16 14:59:19.473,0.83924,0.83949,1.32,1.13
2013.08.16 14:59:19.635,0.83924,0.83949,1.32,1.13
2013.08.16 14:59:20.082,0.83926,0.83954,1.69,1.13
2013.08.16 14:59:20.403,0.83924,0.83948,1.32,1.13
2013.08.16 14:59:20.522,0.83923,0.83948,1.32,1.13
2013.08.16 14:59:20.895,0.83923,0.83948,2.07,1.13
2013.08.16 14:59:21.251,0.83928,0.83953,2.07,1.13
2013.08.16 14:59:21.312,0.83928,0.83953,2.07,1.13
2013.08.16 14:59:21.432,0.83927,0.83951,2.07,1.13
2013.08.16 14:59:21.622,0.83924,0.83948,1.69,1.13
2013.08.16 14:59:22.195,0.83923,0.83949,1.32,1.13
2013.08.16 14:59:22.982,0.83919,0.83949,1.69,1.88
2013.08.16 14:59:23.182,0.83919,0.83947,1.69,1.13
2013.08.16 14:59:23.363,0.83919,0.83948,1.69,1.13
2013.08.16 14:59:23.421,0.83923,0.83949,1.13,1.13
2013.08.16 14:59:23.922,0.83923,0.83949,1.13,1.13
2013.08.16 14:59:23.983,0.83919,0.83948,1.69,1.13
2013.08.16 14:59:24.162,0.83924,0.83949,1.13,1.13
2013.08.16 14:59:25.177,0.83927,0.8395,1.13,1.32
2013.08.16 14:59:25.744,0.83925,0.83949,1.13,1.32
2013.08.16 14:59:26.312,0.83923,0.83949,1.32,1.32
2013.08.16 14:59:26.372,0.83923,0.83948,1.32,1.13
2013.08.16 14:59:26.741,0.83917,0.83943,3.19,1.13
2013.08.16 14:59:26.802,0.83917,0.83943,2.44,1.13
2013.08.16 14:59:27.315,0.83917,0.83943,2.44,1.13
2013.08.16 14:59:27.955,0.83917,0.83943,2.07,1.13
2013.08.16 14:59:28.892,0.83917,0.83943,1.32,1.32
2013.08.16 14:59:29.013,0.83917,0.83943,1.32,1.32
2013.08.16 14:59:29.882,0.83916,0.83943,1.13,1.32
2013.08.16 14:59:29.941,0.83915,0.83939,1.13,1.13
2013.08.16 14:59:30.242,0.83909,0.83934,1.32,1.13
2013.08.16 14:59:30.301,0.83908,0.83934,1.69,1.13
2013.08.16 14:59:30.362,0.83908,0.83934,1.69,1.13
2013.08.16 14:59:30.481,0.83908,0.83933,1.69,1.13
2013.08.16 14:59:30.675,0.83909,0.83933,1.73,1.13
2013.08.16 14:59:31.033,0.83914,0.83938,1.32,1.13
2013.08.16 14:59:31.422,0.83914,0.83938,1.32,1.13
2013.08.16 14:59:31.662,0.83912,0.83935,1.32,1.13
2013.08.16 14:59:32.422,0.8391,0.83936,1.32,1.13
2013.08.16 14:59:32.482,0.83907,0.83935,1.32,1.50
2013.08.16 14:59:32.662,0.83912,0.83935,1.13,1.88
2013.08.16 14:59:32.843,0.83913,0.83938,1.88,1.69
2013.08.16 14:59:33.193,0.83913,0.83938,1.88,1.69
2013.08.16 14:59:33.642,0.83921,0.83944,1.13,1.69
2013.08.16 14:59:33.963,0.8392,0.83944,1.50,1.13
2013.08.16 14:59:34.082,0.83921,0.83946,1.32,2.07
2013.08.16 14:59:34.202,0.83917,0.83946,2.82,2.44
2013.08.16 14:59:34.742,0.83922,0.83946,1.13,1.32
2013.08.16 14:59:34.862,0.83927,0.83948,1.13,2.25
2013.08.16 14:59:34.922,0.83927,0.83948,1.13,2.25
2013.08.16 14:59:35.443,0.83927,0.83948,1.13,2.25
2013.08.16 14:59:35.502,0.83927,0.8395,1.13,2.25
2013.08.16 14:59:36.112,0.83927,0.8395,1.13,2.25
2013.08.16 14:59:36.178,0.83931,0.8395,1.13,1.50
2013.08.16 14:59:36.714,0.83931,0.83953,1.13,1.50
2013.08.16 14:59:36.772,0.83931,0.83956,1.13,1.69
2013.08.16 14:59:37.306,0.83931,0.83955,1.13,1.50
2013.08.16 14:59:37.654,0.83937,0.83957,1.13,1.32
2013.08.16 14:59:37.953,0.83937,0.83958,1.13,1.50
2013.08.16 14:59:38.132,0.83936,0.83959,1.13,1.50
2013.08.16 14:59:38.312,0.83936,0.83957,1.13,1.13
2013.08.16 14:59:38.743,0.83936,0.83956,1.13,1.50
2013.08.16 14:59:39.063,0.83936,0.83956,1.13,1.50
2013.08.16 14:59:39.244,0.83939,0.83966,1.13,1.32
2013.08.16 14:59:39.302,0.83939,0.83968,1.13,2.25
2013.08.16 14:59:39.362,0.83939,0.83968,1.13,1.50
2013.08.16 14:59:39.542,0.83938,0.83968,2.82,1.50
2013.08.16 14:59:39.661,0.83946,0.83968,1.13,1.50
2013.08.16 14:59:39.992,0.83946,0.83968,1.13,1.50
2013.08.16 14:59:40.474,0.83946,0.83973,1.13,1.32
2013.08.16 14:59:40.594,0.83946,0.83974,1.13,3.57
2013.08.16 14:59:40.891,0.83946,0.83974,1.13,3.57
2013.08.16 14:59:41.252,0.83946,0.83973,1.13,1.69
2013.08.16 14:59:42.225,0.83946,0.83973,1.13,2.07
2013.08.16 14:59:42.563,0.83946,0.83971,1.13,1.32
2013.08.16 14:59:43.012,0.83946,0.83968,1.13,1.13
2013.08.16 14:59:43.176,0.83946,0.83968,1.13,1.13
2013.08.16 14:59:43.392,0.83946,0.83968,1.13,1.13
2013.08.16 14:59:44.222,0.83946,0.83969,1.13,1.32
2013.08.16 14:59:44.873,0.83946,0.83969,1.13,1.32
2013.08.16 14:59:45.353,0.83949,0.83972,1.13,2.07
2013.08.16 14:59:45.477,0.83953,0.83972,1.13,1.32
2013.08.16 14:59:45.722,0.83946,0.83972,1.13,1.32
2013.08.16 14:59:45.783,0.83946,0.83973,1.13,1.32
2013.08.16 14:59:46.143,0.83939,0.83963,1.69,1.73
2013.08.16 14:59:46.204,0.83932,0.8396,1.69,1.50
2013.08.16 14:59:46.322,0.83934,0.83962,1.13,1.13
2013.08.16 14:59:46.382,0.83934,0.83961,1.13,1.69
2013.08.16 14:59:46.694,0.83936,0.83963,1.13,1.32
2013.08.16 14:59:47.306,0.83936,0.83963,1.13,1.32
2013.08.16 14:59:47.900,0.83936,0.83963,1.13,1.32
2013.08.16 14:59:49.222,0.83936,0.83961,1.13,1.69
2013.08.16 14:59:49.761,0.83936,0.83961,1.32,1.50
2013.08.16 14:59:49.983,0.83931,0.83954,1.32,1.50
2013.08.16 14:59:50.553,0.8393,0.83953,1.13,1.13
2013.08.16 14:59:51.135,0.8393,0.83953,1.13,1.13
2013.08.16 14:59:51.452,0.83936,0.83957,1.13,1.69
2013.08.16 14:59:52.481,0.83936,0.83957,1.13,1.69
2013.08.16 14:59:52.786,0.83936,0.83957,1.13,1.69
2013.08.16 14:59:52.844,0.83936,0.83949,1.13,1.13
2013.08.16 14:59:52.903,0.83936,0.83949,1.13,1.50
2013.08.16 14:59:52.964,0.83921,0.83945,1.69,1.13
2013.08.16 14:59:53.104,0.83919,0.83945,1.50,1.13
2013.08.16 14:59:53.714,0.83916,0.83945,1.32,1.32
2013.08.16 14:59:54.112,0.83916,0.83943,1.32,1.50
2013.08.16 14:59:54.413,0.83911,0.83939,1.69,1.13
2013.08.16 14:59:54.472,0.83911,0.83934,1.69,1.13
2013.08.16 14:59:54.704,0.83911,0.83934,1.69,1.13
2013.08.16 14:59:55.033,0.83909,0.83934,2.07,1.13
2013.08.16 14:59:55.343,0.83909,0.83934,2.07,1.13
2013.08.16 14:59:55.852,0.83908,0.83933,1.32,1.32
2013.08.16 14:59:55.913,0.83907,0.83928,1.13,1.13
2013.08.16 14:59:56.110,0.83905,0.83928,1.13,1.13
2013.08.16 14:59:56.172,0.83903,0.83928,1.32,1.13
2013.08.16 14:59:57.643,0.83901,0.83928,1.50,2.82
2013.08.16 14:59:57.713,0.839,0.83923,1.13,1.50
2013.08.16 14:59:58.222,0.83895,0.83922,1.50,1.32
2013.08.16 14:59:58.342,0.83892,0.83921,1.88,1.32
