2012.03.30 19:00:00.167,0.8167,0.81696,2.25,2.25
2012.03.30 19:00:00.483,0.81678,0.81704,2.25,2.25
2012.03.30 19:00:02.034,0.81677,0.81705,3.00,2.25
2012.03.30 19:00:02.770,0.81681,0.81709,2.25,2.44
2012.03.30 19:00:02.881,0.81677,0.81705,3.00,2.44
2012.03.30 19:00:02.984,0.81677,0.81705,3.00,2.44
2012.03.30 19:00:03.788,0.81673,0.81701,3.00,2.25
2012.03.30 19:00:04.442,0.81673,0.81701,2.25,2.25
2012.03.30 19:00:04.997,0.81673,0.81701,3.00,2.25
2012.03.30 19:00:05.126,0.81677,0.81705,2.25,2.63
2012.03.30 19:00:05.196,0.81677,0.81705,3.00,2.63
2012.03.30 19:00:05.402,0.81677,0.81705,3.00,2.44
2012.03.30 19:00:05.668,0.81681,0.81711,3.00,2.25
2012.03.30 19:00:06.121,0.81684,0.81716,2.25,2.63
2012.03.30 19:00:06.506,0.81677,0.81705,3.00,2.25
2012.03.30 19:00:06.576,0.81684,0.81715,2.25,2.25
2012.03.30 19:00:06.650,0.81682,0.81708,3.00,2.25
2012.03.30 19:00:07.515,0.81676,0.81701,1.13,2.25
2012.03.30 19:00:08.027,0.81677,0.81705,2.63,2.25
2012.03.30 19:00:08.102,0.81678,0.81705,1.13,2.25
2012.03.30 19:00:08.167,0.81677,0.81705,2.63,2.25
2012.03.30 19:00:08.271,0.81677,0.81705,2.25,2.25
2012.03.30 19:00:09.375,0.81677,0.81705,3.00,2.25
2012.03.30 19:00:09.658,0.81677,0.81705,3.00,2.25
2012.03.30 19:00:10.148,0.81677,0.81705,3.00,2.25
2012.03.30 19:00:11.248,0.81677,0.81705,3.00,2.25
2012.03.30 19:00:11.314,0.81671,0.81711,3.75,2.63
2012.03.30 19:00:11.911,0.81671,0.81709,3.75,1.13
2012.03.30 19:00:12.456,0.81673,0.81711,1.50,2.44
2012.03.30 19:00:12.955,0.81677,0.81713,2.44,1.50
2012.03.30 19:00:13.017,0.81669,0.81707,1.50,2.63
2012.03.30 19:00:13.619,0.81669,0.81707,1.50,2.63
2012.03.30 19:00:14.500,0.81669,0.81707,1.50,2.63
2012.03.30 19:00:15.428,0.81669,0.81707,1.50,2.63
2012.03.30 19:00:15.728,0.81669,0.81707,1.13,3.00
2012.03.30 19:00:17.358,0.81669,0.81707,1.13,3.00
2012.03.30 19:00:18.785,0.81669,0.81707,1.13,3.00
2012.03.30 19:00:19.388,0.81668,0.81707,1.50,2.63
2012.03.30 19:00:19.641,0.81668,0.81707,1.50,2.63
2012.03.30 19:00:20.195,0.81668,0.81707,1.50,2.63
2012.03.30 19:00:20.261,0.81671,0.81711,3.19,2.63
2012.03.30 19:00:20.361,0.81674,0.81711,1.13,2.44
2012.03.30 19:00:21.450,0.81672,0.81711,1.13,3.19
2012.03.30 19:00:21.667,0.81674,0.81711,1.13,2.44
2012.03.30 19:00:23.646,0.81672,0.81711,1.50,3.19
2012.03.30 19:00:27.788,0.81673,0.81718,4.50,3.75
2012.03.30 19:00:28.669,0.81677,0.81718,1.13,3.75
2012.03.30 19:00:30.697,0.81677,0.81717,1.13,1.50
2012.03.30 19:00:33.068,0.81679,0.81718,1.50,3.75
2012.03.30 19:00:33.611,0.81675,0.81713,1.50,2.63
2012.03.30 19:00:33.680,0.81675,0.81713,1.50,3.38
2012.03.30 19:00:34.109,0.81673,0.81713,1.13,3.75
2012.03.30 19:00:35.577,0.81675,0.81713,1.13,3.19
2012.03.30 19:00:35.648,0.81675,0.81713,1.13,2.44
2012.03.30 19:00:35.971,0.81675,0.81713,1.13,3.19
2012.03.30 19:00:37.188,0.81674,0.81713,1.13,3.75
2012.03.30 19:00:42.275,0.8167,0.81712,3.19,1.73
2012.03.30 19:00:42.398,0.81669,0.81709,1.50,3.38
2012.03.30 19:00:42.954,0.81671,0.81712,1.50,3.98
2012.03.30 19:00:44.061,0.81672,0.81712,1.50,3.23
2012.03.30 19:00:44.440,0.81672,0.81712,1.50,3.98
2012.03.30 19:00:47.238,0.81672,0.81712,1.50,3.23
2012.03.30 19:00:48.838,0.81672,0.81712,1.50,3.23
2012.03.30 19:00:55.379,0.81674,0.81712,1.13,2.44
2012.03.30 19:00:56.407,0.81674,0.81712,1.13,2.44
2012.03.30 19:01:03.667,0.81674,0.81712,1.13,2.44
2012.03.30 19:01:03.738,0.81669,0.81708,1.50,2.44
2012.03.30 19:01:10.158,0.81669,0.81708,1.50,2.44
2012.03.30 19:01:10.437,0.81669,0.81708,1.50,2.44
2012.03.30 19:01:10.710,0.81669,0.81708,1.50,2.44
2012.03.30 19:01:10.964,0.81669,0.81708,1.50,2.44
2012.03.30 19:01:11.931,0.81673,0.81713,1.13,3.60
2012.03.30 19:01:13.247,0.81676,0.81713,1.13,3.04
2012.03.30 19:01:15.495,0.81677,0.81713,1.13,2.44
2012.03.30 19:01:15.659,0.81677,0.81718,1.13,3.00
2012.03.30 19:01:16.378,0.81677,0.81718,1.13,3.00
2012.03.30 19:01:17.434,0.81679,0.81719,1.50,1.73
2012.03.30 19:01:22.174,0.81681,0.81719,1.13,1.35
2012.03.30 19:01:22.306,0.81685,0.81725,3.38,1.13
2012.03.30 19:01:23.435,0.81686,0.81725,1.50,1.13
2012.03.30 19:01:28.227,0.81687,0.81728,1.50,1.50
2012.03.30 19:01:29.790,0.81688,0.81728,1.13,1.50
2012.03.30 19:01:36.933,0.81686,0.81724,1.50,1.13
2012.03.30 19:01:37.687,0.81686,0.81729,3.00,1.54
2012.03.30 19:01:37.756,0.81691,0.81729,1.13,1.54
2012.03.30 19:01:39.938,0.81691,0.81729,1.50,1.54
2012.03.30 19:01:40.868,0.81693,0.81735,2.63,1.50
2012.03.30 19:01:42.643,0.81696,0.81734,1.50,1.13
2012.03.30 19:01:50.276,0.81697,0.81738,2.25,1.73
2012.03.30 19:01:50.504,0.817,0.81738,1.50,1.13
2012.03.30 19:01:51.379,0.81702,0.81743,1.13,1.50
2012.03.30 19:01:53.313,0.81702,0.8174,1.13,1.50
2012.03.30 19:01:53.927,0.81699,0.81738,1.50,1.13
2012.03.30 19:01:57.695,0.81698,0.81737,3.00,1.13
2012.03.30 19:01:57.815,0.81698,0.81734,2.44,1.13
2012.03.30 19:01:58.416,0.81695,0.81733,1.54,1.13
2012.03.30 19:02:00.967,0.81695,0.81735,1.73,1.50
2012.03.30 19:02:01.148,0.81695,0.81738,1.73,3.00
2012.03.30 19:02:01.287,0.817,0.81738,1.50,1.13
2012.03.30 19:02:01.677,0.81695,0.81737,1.54,2.25
2012.03.30 19:02:01.746,0.81694,0.81734,3.38,1.50
2012.03.30 19:02:05.438,0.81692,0.81734,1.13,1.50
2012.03.30 19:02:05.827,0.81694,0.81734,1.13,1.50
2012.03.30 19:02:06.145,0.81696,0.81736,1.50,1.13
2012.03.30 19:02:08.027,0.81696,0.81738,1.50,1.13
2012.03.30 19:02:12.856,0.81697,0.81738,1.13,3.00
2012.03.30 19:02:12.925,0.81697,0.81735,1.13,1.50
2012.03.30 19:02:13.236,0.81694,0.81733,1.54,1.50
2012.03.30 19:02:18.726,0.81695,0.81733,3.19,1.13
2012.03.30 19:02:19.960,0.81695,0.81737,3.19,2.25
2012.03.30 19:02:20.047,0.81696,0.81738,1.13,1.50
2012.03.30 19:02:25.898,0.81696,0.81739,1.13,3.00
2012.03.30 19:02:26.506,0.81696,0.81735,1.13,1.13
2012.03.30 19:02:26.920,0.81696,0.81738,1.13,1.50
2012.03.30 19:02:29.060,0.81696,0.81738,1.50,1.50
2012.03.30 19:02:31.179,0.81695,0.81736,3.19,2.25
2012.03.30 19:02:42.180,0.81694,0.81736,1.50,2.63
2012.03.30 19:02:45.146,0.81695,0.81738,1.50,1.50
2012.03.30 19:02:47.929,0.81695,0.81735,1.50,1.13
2012.03.30 19:02:48.455,0.81696,0.81736,1.13,1.50
2012.03.30 19:02:49.248,0.81698,0.81739,1.13,3.00
2012.03.30 19:02:53.227,0.81696,0.81736,1.13,1.50
2012.03.30 19:02:59.216,0.81695,0.81735,1.50,1.13
2012.03.30 19:03:07.468,0.81696,0.81736,1.13,1.50
2012.03.30 19:03:11.702,0.81691,0.81731,1.50,1.13
2012.03.30 19:03:14.663,0.8169,0.8173,1.50,1.13
2012.03.30 19:03:21.465,0.81691,0.81733,1.50,1.13
2012.03.30 19:03:29.719,0.81693,0.81734,3.00,1.50
2012.03.30 19:03:30.497,0.81696,0.81734,1.13,1.50
2012.03.30 19:03:31.180,0.81701,0.81739,1.13,1.50
2012.03.30 19:03:31.896,0.81699,0.81738,1.13,1.50
2012.03.30 19:03:33.144,0.81697,0.81737,1.13,1.50
2012.03.30 19:03:34.169,0.81695,0.81737,3.00,1.50
2012.03.30 19:03:34.238,0.81695,0.81734,2.63,1.50
2012.03.30 19:03:35.215,0.81691,0.81732,1.13,1.50
2012.03.30 19:03:38.083,0.81691,0.8173,1.50,1.13
2012.03.30 19:03:41.162,0.81691,0.81731,1.13,1.50
2012.03.30 19:03:54.273,0.8169,0.81729,3.19,1.50
2012.03.30 19:03:54.444,0.81687,0.81729,1.13,1.50
2012.03.30 19:03:55.581,0.81689,0.81729,1.13,1.50
2012.03.30 19:03:55.646,0.81686,0.81729,3.75,3.00
2012.03.30 19:03:56.210,0.81686,0.81728,4.13,1.50
2012.03.30 19:03:56.277,0.8169,0.8173,1.13,3.75
2012.03.30 19:03:57.335,0.81692,0.81731,1.13,1.50
2012.03.30 19:03:58.877,0.81691,0.81731,2.63,1.50
2012.03.30 19:03:59.395,0.81686,0.81729,3.75,1.50
2012.03.30 19:04:00.014,0.81686,0.81724,3.19,1.13
2012.03.30 19:04:05.915,0.81682,0.81724,3.00,1.13
2012.03.30 19:04:06.286,0.81682,0.81721,2.44,1.13
2012.03.30 19:04:07.015,0.81679,0.81719,1.50,1.13
2012.03.30 19:04:07.398,0.81678,0.81719,3.00,1.13
2012.03.30 19:04:09.770,0.81679,0.81719,1.50,1.13
2012.03.30 19:04:10.263,0.81681,0.81719,1.50,1.13
2012.03.30 19:04:14.507,0.81682,0.81723,1.50,4.35
2012.03.30 19:04:15.660,0.81685,0.81724,1.13,1.50
2012.03.30 19:04:16.277,0.81678,0.81722,4.35,3.00
2012.03.30 19:04:16.694,0.81678,0.81718,4.35,1.13
2012.03.30 19:04:17.098,0.81678,0.81718,3.60,1.13
2012.03.30 19:04:17.495,0.81676,0.81715,1.13,1.50
2012.03.30 19:04:18.193,0.81677,0.81718,1.13,5.10
2012.03.30 19:04:18.276,0.81676,0.81715,1.13,1.50
2012.03.30 19:04:18.695,0.81673,0.81714,1.50,1.13
2012.03.30 19:04:21.736,0.81675,0.81714,1.13,1.50
2012.03.30 19:04:24.635,0.81674,0.81714,1.50,1.13
2012.03.30 19:04:47.303,0.81675,0.81715,1.13,1.50
2012.03.30 19:04:50.378,0.81674,0.81714,1.50,1.13
2012.03.30 19:04:58.295,0.81675,0.81714,1.50,1.13
2012.03.30 19:04:59.176,0.81672,0.81714,3.19,1.50
2012.03.30 19:05:00.499,0.81673,0.81714,3.75,1.13
2012.03.30 19:05:03.945,0.81673,0.81717,3.75,3.00
2012.03.30 19:05:24.600,0.81673,0.81717,3.75,3.00
2012.03.30 19:05:24.777,0.81673,0.81717,3.75,3.00
2012.03.30 19:05:36.985,0.81673,0.81713,3.75,1.13
2012.03.30 19:05:39.179,0.81675,0.81717,1.13,3.00
2012.03.30 19:05:46.069,0.81675,0.81715,1.13,1.50
2012.03.30 19:05:52.376,0.81675,0.81717,1.13,3.00
2012.03.30 19:05:59.194,0.81677,0.81715,1.13,1.50
2012.03.30 19:06:02.166,0.81677,0.81717,1.13,3.00
2012.03.30 19:06:08.589,0.81677,0.81715,1.13,1.50
2012.03.30 19:06:08.654,0.81677,0.81717,1.13,3.00
2012.03.30 19:06:08.916,0.81677,0.81715,1.13,1.50
2012.03.30 19:06:19.926,0.81676,0.81714,1.50,1.13
2012.03.30 19:06:22.795,0.81677,0.81715,1.13,1.50
2012.03.30 19:06:27.906,0.81677,0.81717,1.13,3.00
2012.03.30 19:06:30.272,0.81676,0.81717,1.50,3.00
2012.03.30 19:06:44.778,0.81676,0.81716,1.13,1.50
2012.03.30 19:06:46.567,0.81675,0.81715,1.50,1.13
2012.03.30 19:06:47.635,0.81675,0.81717,1.50,2.63
2012.03.30 19:06:51.850,0.81677,0.81717,1.13,3.00
2012.03.30 19:06:55.178,0.81677,0.81715,1.13,1.50
2012.03.30 19:06:57.240,0.81675,0.81715,1.13,1.50
2012.03.30 19:06:59.875,0.81676,0.81716,1.13,1.50
2012.03.30 19:07:06.025,0.81673,0.81716,3.00,1.88
2012.03.30 19:07:06.165,0.81672,0.81711,1.13,3.75
2012.03.30 19:07:06.678,0.81673,0.81711,1.13,1.13
2012.03.30 19:07:11.429,0.81674,0.81712,1.13,3.38
2012.03.30 19:07:12.762,0.81676,0.8171,1.13,2.44
2012.03.30 19:07:15.845,0.81676,0.81711,1.13,2.25
2012.03.30 19:07:22.866,0.81676,0.81711,1.13,2.25
2012.03.30 19:07:25.300,0.81677,0.81711,1.13,2.25
2012.03.30 19:07:27.331,0.81676,0.81711,1.13,2.25
2012.03.30 19:07:28.267,0.81676,0.81711,1.50,2.25
2012.03.30 19:07:31.053,0.81676,0.81711,1.50,2.25
2012.03.30 19:07:34.197,0.81676,0.81711,1.50,2.25
2012.03.30 19:07:35.793,0.81675,0.81711,1.13,2.44
2012.03.30 19:07:52.111,0.81674,0.81711,1.50,2.25
2012.03.30 19:07:53.885,0.81674,0.81711,1.50,2.25
2012.03.30 19:07:54.195,0.81679,0.81719,1.50,1.13
2012.03.30 19:07:54.315,0.81679,0.81715,1.50,2.25
2012.03.30 19:07:55.121,0.8168,0.81715,1.13,2.44
2012.03.30 19:08:05.719,0.81677,0.81715,1.50,3.19
2012.03.30 19:08:10.277,0.81677,0.81715,1.50,3.19
2012.03.30 19:08:16.111,0.81677,0.81715,1.50,3.00
2012.03.30 19:08:19.379,0.81677,0.81715,1.50,3.19
2012.03.30 19:08:22.828,0.81674,0.81715,2.25,3.19
2012.03.30 19:08:24.189,0.81672,0.81715,3.00,3.19
2012.03.30 19:08:24.871,0.81677,0.81715,1.13,3.19
2012.03.30 19:08:27.218,0.81676,0.81715,1.50,3.19
2012.03.30 19:08:28.340,0.81676,0.81715,1.50,2.44
2012.03.30 19:08:30.410,0.81677,0.81715,1.13,2.44
2012.03.30 19:08:30.718,0.81676,0.81715,1.13,3.19
2012.03.30 19:08:30.784,0.81676,0.81711,1.13,2.25
2012.03.30 19:08:30.958,0.81672,0.81711,1.50,2.44
2012.03.30 19:08:31.399,0.81672,0.81708,1.50,2.25
2012.03.30 19:08:32.090,0.81672,0.81713,1.50,2.63
2012.03.30 19:08:32.159,0.81672,0.81712,1.50,1.13
2012.03.30 19:08:33.394,0.81672,0.81711,1.13,1.50
2012.03.30 19:08:33.716,0.81673,0.81713,1.50,1.13
2012.03.30 19:08:42.686,0.81671,0.81715,3.75,1.50
2012.03.30 19:08:44.447,0.81675,0.81715,1.13,1.50
2012.03.30 19:08:46.921,0.81677,0.81717,1.13,3.75
2012.03.30 19:08:48.236,0.81679,0.81717,1.50,2.63
2012.03.30 19:08:48.998,0.81676,0.81717,3.00,3.38
2012.03.30 19:08:49.625,0.81679,0.81717,2.25,3.00
2012.03.30 19:08:49.697,0.81683,0.81721,2.25,3.00
2012.03.30 19:08:54.726,0.81685,0.81721,2.25,3.00
2012.03.30 19:08:57.589,0.81683,0.81721,2.25,3.00
2012.03.30 19:09:04.966,0.81684,0.81721,2.25,3.00
2012.03.30 19:09:09.858,0.81682,0.81721,2.25,3.00
2012.03.30 19:09:09.926,0.81682,0.81716,2.25,2.25
2012.03.30 19:09:10.023,0.81682,0.81721,2.25,3.00
2012.03.30 19:09:10.092,0.81689,0.81721,2.25,3.00
2012.03.30 19:09:10.232,0.81689,0.81721,2.25,2.25
2012.03.30 19:09:10.402,0.81685,0.81721,1.50,2.44
2012.03.30 19:09:10.889,0.81682,0.81721,3.00,3.19
2012.03.30 19:09:11.819,0.81682,0.81721,1.50,3.38
2012.03.30 19:09:12.467,0.81683,0.81721,1.50,2.63
2012.03.30 19:09:13.837,0.81682,0.81721,1.50,3.38
2012.03.30 19:09:18.639,0.81682,0.81721,1.50,3.19
2012.03.30 19:09:18.929,0.81679,0.8172,2.25,1.32
2012.03.30 19:09:19.456,0.81681,0.81716,1.50,2.25
2012.03.30 19:09:19.617,0.81681,0.81721,1.50,3.19
2012.03.30 19:09:19.848,0.81681,0.81721,3.00,3.19
2012.03.30 19:09:22.816,0.81681,0.81721,3.00,3.00
2012.03.30 19:09:26.446,0.81682,0.81721,2.25,3.00
2012.03.30 19:09:30.408,0.81683,0.81721,2.25,3.00
2012.03.30 19:09:43.718,0.81682,0.81721,2.25,3.00
2012.03.30 19:09:46.690,0.81684,0.81721,2.25,3.00
2012.03.30 19:09:47.904,0.81686,0.81716,1.50,2.25
2012.03.30 19:10:13.558,0.81686,0.81716,1.13,2.25
2012.03.30 19:10:16.657,0.81687,0.81716,1.13,2.25
2012.03.30 19:10:18.676,0.81687,0.81716,1.13,2.63
2012.03.30 19:10:18.745,0.81684,0.81716,1.13,2.63
2012.03.30 19:10:18.866,0.81684,0.81713,1.13,2.25
2012.03.30 19:10:23.395,0.81681,0.81713,1.50,2.25
2012.03.30 19:10:33.865,0.81684,0.81717,1.13,2.25
2012.03.30 19:10:34.688,0.81684,0.81717,1.13,2.63
2012.03.30 19:10:35.121,0.81684,0.81712,1.13,2.25
2012.03.30 19:10:41.438,0.8168,0.81712,1.13,2.25
2012.03.30 19:10:42.322,0.81678,0.81712,1.50,2.25
2012.03.30 19:10:46.620,0.8168,0.81712,1.50,2.25
2012.03.30 19:10:47.235,0.81676,0.81712,1.50,2.44
2012.03.30 19:10:47.304,0.81676,0.81712,1.50,2.44
2012.03.30 19:10:48.667,0.81676,0.81712,1.50,2.44
2012.03.30 19:10:49.739,0.81676,0.81712,1.50,2.44
2012.03.30 19:10:50.244,0.81676,0.81712,1.50,2.44
2012.03.30 19:10:51.231,0.81676,0.81712,1.50,2.44
2012.03.30 19:10:52.547,0.81676,0.81712,1.13,2.25
2012.03.30 19:11:00.083,0.81676,0.81712,1.50,2.25
2012.03.30 19:11:00.957,0.81677,0.81712,1.50,2.25
2012.03.30 19:11:05.831,0.81678,0.81717,1.50,2.44
2012.03.30 19:11:05.897,0.81678,0.81717,1.13,3.00
2012.03.30 19:11:06.315,0.81677,0.81717,1.50,3.19
2012.03.30 19:11:08.328,0.81681,0.81717,1.13,2.44
2012.03.30 19:11:08.715,0.81675,0.81715,1.50,1.13
2012.03.30 19:11:09.257,0.81675,0.81712,1.50,2.25
2012.03.30 19:11:09.335,0.81676,0.81712,1.50,2.25
2012.03.30 19:11:10.858,0.81677,0.81712,1.50,2.25
2012.03.30 19:11:12.219,0.81679,0.81712,1.50,2.25
2012.03.30 19:11:13.756,0.81681,0.81712,1.50,2.25
2012.03.30 19:11:16.726,0.81681,0.81712,1.13,2.25
2012.03.30 19:11:19.366,0.81679,0.81712,1.13,2.25
2012.03.30 19:11:20.906,0.81682,0.81712,1.50,2.25
2012.03.30 19:11:21.034,0.81682,0.8172,1.50,3.19
2012.03.30 19:11:22.113,0.81682,0.81717,1.50,2.25
2012.03.30 19:11:22.350,0.81682,0.81717,1.13,2.25
2012.03.30 19:11:23.606,0.81682,0.81717,1.13,2.63
2012.03.30 19:11:23.673,0.81678,0.81717,1.50,2.82
2012.03.30 19:11:24.231,0.81678,0.81713,1.50,2.25
2012.03.30 19:11:29.267,0.81675,0.81713,1.50,2.44
2012.03.30 19:11:31.798,0.81676,0.81713,3.00,2.25
2012.03.30 19:11:43.669,0.81678,0.81713,2.25,2.25
2012.03.30 19:11:43.839,0.81681,0.81719,1.13,3.04
2012.03.30 19:11:44.097,0.81681,0.81723,1.13,1.50
2012.03.30 19:11:44.987,0.81681,0.81723,1.50,1.13
2012.03.30 19:11:46.438,0.81683,0.81724,2.25,3.19
2012.03.30 19:11:46.729,0.81686,0.81728,1.13,2.10
2012.03.30 19:11:46.946,0.81683,0.81728,4.50,2.10
2012.03.30 19:11:48.558,0.81687,0.81729,2.25,3.19
2012.03.30 19:11:49.687,0.81688,0.8173,3.00,1.50
2012.03.30 19:12:05.109,0.81688,0.81731,4.50,1.50
2012.03.30 19:12:05.486,0.81688,0.81723,2.44,1.92
2012.03.30 19:12:06.209,0.81681,0.81721,1.50,1.13
2012.03.30 19:12:16.221,0.81681,0.81721,1.50,1.13
2012.03.30 19:12:16.584,0.8168,0.81721,2.25,1.13
2012.03.30 19:12:18.408,0.81681,0.81721,1.50,1.13
2012.03.30 19:12:19.327,0.81681,0.81722,1.50,3.19
2012.03.30 19:12:19.394,0.81679,0.81722,2.25,3.19
2012.03.30 19:12:24.425,0.8168,0.81721,2.25,1.13
2012.03.30 19:12:25.685,0.81682,0.81721,1.50,1.13
2012.03.30 19:12:25.927,0.81683,0.81723,2.25,1.35
2012.03.30 19:12:27.082,0.81687,0.81723,2.25,1.35
2012.03.30 19:12:30.046,0.81682,0.81723,1.50,1.54
2012.03.30 19:12:30.236,0.81685,0.81721,1.13,2.44
2012.03.30 19:12:30.888,0.81682,0.81721,1.50,3.19
2012.03.30 19:12:31.229,0.81685,0.81721,1.13,2.44
2012.03.30 19:12:33.189,0.81683,0.81721,1.13,2.44
2012.03.30 19:12:41.327,0.81682,0.81721,1.50,2.63
2012.03.30 19:12:43.417,0.81681,0.81721,1.13,3.00
2012.03.30 19:12:43.814,0.81681,0.81719,1.13,1.50
2012.03.30 19:12:44.766,0.81677,0.81719,1.50,1.88
2012.03.30 19:12:45.965,0.81679,0.81719,1.50,1.13
2012.03.30 19:12:46.915,0.81677,0.81719,1.13,1.50
2012.03.30 19:12:47.166,0.81677,0.81717,1.13,1.50
2012.03.30 19:12:51.898,0.81677,0.81718,1.13,1.50
2012.03.30 19:12:52.447,0.81675,0.81717,3.19,1.13
2012.03.30 19:12:54.813,0.8167,0.81713,1.50,3.38
2012.03.30 19:12:54.880,0.8167,0.81713,1.50,3.38
2012.03.30 19:12:55.497,0.81676,0.81713,1.13,2.44
2012.03.30 19:12:55.907,0.81677,0.81716,1.13,3.00
2012.03.30 19:12:56.676,0.81677,0.81715,1.13,1.50
2012.03.30 19:12:57.713,0.81676,0.81716,1.50,3.38
2012.03.30 19:12:58.672,0.81681,0.81718,3.00,1.13
2012.03.30 19:12:58.743,0.81681,0.81721,3.38,1.50
2012.03.30 19:13:00.557,0.81681,0.81721,3.75,1.13
2012.03.30 19:13:04.826,0.81682,0.81727,3.00,4.13
2012.03.30 19:13:06.431,0.81687,0.81727,1.13,4.13
2012.03.30 19:13:08.248,0.81687,0.81727,1.50,3.57
2012.03.30 19:13:09.127,0.81687,0.81727,1.13,4.13
2012.03.30 19:13:12.177,0.81686,0.81726,1.50,1.13
2012.03.30 19:13:14.957,0.81687,0.81727,1.50,3.19
2012.03.30 19:13:19.343,0.81691,0.8173,1.13,3.19
2012.03.30 19:13:19.886,0.81686,0.8173,5.25,3.19
2012.03.30 19:13:26.424,0.81686,0.8173,3.75,3.75
2012.03.30 19:13:26.497,0.8169,0.8173,1.13,3.75
2012.03.30 19:13:26.788,0.81686,0.8173,3.75,3.75
2012.03.30 19:13:29.304,0.81686,0.81729,3.75,1.50
2012.03.30 19:13:38.766,0.81686,0.81727,5.25,1.13
2012.03.30 19:13:39.307,0.81692,0.81734,1.13,3.75
2012.03.30 19:13:42.718,0.81691,0.81729,3.19,1.13
2012.03.30 19:13:48.431,0.81689,0.8173,1.50,2.63
2012.03.30 19:13:48.678,0.81691,0.8173,1.13,3.75
2012.03.30 19:13:48.978,0.81692,0.8173,1.13,3.00
2012.03.30 19:13:49.198,0.81691,0.8173,1.13,3.75
2012.03.30 19:13:50.529,0.81689,0.81729,1.13,1.50
2012.03.30 19:13:50.597,0.81689,0.8173,1.13,3.00
2012.03.30 19:13:51.107,0.81689,0.81729,1.13,1.50
2012.03.30 19:13:51.627,0.81691,0.81729,1.50,1.13
2012.03.30 19:13:52.332,0.81688,0.81729,2.25,1.13
2012.03.30 19:13:53.473,0.81686,0.81726,1.50,3.19
2012.03.30 19:13:54.271,0.81688,0.81726,2.25,3.00
2012.03.30 19:13:54.916,0.81691,0.81726,1.50,2.25
2012.03.30 19:13:55.146,0.81688,0.81726,1.50,2.44
2012.03.30 19:13:57.277,0.81692,0.81726,1.13,2.25
2012.03.30 19:13:59.039,0.81692,0.8173,1.13,3.19
2012.03.30 19:14:00.544,0.81692,0.8173,1.13,3.19
2012.03.30 19:14:02.145,0.81694,0.8173,1.13,2.44
2012.03.30 19:14:02.643,0.81696,0.8173,1.13,2.63
2012.03.30 19:14:02.777,0.81689,0.81727,1.50,2.82
2012.03.30 19:14:04.668,0.81689,0.81727,1.50,2.82
2012.03.30 19:14:06.439,0.81688,0.81723,1.50,2.25
2012.03.30 19:14:06.581,0.81691,0.81729,1.50,1.35
2012.03.30 19:14:09.122,0.81691,0.81729,1.50,1.54
2012.03.30 19:14:14.440,0.81694,0.8173,1.50,2.29
2012.03.30 19:14:14.876,0.81692,0.81726,1.50,2.25
2012.03.30 19:14:14.997,0.8169,0.81726,1.50,2.44
2012.03.30 19:14:15.200,0.8169,0.81726,1.50,2.44
2012.03.30 19:14:15.543,0.81687,0.81726,3.00,3.19
2012.03.30 19:14:16.145,0.81687,0.81725,1.50,1.13
2012.03.30 19:14:17.915,0.81684,0.81725,2.25,1.13
2012.03.30 19:14:18.352,0.81686,0.81725,1.50,1.13
2012.03.30 19:14:19.114,0.81686,0.81728,3.75,2.10
2012.03.30 19:14:19.376,0.81686,0.81728,3.00,2.10
2012.03.30 19:14:21.689,0.81687,0.81728,1.50,2.10
2012.03.30 19:14:21.909,0.81686,0.81728,3.00,2.10
2012.03.30 19:14:22.358,0.81681,0.81721,1.13,1.50
2012.03.30 19:14:25.215,0.81681,0.8172,1.50,1.13
2012.03.30 19:14:54.195,0.81682,0.8172,1.13,3.19
2012.03.30 19:14:54.446,0.81683,0.8172,1.13,2.44
2012.03.30 19:14:57.138,0.81682,0.8172,1.50,2.63
2012.03.30 19:14:57.698,0.81681,0.8172,3.75,1.13
2012.03.30 19:15:00.002,0.81681,0.8172,3.19,1.50
2012.03.30 19:15:00.619,0.81677,0.81718,1.54,4.50
2012.03.30 19:15:01.869,0.81678,0.81718,1.13,3.60
2012.03.30 19:15:02.967,0.81676,0.81717,1.13,2.25
2012.03.30 19:15:05.482,0.81676,0.81714,1.13,1.50
2012.03.30 19:15:05.927,0.81677,0.81718,3.38,2.85
2012.03.30 19:15:06.543,0.81679,0.81719,1.50,1.73
2012.03.30 19:15:09.245,0.8168,0.81719,1.13,1.54
2012.03.30 19:15:09.736,0.81677,0.81718,3.00,1.54
2012.03.30 19:15:10.486,0.81676,0.81714,1.50,1.50
2012.03.30 19:15:11.436,0.81671,0.81712,3.00,3.98
2012.03.30 19:15:14.366,0.81674,0.81712,1.50,3.23
2012.03.30 19:15:14.715,0.81676,0.81714,5.25,1.35
2012.03.30 19:15:21.784,0.81677,0.81714,2.25,1.35
2012.03.30 19:15:24.417,0.81676,0.81714,5.25,1.35
2012.03.30 19:15:24.874,0.81676,0.81712,2.25,1.35
2012.03.30 19:15:26.909,0.81677,0.81713,1.50,1.35
2012.03.30 19:15:27.658,0.81676,0.81717,2.25,3.38
2012.03.30 19:15:28.270,0.81673,0.81716,2.25,1.13
2012.03.30 19:15:30.247,0.81676,0.81716,1.50,1.13
2012.03.30 19:15:32.614,0.81677,0.81718,3.38,1.50
2012.03.30 19:15:38.787,0.81674,0.81713,1.50,1.13
2012.03.30 19:15:41.698,0.81673,0.81713,3.75,1.13
2012.03.30 19:15:47.748,0.81673,0.81713,3.19,1.13
2012.03.30 19:15:48.743,0.81671,0.81713,1.13,1.50
2012.03.30 19:15:49.988,0.81677,0.81714,1.13,3.00
2012.03.30 19:15:50.174,0.81681,0.81719,3.19,1.50
2012.03.30 19:15:51.108,0.81681,0.81719,2.44,1.50
2012.03.30 19:15:51.492,0.81681,0.81718,2.44,1.13
2012.03.30 19:15:53.818,0.81681,0.81719,2.44,1.50
2012.03.30 19:15:59.406,0.81681,0.81717,2.44,1.13
2012.03.30 19:16:01.608,0.81681,0.8172,2.63,1.50
2012.03.30 19:16:06.618,0.81681,0.81719,3.19,1.13
2012.03.30 19:16:14.855,0.81681,0.8172,2.63,1.50
2012.03.30 19:16:15.725,0.81681,0.8172,3.38,1.50
2012.03.30 19:16:21.766,0.81681,0.8172,2.63,1.50
2012.03.30 19:16:22.098,0.81681,0.8172,2.44,1.50
2012.03.30 19:16:22.652,0.81677,0.81713,3.19,1.13
2012.03.30 19:16:40.050,0.81676,0.81714,1.13,1.50
2012.03.30 19:16:48.188,0.81676,0.81714,1.50,1.13
2012.03.30 19:17:25.675,0.81672,0.81718,4.50,4.88
2012.03.30 19:17:26.026,0.81677,0.81718,1.13,5.25
2012.03.30 19:17:26.144,0.81681,0.81719,1.13,1.50
2012.03.30 19:17:26.695,0.81676,0.81714,1.50,1.13
2012.03.30 19:17:28.119,0.81673,0.81714,4.50,1.13
2012.03.30 19:17:35.516,0.81673,0.81714,3.00,1.13
2012.03.30 19:17:38.361,0.81673,0.81713,2.63,1.50
2012.03.30 19:17:38.425,0.81673,0.81713,2.63,1.50
2012.03.30 19:17:38.627,0.81671,0.81713,1.50,1.50
2012.03.30 19:17:39.138,0.81671,0.81711,1.13,1.50
2012.03.30 19:17:39.205,0.81668,0.81711,3.00,1.50
2012.03.30 19:17:41.768,0.81668,0.81712,3.00,1.50
2012.03.30 19:17:47.103,0.8167,0.8171,1.50,1.13
2012.03.30 19:17:47.391,0.81668,0.81708,3.19,2.25
2012.03.30 19:17:47.577,0.81668,0.81703,2.44,1.13
2012.03.30 19:17:47.710,0.81665,0.81708,1.50,3.00
2012.03.30 19:17:47.834,0.81665,0.81703,1.50,1.13
2012.03.30 19:17:55.988,0.81664,0.81702,2.63,1.54
2012.03.30 19:17:58.518,0.81658,0.81698,1.50,1.13
2012.03.30 19:17:58.721,0.81658,0.817,1.50,2.63
2012.03.30 19:17:58.942,0.81658,0.81698,1.50,1.13
2012.03.30 19:17:59.699,0.81662,0.817,1.13,3.19
2012.03.30 19:18:00.266,0.81663,0.81703,1.13,1.35
2012.03.30 19:18:00.809,0.81662,0.81702,1.13,1.54
2012.03.30 19:18:01.476,0.81663,0.81703,1.13,1.35
2012.03.30 19:18:02.118,0.81664,0.81704,1.13,1.50
2012.03.30 19:18:02.455,0.81666,0.81709,3.75,3.19
2012.03.30 19:18:03.474,0.81669,0.81709,2.25,3.19
2012.03.30 19:18:06.382,0.8167,0.8171,3.00,1.13
2012.03.30 19:18:09.049,0.8167,0.8171,2.63,1.50
2012.03.30 19:18:19.257,0.8167,0.8171,3.00,1.13
2012.03.30 19:18:21.927,0.8167,0.8171,3.00,1.13
2012.03.30 19:18:22.063,0.81666,0.81705,1.13,1.50
2012.03.30 19:18:23.747,0.81665,0.81705,2.63,1.50
2012.03.30 19:18:23.981,0.81665,0.81705,2.63,1.50
2012.03.30 19:18:26.948,0.81665,0.81703,3.00,1.13
2012.03.30 19:18:32.890,0.81662,0.81704,1.50,3.19
2012.03.30 19:18:34.756,0.81662,0.81704,1.13,3.75
2012.03.30 19:18:36.853,0.81664,0.81704,1.13,3.75
2012.03.30 19:18:36.979,0.81667,0.81704,1.50,3.19
2012.03.30 19:18:37.448,0.81665,0.81705,3.00,1.13
2012.03.30 19:18:37.515,0.81669,0.81705,2.44,1.13
2012.03.30 19:18:37.621,0.81669,0.81707,2.63,1.54
2012.03.30 19:18:38.447,0.81671,0.81711,1.13,1.50
2012.03.30 19:18:39.163,0.81672,0.81712,1.13,1.50
2012.03.30 19:18:39.592,0.81669,0.81712,4.50,1.50
2012.03.30 19:18:40.811,0.8167,0.81711,2.63,1.50
2012.03.30 19:18:48.068,0.81665,0.81704,1.50,1.13
2012.03.30 19:18:48.759,0.81669,0.81707,2.44,1.54
2012.03.30 19:18:49.095,0.81674,0.81713,2.44,1.13
2012.03.30 19:18:55.496,0.81674,0.8171,2.44,1.13
2012.03.30 19:18:59.760,0.81669,0.81712,3.00,3.19
2012.03.30 19:19:02.865,0.81669,0.8171,4.50,1.13
2012.03.30 19:19:04.756,0.8167,0.81712,2.25,3.19
2012.03.30 19:19:18.275,0.81672,0.81714,3.00,1.50
2012.03.30 19:19:18.429,0.81672,0.81714,3.75,1.50
2012.03.30 19:19:20.497,0.81677,0.81716,1.13,1.54
2012.03.30 19:19:23.105,0.81677,0.81716,3.00,1.54
2012.03.30 19:19:23.805,0.81677,0.81717,3.00,1.13
2012.03.30 19:19:25.320,0.81677,0.8172,3.00,1.50
2012.03.30 19:19:28.295,0.81677,0.81719,3.00,1.50
2012.03.30 19:19:35.769,0.81677,0.81718,4.50,1.13
2012.03.30 19:19:46.235,0.81678,0.81721,2.25,3.38
2012.03.30 19:19:50.549,0.81681,0.81721,3.00,1.13
2012.03.30 19:19:50.618,0.81681,0.81721,3.00,1.13
2012.03.30 19:19:50.747,0.81681,0.81715,2.44,1.13
2012.03.30 19:19:51.417,0.81677,0.81719,3.00,1.13
2012.03.30 19:19:52.225,0.81677,0.81719,3.00,1.13
2012.03.30 19:19:52.736,0.81681,0.81719,2.44,1.13
2012.03.30 19:19:53.919,0.81677,0.81717,2.63,1.50
2012.03.30 19:20:00.741,0.81676,0.81718,2.25,3.19
2012.03.30 19:20:00.866,0.81677,0.81719,1.50,1.50
2012.03.30 19:20:02.656,0.81676,0.81719,4.50,1.50
2012.03.30 19:20:02.727,0.81676,0.81716,3.00,1.13
2012.03.30 19:20:03.606,0.81673,0.81713,2.25,1.35
2012.03.30 19:20:03.739,0.81672,0.81713,3.00,1.73
2012.03.30 19:20:03.988,0.81667,0.81707,1.50,3.19
2012.03.30 19:20:04.578,0.8167,0.81702,1.13,2.25
2012.03.30 19:20:04.709,0.81672,0.81702,1.13,2.25
2012.03.30 19:20:04.777,0.81672,0.81711,1.13,1.50
2012.03.30 19:20:05.045,0.81672,0.81712,3.00,3.00
2012.03.30 19:20:07.009,0.81674,0.81717,2.25,1.50
2012.03.30 19:20:09.027,0.81677,0.81719,3.00,1.50
2012.03.30 19:20:11.657,0.81677,0.81715,2.63,1.50
2012.03.30 19:20:11.935,0.81673,0.81715,3.00,1.50
2012.03.30 19:20:13.363,0.81673,0.81715,3.00,1.50
2012.03.30 19:20:15.766,0.81677,0.81717,2.63,1.50
2012.03.30 19:20:23.208,0.81677,0.8172,3.00,1.50
2012.03.30 19:20:24.941,0.81677,0.8172,3.00,1.50
2012.03.30 19:20:25.866,0.81677,0.8172,3.00,1.50
2012.03.30 19:20:26.633,0.81677,0.81713,2.44,1.13
2012.03.30 19:20:26.929,0.81672,0.81713,3.00,1.13
2012.03.30 19:20:27.179,0.81676,0.81717,2.25,3.19
2012.03.30 19:20:27.428,0.81676,0.81714,2.63,1.50
2012.03.30 19:20:27.884,0.81666,0.81706,3.00,3.00
2012.03.30 19:20:32.689,0.81666,0.81706,2.25,3.00
2012.03.30 19:20:33.283,0.81665,0.81705,2.25,1.73
2012.03.30 19:20:33.661,0.81661,0.81704,3.00,1.50
2012.03.30 19:20:34.436,0.81661,0.81696,2.25,3.00
2012.03.30 19:20:34.678,0.81662,0.81696,1.50,2.25
2012.03.30 19:20:34.875,0.81662,0.81696,1.13,2.25
2012.03.30 19:20:43.988,0.81662,0.81696,1.13,2.25
2012.03.30 19:20:44.565,0.81658,0.81696,2.25,3.00
2012.03.30 19:20:47.886,0.81661,0.81696,1.13,2.25
2012.03.30 19:20:48.650,0.81661,0.81696,1.50,2.25
2012.03.30 19:20:50.898,0.8166,0.81696,2.25,3.00
2012.03.30 19:20:57.424,0.81661,0.81696,1.50,2.25
2012.03.30 19:20:57.487,0.81662,0.81701,2.25,3.19
2012.03.30 19:21:03.498,0.81666,0.81701,1.13,2.44
2012.03.30 19:21:03.625,0.81667,0.81701,2.25,2.25
2012.03.30 19:21:03.687,0.81672,0.81704,1.13,2.25
2012.03.30 19:21:03.756,0.81672,0.8171,1.13,1.54
2012.03.30 19:21:04.430,0.81667,0.81709,2.25,3.19
2012.03.30 19:21:04.817,0.81669,0.81709,2.25,3.00
2012.03.30 19:21:05.199,0.81669,0.81709,2.25,3.00
2012.03.30 19:21:17.928,0.81669,0.81709,2.25,3.00
2012.03.30 19:21:20.320,0.81669,0.81709,2.25,3.19
2012.03.30 19:21:20.758,0.81663,0.81702,3.00,1.13
2012.03.30 19:21:20.868,0.81667,0.81703,1.13,1.32
2012.03.30 19:21:20.938,0.81661,0.81698,1.50,2.44
2012.03.30 19:21:22.408,0.81661,0.81698,1.50,3.19
2012.03.30 19:21:23.957,0.81662,0.81698,1.13,3.19
2012.03.30 19:21:24.341,0.81662,0.81698,1.13,2.44
2012.03.30 19:21:24.453,0.81661,0.81698,1.50,2.44
2012.03.30 19:21:24.517,0.81663,0.81698,2.25,2.25
2012.03.30 19:21:24.720,0.81666,0.81703,1.50,3.19
2012.03.30 19:21:26.075,0.81663,0.81703,2.25,3.19
2012.03.30 19:21:28.475,0.81665,0.81703,2.25,3.00
2012.03.30 19:21:28.668,0.81666,0.81703,1.50,2.25
2012.03.30 19:21:29.192,0.81664,0.81703,1.13,2.44
2012.03.30 19:21:29.923,0.81661,0.81703,1.50,3.19
2012.03.30 19:21:31.008,0.81662,0.81703,2.25,3.38
2012.03.30 19:21:32.999,0.81671,0.81703,1.35,2.63
2012.03.30 19:21:33.313,0.81678,0.8171,2.25,2.10
2012.03.30 19:21:33.441,0.8167,0.81707,1.13,2.44
2012.03.30 19:21:33.508,0.81672,0.81707,3.00,2.25
2012.03.30 19:21:33.958,0.81672,0.81715,2.25,3.75
2012.03.30 19:21:34.027,0.81669,0.81712,4.50,1.13
2012.03.30 19:21:34.212,0.81669,0.81707,2.44,1.13
2012.03.30 19:21:34.799,0.81665,0.81704,1.35,3.00
2012.03.30 19:21:35.529,0.81665,0.81704,1.35,3.19
2012.03.30 19:21:36.880,0.81665,0.81704,2.10,2.44
2012.03.30 19:21:37.126,0.81667,0.8171,1.50,1.13
2012.03.30 19:21:37.599,0.8167,0.81713,2.25,3.38
2012.03.30 19:21:38.956,0.81671,0.81713,2.25,3.19
2012.03.30 19:21:39.397,0.81674,0.81713,2.25,3.00
2012.03.30 19:21:40.717,0.81678,0.81713,2.25,3.00
2012.03.30 19:21:41.927,0.81674,0.81716,2.25,1.32
2012.03.30 19:21:41.998,0.81674,0.81716,2.25,1.32
2012.03.30 19:21:42.143,0.81674,0.81714,2.25,3.00
2012.03.30 19:21:45.127,0.81674,0.81714,2.25,3.38
2012.03.30 19:21:45.202,0.81674,0.81714,2.25,3.38
2012.03.30 19:21:45.272,0.81672,0.81711,1.50,1.32
2012.03.30 19:21:46.156,0.81675,0.8171,1.13,2.44
2012.03.30 19:21:47.958,0.81671,0.8171,1.13,3.19
2012.03.30 19:21:48.182,0.81671,0.8171,1.13,3.75
2012.03.30 19:21:50.926,0.8167,0.8171,1.50,3.38
2012.03.30 19:21:52.240,0.81667,0.8171,3.00,3.38
2012.03.30 19:21:52.437,0.8167,0.8171,1.50,3.38
2012.03.30 19:21:52.798,0.8167,0.8171,1.13,3.75
2012.03.30 19:21:53.527,0.81666,0.8171,1.50,3.75
2012.03.30 19:21:54.677,0.8167,0.8171,1.13,3.75
2012.03.30 19:21:55.807,0.81671,0.8171,1.13,3.19
2012.03.30 19:21:59.278,0.81666,0.81709,1.50,1.50
2012.03.30 19:21:59.990,0.81666,0.81705,1.50,2.25
2012.03.30 19:22:02.190,0.81666,0.81705,1.50,2.44
2012.03.30 19:22:04.386,0.81666,0.81705,1.50,2.63
2012.03.30 19:22:04.975,0.81667,0.81705,1.50,2.63
2012.03.30 19:22:05.158,0.81669,0.81709,1.50,3.38
2012.03.30 19:22:07.205,0.81667,0.81709,1.50,3.38
2012.03.30 19:22:10.097,0.81667,0.81709,3.00,3.19
2012.03.30 19:22:13.071,0.81667,0.81709,1.50,3.38
2012.03.30 19:22:19.980,0.81669,0.81709,1.50,3.38
2012.03.30 19:22:20.049,0.81671,0.81709,1.13,3.19
2012.03.30 19:22:23.109,0.81667,0.81709,1.50,1.13
2012.03.30 19:22:24.343,0.81667,0.81707,1.50,1.13
2012.03.30 19:22:34.392,0.81664,0.81707,2.25,1.50
2012.03.30 19:22:34.562,0.81667,0.81707,1.13,1.50
2012.03.30 19:22:38.729,0.81664,0.81707,2.25,1.50
2012.03.30 19:22:39.246,0.81663,0.81706,2.25,1.50
2012.03.30 19:22:44.645,0.81662,0.81705,3.00,1.50
2012.03.30 19:22:46.549,0.81662,0.81702,1.50,1.13
2012.03.30 19:22:47.220,0.8166,0.81698,1.50,1.13
2012.03.30 19:22:48.045,0.81662,0.81703,3.75,1.13
2012.03.30 19:22:48.491,0.81668,0.81702,2.25,1.13
2012.03.30 19:22:55.056,0.81662,0.81702,3.75,1.13
2012.03.30 19:22:56.235,0.81661,0.81699,1.50,1.13
2012.03.30 19:22:57.680,0.81658,0.81699,4.50,1.13
2012.03.30 19:22:58.309,0.81656,0.81699,3.00,1.50
2012.03.30 19:23:04.147,0.81657,0.817,2.25,1.50
2012.03.30 19:23:07.358,0.81661,0.817,1.13,1.50
2012.03.30 19:23:09.510,0.81657,0.817,3.00,1.50
2012.03.30 19:23:16.654,0.81657,0.817,1.50,1.50
2012.03.30 19:23:17.709,0.81655,0.817,5.10,1.50
2012.03.30 19:23:18.897,0.81657,0.817,1.50,1.50
2012.03.30 19:23:19.245,0.81658,0.81701,2.25,3.19
2012.03.30 19:23:19.753,0.81662,0.81701,1.13,3.19
2012.03.30 19:23:20.054,0.81661,0.81703,2.63,1.50
2012.03.30 19:23:20.657,0.81662,0.81703,1.13,1.50
2012.03.30 19:23:22.255,0.81662,0.81701,1.50,1.13
2012.03.30 19:23:26.827,0.81662,0.81703,1.13,1.50
2012.03.30 19:23:28.360,0.81661,0.81703,2.63,1.50
2012.03.30 19:23:35.414,0.81661,0.81703,3.00,1.50
2012.03.30 19:23:44.967,0.81661,0.81703,3.75,1.50
2012.03.30 19:23:46.038,0.81662,0.81703,1.50,1.50
2012.03.30 19:23:48.945,0.81662,0.81704,1.13,2.10
2012.03.30 19:23:58.696,0.81661,0.81704,3.00,1.50
2012.03.30 19:23:59.723,0.81661,0.81701,3.00,1.13
2012.03.30 19:24:00.335,0.81666,0.81701,2.25,1.13
2012.03.30 19:24:05.125,0.81656,0.81696,3.75,1.13
2012.03.30 19:24:25.968,0.81656,0.81694,3.75,1.92
2012.03.30 19:24:26.038,0.81656,0.81693,3.38,1.17
2012.03.30 19:24:26.226,0.8165,0.81691,1.50,3.00
2012.03.30 19:24:29.134,0.81651,0.81692,3.00,1.13
2012.03.30 19:24:29.722,0.81651,0.81692,2.25,1.13
2012.03.30 19:24:30.068,0.8165,0.81692,2.63,1.50
2012.03.30 19:24:31.918,0.81652,0.8169,1.13,3.19
2012.03.30 19:24:32.735,0.81652,0.8169,1.50,3.19
2012.03.30 19:24:33.850,0.81652,0.8169,1.13,3.19
2012.03.30 19:24:35.884,0.81652,0.8169,1.50,3.38
2012.03.30 19:24:37.416,0.81649,0.8169,2.25,3.38
2012.03.30 19:24:38.172,0.81647,0.81685,1.13,3.19
2012.03.30 19:24:39.847,0.81647,0.81685,1.13,3.19
2012.03.30 19:24:46.790,0.81645,0.81685,1.13,3.75
2012.03.30 19:24:47.929,0.81642,0.81685,1.50,3.75
2012.03.30 19:24:56.039,0.81641,0.81684,5.10,1.13
2012.03.30 19:24:56.463,0.81646,0.81685,2.25,3.19
2012.03.30 19:24:56.531,0.81646,0.81685,2.25,3.19
2012.03.30 19:24:57.217,0.81646,0.81687,3.38,1.13
2012.03.30 19:24:57.721,0.81649,0.81687,3.00,1.13
2012.03.30 19:24:57.937,0.81649,0.81687,3.00,1.13
2012.03.30 19:24:59.228,0.81647,0.81685,1.13,1.50
2012.03.30 19:24:59.317,0.81649,0.81689,3.00,1.13
2012.03.30 19:25:00.058,0.81647,0.81685,1.50,1.13
2012.03.30 19:25:04.241,0.81645,0.81683,3.19,1.13
2012.03.30 19:25:09.963,0.81649,0.81684,2.25,1.50
2012.03.30 19:25:10.184,0.81649,0.81686,2.44,1.13
2012.03.30 19:25:11.688,0.81649,0.81686,2.44,1.13
2012.03.30 19:25:13.126,0.81642,0.81683,2.25,1.13
2012.03.30 19:25:13.197,0.81641,0.8168,2.10,1.13
2012.03.30 19:25:15.851,0.81641,0.81682,2.10,1.13
2012.03.30 19:25:16.377,0.81642,0.81683,1.50,1.13
2012.03.30 19:25:17.878,0.81645,0.81683,3.79,1.13
2012.03.30 19:25:19.386,0.81645,0.81688,3.79,2.25
2012.03.30 19:25:20.267,0.81645,0.81683,3.79,1.13
2012.03.30 19:25:20.708,0.81645,0.81688,3.79,3.00
2012.03.30 19:25:21.700,0.81645,0.81684,3.79,1.13
2012.03.30 19:25:22.068,0.81645,0.81684,1.35,1.50
2012.03.30 19:25:24.997,0.81644,0.81685,1.13,4.50
2012.03.30 19:25:25.222,0.81645,0.81683,1.13,1.50
2012.03.30 19:25:29.097,0.81647,0.81685,1.50,3.19
2012.03.30 19:25:32.106,0.81647,0.81685,1.50,3.00
2012.03.30 19:25:33.907,0.81645,0.81685,2.25,3.00
2012.03.30 19:25:34.078,0.81642,0.81685,3.00,3.19
2012.03.30 19:25:43.231,0.81646,0.81685,2.25,3.00
2012.03.30 19:25:46.146,0.81646,0.81685,2.25,3.19
2012.03.30 19:25:49.845,0.81646,0.81685,2.25,3.00
2012.03.30 19:25:49.968,0.81652,0.81691,2.25,3.19
2012.03.30 19:25:59.932,0.81649,0.81686,2.25,3.00
2012.03.30 19:26:12.217,0.81649,0.81686,2.25,3.00
2012.03.30 19:26:20.912,0.81652,0.81686,1.13,2.25
2012.03.30 19:26:21.109,0.81652,0.8169,1.13,3.57
2012.03.30 19:26:21.178,0.81652,0.8169,1.50,3.38
2012.03.30 19:26:21.475,0.81654,0.8169,1.50,2.25
2012.03.30 19:26:21.537,0.81657,0.8169,2.25,2.25
2012.03.30 19:26:21.606,0.81657,0.81693,2.25,2.85
2012.03.30 19:26:24.568,0.81657,0.81693,2.25,2.25
2012.03.30 19:26:25.171,0.81657,0.81693,2.25,2.63
2012.03.30 19:26:25.359,0.81655,0.81689,2.25,1.73
2012.03.30 19:26:25.426,0.81655,0.81685,2.25,2.25
2012.03.30 19:26:25.977,0.81655,0.81684,2.25,1.13
2012.03.30 19:26:26.050,0.81647,0.81684,3.00,1.13
2012.03.30 19:26:26.116,0.81647,0.8168,3.00,2.25
2012.03.30 19:26:26.659,0.81646,0.8168,1.13,2.25
2012.03.30 19:26:28.864,0.81643,0.8168,1.13,2.44
2012.03.30 19:26:29.627,0.8164,0.8168,1.73,3.00
2012.03.30 19:26:32.176,0.8164,0.8168,1.73,3.75
2012.03.30 19:26:34.292,0.8164,0.81679,1.54,1.13
2012.03.30 19:26:35.646,0.8164,0.8168,1.54,2.63
2012.03.30 19:26:37.367,0.8164,0.8168,1.73,3.00
2012.03.30 19:26:40.339,0.8164,0.8168,1.54,3.00
2012.03.30 19:26:41.659,0.81643,0.8168,1.50,2.25
2012.03.30 19:26:42.018,0.81647,0.81685,1.50,3.00
2012.03.30 19:26:42.657,0.81647,0.81685,1.13,3.75
2012.03.30 19:26:49.803,0.81646,0.81684,1.50,1.13
2012.03.30 19:27:02.338,0.81647,0.81685,1.13,3.75
2012.03.30 19:27:02.567,0.81648,0.81685,2.25,3.00
2012.03.30 19:27:08.607,0.81647,0.81688,3.00,1.54
2012.03.30 19:27:09.492,0.8165,0.81688,2.25,1.35
2012.03.30 19:27:12.018,0.81648,0.81688,2.25,1.35
2012.03.30 19:27:13.669,0.8165,0.81688,2.25,1.35
2012.03.30 19:27:20.682,0.81648,0.81688,2.25,1.54
2012.03.30 19:27:23.757,0.81647,0.81688,3.00,1.54
2012.03.30 19:27:36.310,0.81647,0.81691,2.25,3.00
2012.03.30 19:27:41.720,0.81647,0.81688,2.25,1.13
2012.03.30 19:27:47.407,0.81648,0.81689,2.25,1.13
2012.03.30 19:27:48.780,0.81651,0.81689,1.50,1.13
2012.03.30 19:27:49.388,0.81652,0.81691,1.13,3.19
2012.03.30 19:27:56.978,0.81651,0.81691,2.10,1.13
2012.03.30 19:28:00.061,0.81652,0.81691,1.50,1.13
2012.03.30 19:28:00.741,0.81651,0.81691,2.10,1.13
2012.03.30 19:28:02.963,0.81652,0.81693,2.25,1.13
2012.03.30 19:28:04.027,0.81652,0.81693,2.25,1.13
2012.03.30 19:28:04.918,0.81652,0.81693,2.25,1.13
2012.03.30 19:28:05.578,0.81652,0.81693,2.25,1.13
2012.03.30 19:28:05.957,0.81652,0.81692,2.25,3.19
2012.03.30 19:28:06.040,0.8165,0.81691,2.25,1.13
2012.03.30 19:28:06.532,0.81653,0.81692,2.25,3.19
2012.03.30 19:28:06.679,0.81653,0.81692,2.25,3.19
2012.03.30 19:28:09.162,0.81653,0.81692,2.25,3.19
2012.03.30 19:28:09.721,0.81651,0.81692,2.25,3.38
2012.03.30 19:28:10.671,0.81648,0.81691,2.25,1.13
2012.03.30 19:28:12.986,0.81651,0.81692,1.50,3.19
2012.03.30 19:28:13.207,0.81651,0.81693,3.00,1.13
2012.03.30 19:28:14.070,0.81648,0.81691,2.25,1.13
2012.03.30 19:28:17.371,0.81651,0.81692,2.25,3.38
2012.03.30 19:28:17.439,0.81652,0.81692,1.50,3.38
2012.03.30 19:28:17.698,0.81656,0.8169,2.25,3.00
2012.03.30 19:28:19.756,0.81654,0.81695,2.25,3.38
2012.03.30 19:28:27.378,0.81653,0.81695,2.25,3.00
2012.03.30 19:28:28.257,0.81653,0.81695,2.25,3.19
2012.03.30 19:28:32.100,0.81652,0.81695,3.00,3.00
2012.03.30 19:28:33.198,0.81655,0.81699,2.63,3.19
2012.03.30 19:28:33.527,0.81655,0.81699,4.50,3.19
2012.03.30 19:28:37.042,0.81657,0.81698,1.50,1.13
2012.03.30 19:28:37.111,0.81655,0.81698,4.50,1.13
2012.03.30 19:28:37.178,0.81657,0.81698,1.50,1.13
2012.03.30 19:28:37.287,0.81659,0.81699,2.25,3.19
2012.03.30 19:28:38.885,0.81662,0.81701,1.50,1.13
2012.03.30 19:28:42.449,0.81659,0.81701,2.25,1.13
2012.03.30 19:28:43.651,0.81658,0.81701,3.00,1.50
2012.03.30 19:28:44.676,0.81661,0.81701,1.13,1.50
2012.03.30 19:28:46.180,0.81662,0.81702,1.13,1.13
2012.03.30 19:28:47.907,0.81658,0.81702,4.50,1.13
2012.03.30 19:28:49.258,0.81658,0.81699,2.25,3.19
2012.03.30 19:28:50.141,0.81661,0.81699,2.25,3.00
2012.03.30 19:28:51.349,0.81657,0.81699,2.25,3.19
2012.03.30 19:28:59.160,0.81661,0.81703,2.25,3.19
2012.03.30 19:28:59.750,0.81662,0.81703,1.50,3.19
2012.03.30 19:29:00.167,0.81666,0.81703,1.13,3.19
2012.03.30 19:29:00.954,0.81661,0.81703,3.00,3.19
2012.03.30 19:29:02.313,0.81666,0.81703,1.13,2.44
2012.03.30 19:29:04.673,0.81662,0.81703,1.50,3.19
2012.03.30 19:29:06.700,0.81666,0.81703,1.13,3.19
2012.03.30 19:29:08.677,0.81661,0.81703,3.00,3.19
2012.03.30 19:29:10.171,0.81661,0.81703,1.50,3.19
2012.03.30 19:29:13.139,0.81661,0.81702,3.00,1.13
2012.03.30 19:29:13.736,0.81664,0.81703,1.50,3.38
2012.03.30 19:29:18.860,0.81661,0.81702,3.00,1.13
2012.03.30 19:29:18.986,0.81661,0.81701,1.50,1.13
2012.03.30 19:29:20.828,0.81661,0.817,1.50,2.44
2012.03.30 19:29:21.882,0.81664,0.817,1.13,2.44
2012.03.30 19:29:24.487,0.81664,0.817,1.13,2.44
2012.03.30 19:29:29.970,0.81662,0.817,1.50,2.63
2012.03.30 19:29:30.645,0.81661,0.817,1.50,3.38
2012.03.30 19:29:30.766,0.81659,0.81696,1.13,2.44
2012.03.30 19:29:30.970,0.81659,0.81696,1.13,2.44
2012.03.30 19:29:31.178,0.81661,0.81699,1.50,2.44
2012.03.30 19:29:34.197,0.81661,0.81699,1.50,3.57
2012.03.30 19:29:34.267,0.8166,0.81699,1.13,4.13
2012.03.30 19:29:36.791,0.81656,0.81696,1.50,3.19
2012.03.30 19:29:40.662,0.81659,0.81696,1.13,2.44
2012.03.30 19:29:41.200,0.8166,0.81696,1.13,2.44
2012.03.30 19:29:42.096,0.81658,0.81696,1.13,3.00
2012.03.30 19:29:43.252,0.81657,0.81691,1.13,2.25
2012.03.30 19:29:43.619,0.81654,0.81691,1.50,2.25
2012.03.30 19:29:47.800,0.81656,0.81691,1.50,2.25
2012.03.30 19:29:49.400,0.81653,0.81691,2.25,3.00
2012.03.30 19:29:50.768,0.81652,0.81691,2.25,3.19
2012.03.30 19:29:51.500,0.81655,0.81691,1.50,2.44
2012.03.30 19:29:53.629,0.81656,0.81691,1.13,2.25
2012.03.30 19:30:00.489,0.81654,0.81694,1.50,1.13
2012.03.30 19:30:00.616,0.81656,0.81696,1.50,3.79
2012.03.30 19:30:03.710,0.81656,0.81696,1.50,3.79
2012.03.30 19:30:04.907,0.81654,0.81696,2.25,3.79
2012.03.30 19:30:04.977,0.81652,0.81693,1.50,1.50
2012.03.30 19:30:05.110,0.81652,0.81688,1.50,2.25
2012.03.30 19:30:05.586,0.81652,0.81691,1.50,2.44
2012.03.30 19:30:05.646,0.81652,0.81691,1.50,3.19
2012.03.30 19:30:05.953,0.81653,0.81691,2.25,3.00
2012.03.30 19:30:08.278,0.81652,0.81691,1.50,3.00
2012.03.30 19:30:09.203,0.81654,0.81691,1.50,2.25
2012.03.30 19:30:11.259,0.81657,0.81691,1.13,2.44
2012.03.30 19:30:15.001,0.81661,0.81691,2.25,2.25
2012.03.30 19:30:16.099,0.81658,0.81691,2.25,2.25
2012.03.30 19:30:16.905,0.81657,0.81691,1.13,2.44
2012.03.30 19:30:34.437,0.81655,0.81691,1.50,2.25
2012.03.30 19:30:35.978,0.81655,0.81691,1.50,2.25
2012.03.30 19:30:39.428,0.81656,0.81691,1.50,2.25
2012.03.30 19:30:39.556,0.81657,0.81696,1.50,3.04
2012.03.30 19:30:41.311,0.81656,0.81696,1.50,3.79
2012.03.30 19:30:44.269,0.81657,0.81696,1.50,3.42
2012.03.30 19:30:44.399,0.81656,0.81694,1.50,1.32
2012.03.30 19:30:44.468,0.81656,0.81695,1.50,1.50
2012.03.30 19:30:44.598,0.81656,0.81691,1.50,2.25
2012.03.30 19:30:45.379,0.81655,0.81691,1.13,2.44
2012.03.30 19:30:45.569,0.81655,0.81687,1.13,2.25
2012.03.30 19:30:46.086,0.81651,0.81687,1.50,2.44
2012.03.30 19:30:48.996,0.8165,0.81687,1.50,2.44
2012.03.30 19:31:02.208,0.81649,0.81687,1.50,2.44
2012.03.30 19:31:08.697,0.81649,0.81687,1.50,2.44
2012.03.30 19:31:08.889,0.81649,0.81683,1.50,2.25
2012.03.30 19:31:09.489,0.81648,0.81683,1.13,2.25
2012.03.30 19:31:18.615,0.81646,0.81683,1.13,2.82
2012.03.30 19:31:19.701,0.81646,0.81679,1.13,2.25
2012.03.30 19:31:29.040,0.81641,0.81679,1.50,2.63
2012.03.30 19:31:30.690,0.81644,0.81679,1.13,2.25
2012.03.30 19:31:31.774,0.81644,0.81683,1.13,2.44
2012.03.30 19:31:36.960,0.81642,0.81683,1.50,2.63
2012.03.30 19:31:37.030,0.81651,0.81683,1.13,2.25
2012.03.30 19:31:37.159,0.81651,0.81689,1.13,2.29
2012.03.30 19:31:37.226,0.8165,0.81686,3.00,1.35
2012.03.30 19:31:37.518,0.81651,0.81689,1.13,2.85
2012.03.30 19:31:43.457,0.81649,0.81692,1.50,3.00
2012.03.30 19:31:45.318,0.81649,0.81689,1.50,1.13
2012.03.30 19:31:45.886,0.81649,0.81692,1.50,3.00
2012.03.30 19:31:46.170,0.81647,0.81687,1.13,3.38
2012.03.30 19:31:48.519,0.81646,0.81683,1.13,2.44
2012.03.30 19:31:52.698,0.81645,0.81683,1.13,2.44
2012.03.30 19:31:53.199,0.81645,0.81688,1.13,5.10
2012.03.30 19:31:53.784,0.81649,0.81688,1.13,3.60
2012.03.30 19:31:59.519,0.81649,0.81688,1.13,3.04
2012.03.30 19:32:00.391,0.81647,0.81688,1.50,3.00
2012.03.30 19:32:00.509,0.8165,0.81688,1.13,2.44
2012.03.30 19:32:00.939,0.8165,0.81688,1.13,2.44
2012.03.30 19:32:06.284,0.8165,0.81688,1.13,2.44
2012.03.30 19:32:11.058,0.81649,0.81688,1.50,2.63
2012.03.30 19:32:13.926,0.8165,0.81688,1.13,2.44
2012.03.30 19:32:20.080,0.81649,0.81688,1.50,2.44
2012.03.30 19:32:21.928,0.81649,0.81688,1.50,2.44
2012.03.30 19:32:22.235,0.81649,0.81687,1.50,2.29
2012.03.30 19:32:22.679,0.81647,0.81683,1.50,1.13
2012.03.30 19:32:22.748,0.81643,0.81683,1.50,1.50
2012.03.30 19:32:22.816,0.81643,0.81679,1.50,2.25
2012.03.30 19:32:23.500,0.81643,0.81683,1.50,2.63
2012.03.30 19:32:23.602,0.81648,0.81683,1.13,2.44
2012.03.30 19:32:24.946,0.81642,0.81683,1.50,3.00
2012.03.30 19:32:25.478,0.81642,0.81679,1.50,2.25
2012.03.30 19:32:25.618,0.81648,0.81684,1.13,3.04
2012.03.30 19:32:27.189,0.81644,0.81684,1.50,3.23
2012.03.30 19:32:27.416,0.81644,0.81683,1.50,1.35
2012.03.30 19:32:27.798,0.81644,0.81674,1.50,2.25
2012.03.30 19:32:28.265,0.81642,0.81674,1.13,2.25
2012.03.30 19:32:31.184,0.81642,0.81674,1.13,2.25
2012.03.30 19:32:31.246,0.81641,0.81674,1.50,2.25
2012.03.30 19:32:31.360,0.81641,0.81674,1.50,2.25
2012.03.30 19:32:31.427,0.81641,0.81684,1.50,1.35
2012.03.30 19:32:31.489,0.81649,0.81688,1.50,3.00
2012.03.30 19:32:33.216,0.81649,0.81688,1.50,2.63
2012.03.30 19:32:34.417,0.8165,0.81692,1.13,3.00
2012.03.30 19:32:42.241,0.8165,0.8169,1.13,1.50
2012.03.30 19:32:49.659,0.8165,0.81692,1.13,3.00
2012.03.30 19:32:50.501,0.8165,0.8169,1.13,1.50
2012.03.30 19:32:51.117,0.8165,0.81692,1.13,3.00
2012.03.30 19:32:57.108,0.8165,0.8169,1.13,1.50
2012.03.30 19:33:02.022,0.8165,0.81692,1.13,3.00
2012.03.30 19:33:05.132,0.81653,0.81692,1.50,2.44
2012.03.30 19:33:05.680,0.81651,0.81692,1.50,3.19
2012.03.30 19:33:07.127,0.81653,0.81692,1.50,2.44
2012.03.30 19:33:07.718,0.81651,0.81692,3.00,3.19
2012.03.30 19:33:12.634,0.81656,0.81692,1.13,2.44
2012.03.30 19:33:14.521,0.81652,0.81692,1.50,3.19
2012.03.30 19:33:14.595,0.81651,0.81684,1.13,2.25
2012.03.30 19:33:15.937,0.81652,0.81684,1.50,2.25
2012.03.30 19:33:16.137,0.81652,0.81688,1.50,2.44
2012.03.30 19:33:17.232,0.81652,0.81688,1.50,2.25
2012.03.30 19:33:17.969,0.81651,0.81688,1.13,2.44
2012.03.30 19:33:18.110,0.81651,0.81685,1.13,2.25
2012.03.30 19:33:19.655,0.81648,0.81685,1.50,2.25
2012.03.30 19:33:22.840,0.81649,0.81685,1.13,2.44
2012.03.30 19:33:27.350,0.81648,0.81685,1.50,2.25
2012.03.30 19:33:29.663,0.81646,0.81685,1.50,2.44
2012.03.30 19:33:34.856,0.81649,0.81685,1.13,2.44
2012.03.30 19:33:35.461,0.81649,0.81685,1.13,2.44
2012.03.30 19:33:38.026,0.81646,0.81685,1.50,3.19
2012.03.30 19:33:38.629,0.81649,0.81685,1.13,2.44
2012.03.30 19:33:42.396,0.81646,0.81685,1.50,3.19
2012.03.30 19:33:44.986,0.81649,0.81685,1.13,2.44
2012.03.30 19:33:45.727,0.81646,0.81685,1.50,3.19
2012.03.30 19:33:48.370,0.81649,0.81685,1.13,2.44
2012.03.30 19:34:04.809,0.81646,0.81685,1.13,2.44
2012.03.30 19:34:04.879,0.81646,0.81685,1.13,3.19
2012.03.30 19:34:05.397,0.81642,0.81681,1.50,2.25
2012.03.30 19:34:05.468,0.81642,0.81681,1.13,2.44
2012.03.30 19:34:07.247,0.81642,0.81681,1.50,2.63
2012.03.30 19:34:13.946,0.81642,0.81681,3.00,2.44
2012.03.30 19:34:21.455,0.81642,0.81681,1.50,2.44
2012.03.30 19:34:21.749,0.81642,0.81681,1.50,2.25
2012.03.30 19:34:23.398,0.81642,0.81681,1.13,2.44
2012.03.30 19:34:32.970,0.81642,0.81681,1.50,2.44
2012.03.30 19:34:35.059,0.81642,0.81683,1.50,3.38
2012.03.30 19:34:36.976,0.8164,0.81683,1.50,4.13
2012.03.30 19:34:40.010,0.81641,0.81678,1.13,2.82
2012.03.30 19:34:44.162,0.81641,0.81678,1.13,2.82
2012.03.30 19:34:44.228,0.81637,0.81678,1.13,4.13
2012.03.30 19:34:44.489,0.81636,0.81674,1.13,3.57
2012.03.30 19:34:44.559,0.81633,0.8167,1.13,2.82
2012.03.30 19:34:44.966,0.81636,0.81674,1.50,3.00
2012.03.30 19:34:48.041,0.81632,0.81674,3.00,3.57
2012.03.30 19:34:49.042,0.81632,0.81673,1.50,1.13
2012.03.30 19:34:49.817,0.81632,0.81671,1.50,3.00
2012.03.30 19:34:50.690,0.81627,0.81666,2.25,2.25
2012.03.30 19:34:55.865,0.81626,0.81666,3.00,2.25
2012.03.30 19:34:57.459,0.81632,0.81666,1.50,2.25
2012.03.30 19:34:57.901,0.81637,0.81666,1.13,2.25
2012.03.30 19:34:57.972,0.81637,0.81674,1.13,2.44
2012.03.30 19:35:08.960,0.81637,0.81674,1.13,2.44
2012.03.30 19:35:16.984,0.81637,0.81674,1.50,2.44
2012.03.30 19:35:18.738,0.81637,0.81674,1.50,2.25
2012.03.30 19:35:28.423,0.81637,0.81674,1.50,2.44
2012.03.30 19:35:28.981,0.81635,0.81674,2.25,3.19
2012.03.30 19:35:34.959,0.81637,0.81675,1.13,1.92
2012.03.30 19:35:37.109,0.81636,0.81675,1.50,3.42
2012.03.30 19:35:39.708,0.81636,0.81675,1.50,3.79
2012.03.30 19:35:39.794,0.81637,0.81675,2.25,1.35
2012.03.30 19:35:42.119,0.81637,0.81678,3.00,1.92
2012.03.30 19:35:42.187,0.81637,0.81676,1.50,1.17
2012.03.30 19:35:44.594,0.81637,0.81674,1.13,2.44
2012.03.30 19:35:46.248,0.8164,0.81674,1.13,2.25
2012.03.30 19:35:46.377,0.8164,0.81678,1.13,2.44
2012.03.30 19:35:49.238,0.81639,0.81678,1.50,2.63
2012.03.30 19:35:50.531,0.81637,0.81677,1.50,1.13
2012.03.30 19:35:50.661,0.81635,0.81675,1.50,1.13
2012.03.30 19:35:51.687,0.81637,0.81677,1.50,1.13
2012.03.30 19:35:54.966,0.81636,0.81674,1.50,1.13
2012.03.30 19:35:57.188,0.81634,0.81673,1.50,1.13
2012.03.30 19:36:00.245,0.81632,0.81674,1.13,1.50
2012.03.30 19:36:01.315,0.81629,0.81674,2.25,1.50
2012.03.30 19:36:02.478,0.81632,0.81675,3.00,3.75
2012.03.30 19:36:05.627,0.81632,0.81675,1.50,1.50
2012.03.30 19:36:06.446,0.81631,0.81674,1.50,3.19
2012.03.30 19:36:08.598,0.81632,0.81674,2.25,3.38
2012.03.30 19:36:10.030,0.81632,0.81674,2.25,3.19
2012.03.30 19:36:21.376,0.81633,0.81674,2.25,3.19
2012.03.30 19:36:21.441,0.81633,0.81674,2.25,3.19
2012.03.30 19:36:23.919,0.81633,0.81674,2.25,3.19
2012.03.30 19:36:30.038,0.81633,0.81674,2.25,3.19
2012.03.30 19:36:32.535,0.81632,0.81674,2.25,3.19
2012.03.30 19:36:32.695,0.81632,0.81674,3.00,3.19
2012.03.30 19:36:33.774,0.81638,0.81678,2.25,3.57
2012.03.30 19:36:44.481,0.81636,0.81677,2.25,1.13
2012.03.30 19:36:45.692,0.81632,0.81675,2.25,3.57
2012.03.30 19:36:48.219,0.81636,0.81675,2.25,3.19
2012.03.30 19:36:53.018,0.81636,0.81675,2.25,3.19
2012.03.30 19:37:01.607,0.81636,0.81675,2.25,3.19
2012.03.30 19:37:12.087,0.81637,0.81678,1.50,3.75
2012.03.30 19:37:15.100,0.81635,0.81678,2.25,3.19
2012.03.30 19:37:18.880,0.81636,0.81678,1.50,3.38
2012.03.30 19:37:30.208,0.81635,0.81678,2.25,3.19
2012.03.30 19:37:30.603,0.81635,0.81678,2.25,3.19
2012.03.30 19:37:30.717,0.81635,0.81678,2.25,3.19
2012.03.30 19:37:32.556,0.81637,0.81678,2.25,3.19
2012.03.30 19:37:36.927,0.81637,0.81678,2.25,3.19
2012.03.30 19:37:37.587,0.81637,0.81678,3.00,3.19
2012.03.30 19:37:37.657,0.8164,0.81678,2.25,3.00
2012.03.30 19:37:37.967,0.8164,0.81683,2.25,3.38
2012.03.30 19:37:38.538,0.81644,0.81685,2.25,1.13
2012.03.30 19:37:40.531,0.81644,0.81685,2.25,1.13
2012.03.30 19:37:40.940,0.81645,0.81688,2.25,1.13
2012.03.30 19:37:41.008,0.81648,0.8169,2.25,3.19
2012.03.30 19:37:44.039,0.8165,0.8169,2.25,3.19
2012.03.30 19:37:45.400,0.8165,0.8169,2.25,3.19
2012.03.30 19:37:47.010,0.8165,0.8169,2.25,3.19
2012.03.30 19:37:48.798,0.8165,0.8169,2.25,3.19
2012.03.30 19:37:49.147,0.8165,0.8169,2.25,3.19
2012.03.30 19:37:56.771,0.81649,0.8169,2.25,3.19
2012.03.30 19:38:02.941,0.81649,0.8169,2.25,3.19
2012.03.30 19:38:03.768,0.81649,0.8169,2.25,3.19
2012.03.30 19:38:11.966,0.81649,0.8169,2.25,3.19
2012.03.30 19:38:12.766,0.81649,0.8169,2.25,3.19
2012.03.30 19:38:14.808,0.81648,0.8169,2.25,3.19
2012.03.30 19:38:20.095,0.81647,0.8169,2.25,3.19
2012.03.30 19:38:20.748,0.81649,0.8169,2.25,3.38
2012.03.30 19:38:21.930,0.81649,0.8169,2.25,3.38
2012.03.30 19:38:23.322,0.8165,0.8169,2.25,3.19
2012.03.30 19:38:50.415,0.8165,0.8169,2.25,3.19
2012.03.30 19:39:20.890,0.8165,0.81689,2.25,1.32
2012.03.30 19:39:20.958,0.81646,0.81688,3.00,1.32
2012.03.30 19:39:21.929,0.81646,0.81687,2.25,3.19
2012.03.30 19:39:22.175,0.81649,0.8169,2.25,3.19
2012.03.30 19:39:24.798,0.81649,0.8169,2.25,3.19
2012.03.30 19:39:31.716,0.81649,0.8169,2.25,3.19
2012.03.30 19:39:35.947,0.81649,0.8169,2.25,3.19
2012.03.30 19:39:38.757,0.81649,0.8169,2.25,3.19
2012.03.30 19:39:40.467,0.81649,0.8169,2.25,3.19
2012.03.30 19:39:42.608,0.81649,0.8169,2.25,3.19
2012.03.30 19:39:42.744,0.81652,0.8169,2.25,3.00
2012.03.30 19:39:46.676,0.81652,0.81693,2.25,1.13
2012.03.30 19:39:46.746,0.81645,0.81682,2.25,1.13
2012.03.30 19:39:47.541,0.81646,0.8169,1.50,1.50
2012.03.30 19:39:47.609,0.81649,0.81692,2.25,1.13
2012.03.30 19:39:48.778,0.81651,0.81694,2.25,3.75
2012.03.30 19:39:52.176,0.81651,0.81694,2.25,3.75
2012.03.30 19:39:52.397,0.81651,0.81694,2.25,3.75
2012.03.30 19:39:53.937,0.81651,0.81694,2.25,3.75
2012.03.30 19:39:55.698,0.81651,0.81694,2.25,3.38
2012.03.30 19:39:59.477,0.8165,0.81691,2.25,1.13
2012.03.30 19:40:01.989,0.81657,0.81691,2.25,2.25
2012.03.30 19:40:02.521,0.81657,0.81699,2.25,3.19
2012.03.30 19:40:02.598,0.81657,0.81699,2.25,3.19
2012.03.30 19:40:03.656,0.81657,0.81702,2.25,1.13
2012.03.30 19:40:05.670,0.81657,0.81702,2.25,1.13
2012.03.30 19:40:06.363,0.81657,0.81699,2.25,3.19
2012.03.30 19:40:09.160,0.81654,0.81696,2.25,1.13
2012.03.30 19:40:12.134,0.81653,0.81695,2.25,1.13
2012.03.30 19:40:14.549,0.81651,0.81695,2.25,1.13
2012.03.30 19:40:17.752,0.81652,0.81696,1.13,1.50
2012.03.30 19:40:18.622,0.81652,0.81692,1.13,1.50
2012.03.30 19:40:20.161,0.81652,0.81694,3.00,3.19
2012.03.30 19:40:21.515,0.81653,0.81693,2.63,1.50
2012.03.30 19:40:24.689,0.81652,0.81693,1.13,1.50
2012.03.30 19:40:27.073,0.81649,0.81693,3.00,1.50
2012.03.30 19:40:27.239,0.81652,0.81693,1.13,1.50
2012.03.30 19:40:27.730,0.81649,0.81687,3.00,1.13
2012.03.30 19:40:27.800,0.81649,0.81685,2.44,1.50
2012.03.30 19:40:30.719,0.81645,0.81685,1.50,3.38
2012.03.30 19:40:54.305,0.81642,0.81685,4.50,3.38
2012.03.30 19:40:54.807,0.81641,0.81682,3.00,1.13
2012.03.30 19:40:55.853,0.81644,0.81683,1.50,1.13
2012.03.30 19:41:03.932,0.81646,0.81685,1.13,3.19
2012.03.30 19:41:04.001,0.81646,0.81685,1.13,2.44
2012.03.30 19:41:06.402,0.81645,0.81685,1.50,2.63
2012.03.30 19:41:23.205,0.81647,0.81685,1.13,2.44
2012.03.30 19:41:24.339,0.81647,0.81685,1.13,2.44
2012.03.30 19:41:26.232,0.81645,0.81685,1.50,2.63
2012.03.30 19:41:26.531,0.81644,0.81687,1.50,2.25
2012.03.30 19:41:29.518,0.81645,0.81686,1.13,2.25
2012.03.30 19:41:35.347,0.81646,0.81687,1.13,2.25
2012.03.30 19:41:38.318,0.81644,0.81688,1.50,1.50
2012.03.30 19:41:43.269,0.81645,0.81686,1.13,2.25
2012.03.30 19:41:49.668,0.81646,0.81687,1.13,2.25
2012.03.30 19:41:49.999,0.81646,0.81687,1.13,2.25
2012.03.30 19:41:50.301,0.8165,0.81689,1.13,1.50
2012.03.30 19:41:52.287,0.8165,0.81689,1.50,1.13
2012.03.30 19:41:56.763,0.81649,0.81688,3.00,1.13
2012.03.30 19:41:57.558,0.8165,0.81689,1.50,1.13
2012.03.30 19:42:15.168,0.8165,0.81693,1.50,5.25
2012.03.30 19:42:15.230,0.81654,0.81693,3.38,1.50
2012.03.30 19:42:16.150,0.81654,0.81693,3.75,1.13
2012.03.30 19:42:23.751,0.81652,0.81692,1.50,1.13
2012.03.30 19:42:23.989,0.81652,0.8169,1.50,1.13
2012.03.30 19:42:25.758,0.81652,0.81693,1.50,1.50
2012.03.30 19:42:25.818,0.81653,0.81693,1.50,1.13
2012.03.30 19:42:26.956,0.81653,0.81693,3.00,1.13
2012.03.30 19:42:27.108,0.81651,0.81691,1.50,1.13
2012.03.30 19:42:27.949,0.81652,0.81694,1.50,4.13
2012.03.30 19:42:29.786,0.81656,0.81694,1.13,4.13
2012.03.30 19:42:29.929,0.81652,0.81694,1.50,4.13
2012.03.30 19:42:30.349,0.81656,0.81694,1.13,4.13
2012.03.30 19:42:30.816,0.81654,0.81694,1.50,3.75
2012.03.30 19:42:32.130,0.81656,0.81695,1.50,1.13
2012.03.30 19:42:33.558,0.81653,0.81694,3.19,1.50
2012.03.30 19:42:35.319,0.81655,0.81693,1.13,3.38
2012.03.30 19:42:35.477,0.81655,0.81693,1.13,3.00
2012.03.30 19:42:37.198,0.81654,0.81697,1.50,1.13
2012.03.30 19:42:38.100,0.81661,0.81698,1.13,3.19
2012.03.30 19:42:38.478,0.81661,0.81701,1.13,3.00
2012.03.30 19:42:38.948,0.81661,0.81701,1.50,2.63
2012.03.30 19:42:40.371,0.81661,0.81701,1.50,3.38
2012.03.30 19:42:40.500,0.81662,0.81701,1.50,3.19
2012.03.30 19:42:42.579,0.81662,0.81703,1.13,1.50
2012.03.30 19:42:47.668,0.81663,0.81703,1.13,1.50
2012.03.30 19:42:48.888,0.81661,0.81703,3.38,1.50
2012.03.30 19:42:53.513,0.81661,0.81701,3.75,1.13
2012.03.30 19:42:56.486,0.81661,0.81704,3.75,1.50
2012.03.30 19:42:58.566,0.81661,0.81704,3.00,1.50
2012.03.30 19:42:59.437,0.81661,0.81704,3.75,1.50
2012.03.30 19:43:00.330,0.81661,0.81702,3.75,1.50
2012.03.30 19:43:07.040,0.81663,0.81704,1.50,1.50
2012.03.30 19:43:14.940,0.81662,0.81703,1.50,1.50
2012.03.30 19:43:28.617,0.81661,0.81699,3.75,1.13
2012.03.30 19:43:29.596,0.81662,0.81703,1.50,1.50
2012.03.30 19:43:34.332,0.81662,0.81703,3.00,1.13
2012.03.30 19:43:42.615,0.81662,0.81703,1.50,1.50
2012.03.30 19:43:43.455,0.81663,0.81703,1.50,1.13
2012.03.30 19:43:46.788,0.81666,0.81704,1.13,1.50
2012.03.30 19:43:48.660,0.81667,0.81705,1.13,1.32
2012.03.30 19:43:51.356,0.81669,0.81709,1.13,1.88
2012.03.30 19:43:58.665,0.81667,0.81709,1.13,1.88
2012.03.30 19:43:59.884,0.81667,0.81706,1.13,1.50
2012.03.30 19:44:01.203,0.81665,0.81703,3.19,1.13
2012.03.30 19:44:03.400,0.81666,0.81706,1.13,1.50
2012.03.30 19:44:04.938,0.81667,0.81707,1.13,1.50
2012.03.30 19:44:08.586,0.8167,0.81708,3.00,1.13
2012.03.30 19:44:10.498,0.8167,0.81703,2.25,1.50
2012.03.30 19:44:10.626,0.81665,0.81703,1.13,1.50
2012.03.30 19:44:10.879,0.81667,0.81705,1.13,1.88
2012.03.30 19:44:14.636,0.81664,0.81703,1.13,1.50
2012.03.30 19:44:26.321,0.81662,0.81703,1.50,1.13
2012.03.30 19:44:27.534,0.81665,0.81703,1.50,1.13
2012.03.30 19:44:30.725,0.81664,0.81703,1.50,1.13
2012.03.30 19:44:32.912,0.81662,0.81702,1.50,1.13
2012.03.30 19:44:32.979,0.81662,0.817,1.13,1.50
2012.03.30 19:44:33.129,0.81662,0.81703,1.13,2.25
2012.03.30 19:44:39.548,0.81666,0.81704,3.00,1.50
2012.03.30 19:44:42.598,0.81666,0.81703,3.00,2.25
2012.03.30 19:44:51.389,0.81666,0.81703,3.00,2.25
2012.03.30 19:45:00.815,0.81666,0.81703,3.00,2.25
2012.03.30 19:45:01.792,0.81666,0.81703,3.00,2.25
2012.03.30 19:45:02.021,0.81666,0.81703,3.00,2.25
2012.03.30 19:45:02.177,0.81666,0.81703,3.00,2.25
2012.03.30 19:45:02.298,0.81666,0.81706,3.00,2.25
2012.03.30 19:45:02.802,0.81666,0.81703,3.00,1.13
2012.03.30 19:45:03.050,0.81661,0.81703,3.19,3.00
2012.03.30 19:45:03.180,0.81661,0.817,3.19,1.50
2012.03.30 19:45:03.248,0.81661,0.81698,3.00,2.25
2012.03.30 19:45:05.537,0.81653,0.81696,1.50,4.88
2012.03.30 19:45:07.969,0.81655,0.81696,1.13,3.00
2012.03.30 19:45:08.446,0.81658,0.81699,1.13,3.75
2012.03.30 19:45:13.781,0.81659,0.81699,1.13,4.13
2012.03.30 19:45:17.858,0.81658,0.81698,1.13,1.50
2012.03.30 19:45:17.991,0.81656,0.8169,2.25,1.32
2012.03.30 19:45:18.119,0.81651,0.81689,1.13,3.19
2012.03.30 19:45:19.175,0.8165,0.81689,1.13,3.19
2012.03.30 19:45:20.958,0.81651,0.81689,1.50,3.00
2012.03.30 19:45:22.029,0.81651,0.81689,1.50,3.57
2012.03.30 19:45:25.004,0.81651,0.81689,1.13,3.57
2012.03.30 19:45:25.899,0.81653,0.81689,1.13,2.82
2012.03.30 19:45:26.793,0.81657,0.81698,1.13,2.25
2012.03.30 19:45:27.439,0.81656,0.81695,3.38,1.50
2012.03.30 19:45:28.526,0.81657,0.81698,1.13,3.00
2012.03.30 19:45:29.303,0.81656,0.81698,3.75,1.50
2012.03.30 19:45:30.550,0.81656,0.81693,3.00,2.25
2012.03.30 19:45:30.931,0.81652,0.81693,1.13,3.00
2012.03.30 19:45:31.821,0.81651,0.81691,3.19,2.25
2012.03.30 19:45:35.768,0.81651,0.81691,3.19,2.25
2012.03.30 19:45:37.008,0.81651,0.8169,3.19,2.25
2012.03.30 19:45:37.564,0.81653,0.81694,1.13,2.25
2012.03.30 19:45:42.622,0.81651,0.81693,3.19,2.25
2012.03.30 19:45:46.440,0.81651,0.81693,3.19,2.25
2012.03.30 19:45:47.047,0.81648,0.81691,3.19,2.25
2012.03.30 19:45:47.212,0.81648,0.81688,3.19,1.13
2012.03.30 19:45:48.009,0.81648,0.81688,3.00,3.00
2012.03.30 19:45:49.580,0.81645,0.81685,1.13,1.50
2012.03.30 19:45:49.697,0.81645,0.81688,1.13,4.88
2012.03.30 19:45:51.093,0.81644,0.81688,1.50,3.38
2012.03.30 19:45:51.880,0.8165,0.81688,1.50,3.00
2012.03.30 19:45:54.833,0.81651,0.81691,3.38,1.50
2012.03.30 19:45:55.933,0.81647,0.81689,3.75,1.13
2012.03.30 19:46:00.664,0.8165,0.8169,1.13,1.50
2012.03.30 19:46:08.101,0.8165,0.81692,1.13,3.38
2012.03.30 19:46:08.223,0.8165,0.8169,1.13,1.50
2012.03.30 19:46:09.790,0.81649,0.81689,1.50,1.13
2012.03.30 19:46:12.759,0.81651,0.81689,1.13,1.50
2012.03.30 19:46:15.729,0.81649,0.81689,1.50,1.13
2012.03.30 19:46:22.033,0.81649,0.81688,1.50,1.13
2012.03.30 19:46:27.642,0.8165,0.81688,1.13,1.50
2012.03.30 19:46:42.604,0.81648,0.81688,1.13,1.50
2012.03.30 19:46:46.234,0.81647,0.81688,3.19,1.13
2012.03.30 19:46:47.433,0.81647,0.81686,2.44,1.13
2012.03.30 19:46:47.564,0.81647,0.81686,2.44,1.50
2012.03.30 19:46:49.100,0.81647,0.81676,2.25,2.25
2012.03.30 19:46:49.432,0.81647,0.81668,2.25,2.25
2012.03.30 19:46:50.048,0.81627,0.81668,3.00,2.25
2012.03.30 19:46:50.125,0.81638,0.81677,2.44,2.25
2012.03.30 19:46:52.724,0.81638,0.81676,3.00,1.13
2012.03.30 19:46:53.609,0.81643,0.81676,2.25,1.13
2012.03.30 19:46:59.325,0.81643,0.81676,2.25,1.13
2012.03.30 19:46:59.863,0.81643,0.81676,2.25,1.13
2012.03.30 19:47:02.397,0.81643,0.81679,2.25,1.50
2012.03.30 19:47:02.796,0.81643,0.81679,2.44,1.13
2012.03.30 19:47:03.899,0.81647,0.81679,2.25,1.13
2012.03.30 19:47:06.629,0.81647,0.81683,2.25,2.25
2012.03.30 19:47:12.899,0.81647,0.81684,2.25,3.00
2012.03.30 19:47:14.112,0.81647,0.81684,2.25,1.50
2012.03.30 19:47:15.543,0.81647,0.81684,2.44,1.13
2012.03.30 19:47:21.592,0.81647,0.81684,2.44,1.13
2012.03.30 19:47:24.682,0.81647,0.81686,2.44,1.50
2012.03.30 19:47:30.311,0.81647,0.81685,2.44,1.13
2012.03.30 19:47:39.659,0.81647,0.81688,3.19,1.50
2012.03.30 19:47:42.522,0.81647,0.81686,3.19,2.25
2012.03.30 19:47:42.631,0.81647,0.81688,3.19,3.00
2012.03.30 19:47:46.703,0.81647,0.81687,3.19,2.25
2012.03.30 19:47:49.672,0.81647,0.81687,3.00,2.25
2012.03.30 19:47:52.421,0.81647,0.81687,3.00,2.25
2012.03.30 19:47:58.968,0.81647,0.81689,3.38,2.25
2012.03.30 19:47:59.782,0.81647,0.81689,2.63,3.00
2012.03.30 19:48:04.514,0.81647,0.81689,2.44,1.50
2012.03.30 19:48:07.480,0.81647,0.81689,2.44,1.50
2012.03.30 19:48:15.843,0.81647,0.81688,2.44,2.25
2012.03.30 19:48:17.270,0.81647,0.81687,2.25,2.25
2012.03.30 19:48:18.402,0.81647,0.81688,2.63,2.25
2012.03.30 19:48:19.124,0.81651,0.81688,3.00,2.63
2012.03.30 19:48:20.320,0.81647,0.81688,1.13,4.88
2012.03.30 19:48:22.063,0.81645,0.81687,3.19,2.25
2012.03.30 19:48:26.191,0.81645,0.81686,3.19,2.25
2012.03.30 19:48:28.217,0.81645,0.81686,3.19,2.25
2012.03.30 19:48:28.788,0.81644,0.81685,3.19,2.25
2012.03.30 19:48:31.047,0.81644,0.81686,3.19,2.25
2012.03.30 19:48:31.658,0.81644,0.81686,3.19,2.25
2012.03.30 19:48:32.054,0.81644,0.81686,3.19,2.25
2012.03.30 19:48:34.338,0.81645,0.81683,1.13,1.50
2012.03.30 19:48:34.410,0.81645,0.81686,1.13,2.25
2012.03.30 19:48:35.064,0.81644,0.81684,3.19,2.25
2012.03.30 19:48:36.441,0.81644,0.81684,3.19,2.25
2012.03.30 19:48:36.510,0.81644,0.81689,3.19,4.50
2012.03.30 19:48:37.206,0.81648,0.81689,3.00,2.25
2012.03.30 19:48:38.259,0.81648,0.81689,3.00,2.25
2012.03.30 19:48:38.431,0.81648,0.8169,3.38,1.35
2012.03.30 19:48:39.314,0.81649,0.81692,1.50,1.73
2012.03.30 19:48:39.382,0.81649,0.81692,1.50,1.73
2012.03.30 19:48:40.937,0.81649,0.8169,1.50,1.35
2012.03.30 19:48:40.998,0.81648,0.8169,3.19,1.73
2012.03.30 19:48:41.849,0.81644,0.81688,3.75,1.13
2012.03.30 19:48:41.919,0.81644,0.81688,3.75,1.13
2012.03.30 19:48:41.989,0.81644,0.81687,3.38,2.25
2012.03.30 19:48:44.810,0.81648,0.81688,1.13,1.13
2012.03.30 19:48:44.937,0.81648,0.81689,1.13,3.00
2012.03.30 19:48:45.140,0.8165,0.81693,1.50,6.23
2012.03.30 19:48:45.803,0.81649,0.81688,3.19,2.25
2012.03.30 19:48:47.032,0.81645,0.81686,3.38,2.25
2012.03.30 19:48:48.249,0.81649,0.81688,1.13,2.44
2012.03.30 19:48:49.416,0.8165,0.81689,3.19,1.50
2012.03.30 19:48:52.836,0.8165,0.8169,3.38,1.50
2012.03.30 19:48:54.510,0.81651,0.81691,1.50,1.13
2012.03.30 19:48:55.607,0.8165,0.81688,3.75,1.13
2012.03.30 19:48:57.387,0.8165,0.81693,3.75,4.50
2012.03.30 19:48:57.870,0.8165,0.81688,3.75,1.13
2012.03.30 19:48:58.925,0.81651,0.81689,1.13,1.50
2012.03.30 19:49:01.940,0.81651,0.81692,1.13,2.25
2012.03.30 19:49:02.899,0.81651,0.81689,1.13,1.50
2012.03.30 19:49:03.004,0.81652,0.81691,1.50,1.13
2012.03.30 19:49:04.089,0.81654,0.81693,3.19,1.13
2012.03.30 19:49:07.283,0.81654,0.81694,3.00,1.13
2012.03.30 19:49:07.543,0.81661,0.81698,1.50,3.19
2012.03.30 19:49:08.073,0.81661,0.81702,1.50,1.13
2012.03.30 19:49:08.592,0.81661,0.81699,1.50,1.13
2012.03.30 19:49:09.529,0.81662,0.81701,3.75,1.13
2012.03.30 19:49:09.600,0.81662,0.81698,3.19,1.13
2012.03.30 19:49:11.662,0.81665,0.81698,2.25,1.13
2012.03.30 19:49:11.729,0.81665,0.81702,2.44,1.50
2012.03.30 19:49:13.039,0.81661,0.81699,3.38,1.50
2012.03.30 19:49:13.553,0.81661,0.81699,2.63,1.50
2012.03.30 19:49:19.725,0.81661,0.817,2.44,1.13
2012.03.30 19:49:20.268,0.81661,0.817,3.19,1.13
2012.03.30 19:49:20.489,0.81661,0.81698,3.19,1.13
2012.03.30 19:49:21.928,0.81658,0.81698,3.19,1.50
2012.03.30 19:49:23.109,0.81663,0.81698,2.25,1.50
2012.03.30 19:49:23.342,0.81663,0.81698,2.25,1.13
2012.03.30 19:49:25.664,0.81668,0.81698,2.25,1.13
2012.03.30 19:49:26.010,0.81676,0.81712,2.25,1.54
2012.03.30 19:49:27.070,0.81671,0.81713,2.63,1.50
2012.03.30 19:49:27.190,0.81673,0.81713,1.13,1.50
2012.03.30 19:49:27.313,0.81673,0.81713,1.50,1.13
2012.03.30 19:49:27.398,0.81671,0.81713,3.75,1.13
2012.03.30 19:49:27.621,0.81673,0.81714,1.50,1.13
2012.03.30 19:49:27.950,0.81672,0.81713,1.50,1.13
2012.03.30 19:49:28.388,0.81673,0.81714,1.50,1.13
2012.03.30 19:49:30.647,0.81671,0.81714,3.75,3.00
2012.03.30 19:49:32.918,0.81671,0.81712,3.38,2.25
2012.03.30 19:49:36.712,0.81671,0.81704,2.25,1.13
2012.03.30 19:49:37.741,0.81667,0.81704,2.44,1.13
2012.03.30 19:49:39.629,0.81667,0.81704,2.44,1.13
2012.03.30 19:49:40.843,0.81667,0.81706,2.44,1.13
2012.03.30 19:49:41.278,0.81667,0.81706,2.44,1.13
2012.03.30 19:49:41.649,0.81667,0.81705,2.44,1.50
2012.03.30 19:49:42.748,0.81666,0.81702,2.44,1.13
2012.03.30 19:49:42.926,0.81666,0.81703,3.19,1.13
2012.03.30 19:49:43.411,0.81666,0.81702,2.44,1.13
2012.03.30 19:49:43.540,0.81662,0.81699,3.19,1.13
2012.03.30 19:49:46.341,0.81662,0.81699,3.19,1.13
2012.03.30 19:49:49.927,0.81662,0.81704,3.19,3.00
2012.03.30 19:49:50.189,0.81666,0.81704,3.19,1.50
2012.03.30 19:49:52.925,0.81666,0.81704,3.19,1.13
2012.03.30 19:49:54.430,0.81666,0.81703,2.44,1.13
2012.03.30 19:49:55.558,0.81666,0.81703,3.19,1.13
2012.03.30 19:49:56.121,0.81666,0.81703,2.44,1.13
2012.03.30 19:49:58.438,0.81666,0.81706,2.63,1.50
2012.03.30 19:50:01.454,0.81666,0.81706,3.38,1.50
2012.03.30 19:50:01.517,0.81666,0.81704,3.75,1.13
2012.03.30 19:50:04.330,0.81666,0.81707,5.25,1.13
2012.03.30 19:50:07.092,0.81671,0.81709,3.19,1.13
2012.03.30 19:50:07.161,0.81671,0.81709,3.19,1.50
2012.03.30 19:50:10.058,0.81671,0.81709,2.44,1.50
2012.03.30 19:50:10.295,0.81671,0.81704,2.25,1.50
2012.03.30 19:50:10.359,0.81662,0.81704,2.63,1.50
2012.03.30 19:50:10.431,0.81663,0.81706,1.13,2.25
2012.03.30 19:50:12.990,0.81664,0.81707,1.13,2.25
2012.03.30 19:50:16.321,0.81662,0.81704,3.38,1.50
2012.03.30 19:50:19.068,0.81663,0.81708,1.50,2.25
2012.03.30 19:50:21.022,0.81666,0.81709,1.50,1.50
2012.03.30 19:50:21.570,0.81669,0.81709,1.50,1.13
2012.03.30 19:50:22.902,0.8167,0.8171,1.50,1.13
2012.03.30 19:50:22.970,0.8167,0.81714,1.50,1.50
2012.03.30 19:50:23.043,0.8167,0.8171,1.50,1.13
2012.03.30 19:50:23.151,0.81667,0.8171,2.25,1.13
2012.03.30 19:50:23.220,0.81667,0.8171,2.25,1.13
2012.03.30 19:50:23.760,0.81667,0.81712,1.50,2.25
2012.03.30 19:50:24.091,0.81671,0.81712,3.19,2.25
2012.03.30 19:50:24.749,0.81671,0.81714,3.38,5.25
2012.03.30 19:50:25.668,0.81671,0.81711,3.38,1.50
2012.03.30 19:50:26.218,0.81671,0.81714,3.38,5.25
2012.03.30 19:50:27.219,0.81671,0.81711,3.38,1.50
2012.03.30 19:50:27.441,0.81671,0.81714,3.38,5.25
2012.03.30 19:50:32.568,0.81671,0.81713,3.19,2.25
2012.03.30 19:50:33.445,0.81671,0.81709,3.19,1.13
2012.03.30 19:50:36.213,0.81671,0.81709,3.19,1.50
2012.03.30 19:50:37.402,0.81671,0.81708,3.19,1.50
2012.03.30 19:50:39.219,0.81671,0.81708,3.19,1.13
2012.03.30 19:50:39.405,0.81671,0.81706,3.00,2.25
2012.03.30 19:50:42.172,0.81665,0.81707,3.19,2.25
2012.03.30 19:50:43.635,0.81665,0.81706,3.19,2.25
2012.03.30 19:50:44.249,0.81665,0.81703,3.19,1.13
2012.03.30 19:50:45.360,0.81665,0.81703,3.19,1.50
2012.03.30 19:50:45.490,0.81665,0.81701,2.44,1.50
2012.03.30 19:50:49.378,0.81665,0.81703,3.19,1.50
2012.03.30 19:50:50.969,0.81665,0.81703,3.00,3.00
2012.03.30 19:50:51.873,0.81665,0.817,2.25,1.50
2012.03.30 19:50:52.202,0.81665,0.81703,3.00,3.00
2012.03.30 19:50:52.417,0.81665,0.81703,3.19,1.50
2012.03.30 19:50:52.480,0.81665,0.81705,3.57,2.25
2012.03.30 19:50:52.968,0.81666,0.81704,3.19,1.50
2012.03.30 19:50:53.737,0.81666,0.81703,3.00,2.25
2012.03.30 19:50:54.407,0.81665,0.81704,3.19,1.13
2012.03.30 19:50:55.422,0.81666,0.81705,1.50,1.13
2012.03.30 19:50:59.259,0.81667,0.81703,3.19,1.13
2012.03.30 19:50:59.650,0.81669,0.81708,1.32,2.25
2012.03.30 19:51:00.179,0.81669,0.81709,1.88,1.13
2012.03.30 19:51:01.201,0.81671,0.81709,3.19,1.50
2012.03.30 19:51:02.339,0.81667,0.81704,2.44,1.13
2012.03.30 19:51:04.313,0.81667,0.81707,3.00,1.13
2012.03.30 19:51:04.872,0.81667,0.81708,1.50,1.13
2012.03.30 19:51:05.421,0.81666,0.81707,3.75,1.13
2012.03.30 19:51:06.080,0.81666,0.81707,1.13,1.50
2012.03.30 19:51:07.098,0.81665,0.81707,2.63,1.50
2012.03.30 19:51:09.049,0.81665,0.81706,3.00,1.13
2012.03.30 19:51:11.022,0.81665,0.81704,2.44,1.13
2012.03.30 19:51:13.887,0.81665,0.81705,2.63,1.50
2012.03.30 19:51:19.500,0.81665,0.81707,3.00,1.13
2012.03.30 19:51:21.021,0.81667,0.81707,1.50,1.13
2012.03.30 19:51:21.478,0.81667,0.81709,1.50,1.50
2012.03.30 19:51:22.740,0.81666,0.81704,1.50,1.13
2012.03.30 19:51:22.842,0.81663,0.81704,2.25,1.13
2012.03.30 19:51:24.330,0.81662,0.81704,3.75,1.50
2012.03.30 19:51:25.319,0.81666,0.81706,3.00,1.13
2012.03.30 19:51:25.700,0.81666,0.81706,3.75,1.13
2012.03.30 19:51:26.091,0.81666,0.81706,3.00,1.13
2012.03.30 19:51:27.163,0.81661,0.81702,5.25,1.13
2012.03.30 19:51:35.334,0.81661,0.81702,3.75,1.50
2012.03.30 19:51:37.273,0.81662,0.81699,2.44,1.13
2012.03.30 19:51:41.422,0.81662,0.817,2.63,1.50
2012.03.30 19:51:42.520,0.81662,0.81701,2.63,1.50
2012.03.30 19:51:43.753,0.81663,0.81704,1.13,3.00
2012.03.30 19:51:44.743,0.81662,0.81701,2.63,1.50
2012.03.30 19:51:45.272,0.81666,0.81701,2.25,1.50
2012.03.30 19:51:47.038,0.81666,0.817,2.44,1.13
2012.03.30 19:51:53.818,0.81666,0.81701,2.25,1.50
2012.03.30 19:51:58.495,0.81666,0.81701,2.25,1.50
2012.03.30 19:51:59.664,0.81666,0.81701,2.25,1.50
2012.03.30 19:52:00.886,0.81675,0.81701,2.25,1.50
2012.03.30 19:52:01.009,0.81675,0.81706,2.25,1.50
2012.03.30 19:52:02.029,0.8167,0.81706,2.25,1.50
2012.03.30 19:52:03.093,0.81674,0.81706,2.25,1.13
2012.03.30 19:52:06.502,0.81674,0.81706,2.25,1.13
2012.03.30 19:52:10.392,0.81674,0.81706,2.25,1.13
2012.03.30 19:52:12.443,0.81674,0.81708,2.25,1.50
2012.03.30 19:52:14.070,0.81674,0.81706,2.25,1.50
2012.03.30 19:52:15.342,0.81674,0.81706,2.25,1.13
2012.03.30 19:52:16.554,0.81674,0.81709,2.44,1.13
2012.03.30 19:52:22.432,0.81674,0.8171,2.44,1.13
2012.03.30 19:52:23.262,0.81674,0.81714,2.63,1.50
2012.03.30 19:52:23.688,0.81674,0.81714,2.63,1.50
2012.03.30 19:52:24.803,0.81675,0.81716,2.25,1.13
2012.03.30 19:52:25.230,0.81683,0.81716,2.25,1.13
2012.03.30 19:52:27.871,0.81683,0.81719,2.25,1.13
2012.03.30 19:52:28.540,0.81683,0.81721,2.44,1.13
2012.03.30 19:52:28.919,0.81683,0.81721,2.44,1.13
2012.03.30 19:52:29.777,0.81687,0.81727,2.63,1.50
2012.03.30 19:52:30.420,0.81682,0.81725,3.00,1.50
2012.03.30 19:52:30.758,0.81682,0.81716,2.44,1.13
2012.03.30 19:52:30.979,0.81675,0.81716,2.25,1.13
2012.03.30 19:52:31.188,0.81677,0.81716,1.50,1.13
2012.03.30 19:52:31.509,0.81676,0.81713,1.13,1.13
2012.03.30 19:52:31.577,0.81672,0.81713,3.00,1.13
2012.03.30 19:52:32.504,0.81675,0.81711,2.44,1.13
2012.03.30 19:52:32.608,0.81675,0.81713,3.00,1.13
2012.03.30 19:52:33.978,0.81675,0.81713,3.75,1.13
2012.03.30 19:52:35.037,0.81677,0.81716,1.13,1.50
2012.03.30 19:52:37.780,0.81677,0.81715,1.13,1.50
2012.03.30 19:52:38.785,0.81675,0.81715,2.63,1.50
2012.03.30 19:52:39.800,0.81675,0.81713,2.63,1.50
2012.03.30 19:52:41.390,0.81675,0.81712,2.25,1.50
2012.03.30 19:52:42.383,0.81671,0.81712,1.13,1.88
2012.03.30 19:52:42.447,0.8167,0.81709,3.19,1.50
2012.03.30 19:52:43.100,0.81671,0.81709,1.50,1.13
2012.03.30 19:52:49.041,0.81671,0.81712,1.13,1.50
2012.03.30 19:53:01.031,0.81671,0.81709,1.50,1.13
2012.03.30 19:53:04.006,0.81671,0.81712,1.13,1.50
2012.03.30 19:53:07.080,0.81671,0.81712,1.13,1.50
2012.03.30 19:53:10.606,0.8167,0.8171,3.75,1.13
2012.03.30 19:53:15.993,0.8167,0.8171,3.19,1.13
2012.03.30 19:53:20.872,0.81671,0.81709,1.50,1.13
2012.03.30 19:53:24.372,0.8167,0.8171,3.19,1.13
2012.03.30 19:53:31.105,0.81671,0.81711,1.13,1.50
2012.03.30 19:53:34.075,0.8167,0.81709,3.75,1.13
2012.03.30 19:53:38.471,0.8167,0.8171,3.75,1.13
2012.03.30 19:53:43.148,0.8167,0.81714,2.44,2.25
2012.03.30 19:53:45.644,0.8167,0.81715,3.00,4.50
2012.03.30 19:53:49.693,0.8167,0.81714,3.00,2.25
2012.03.30 19:53:56.068,0.8167,0.81715,3.00,4.50
2012.03.30 19:53:58.590,0.8167,0.81715,3.00,4.50
2012.03.30 19:53:59.011,0.81676,0.81713,3.00,1.50
2012.03.30 19:53:59.290,0.81676,0.81715,3.19,1.13
2012.03.30 19:53:59.360,0.81681,0.81715,2.25,1.13
2012.03.30 19:54:09.588,0.81681,0.81716,2.44,1.13
2012.03.30 19:54:10.305,0.81681,0.8172,2.44,1.13
2012.03.30 19:54:10.701,0.81681,0.8172,2.44,1.13
2012.03.30 19:54:13.270,0.81681,0.81719,2.44,1.13
2012.03.30 19:54:15.177,0.81681,0.8172,3.00,1.13
2012.03.30 19:54:17.231,0.81681,0.81718,2.44,1.13
2012.03.30 19:54:17.833,0.81676,0.81716,3.75,1.13
2012.03.30 19:54:18.182,0.81676,0.81716,3.00,1.13
2012.03.30 19:54:26.458,0.8168,0.81718,2.44,1.50
2012.03.30 19:54:27.468,0.8168,0.8172,2.63,1.50
2012.03.30 19:54:30.321,0.8168,0.8172,3.00,1.13
2012.03.30 19:54:31.535,0.8168,0.81723,3.00,1.50
2012.03.30 19:54:32.791,0.8168,0.81725,3.00,4.13
2012.03.30 19:54:36.215,0.81681,0.81721,1.50,1.13
2012.03.30 19:54:36.675,0.8168,0.81721,3.00,1.13
2012.03.30 19:54:36.855,0.8168,0.81718,2.63,1.50
2012.03.30 19:54:39.508,0.81681,0.81721,2.63,1.50
2012.03.30 19:54:41.804,0.81681,0.81721,3.00,1.13
2012.03.30 19:54:42.370,0.81682,0.81721,1.13,1.13
2012.03.30 19:54:42.570,0.81681,0.81718,3.38,1.13
2012.03.30 19:54:44.716,0.81682,0.8172,1.50,1.13
2012.03.30 19:54:48.159,0.81681,0.8172,3.00,1.13
2012.03.30 19:54:50.270,0.81681,0.8172,2.44,1.13
2012.03.30 19:54:52.799,0.81681,0.81723,2.63,1.50
2012.03.30 19:54:53.828,0.81681,0.81716,2.44,1.13
2012.03.30 19:54:53.937,0.81681,0.81716,2.44,1.13
2012.03.30 19:54:58.088,0.81676,0.81717,4.50,1.13
2012.03.30 19:54:58.147,0.81677,0.81717,1.50,1.13
2012.03.30 19:54:59.883,0.81681,0.81721,3.38,1.50
2012.03.30 19:54:59.955,0.81681,0.81721,2.63,1.50
2012.03.30 19:55:00.141,0.81682,0.81721,1.13,1.50
2012.03.30 19:55:00.877,0.81678,0.81718,1.50,1.13
2012.03.30 19:55:02.039,0.81681,0.81719,3.75,1.13
2012.03.30 19:55:02.899,0.81678,0.81719,2.25,1.50
2012.03.30 19:55:02.967,0.81676,0.81714,1.50,1.13
2012.03.30 19:55:07.262,0.81676,0.81716,1.50,1.13
2012.03.30 19:55:08.162,0.81672,0.81714,1.50,1.50
2012.03.30 19:55:08.894,0.81672,0.81709,2.44,1.13
2012.03.30 19:55:08.966,0.81672,0.81713,3.19,2.25
2012.03.30 19:55:09.287,0.81671,0.81709,3.19,1.13
2012.03.30 19:55:09.390,0.81671,0.81713,3.19,2.25
2012.03.30 19:55:09.519,0.81673,0.81714,1.50,1.50
2012.03.30 19:55:10.698,0.81675,0.81713,2.25,1.50
2012.03.30 19:55:10.816,0.81671,0.81713,3.38,1.50
2012.03.30 19:55:10.937,0.81671,0.81713,3.38,1.50
2012.03.30 19:55:12.102,0.81676,0.81713,3.19,1.13
2012.03.30 19:55:13.089,0.81671,0.81713,3.75,1.13
2012.03.30 19:55:13.529,0.81671,0.8171,3.00,2.25
2012.03.30 19:55:13.635,0.81671,0.81709,3.00,1.50
2012.03.30 19:55:13.860,0.81671,0.81705,3.00,2.25
2012.03.30 19:55:13.988,0.81665,0.81704,3.00,1.50
2012.03.30 19:55:14.520,0.81665,0.81701,3.00,2.25
2012.03.30 19:55:15.070,0.81666,0.81706,1.50,1.13
2012.03.30 19:55:15.581,0.8167,0.81708,3.19,1.13
2012.03.30 19:55:17.885,0.81672,0.81711,1.13,1.50
2012.03.30 19:55:18.278,0.8167,0.81708,3.00,1.50
2012.03.30 19:55:19.172,0.81666,0.81701,3.00,2.25
2012.03.30 19:55:19.959,0.8166,0.81701,3.19,2.25
2012.03.30 19:55:21.898,0.8166,0.817,3.19,2.25
2012.03.30 19:55:24.335,0.8166,0.81701,3.19,2.25
2012.03.30 19:55:27.064,0.8166,0.81699,3.19,2.25
2012.03.30 19:55:29.421,0.8166,0.81698,3.19,1.50
2012.03.30 19:55:33.223,0.8166,0.81698,3.19,1.13
2012.03.30 19:55:33.390,0.8166,0.81702,3.19,2.25
2012.03.30 19:55:34.458,0.8166,0.81698,3.19,1.13
2012.03.30 19:55:34.799,0.8166,0.81698,3.19,1.13
2012.03.30 19:55:35.856,0.8166,0.81701,3.19,2.25
2012.03.30 19:55:35.922,0.81661,0.81703,1.50,1.50
2012.03.30 19:55:36.119,0.8166,0.817,3.19,2.25
2012.03.30 19:55:36.410,0.8166,0.81698,3.19,1.50
2012.03.30 19:55:37.770,0.8166,0.81698,3.19,1.13
2012.03.30 19:55:39.808,0.8166,0.81698,3.19,1.50
2012.03.30 19:55:40.639,0.8166,0.817,3.19,2.25
2012.03.30 19:55:42.500,0.8166,0.81699,3.00,2.25
2012.03.30 19:55:44.775,0.8166,0.817,3.00,2.25
2012.03.30 19:55:48.679,0.8166,0.81701,3.19,2.25
2012.03.30 19:55:49.828,0.81665,0.81703,3.00,2.25
2012.03.30 19:55:50.382,0.81665,0.81703,3.00,2.25
2012.03.30 19:55:51.810,0.81661,0.81703,3.19,3.00
2012.03.30 19:55:52.318,0.81665,0.81703,3.00,1.50
2012.03.30 19:55:52.415,0.81665,0.81704,3.00,2.25
2012.03.30 19:55:52.541,0.81665,0.817,3.00,2.25
2012.03.30 19:55:53.007,0.81666,0.81703,3.00,1.50
2012.03.30 19:55:53.766,0.8166,0.81698,3.00,1.50
2012.03.30 19:55:54.224,0.8166,0.817,3.00,2.25
2012.03.30 19:55:58.497,0.8166,0.817,3.00,2.25
2012.03.30 19:55:59.148,0.8166,0.817,3.00,2.25
2012.03.30 19:56:01.440,0.81661,0.81704,1.13,3.00
2012.03.30 19:56:01.512,0.8167,0.81704,3.00,2.25
2012.03.30 19:56:14.658,0.8167,0.81706,3.00,2.25
2012.03.30 19:56:15.969,0.8167,0.81706,3.00,2.25
2012.03.30 19:56:16.786,0.8167,0.81706,3.00,2.25
2012.03.30 19:56:16.851,0.81666,0.81703,3.00,2.25
2012.03.30 19:56:17.349,0.81666,0.81703,3.00,2.25
2012.03.30 19:56:18.718,0.81666,0.81703,3.00,2.25
2012.03.30 19:56:21.258,0.81666,0.81699,3.00,2.25
2012.03.30 19:56:21.378,0.81666,0.81699,3.00,2.25
2012.03.30 19:56:22.070,0.81666,0.81699,3.00,2.25
2012.03.30 19:56:22.946,0.81666,0.81699,3.00,2.25
2012.03.30 19:56:23.247,0.81666,0.81703,3.00,2.25
2012.03.30 19:56:26.865,0.81666,0.81703,3.00,2.25
2012.03.30 19:56:26.932,0.81666,0.81701,3.00,2.25
2012.03.30 19:56:30.689,0.81666,0.81701,3.00,2.25
2012.03.30 19:56:31.620,0.81666,0.81701,3.00,2.25
2012.03.30 19:56:31.822,0.81666,0.81704,3.00,2.25
2012.03.30 19:56:33.908,0.81666,0.81702,3.00,2.25
2012.03.30 19:56:35.906,0.81666,0.81702,3.00,2.25
2012.03.30 19:56:36.918,0.81666,0.81701,3.00,2.25
2012.03.30 19:56:39.638,0.81666,0.817,3.00,2.25
2012.03.30 19:56:39.959,0.81657,0.81694,3.00,2.25
2012.03.30 19:56:42.849,0.81657,0.81694,3.00,2.25
2012.03.30 19:56:43.025,0.81657,0.81694,3.00,2.25
2012.03.30 19:56:44.181,0.81657,0.81694,3.00,2.25
2012.03.30 19:56:44.991,0.81657,0.81698,3.19,1.50
2012.03.30 19:56:45.321,0.81657,0.81699,3.19,2.25
2012.03.30 19:56:46.988,0.8166,0.81703,3.19,2.25
2012.03.30 19:56:49.958,0.81666,0.81704,3.00,3.00
2012.03.30 19:56:54.948,0.81666,0.81703,3.00,1.50
2012.03.30 19:56:55.079,0.8167,0.81703,2.25,1.50
2012.03.30 19:56:55.587,0.8167,0.81703,2.25,1.13
2012.03.30 19:56:56.440,0.8167,0.81704,2.25,1.13
2012.03.30 19:56:56.652,0.8167,0.81704,2.25,1.13
2012.03.30 19:56:58.970,0.81667,0.81704,2.44,1.13
2012.03.30 19:57:03.433,0.81666,0.81704,3.19,1.13
2012.03.30 19:57:05.671,0.81666,0.81704,3.19,1.50
2012.03.30 19:57:07.869,0.81666,0.81704,3.00,1.50
2012.03.30 19:57:11.349,0.81662,0.81703,3.19,2.25
2012.03.30 19:57:19.419,0.81662,0.81703,3.19,2.25
2012.03.30 19:57:19.491,0.81665,0.81708,1.50,3.00
2012.03.30 19:57:19.563,0.81672,0.81711,1.13,1.50
2012.03.30 19:57:20.192,0.81672,0.81714,1.50,1.13
2012.03.30 19:57:21.299,0.81674,0.81714,1.50,1.13
2012.03.30 19:57:23.489,0.81671,0.81713,3.19,1.50
2012.03.30 19:57:23.797,0.81671,0.81708,3.00,2.25
2012.03.30 19:57:24.159,0.81661,0.81703,3.19,2.25
2012.03.30 19:57:28.281,0.81661,0.81703,3.19,3.00
2012.03.30 19:57:32.340,0.81661,0.81703,3.19,1.50
2012.03.30 19:57:35.358,0.81661,0.81704,3.19,2.25
2012.03.30 19:57:39.489,0.81661,0.81703,3.19,2.25
2012.03.30 19:57:51.238,0.81658,0.81703,1.50,3.38
2012.03.30 19:57:51.298,0.81655,0.817,1.50,2.25
2012.03.30 19:57:51.939,0.81658,0.81703,1.50,3.00
2012.03.30 19:57:52.218,0.81658,0.81703,1.50,2.25
2012.03.30 19:57:56.510,0.81662,0.81705,1.50,2.25
2012.03.30 19:57:58.553,0.81658,0.81703,1.50,2.25
2012.03.30 19:57:59.293,0.81661,0.81706,1.50,2.25
2012.03.30 19:57:59.864,0.81657,0.817,1.54,2.25
2012.03.30 19:58:00.441,0.81657,0.817,1.54,2.25
2012.03.30 19:58:02.218,0.81657,0.817,1.54,2.25
2012.03.30 19:58:10.619,0.81657,0.81697,1.54,2.25
2012.03.30 19:58:11.210,0.81658,0.81701,1.50,2.25
2012.03.30 19:58:13.738,0.81657,0.817,3.98,2.25
2012.03.30 19:58:17.159,0.81657,0.81702,1.50,2.25
2012.03.30 19:58:18.691,0.81657,0.817,1.13,2.25
2012.03.30 19:58:19.537,0.81657,0.81698,1.13,1.50
2012.03.30 19:58:19.793,0.81654,0.81697,1.13,2.25
2012.03.30 19:58:21.001,0.81653,0.81694,1.13,2.25
2012.03.30 19:58:30.208,0.81658,0.81694,3.00,2.25
2012.03.30 19:58:30.269,0.81658,0.81697,3.00,2.25
2012.03.30 19:58:31.339,0.81658,0.81695,3.00,2.25
2012.03.30 19:58:31.986,0.81658,0.81694,2.25,1.50
2012.03.30 19:58:34.200,0.81658,0.81694,2.25,3.00
2012.03.30 19:58:34.810,0.81654,0.81693,3.00,1.50
2012.03.30 19:58:35.679,0.81654,0.81691,2.25,1.50
2012.03.30 19:58:35.829,0.81649,0.8169,1.13,1.50
2012.03.30 19:58:36.759,0.81648,0.81688,1.54,1.50
2012.03.30 19:58:37.070,0.81643,0.81684,3.19,2.25
2012.03.30 19:58:38.339,0.81643,0.81686,3.00,2.25
2012.03.30 19:58:38.715,0.81643,0.81683,3.00,1.50
2012.03.30 19:58:39.043,0.81644,0.81686,3.00,2.25
2012.03.30 19:58:39.380,0.81638,0.8168,3.19,2.25
2012.03.30 19:58:40.031,0.81643,0.81683,3.00,2.25
2012.03.30 19:58:41.709,0.81644,0.81688,1.50,2.25
2012.03.30 19:58:44.979,0.81647,0.81684,3.00,2.25
2012.03.30 19:58:45.426,0.81647,0.81684,3.38,2.25
2012.03.30 19:58:45.489,0.81647,0.81687,3.57,2.25
2012.03.30 19:58:46.849,0.81647,0.81691,3.57,2.25
2012.03.30 19:58:46.920,0.81647,0.81691,3.57,2.25
2012.03.30 19:58:47.290,0.8165,0.81695,1.50,2.25
2012.03.30 19:58:47.831,0.8165,0.81694,1.50,1.50
2012.03.30 19:58:50.605,0.81653,0.81694,1.13,3.00
2012.03.30 19:59:04.601,0.81651,0.81691,3.19,2.25
2012.03.30 19:59:05.479,0.81651,0.81689,3.00,2.25
2012.03.30 19:59:05.708,0.81648,0.81688,3.19,1.50
2012.03.30 19:59:08.496,0.81648,0.81687,3.19,2.25
2012.03.30 19:59:09.815,0.81648,0.81683,3.00,2.25
2012.03.30 19:59:10.787,0.81648,0.81688,3.00,3.00
2012.03.30 19:59:11.690,0.81648,0.81688,3.00,2.25
2012.03.30 19:59:12.410,0.81648,0.81689,3.19,2.25
2012.03.30 19:59:16.889,0.81648,0.81689,3.38,2.25
2012.03.30 19:59:18.409,0.81648,0.81689,3.38,2.25
2012.03.30 19:59:18.570,0.81654,0.81694,1.13,1.50
2012.03.30 19:59:18.900,0.81648,0.8169,3.19,2.25
2012.03.30 19:59:19.936,0.81648,0.8169,3.19,2.25
2012.03.30 19:59:22.078,0.81648,0.8169,3.19,2.25
2012.03.30 19:59:26.364,0.81648,0.8169,3.19,2.25
2012.03.30 19:59:27.503,0.81648,0.8169,3.19,2.25
2012.03.30 19:59:28.174,0.81648,0.81688,3.19,1.50
2012.03.30 19:59:28.325,0.81648,0.8169,3.19,2.25
2012.03.30 19:59:30.412,0.81648,0.81688,3.19,1.50
2012.03.30 19:59:31.619,0.81648,0.8169,3.19,2.25
2012.03.30 19:59:33.508,0.81648,0.81688,3.19,1.50
2012.03.30 19:59:39.862,0.81648,0.8169,3.19,2.25
2012.03.30 19:59:40.540,0.81648,0.81689,3.19,3.00
2012.03.30 19:59:46.215,0.81648,0.81686,2.44,1.50
2012.03.30 19:59:46.855,0.81647,0.81683,1.35,1.13
2012.03.30 19:59:49.410,0.81643,0.81683,1.13,1.50
2012.03.30 19:59:49.854,0.81643,0.81686,1.13,2.25
2012.03.30 19:59:50.741,0.81647,0.81689,1.13,1.50
2012.03.30 19:59:51.709,0.81648,0.81687,2.44,1.50
2012.03.30 19:59:52.698,0.81648,0.81688,3.19,1.50
2012.03.30 19:59:57.420,0.81648,0.81687,2.44,1.50
2012.03.30 19:59:57.978,0.81648,0.81689,3.19,1.50
2012.03.30 19:59:59.192,0.81648,0.81687,2.44,1.50
2012.03.30 19:59:59.261,0.81648,0.81689,3.19,1.50
2012.03.30 19:59:59.572,0.81643,0.81685,3.19,2.25
