2014.10.02 06:00:00.169,0.87425,0.87463,1.12,1.00
2014.10.02 06:00:00.670,0.87425,0.87462,1.12,1.00
2014.10.02 06:00:01.001,0.87425,0.87462,1.37,1.00
2014.10.02 06:00:01.202,0.87425,0.87462,1.12,1.00
2014.10.02 06:00:01.581,0.87425,0.87462,1.37,1.12
2014.10.02 06:00:02.738,0.87428,0.87465,1.00,1.12
2014.10.02 06:00:03.070,0.87425,0.87463,1.37,1.00
2014.10.02 06:00:03.619,0.87425,0.87463,1.37,1.37
2014.10.02 06:00:04.389,0.87428,0.87465,1.00,1.37
2014.10.02 06:00:06.387,0.87426,0.87463,1.37,1.37
2014.10.02 06:00:06.919,0.87428,0.87465,1.00,1.87
2014.10.02 06:00:07.047,0.87428,0.87465,1.00,1.87
2014.10.02 06:00:08.513,0.87428,0.87464,1.00,1.37
2014.10.02 06:00:09.559,0.87424,0.87462,1.87,1.00
2014.10.02 06:00:10.347,0.87428,0.87464,1.12,1.87
2014.10.02 06:00:10.958,0.87424,0.87462,2.25,1.00
2014.10.02 06:00:11.372,0.87427,0.87464,1.00,1.87
2014.10.02 06:00:12.089,0.87424,0.87462,1.87,1.12
2014.10.02 06:00:12.420,0.87428,0.87464,1.00,1.37
2014.10.02 06:00:12.945,0.87428,0.87464,1.00,1.37
2014.10.02 06:00:13.517,0.87424,0.87462,1.87,1.37
2014.10.02 06:00:13.848,0.87428,0.87464,1.00,1.37
2014.10.02 06:00:15.787,0.87428,0.87464,1.00,1.37
2014.10.02 06:00:15.888,0.87428,0.87464,1.37,1.00
2014.10.02 06:00:15.989,0.87428,0.87464,1.12,1.00
2014.10.02 06:00:17.191,0.87428,0.87464,1.37,1.12
2014.10.02 06:00:17.802,0.87428,0.87464,1.37,1.37
2014.10.02 06:00:18.937,0.87425,0.87462,1.37,1.00
2014.10.02 06:00:19.214,0.87425,0.87462,1.37,1.37
2014.10.02 06:00:19.927,0.87425,0.87462,1.37,1.12
2014.10.02 06:00:20.600,0.87424,0.87462,1.37,1.37
2014.10.02 06:00:22.906,0.87424,0.87462,1.37,1.37
2014.10.02 06:00:23.447,0.87426,0.87462,1.00,1.37
2014.10.02 06:00:25.421,0.87426,0.87464,1.12,1.87
2014.10.02 06:00:26.087,0.87427,0.87463,1.00,1.12
2014.10.02 06:00:26.438,0.87427,0.87462,1.00,1.37
2014.10.02 06:00:28.068,0.87427,0.8746,1.00,1.00
2014.10.02 06:00:28.417,0.87427,0.8746,1.00,1.37
2014.10.02 06:00:33.347,0.87424,0.87457,1.12,1.00
2014.10.02 06:00:36.318,0.87424,0.87455,1.00,1.00
2014.10.02 06:00:38.626,0.87423,0.87457,1.12,1.87
2014.10.02 06:00:43.167,0.87423,0.87457,1.50,1.37
2014.10.02 06:00:48.315,0.87423,0.87456,1.00,1.37
2014.10.02 06:00:48.415,0.87423,0.87456,1.00,1.37
2014.10.02 06:00:50.081,0.87423,0.87456,1.00,1.12
2014.10.02 06:00:51.714,0.87423,0.87457,1.00,1.50
2014.10.02 06:00:52.037,0.87418,0.87453,1.37,1.00
2014.10.02 06:00:53.796,0.87419,0.87456,1.37,1.00
2014.10.02 06:00:54.347,0.87419,0.87452,1.37,1.00
2014.10.02 06:00:54.865,0.87419,0.87452,1.37,1.00
2014.10.02 06:00:58.018,0.87419,0.87452,1.12,1.00
2014.10.02 06:01:02.175,0.87418,0.87452,1.87,1.00
2014.10.02 06:01:02.812,0.87418,0.87452,1.87,1.00
2014.10.02 06:01:04.156,0.87418,0.87452,1.87,1.00
2014.10.02 06:01:04.763,0.87418,0.87452,1.87,1.00
2014.10.02 06:01:05.689,0.87423,0.87457,1.00,1.87
2014.10.02 06:01:07.887,0.87423,0.87456,1.00,1.00
2014.10.02 06:01:10.026,0.87423,0.87456,1.00,1.37
2014.10.02 06:01:10.127,0.87418,0.87451,1.00,1.00
2014.10.02 06:01:10.228,0.87418,0.87451,1.00,1.37
2014.10.02 06:01:10.532,0.87423,0.87451,1.00,1.00
2014.10.02 06:01:11.415,0.87423,0.87454,1.00,1.00
2014.10.02 06:01:11.997,0.87423,0.87456,1.00,1.37
2014.10.02 06:01:12.455,0.87423,0.87456,1.00,1.37
2014.10.02 06:01:13.134,0.87423,0.87456,1.00,1.37
2014.10.02 06:01:13.468,0.87423,0.87456,1.00,1.12
2014.10.02 06:01:14.006,0.87423,0.87456,1.00,1.37
2014.10.02 06:01:15.576,0.87427,0.87456,1.00,1.37
2014.10.02 06:01:16.168,0.87422,0.87458,1.37,1.37
2014.10.02 06:01:16.275,0.87428,0.87458,1.00,1.37
2014.10.02 06:01:16.376,0.87423,0.87458,1.12,1.37
2014.10.02 06:01:16.568,0.87427,0.87458,1.00,1.37
2014.10.02 06:01:16.695,0.87423,0.87458,1.12,1.37
2014.10.02 06:01:19.336,0.87428,0.87458,1.00,1.37
2014.10.02 06:01:19.569,0.87428,0.87461,1.00,1.37
2014.10.02 06:01:20.754,0.87428,0.87462,1.00,1.12
2014.10.02 06:01:24.065,0.87428,0.87462,1.00,1.37
2014.10.02 06:01:27.473,0.87428,0.87462,1.00,1.12
2014.10.02 06:01:27.587,0.87425,0.87462,1.12,1.37
2014.10.02 06:01:34.137,0.87423,0.87462,1.12,1.37
2014.10.02 06:01:36.294,0.87422,0.87462,1.87,1.37
2014.10.02 06:01:37.397,0.87424,0.87464,1.37,1.37
2014.10.02 06:01:37.996,0.87427,0.87465,1.00,2.62
2014.10.02 06:01:38.046,0.87427,0.87465,1.00,1.37
2014.10.02 06:01:38.297,0.8743,0.87466,1.00,1.87
2014.10.02 06:01:38.400,0.8743,0.87467,1.37,1.50
2014.10.02 06:01:38.601,0.87433,0.87467,1.37,1.00
2014.10.02 06:01:38.652,0.87433,0.87469,1.37,1.12
2014.10.02 06:01:39.303,0.87433,0.87469,1.12,1.12
2014.10.02 06:01:40.407,0.87433,0.87469,1.37,1.12
2014.10.02 06:01:44.555,0.87433,0.87468,1.37,1.00
2014.10.02 06:01:47.525,0.87433,0.87469,1.37,1.12
2014.10.02 06:01:51.327,0.87438,0.87469,1.00,1.12
2014.10.02 06:01:51.656,0.87433,0.87469,1.87,1.37
2014.10.02 06:01:52.436,0.87433,0.87469,1.87,1.12
2014.10.02 06:01:52.637,0.87433,0.87469,1.87,1.00
2014.10.02 06:01:53.575,0.87433,0.87467,1.37,1.00
2014.10.02 06:01:59.629,0.87433,0.87468,1.37,1.00
2014.10.02 06:02:00.496,0.87435,0.87468,1.37,1.00
2014.10.02 06:02:00.547,0.87435,0.87475,1.37,1.37
2014.10.02 06:02:00.698,0.87438,0.87475,1.37,1.37
2014.10.02 06:02:01.177,0.87441,0.87477,1.37,1.00
2014.10.02 06:02:01.830,0.87443,0.87477,1.37,1.00
2014.10.02 06:02:01.881,0.87443,0.87477,1.12,1.00
2014.10.02 06:02:02.601,0.87443,0.87481,1.12,1.37
2014.10.02 06:02:06.370,0.87443,0.87481,1.37,1.37
2014.10.02 06:02:06.604,0.87443,0.87481,1.12,1.37
2014.10.02 06:02:06.705,0.87443,0.87481,1.37,1.37
2014.10.02 06:02:07.024,0.87447,0.87481,1.00,1.37
2014.10.02 06:02:07.528,0.87447,0.87481,1.00,1.37
2014.10.02 06:02:08.217,0.87447,0.87481,1.00,1.37
2014.10.02 06:02:08.355,0.87441,0.87479,1.37,1.37
2014.10.02 06:02:08.406,0.87441,0.87479,1.37,1.37
2014.10.02 06:02:09.677,0.87441,0.87479,1.37,1.37
2014.10.02 06:02:10.147,0.87441,0.87477,1.12,1.37
2014.10.02 06:02:10.880,0.87441,0.87476,1.00,1.37
2014.10.02 06:02:11.408,0.87441,0.87476,1.00,1.37
2014.10.02 06:02:11.945,0.87438,0.87476,1.37,1.37
2014.10.02 06:02:13.167,0.87437,0.87472,1.37,1.00
2014.10.02 06:02:17.898,0.87436,0.87472,1.87,1.12
2014.10.02 06:02:20.008,0.87436,0.87472,1.50,1.12
2014.10.02 06:02:20.712,0.87436,0.87472,1.87,1.00
2014.10.02 06:02:21.752,0.87436,0.87472,1.87,1.12
2014.10.02 06:02:22.232,0.87435,0.87473,1.12,1.37
2014.10.02 06:02:22.617,0.87434,0.87462,1.50,1.00
2014.10.02 06:02:22.993,0.87431,0.87462,1.00,1.00
2014.10.02 06:02:23.829,0.87431,0.87463,1.00,1.00
2014.10.02 06:02:24.341,0.87431,0.87462,1.00,1.00
2014.10.02 06:02:24.722,0.87427,0.87463,1.37,1.37
2014.10.02 06:02:25.054,0.87428,0.87463,1.00,1.37
2014.10.02 06:02:27.222,0.87428,0.87463,1.00,1.87
2014.10.02 06:02:28.224,0.87428,0.87463,1.00,1.87
2014.10.02 06:02:30.928,0.87428,0.87462,1.00,1.37
2014.10.02 06:02:32.130,0.87428,0.87462,1.00,1.37
2014.10.02 06:02:32.455,0.87428,0.87457,1.00,1.37
2014.10.02 06:02:32.660,0.87426,0.87457,1.00,1.37
2014.10.02 06:02:32.797,0.87422,0.87457,1.00,1.37
2014.10.02 06:02:33.175,0.87422,0.87453,1.00,1.00
2014.10.02 06:02:33.983,0.87423,0.87453,1.00,1.00
2014.10.02 06:02:34.627,0.87419,0.87453,1.12,1.00
2014.10.02 06:02:34.833,0.87423,0.87453,1.00,1.00
2014.10.02 06:02:35.569,0.87423,0.87453,1.00,1.37
2014.10.02 06:02:35.620,0.87418,0.87453,1.00,1.37
2014.10.02 06:02:36.036,0.87418,0.87446,1.00,1.00
2014.10.02 06:02:36.546,0.87417,0.87446,1.00,1.00
2014.10.02 06:02:36.848,0.87417,0.87442,1.00,1.00
2014.10.02 06:02:37.049,0.87423,0.87449,1.00,1.00
2014.10.02 06:02:37.150,0.87417,0.87449,1.00,1.00
2014.10.02 06:02:37.728,0.87415,0.87449,1.12,1.00
2014.10.02 06:02:37.829,0.87417,0.87454,1.00,1.87
2014.10.02 06:02:39.337,0.87415,0.87454,1.12,1.87
2014.10.02 06:02:39.387,0.87415,0.87454,1.12,1.87
2014.10.02 06:02:39.829,0.87418,0.87454,1.00,1.37
2014.10.02 06:02:40.159,0.87417,0.87454,1.37,1.00
2014.10.02 06:02:40.259,0.87417,0.87456,1.50,1.37
2014.10.02 06:02:40.360,0.87423,0.87446,1.00,1.00
2014.10.02 06:02:40.595,0.87417,0.87446,1.00,1.00
2014.10.02 06:02:41.242,0.87413,0.87446,1.50,1.00
2014.10.02 06:02:41.343,0.87418,0.87446,1.00,1.00
2014.10.02 06:02:42.342,0.87418,0.8745,1.00,1.00
2014.10.02 06:02:42.745,0.87423,0.8745,1.00,1.00
2014.10.02 06:02:43.117,0.87413,0.8745,1.87,1.00
2014.10.02 06:02:43.279,0.87413,0.8745,1.87,1.12
2014.10.02 06:02:43.329,0.87418,0.8745,1.00,1.12
2014.10.02 06:02:46.044,0.87423,0.8745,1.00,1.00
2014.10.02 06:02:47.167,0.87418,0.8745,1.12,1.00
2014.10.02 06:02:47.410,0.87418,0.8745,1.37,1.00
2014.10.02 06:02:47.511,0.87418,0.8745,1.00,1.00
2014.10.02 06:02:47.612,0.87417,0.8745,1.37,1.00
2014.10.02 06:02:48.317,0.87417,0.8745,1.37,1.00
2014.10.02 06:02:48.834,0.87418,0.87451,1.37,1.00
2014.10.02 06:02:50.606,0.87413,0.87451,3.37,1.00
2014.10.02 06:02:53.490,0.87413,0.8745,3.37,1.00
2014.10.02 06:02:53.541,0.87413,0.8745,3.37,1.12
2014.10.02 06:02:53.914,0.87413,0.8745,3.37,1.00
2014.10.02 06:02:56.424,0.87413,0.87451,3.37,1.12
2014.10.02 06:02:56.802,0.87413,0.87451,3.37,1.12
2014.10.02 06:02:56.903,0.87413,0.87451,3.00,1.50
2014.10.02 06:02:57.208,0.87413,0.8745,1.00,1.75
2014.10.02 06:02:57.419,0.87406,0.87442,1.87,1.12
2014.10.02 06:02:59.504,0.87405,0.87438,1.37,1.00
2014.10.02 06:02:59.813,0.87402,0.87436,1.00,1.50
2014.10.02 06:02:59.914,0.87398,0.87436,1.50,1.75
2014.10.02 06:03:00.015,0.87397,0.87429,1.00,1.37
2014.10.02 06:03:00.531,0.87398,0.87426,1.00,1.00
2014.10.02 06:03:00.581,0.87393,0.87426,1.00,1.00
2014.10.02 06:03:00.849,0.87393,0.87421,1.00,1.00
2014.10.02 06:03:01.518,0.87392,0.87421,1.00,1.00
2014.10.02 06:03:01.568,0.87387,0.87421,1.37,1.00
2014.10.02 06:03:01.619,0.87387,0.87421,1.00,1.37
2014.10.02 06:03:02.304,0.87387,0.87421,1.00,1.12
2014.10.02 06:03:02.364,0.87387,0.87419,1.00,1.00
2014.10.02 06:03:03.345,0.87383,0.87419,1.87,1.00
2014.10.02 06:03:03.690,0.87387,0.87419,1.00,1.00
2014.10.02 06:03:05.148,0.87387,0.87418,1.00,1.00
2014.10.02 06:03:05.868,0.87383,0.87418,1.37,1.00
2014.10.02 06:03:08.195,0.87383,0.8742,1.37,1.00
2014.10.02 06:03:08.295,0.87388,0.8742,1.00,1.00
2014.10.02 06:03:09.825,0.87384,0.8742,1.87,1.00
2014.10.02 06:03:10.555,0.87383,0.8742,1.37,1.00
2014.10.02 06:03:10.986,0.87383,0.87419,1.12,1.37
2014.10.02 06:03:11.385,0.8738,0.87419,2.62,1.37
2014.10.02 06:03:11.906,0.87377,0.87417,1.37,1.37
2014.10.02 06:03:11.986,0.87377,0.87417,1.37,1.37
2014.10.02 06:03:12.287,0.87378,0.87413,1.00,1.37
2014.10.02 06:03:12.407,0.87378,0.87413,1.37,1.12
2014.10.02 06:03:13.091,0.87378,0.87413,1.00,1.12
2014.10.02 06:03:13.578,0.87383,0.87413,1.00,1.12
2014.10.02 06:03:14.335,0.87378,0.87413,1.00,1.12
2014.10.02 06:03:15.335,0.87383,0.87413,1.00,1.12
2014.10.02 06:03:15.891,0.87377,0.87413,1.87,1.12
2014.10.02 06:03:16.315,0.87383,0.87413,1.00,1.12
2014.10.02 06:03:16.881,0.87377,0.87413,1.87,1.12
2014.10.02 06:03:16.932,0.87377,0.87413,1.50,1.37
2014.10.02 06:03:20.512,0.87377,0.87413,1.87,1.87
2014.10.02 06:03:21.413,0.87377,0.87413,1.87,1.50
2014.10.02 06:03:21.614,0.87382,0.87416,1.00,2.25
2014.10.02 06:03:21.816,0.87377,0.87416,1.50,1.00
2014.10.02 06:03:22.586,0.87378,0.87416,1.00,1.00
2014.10.02 06:03:22.756,0.87378,0.87416,1.12,1.37
2014.10.02 06:03:23.059,0.87378,0.87413,1.00,1.37
2014.10.02 06:03:23.260,0.87378,0.87413,1.00,1.12
2014.10.02 06:03:23.361,0.87373,0.87413,1.87,1.37
2014.10.02 06:03:23.462,0.87373,0.87413,1.37,1.00
2014.10.02 06:03:23.664,0.87373,0.87413,1.50,1.00
2014.10.02 06:03:23.764,0.87375,0.87414,1.12,1.00
2014.10.02 06:03:23.815,0.87378,0.87414,1.00,1.00
2014.10.02 06:03:24.391,0.87377,0.87414,1.00,1.00
2014.10.02 06:03:24.908,0.87377,0.87414,1.00,1.37
2014.10.02 06:03:25.476,0.87377,0.87413,1.00,1.37
2014.10.02 06:03:26.545,0.87374,0.87413,1.87,1.87
2014.10.02 06:03:26.634,0.87374,0.87413,1.87,1.87
2014.10.02 06:03:26.985,0.87378,0.87413,1.00,1.37
2014.10.02 06:03:30.084,0.87374,0.87412,1.87,1.37
2014.10.02 06:03:30.613,0.87378,0.87413,1.00,1.87
2014.10.02 06:03:30.746,0.87374,0.87413,1.87,2.62
2014.10.02 06:03:32.952,0.87374,0.87413,1.87,2.62
2014.10.02 06:03:33.453,0.87374,0.87413,1.87,2.62
2014.10.02 06:03:33.754,0.87374,0.87413,1.87,2.62
2014.10.02 06:03:36.563,0.87374,0.87413,1.87,1.50
2014.10.02 06:03:37.065,0.87374,0.87413,1.87,1.87
2014.10.02 06:03:38.167,0.87374,0.87412,1.87,1.00
2014.10.02 06:03:38.950,0.87374,0.87412,1.87,1.12
2014.10.02 06:03:39.280,0.87378,0.87413,1.00,1.37
2014.10.02 06:03:39.991,0.87378,0.87413,1.12,1.12
2014.10.02 06:03:40.574,0.87378,0.87414,1.00,1.37
2014.10.02 06:03:41.310,0.87378,0.87414,1.00,1.12
2014.10.02 06:03:46.921,0.87378,0.87414,1.12,1.37
2014.10.02 06:03:48.325,0.87375,0.87412,1.37,1.00
2014.10.02 06:03:48.851,0.87377,0.87414,1.37,1.37
2014.10.02 06:03:49.094,0.87377,0.87414,1.00,1.37
2014.10.02 06:03:49.843,0.87377,0.87415,1.12,1.87
2014.10.02 06:03:50.883,0.87378,0.87415,1.00,1.87
2014.10.02 06:03:52.614,0.87375,0.87412,1.37,1.12
2014.10.02 06:03:53.853,0.87378,0.87413,1.00,1.37
2014.10.02 06:03:54.206,0.87378,0.87413,1.00,1.87
2014.10.02 06:03:55.552,0.87381,0.87413,1.37,1.00
2014.10.02 06:03:55.754,0.87381,0.87417,1.87,1.00
2014.10.02 06:03:55.855,0.87383,0.87421,1.37,1.87
2014.10.02 06:03:56.163,0.87388,0.87421,1.00,1.87
2014.10.02 06:03:58.247,0.87388,0.8742,1.37,1.00
2014.10.02 06:03:58.549,0.87389,0.8742,1.37,1.00
2014.10.02 06:03:58.683,0.87391,0.87427,1.37,1.12
2014.10.02 06:03:59.425,0.87391,0.87428,1.00,3.75
2014.10.02 06:03:59.677,0.87387,0.8742,1.87,1.00
2014.10.02 06:04:00.030,0.87387,0.8742,4.12,1.00
2014.10.02 06:04:00.130,0.8739,0.87425,1.00,1.00
2014.10.02 06:04:00.864,0.87393,0.87425,1.00,1.00
2014.10.02 06:04:02.519,0.87393,0.87425,1.37,1.00
2014.10.02 06:04:02.893,0.87392,0.87427,1.37,1.00
2014.10.02 06:04:03.521,0.87392,0.87428,1.37,1.00
2014.10.02 06:04:08.803,0.87392,0.87427,1.87,1.00
2014.10.02 06:04:12.136,0.87392,0.87427,1.37,1.12
2014.10.02 06:04:14.646,0.87392,0.87424,1.00,1.00
2014.10.02 06:04:14.868,0.87387,0.87423,1.50,1.37
2014.10.02 06:04:14.969,0.87387,0.87423,1.00,1.50
2014.10.02 06:04:15.183,0.87383,0.87415,1.00,1.00
2014.10.02 06:04:15.394,0.87379,0.87415,3.37,1.12
2014.10.02 06:04:15.445,0.8738,0.87415,1.00,1.37
2014.10.02 06:04:15.757,0.87379,0.87415,1.00,1.50
2014.10.02 06:04:16.173,0.87376,0.87412,1.12,1.37
2014.10.02 06:04:16.847,0.87376,0.87412,1.00,1.12
2014.10.02 06:04:17.006,0.87373,0.87411,1.37,1.12
2014.10.02 06:04:17.057,0.87373,0.87411,1.37,1.12
2014.10.02 06:04:19.014,0.87378,0.87414,1.00,1.37
2014.10.02 06:04:19.473,0.87378,0.87414,1.37,1.37
2014.10.02 06:04:19.804,0.87374,0.87414,1.37,1.37
2014.10.02 06:04:20.539,0.87374,0.87411,1.37,1.00
2014.10.02 06:04:21.124,0.87374,0.87407,1.37,1.00
2014.10.02 06:04:21.858,0.87374,0.87407,1.37,1.50
2014.10.02 06:04:22.161,0.87374,0.87407,1.00,1.87
2014.10.02 06:04:22.404,0.87375,0.87407,1.87,1.50
2014.10.02 06:04:22.898,0.87373,0.87407,1.37,1.50
2014.10.02 06:04:22.999,0.87373,0.87407,1.00,2.25
2014.10.02 06:04:23.100,0.87368,0.87407,1.87,1.87
2014.10.02 06:04:23.402,0.87368,0.87402,1.00,1.37
2014.10.02 06:04:23.681,0.87363,0.87397,1.37,1.00
2014.10.02 06:04:23.883,0.87357,0.87396,3.37,1.37
2014.10.02 06:04:23.984,0.87357,0.87395,1.50,2.25
2014.10.02 06:04:24.185,0.87358,0.87396,1.12,1.37
2014.10.02 06:04:24.487,0.87357,0.87396,1.87,1.37
2014.10.02 06:04:24.587,0.87357,0.87396,1.87,1.37
2014.10.02 06:04:24.708,0.87359,0.87396,1.87,1.12
2014.10.02 06:04:25.422,0.87363,0.87396,1.00,1.00
2014.10.02 06:04:27.077,0.87363,0.87396,1.37,1.00
2014.10.02 06:04:27.470,0.87367,0.87396,1.00,1.00
2014.10.02 06:04:28.873,0.87367,0.87397,1.00,1.00
2014.10.02 06:04:29.343,0.87362,0.87397,1.37,1.00
2014.10.02 06:04:31.843,0.87362,0.87398,1.37,1.00
2014.10.02 06:04:32.424,0.87362,0.87398,1.12,1.12
2014.10.02 06:04:32.804,0.87363,0.87398,1.87,1.00
2014.10.02 06:04:32.855,0.87363,0.87403,1.87,1.37
2014.10.02 06:04:32.905,0.87363,0.87403,1.87,1.37
2014.10.02 06:04:33.294,0.87362,0.87403,1.37,1.75
2014.10.02 06:04:33.853,0.87368,0.87397,1.00,1.12
2014.10.02 06:04:35.597,0.87368,0.874,1.37,1.00
2014.10.02 06:04:35.749,0.87367,0.874,1.37,1.00
2014.10.02 06:04:36.352,0.87369,0.87408,1.87,1.37
2014.10.02 06:04:37.408,0.87368,0.87407,2.62,1.37
2014.10.02 06:04:38.437,0.87368,0.87407,1.12,1.37
2014.10.02 06:04:41.415,0.87368,0.87402,1.12,1.00
2014.10.02 06:04:44.058,0.87368,0.87402,1.00,1.37
2014.10.02 06:04:44.109,0.87364,0.87402,1.87,1.37
2014.10.02 06:04:44.355,0.87363,0.87401,1.00,1.37
2014.10.02 06:04:47.356,0.87363,0.874,1.87,1.00
2014.10.02 06:04:47.824,0.87363,0.87398,1.87,1.00
2014.10.02 06:04:48.813,0.87363,0.87397,2.62,1.00
2014.10.02 06:04:49.338,0.87363,0.87397,1.37,1.00
2014.10.02 06:04:49.882,0.87363,0.87396,1.37,1.00
2014.10.02 06:04:50.463,0.87359,0.87393,3.00,1.00
2014.10.02 06:04:53.149,0.87359,0.87393,3.00,1.00
2014.10.02 06:04:54.313,0.87359,0.87398,3.00,1.00
2014.10.02 06:04:54.886,0.87363,0.87401,1.37,1.37
2014.10.02 06:04:55.302,0.87368,0.87401,1.00,1.37
2014.10.02 06:04:56.865,0.87367,0.87401,1.00,1.12
2014.10.02 06:04:57.540,0.87368,0.87404,1.00,1.37
2014.10.02 06:04:59.790,0.87368,0.87403,1.00,1.37
2014.10.02 06:05:00.471,0.87368,0.87403,1.00,1.12
2014.10.02 06:05:01.019,0.87364,0.87402,1.37,1.37
2014.10.02 06:05:01.776,0.87364,0.87402,1.00,1.37
2014.10.02 06:05:02.264,0.87361,0.87397,1.37,1.00
2014.10.02 06:05:02.346,0.87363,0.87401,1.12,1.37
2014.10.02 06:05:02.497,0.87364,0.87402,1.37,1.12
2014.10.02 06:05:02.820,0.87368,0.87402,1.12,1.00
2014.10.02 06:05:03.184,0.87367,0.87402,1.37,1.00
2014.10.02 06:05:03.633,0.87367,0.87407,1.37,1.12
2014.10.02 06:05:06.388,0.87368,0.87407,1.37,1.87
2014.10.02 06:05:13.406,0.87367,0.87407,1.37,1.37
2014.10.02 06:05:18.113,0.87368,0.87407,1.37,1.50
2014.10.02 06:05:20.317,0.87367,0.87407,1.37,1.37
2014.10.02 06:05:21.360,0.87367,0.87407,2.62,1.75
2014.10.02 06:05:21.960,0.87367,0.87407,1.50,3.00
2014.10.02 06:05:22.374,0.87367,0.87407,2.62,1.50
2014.10.02 06:05:23.125,0.87367,0.87407,2.62,1.37
2014.10.02 06:05:23.651,0.87367,0.87405,2.62,1.37
2014.10.02 06:05:23.927,0.87367,0.87405,2.62,1.37
2014.10.02 06:05:24.209,0.87369,0.87405,1.50,1.37
2014.10.02 06:05:24.259,0.87369,0.87405,1.87,1.37
2014.10.02 06:05:24.613,0.87372,0.87405,1.50,1.37
2014.10.02 06:05:24.764,0.87369,0.87405,1.50,1.37
2014.10.02 06:05:24.928,0.87373,0.87405,1.00,1.37
2014.10.02 06:05:25.232,0.87368,0.87405,1.00,1.37
2014.10.02 06:05:25.534,0.87367,0.87401,1.00,1.50
2014.10.02 06:05:25.685,0.87364,0.87401,1.00,1.50
2014.10.02 06:05:25.834,0.87364,0.87401,1.00,1.75
2014.10.02 06:05:25.935,0.87364,0.87401,1.00,1.37
2014.10.02 06:05:26.844,0.87363,0.87402,1.00,1.37
2014.10.02 06:05:29.374,0.87364,0.87401,1.00,1.37
2014.10.02 06:05:29.475,0.87364,0.87401,1.00,1.50
2014.10.02 06:05:32.233,0.87363,0.87399,1.00,1.37
2014.10.02 06:05:33.668,0.87363,0.87399,1.00,1.37
2014.10.02 06:05:34.135,0.87359,0.87399,1.87,1.37
2014.10.02 06:05:35.694,0.8736,0.87399,1.12,1.37
2014.10.02 06:05:36.376,0.8736,0.87399,1.37,1.37
2014.10.02 06:05:39.813,0.87361,0.87399,1.37,1.87
2014.10.02 06:05:40.125,0.87365,0.87402,1.50,3.00
2014.10.02 06:05:40.226,0.87365,0.87402,1.50,2.62
2014.10.02 06:05:40.327,0.87368,0.87402,1.00,1.87
2014.10.02 06:05:41.027,0.87368,0.87402,1.00,2.25
2014.10.02 06:05:41.195,0.87366,0.87402,1.00,3.00
2014.10.02 06:05:43.673,0.87363,0.87401,2.62,1.50
2014.10.02 06:05:43.992,0.87363,0.87401,1.37,1.37
2014.10.02 06:05:44.203,0.87363,0.87401,1.37,1.50
2014.10.02 06:05:44.304,0.87363,0.87401,1.87,1.37
2014.10.02 06:05:44.694,0.87365,0.87401,1.50,1.37
2014.10.02 06:05:45.383,0.87368,0.87401,1.00,1.37
2014.10.02 06:05:45.603,0.87365,0.87401,1.50,1.50
2014.10.02 06:05:45.745,0.87365,0.87401,1.50,1.37
2014.10.02 06:05:48.102,0.87365,0.87402,2.62,1.37
2014.10.02 06:05:48.604,0.87365,0.87402,2.25,1.00
2014.10.02 06:05:49.145,0.87365,0.87402,2.62,1.00
2014.10.02 06:05:49.397,0.87368,0.87404,1.50,1.37
2014.10.02 06:05:49.900,0.87366,0.87404,1.87,1.12
2014.10.02 06:05:50.202,0.87365,0.87402,1.37,1.87
2014.10.02 06:05:50.535,0.87361,0.87399,1.37,1.37
2014.10.02 06:05:51.324,0.87361,0.87397,1.37,1.00
2014.10.02 06:05:52.116,0.87361,0.87399,2.62,1.37
2014.10.02 06:05:52.366,0.87361,0.874,2.62,1.00
2014.10.02 06:05:55.229,0.87362,0.87402,1.37,1.87
2014.10.02 06:05:58.444,0.87362,0.87402,1.37,1.87
2014.10.02 06:06:00.127,0.87363,0.87402,1.37,1.12
2014.10.02 06:06:02.755,0.87362,0.87402,1.00,1.37
2014.10.02 06:06:03.326,0.87361,0.87399,1.12,1.12
2014.10.02 06:06:03.640,0.87361,0.87399,1.37,1.00
2014.10.02 06:06:04.149,0.87361,0.87399,1.37,1.00
2014.10.02 06:06:04.513,0.87361,0.87399,1.37,1.37
2014.10.02 06:06:06.562,0.87361,0.87399,1.12,1.37
2014.10.02 06:06:08.757,0.8736,0.87399,2.62,1.87
2014.10.02 06:06:09.270,0.8736,0.87397,2.62,1.00
2014.10.02 06:06:09.659,0.8736,0.87397,1.37,1.37
2014.10.02 06:06:12.766,0.8736,0.87399,1.37,1.12
2014.10.02 06:06:13.307,0.87364,0.874,1.00,1.37
2014.10.02 06:06:13.408,0.87364,0.87398,1.00,1.37
2014.10.02 06:06:13.923,0.87364,0.87397,1.00,1.37
2014.10.02 06:06:14.292,0.87361,0.87396,1.00,1.37
2014.10.02 06:06:19.493,0.87361,0.87392,1.00,1.00
2014.10.02 06:06:20.232,0.8736,0.87392,1.00,1.00
2014.10.02 06:06:23.572,0.87361,0.87394,1.50,1.87
2014.10.02 06:06:23.874,0.87368,0.87397,1.00,1.00
2014.10.02 06:06:24.098,0.87371,0.87402,1.00,1.00
2014.10.02 06:06:24.199,0.87371,0.87405,1.00,1.87
2014.10.02 06:06:24.453,0.87371,0.87404,1.37,1.00
2014.10.02 06:06:24.605,0.87371,0.87407,1.37,1.00
2014.10.02 06:06:24.756,0.87371,0.87407,1.37,1.00
2014.10.02 06:06:25.402,0.87376,0.87408,1.00,1.00
2014.10.02 06:06:25.453,0.87376,0.87411,1.00,2.25
2014.10.02 06:06:27.223,0.87375,0.87412,1.37,1.12
2014.10.02 06:06:27.753,0.87375,0.87412,1.87,1.00
2014.10.02 06:06:27.927,0.87375,0.87414,1.87,1.12
2014.10.02 06:06:29.930,0.87378,0.87417,1.37,1.37
2014.10.02 06:06:30.138,0.87378,0.87417,1.37,1.37
2014.10.02 06:06:30.756,0.87378,0.87417,1.00,1.00
2014.10.02 06:06:31.487,0.87378,0.87412,1.12,1.00
2014.10.02 06:06:32.045,0.87376,0.87412,1.37,1.12
2014.10.02 06:06:38.895,0.87377,0.87412,1.37,1.00
2014.10.02 06:06:39.584,0.87377,0.87412,1.00,1.00
2014.10.02 06:06:40.017,0.87377,0.87412,1.37,1.00
2014.10.02 06:06:40.600,0.8738,0.87412,1.00,1.00
2014.10.02 06:06:41.843,0.8738,0.87413,1.00,1.12
2014.10.02 06:06:42.364,0.87379,0.87412,1.37,1.00
2014.10.02 06:06:42.415,0.87379,0.87412,1.12,1.00
2014.10.02 06:06:42.802,0.87379,0.87408,1.12,1.00
2014.10.02 06:06:42.912,0.87379,0.87413,1.12,1.12
2014.10.02 06:06:43.532,0.87379,0.87412,1.00,1.37
2014.10.02 06:06:43.582,0.87377,0.87412,1.12,1.87
2014.10.02 06:06:43.734,0.87377,0.87412,1.00,3.37
2014.10.02 06:06:44.258,0.87377,0.87407,1.00,1.00
2014.10.02 06:06:44.359,0.87372,0.87407,1.12,1.50
2014.10.02 06:06:45.143,0.87371,0.87407,1.00,4.12
2014.10.02 06:06:45.243,0.87369,0.87403,1.00,1.50
2014.10.02 06:06:45.444,0.87369,0.87402,1.00,1.37
2014.10.02 06:06:46.414,0.87364,0.87399,1.12,1.00
2014.10.02 06:06:46.683,0.87364,0.87399,1.87,1.00
2014.10.02 06:06:47.187,0.87364,0.87399,1.87,1.00
2014.10.02 06:06:48.051,0.87364,0.87399,1.50,1.37
2014.10.02 06:06:48.632,0.87364,0.87399,1.50,1.37
2014.10.02 06:06:49.210,0.87364,0.87399,1.50,1.50
2014.10.02 06:06:49.564,0.87362,0.87399,1.50,2.25
2014.10.02 06:06:50.613,0.87363,0.87399,1.00,2.25
2014.10.02 06:06:52.421,0.87364,0.87398,1.00,1.37
2014.10.02 06:06:55.230,0.87364,0.87398,1.00,1.75
2014.10.02 06:06:55.812,0.87363,0.87398,1.50,1.75
2014.10.02 06:06:56.959,0.87363,0.87398,1.50,1.37
2014.10.02 06:06:58.174,0.87363,0.87398,1.50,1.50
2014.10.02 06:06:59.082,0.87362,0.87397,1.00,1.37
2014.10.02 06:06:59.871,0.87363,0.874,1.50,2.25
2014.10.02 06:07:01.193,0.87362,0.874,1.50,1.75
2014.10.02 06:07:01.756,0.87363,0.87401,1.50,1.75
2014.10.02 06:07:04.351,0.87362,0.87399,2.25,1.75
2014.10.02 06:07:09.478,0.87362,0.87397,1.00,1.50
2014.10.02 06:07:10.126,0.87362,0.87397,1.00,1.75
2014.10.02 06:07:10.503,0.8736,0.87397,2.25,1.75
2014.10.02 06:07:12.186,0.8736,0.87398,2.62,1.37
2014.10.02 06:07:16.498,0.8736,0.87398,1.87,1.12
2014.10.02 06:07:17.320,0.8736,0.87397,1.87,1.00
2014.10.02 06:07:17.901,0.8736,0.87397,1.87,1.00
2014.10.02 06:07:21.108,0.8736,0.87397,1.87,1.37
2014.10.02 06:07:23.413,0.8736,0.87397,1.50,1.37
2014.10.02 06:07:26.117,0.8736,0.87397,1.50,1.37
2014.10.02 06:07:27.320,0.8736,0.87397,1.87,1.37
2014.10.02 06:07:27.932,0.8736,0.87397,1.87,1.50
2014.10.02 06:07:28.234,0.87367,0.874,1.37,1.00
2014.10.02 06:07:28.559,0.87372,0.87397,1.00,1.00
2014.10.02 06:07:28.660,0.87372,0.87401,1.00,1.00
2014.10.02 06:07:28.962,0.87369,0.87407,1.00,2.25
2014.10.02 06:07:30.196,0.87369,0.87403,1.00,1.00
2014.10.02 06:07:30.373,0.87369,0.87407,1.00,2.25
2014.10.02 06:07:30.433,0.87369,0.87407,1.12,2.62
2014.10.02 06:07:30.874,0.87369,0.87403,1.00,1.37
2014.10.02 06:07:31.271,0.87369,0.87403,1.00,1.12
2014.10.02 06:07:31.637,0.87369,0.87407,1.37,1.37
2014.10.02 06:07:31.764,0.87369,0.87407,1.12,1.37
2014.10.02 06:07:33.449,0.87367,0.87406,1.37,1.37
2014.10.02 06:07:33.751,0.87365,0.87399,1.00,1.37
2014.10.02 06:07:34.220,0.8736,0.87398,1.37,1.87
2014.10.02 06:07:35.805,0.8736,0.87393,1.37,1.00
2014.10.02 06:07:35.906,0.87354,0.8739,1.37,1.37
2014.10.02 06:07:35.957,0.87354,0.8739,1.00,1.37
2014.10.02 06:07:36.259,0.87354,0.87387,1.00,1.37
2014.10.02 06:07:36.359,0.87349,0.87387,2.62,2.62
2014.10.02 06:07:36.460,0.87349,0.87387,1.00,2.62
2014.10.02 06:07:36.662,0.87349,0.87385,1.00,1.37
2014.10.02 06:07:38.116,0.87347,0.87385,1.12,1.37
2014.10.02 06:07:38.680,0.87347,0.87385,1.00,1.12
2014.10.02 06:07:39.305,0.87347,0.87385,1.00,1.37
2014.10.02 06:07:39.808,0.87347,0.87383,1.12,1.87
2014.10.02 06:07:40.110,0.87347,0.87383,1.37,1.12
2014.10.02 06:07:41.282,0.87348,0.87383,1.00,1.37
2014.10.02 06:07:41.419,0.87343,0.87385,3.37,2.25
2014.10.02 06:07:41.519,0.87343,0.87381,1.12,1.37
2014.10.02 06:07:41.620,0.87341,0.87382,1.00,1.37
2014.10.02 06:07:42.183,0.87341,0.87382,1.00,1.75
2014.10.02 06:07:42.692,0.87338,0.87379,1.12,1.37
2014.10.02 06:07:44.388,0.87343,0.87372,1.00,1.00
2014.10.02 06:07:44.489,0.87338,0.87372,1.00,1.12
2014.10.02 06:07:45.380,0.87343,0.87372,1.00,1.00
2014.10.02 06:07:45.442,0.87343,0.87376,1.00,1.37
2014.10.02 06:07:46.124,0.87343,0.87376,1.00,1.37
2014.10.02 06:07:46.371,0.87338,0.87376,1.00,1.37
2014.10.02 06:07:47.132,0.87338,0.87376,1.12,1.12
2014.10.02 06:07:47.233,0.87338,0.87376,1.37,1.00
2014.10.02 06:07:47.535,0.87343,0.8738,1.00,1.37
2014.10.02 06:07:47.837,0.87347,0.8738,1.00,1.00
2014.10.02 06:07:47.887,0.87348,0.87382,1.00,1.00
2014.10.02 06:07:48.071,0.87348,0.87387,1.00,1.00
2014.10.02 06:07:48.681,0.87352,0.87387,1.00,1.00
2014.10.02 06:07:49.224,0.87353,0.87387,1.00,1.00
2014.10.02 06:07:50.501,0.87348,0.87387,1.37,1.12
2014.10.02 06:07:50.820,0.87348,0.87387,1.00,1.37
2014.10.02 06:07:50.920,0.87343,0.87385,1.87,2.62
2014.10.02 06:07:53.305,0.87343,0.87385,1.87,2.62
2014.10.02 06:07:54.486,0.87343,0.87382,1.50,1.50
2014.10.02 06:07:54.877,0.8734,0.87377,1.00,2.62
2014.10.02 06:07:55.288,0.87337,0.87376,1.12,1.37
2014.10.02 06:07:56.501,0.87337,0.87376,1.37,1.37
2014.10.02 06:07:58.124,0.87337,0.87374,1.00,1.87
2014.10.02 06:07:58.336,0.87332,0.87372,1.37,2.62
2014.10.02 06:07:58.399,0.87332,0.87372,1.00,2.62
2014.10.02 06:07:58.500,0.87332,0.87372,1.00,3.00
2014.10.02 06:07:59.431,0.87332,0.87371,1.00,1.87
2014.10.02 06:07:59.651,0.8733,0.87369,1.50,1.87
2014.10.02 06:08:00.009,0.87327,0.87366,1.12,1.37
2014.10.02 06:08:00.104,0.87327,0.87366,1.12,1.12
2014.10.02 06:08:00.205,0.87332,0.87366,1.00,1.12
2014.10.02 06:08:01.180,0.87338,0.87366,1.00,1.00
2014.10.02 06:08:01.562,0.87338,0.87371,1.00,1.37
2014.10.02 06:08:01.713,0.87338,0.87371,1.00,1.00
2014.10.02 06:08:03.260,0.87338,0.87372,1.00,1.87
2014.10.02 06:08:04.692,0.87337,0.87372,1.12,1.87
2014.10.02 06:08:07.561,0.87338,0.87372,1.00,1.87
2014.10.02 06:08:07.902,0.87343,0.87372,1.00,1.00
2014.10.02 06:08:08.053,0.87343,0.87374,1.00,1.00
2014.10.02 06:08:08.154,0.87348,0.87377,1.00,1.00
2014.10.02 06:08:08.254,0.87342,0.87377,1.00,1.00
2014.10.02 06:08:08.765,0.87343,0.87382,1.00,1.00
2014.10.02 06:08:09.449,0.87343,0.87382,1.37,1.00
2014.10.02 06:08:09.981,0.87347,0.87382,1.00,1.00
2014.10.02 06:08:10.241,0.87348,0.87387,1.87,1.00
2014.10.02 06:08:10.360,0.87352,0.8739,1.00,1.12
2014.10.02 06:08:11.151,0.87352,0.8739,1.12,1.37
2014.10.02 06:08:11.538,0.87352,0.8739,1.37,1.00
2014.10.02 06:08:12.090,0.87353,0.87396,1.87,1.50
2014.10.02 06:08:12.342,0.87355,0.87397,1.37,1.00
2014.10.02 06:08:12.734,0.87358,0.87402,1.50,2.62
2014.10.02 06:08:12.994,0.87358,0.87403,1.00,1.00
2014.10.02 06:08:13.513,0.87358,0.87402,1.00,1.00
2014.10.02 06:08:14.412,0.87363,0.87402,1.00,1.50
2014.10.02 06:08:14.875,0.87363,0.87402,1.00,1.87
2014.10.02 06:08:14.976,0.87363,0.87401,1.00,1.12
2014.10.02 06:08:15.078,0.87363,0.87401,1.00,1.37
2014.10.02 06:08:15.402,0.87357,0.87398,2.62,1.00
2014.10.02 06:08:15.636,0.87363,0.87401,1.00,1.37
2014.10.02 06:08:16.364,0.87363,0.87401,1.00,1.50
2014.10.02 06:08:16.700,0.87363,0.87401,1.00,1.37
2014.10.02 06:08:17.060,0.87357,0.87398,1.37,1.12
2014.10.02 06:08:17.501,0.87358,0.87397,1.12,1.00
2014.10.02 06:08:17.809,0.87363,0.87402,1.12,1.37
2014.10.02 06:08:17.860,0.87363,0.87402,1.12,1.00
2014.10.02 06:08:18.261,0.87362,0.87403,1.37,1.87
2014.10.02 06:08:18.362,0.87362,0.87403,1.12,1.87
2014.10.02 06:08:19.386,0.87362,0.87403,1.00,1.87
2014.10.02 06:08:20.068,0.87362,0.87403,1.87,1.37
2014.10.02 06:08:21.301,0.87362,0.87396,1.37,1.00
2014.10.02 06:08:21.802,0.87362,0.87396,1.00,1.00
2014.10.02 06:08:21.903,0.87359,0.87396,1.87,1.00
2014.10.02 06:08:22.070,0.87359,0.87401,1.12,1.37
2014.10.02 06:08:24.853,0.87358,0.87398,1.37,1.00
2014.10.02 06:08:24.903,0.87358,0.87398,1.00,1.37
2014.10.02 06:08:25.821,0.87355,0.87396,1.37,1.37
2014.10.02 06:08:26.612,0.87355,0.87396,1.12,1.37
2014.10.02 06:08:27.047,0.87353,0.87392,1.12,1.12
2014.10.02 06:08:27.100,0.87353,0.8739,1.12,1.50
2014.10.02 06:08:28.794,0.87353,0.8739,1.37,1.50
2014.10.02 06:08:28.905,0.87354,0.87392,1.37,1.00
2014.10.02 06:08:29.131,0.87354,0.87392,1.37,1.00
2014.10.02 06:08:29.382,0.87356,0.87396,1.00,1.50
2014.10.02 06:08:29.433,0.87356,0.87398,1.00,3.00
2014.10.02 06:08:29.998,0.87356,0.87398,1.37,3.37
2014.10.02 06:08:30.745,0.87356,0.87398,1.37,3.37
2014.10.02 06:08:36.724,0.87362,0.87398,1.37,2.62
2014.10.02 06:08:37.486,0.87362,0.87398,1.37,2.25
2014.10.02 06:08:37.621,0.87362,0.87398,1.00,2.25
2014.10.02 06:08:37.770,0.87362,0.87396,1.00,1.50
2014.10.02 06:08:37.871,0.87356,0.87396,1.87,1.87
2014.10.02 06:08:37.972,0.87356,0.87396,1.87,1.50
2014.10.02 06:08:38.245,0.87356,0.87397,1.87,2.62
2014.10.02 06:08:40.379,0.87356,0.87396,1.37,1.50
2014.10.02 06:08:40.812,0.87354,0.87394,1.37,1.00
2014.10.02 06:08:41.434,0.87354,0.87394,1.37,1.00
2014.10.02 06:08:42.518,0.8736,0.87396,1.00,1.87
2014.10.02 06:08:42.836,0.8736,0.87396,1.37,1.50
2014.10.02 06:08:42.886,0.8736,0.87398,1.37,1.00
2014.10.02 06:08:43.414,0.87365,0.874,1.00,1.00
2014.10.02 06:08:44.117,0.87365,0.874,1.37,1.00
2014.10.02 06:08:46.246,0.87363,0.874,1.37,1.00
2014.10.02 06:08:46.757,0.87365,0.87401,1.37,1.87
2014.10.02 06:08:47.092,0.87365,0.87397,1.00,1.00
2014.10.02 06:08:47.142,0.87362,0.87397,1.12,1.00
2014.10.02 06:08:47.193,0.87362,0.87397,1.00,1.37
2014.10.02 06:08:47.494,0.87362,0.87397,1.00,1.50
2014.10.02 06:08:47.645,0.87359,0.87392,1.50,1.00
2014.10.02 06:08:48.182,0.87352,0.87392,1.00,1.00
2014.10.02 06:08:48.591,0.87353,0.87394,1.00,2.25
2014.10.02 06:08:49.855,0.87353,0.87394,1.37,2.62
2014.10.02 06:08:52.896,0.87352,0.87392,1.12,1.37
2014.10.02 06:08:52.998,0.8735,0.8739,1.37,1.37
2014.10.02 06:08:53.604,0.8735,0.8739,1.37,1.00
2014.10.02 06:08:53.755,0.8735,0.8739,1.37,1.37
2014.10.02 06:08:54.689,0.8735,0.8739,1.37,1.12
2014.10.02 06:09:01.650,0.8735,0.8739,1.00,1.00
2014.10.02 06:09:03.850,0.8735,0.8739,1.37,1.00
2014.10.02 06:09:04.013,0.8735,0.8739,1.37,1.00
2014.10.02 06:09:06.259,0.8735,0.8739,1.37,1.12
2014.10.02 06:09:08.163,0.8735,0.8739,1.12,1.00
2014.10.02 06:09:08.365,0.8735,0.8739,1.37,1.12
2014.10.02 06:09:09.069,0.87351,0.8739,2.25,1.00
2014.10.02 06:09:09.120,0.87353,0.87392,1.37,1.87
2014.10.02 06:09:10.374,0.87353,0.87392,1.37,1.00
2014.10.02 06:09:10.475,0.87353,0.87392,1.50,1.12
2014.10.02 06:09:10.576,0.87353,0.87392,1.12,1.00
2014.10.02 06:09:10.776,0.87353,0.87392,1.37,1.00
2014.10.02 06:09:11.133,0.87353,0.87392,1.37,1.00
2014.10.02 06:09:11.835,0.87353,0.87393,1.12,1.87
2014.10.02 06:09:11.940,0.87353,0.87393,1.12,1.87
2014.10.02 06:09:12.276,0.8735,0.87388,1.37,1.37
2014.10.02 06:09:14.952,0.87349,0.87388,1.87,1.37
2014.10.02 06:09:15.052,0.87349,0.87388,1.87,1.37
2014.10.02 06:09:15.153,0.87349,0.87388,1.50,1.37
2014.10.02 06:09:15.253,0.87349,0.87388,1.87,1.37
2014.10.02 06:09:15.354,0.87349,0.87388,1.87,1.37
2014.10.02 06:09:15.455,0.87349,0.87388,1.87,1.12
2014.10.02 06:09:16.190,0.87349,0.87388,1.00,1.37
2014.10.02 06:09:16.662,0.87349,0.87388,1.37,1.37
2014.10.02 06:09:17.368,0.87349,0.87388,1.12,1.12
2014.10.02 06:09:17.893,0.87349,0.87388,1.37,1.37
2014.10.02 06:09:19.376,0.87349,0.87388,1.37,1.12
2014.10.02 06:09:20.686,0.87353,0.87388,1.00,1.12
2014.10.02 06:09:20.737,0.87353,0.87392,1.87,1.87
2014.10.02 06:09:21.799,0.87357,0.87393,1.00,1.87
2014.10.02 06:09:23.400,0.87357,0.87393,1.00,1.87
2014.10.02 06:09:24.442,0.87354,0.87393,1.37,1.87
2014.10.02 06:09:24.643,0.87354,0.87393,1.00,1.87
2014.10.02 06:09:25.038,0.87354,0.87393,1.12,1.87
2014.10.02 06:09:25.140,0.87354,0.87393,1.37,1.87
2014.10.02 06:09:25.462,0.87354,0.87392,1.37,1.37
2014.10.02 06:09:25.749,0.87354,0.87392,1.12,1.37
2014.10.02 06:09:26.130,0.87354,0.87389,1.00,1.37
2014.10.02 06:09:26.627,0.87354,0.87389,1.00,1.50
2014.10.02 06:09:26.728,0.87354,0.87389,1.00,1.37
2014.10.02 06:09:26.779,0.87348,0.87385,1.00,1.00
2014.10.02 06:09:27.029,0.87348,0.87385,1.00,1.37
2014.10.02 06:09:27.373,0.87345,0.87385,3.00,1.37
2014.10.02 06:09:27.778,0.87354,0.87388,1.00,1.87
2014.10.02 06:09:28.177,0.87354,0.87388,1.00,1.87
2014.10.02 06:09:28.338,0.87354,0.87388,1.00,1.50
2014.10.02 06:09:28.761,0.87354,0.87388,1.37,1.00
2014.10.02 06:09:29.067,0.87358,0.8739,1.12,1.00
2014.10.02 06:09:29.279,0.87359,0.87394,1.12,1.00
2014.10.02 06:09:30.052,0.87359,0.87394,1.37,1.00
2014.10.02 06:09:30.570,0.87359,0.87395,1.37,1.00
2014.10.02 06:09:31.201,0.87359,0.87395,1.37,1.37
2014.10.02 06:09:31.376,0.8736,0.87395,1.00,1.37
2014.10.02 06:09:31.778,0.8736,0.87395,1.00,1.75
2014.10.02 06:09:31.879,0.8736,0.87395,1.00,1.00
2014.10.02 06:09:31.929,0.8736,0.87392,1.00,1.00
2014.10.02 06:09:32.578,0.87354,0.87391,1.00,1.00
2014.10.02 06:09:32.629,0.87358,0.87391,1.00,1.00
2014.10.02 06:09:33.409,0.87357,0.87391,1.00,1.12
2014.10.02 06:09:33.867,0.87357,0.87391,1.37,1.00
2014.10.02 06:09:34.008,0.8736,0.87393,1.00,1.00
2014.10.02 06:09:34.160,0.8736,0.87395,1.00,1.12
2014.10.02 06:09:34.888,0.87361,0.87397,1.00,1.87
2014.10.02 06:09:35.430,0.87361,0.87397,1.87,1.00
2014.10.02 06:09:36.378,0.87362,0.87399,1.00,1.37
2014.10.02 06:09:36.990,0.87361,0.87397,1.00,1.37
2014.10.02 06:09:37.519,0.87358,0.87397,2.62,1.37
2014.10.02 06:09:38.180,0.87358,0.87397,2.62,1.12
2014.10.02 06:09:40.391,0.87358,0.87397,1.87,1.87
2014.10.02 06:09:40.532,0.87358,0.87397,1.50,1.87
2014.10.02 06:09:41.090,0.87358,0.87392,1.00,1.12
2014.10.02 06:09:41.489,0.87355,0.87392,4.12,1.00
2014.10.02 06:09:41.891,0.87355,0.87392,4.12,1.00
2014.10.02 06:09:43.641,0.87355,0.87392,3.37,1.00
2014.10.02 06:09:44.509,0.87355,0.87392,1.12,1.37
2014.10.02 06:09:44.849,0.87355,0.87388,1.12,1.00
2014.10.02 06:09:45.353,0.87349,0.87388,1.00,1.87
2014.10.02 06:09:45.403,0.87349,0.87377,1.00,1.00
2014.10.02 06:09:45.605,0.87342,0.87376,2.25,1.37
2014.10.02 06:09:46.154,0.87343,0.87376,1.00,1.37
2014.10.02 06:09:46.415,0.87338,0.87372,1.87,1.00
2014.10.02 06:09:49.846,0.87338,0.87372,1.87,1.00
2014.10.02 06:09:50.343,0.87342,0.87374,1.00,1.00
2014.10.02 06:09:50.759,0.87342,0.8738,1.87,1.12
2014.10.02 06:09:50.860,0.87343,0.8738,2.25,1.00
2014.10.02 06:09:51.061,0.87346,0.8738,1.12,1.00
2014.10.02 06:09:51.112,0.87343,0.87378,1.37,1.00
2014.10.02 06:09:51.162,0.87343,0.87378,1.00,1.00
2014.10.02 06:09:51.680,0.87342,0.87378,1.00,1.00
2014.10.02 06:09:51.731,0.87337,0.87378,1.50,1.00
2014.10.02 06:09:51.944,0.87337,0.87378,1.87,1.37
2014.10.02 06:09:52.553,0.87337,0.87372,1.12,1.00
2014.10.02 06:09:54.399,0.87338,0.87377,1.00,1.87
2014.10.02 06:09:54.555,0.87338,0.87377,1.37,1.87
2014.10.02 06:09:55.730,0.87338,0.87377,1.37,1.50
2014.10.02 06:09:58.339,0.87338,0.87377,1.37,1.37
2014.10.02 06:10:04.158,0.87337,0.87378,2.25,1.37
2014.10.02 06:10:06.400,0.87337,0.87379,1.37,1.50
2014.10.02 06:10:06.501,0.87333,0.87375,2.62,3.00
2014.10.02 06:10:06.803,0.87332,0.87369,1.00,1.37
2014.10.02 06:10:06.853,0.87329,0.87367,1.12,1.37
2014.10.02 06:10:07.180,0.87329,0.87363,1.00,1.00
2014.10.02 06:10:07.512,0.87329,0.87368,1.37,2.62
2014.10.02 06:10:08.020,0.87333,0.87367,1.37,1.00
2014.10.02 06:10:09.567,0.87333,0.87367,1.12,1.12
2014.10.02 06:10:11.472,0.87332,0.87368,1.37,1.12
2014.10.02 06:10:12.879,0.87332,0.87368,1.50,4.50
2014.10.02 06:10:13.281,0.87332,0.87362,1.00,1.37
2014.10.02 06:10:13.483,0.87324,0.87361,1.00,1.37
2014.10.02 06:10:15.526,0.87324,0.87361,1.37,1.37
2014.10.02 06:10:18.389,0.87325,0.87365,1.12,1.37
2014.10.02 06:10:19.295,0.87325,0.87365,1.37,1.37
2014.10.02 06:10:21.200,0.87325,0.87365,1.37,1.12
2014.10.02 06:10:25.512,0.87328,0.87368,1.37,1.50
2014.10.02 06:10:32.832,0.87326,0.87368,1.87,2.25
2014.10.02 06:10:36.648,0.87326,0.87367,1.87,1.37
2014.10.02 06:10:37.070,0.87326,0.87367,2.25,1.37
2014.10.02 06:10:37.690,0.87325,0.87368,1.37,1.87
2014.10.02 06:10:37.790,0.87325,0.87368,1.37,1.87
2014.10.02 06:10:39.085,0.87328,0.87368,1.00,1.37
2014.10.02 06:10:40.270,0.87328,0.87371,1.37,1.75
2014.10.02 06:10:40.372,0.87328,0.87371,1.37,1.37
2014.10.02 06:10:40.473,0.87333,0.87369,1.37,1.12
2014.10.02 06:10:40.775,0.87333,0.87369,1.50,1.00
2014.10.02 06:10:40.876,0.87338,0.87377,1.12,1.37
2014.10.02 06:10:41.995,0.87338,0.87377,1.12,1.37
2014.10.02 06:10:43.188,0.87335,0.87377,1.37,1.37
2014.10.02 06:10:43.639,0.87335,0.87378,1.37,3.75
2014.10.02 06:10:43.962,0.87333,0.87365,1.00,1.37
2014.10.02 06:10:44.079,0.87328,0.87365,1.12,1.37
2014.10.02 06:10:44.680,0.87328,0.87365,1.00,1.50
2014.10.02 06:10:44.730,0.87325,0.87365,1.37,1.50
2014.10.02 06:10:44.781,0.87325,0.87365,1.37,1.37
2014.10.02 06:10:45.326,0.87325,0.87364,1.37,1.37
2014.10.02 06:10:46.380,0.87325,0.87364,1.37,1.00
2014.10.02 06:10:48.014,0.87328,0.87368,1.37,1.87
2014.10.02 06:10:48.808,0.87328,0.87368,1.87,1.50
2014.10.02 06:10:49.285,0.87328,0.87366,1.00,1.50
2014.10.02 06:10:49.358,0.87326,0.87366,1.00,1.50
2014.10.02 06:10:51.425,0.87323,0.87362,1.50,1.75
2014.10.02 06:10:51.676,0.87317,0.87358,1.12,4.50
2014.10.02 06:10:52.256,0.87312,0.8735,1.87,1.12
2014.10.02 06:10:52.330,0.87312,0.8735,1.87,1.12
2014.10.02 06:10:52.772,0.87312,0.8735,1.37,1.12
2014.10.02 06:10:55.841,0.8731,0.87353,3.00,1.37
2014.10.02 06:10:57.006,0.87321,0.87353,1.00,1.37
2014.10.02 06:10:57.107,0.87321,0.87356,1.12,2.25
2014.10.02 06:10:58.097,0.8732,0.87356,1.87,1.12
2014.10.02 06:10:58.648,0.87318,0.87362,2.62,1.75
2014.10.02 06:10:59.579,0.87318,0.8736,3.00,1.12
2014.10.02 06:11:00.193,0.87323,0.8736,1.37,1.00
2014.10.02 06:11:00.294,0.87323,0.8736,1.12,1.37
2014.10.02 06:11:00.539,0.87323,0.87366,1.00,2.25
2014.10.02 06:11:02.086,0.87323,0.87366,1.12,3.00
2014.10.02 06:11:04.135,0.87328,0.87365,1.00,1.37
2014.10.02 06:11:04.900,0.87328,0.87365,1.00,1.75
2014.10.02 06:11:05.107,0.87323,0.8736,1.00,1.50
2014.10.02 06:11:05.787,0.87323,0.8736,1.00,1.75
2014.10.02 06:11:05.938,0.87323,0.8736,1.00,1.37
2014.10.02 06:11:08.424,0.87323,0.87361,1.00,1.37
2014.10.02 06:11:09.232,0.87323,0.87361,1.00,1.50
2014.10.02 06:11:10.919,0.87322,0.87359,1.00,1.37
2014.10.02 06:11:12.459,0.87323,0.87359,1.00,1.37
2014.10.02 06:11:12.966,0.87323,0.87359,1.00,1.00
2014.10.02 06:11:13.626,0.87322,0.87361,1.12,1.37
2014.10.02 06:11:13.677,0.87322,0.87361,1.00,1.00
2014.10.02 06:11:13.977,0.87322,0.87361,1.00,1.37
2014.10.02 06:11:14.612,0.87323,0.87361,1.00,1.37
2014.10.02 06:11:15.037,0.87323,0.87361,1.12,1.37
2014.10.02 06:11:15.289,0.87328,0.87365,1.00,1.37
2014.10.02 06:11:15.590,0.87328,0.87364,1.00,1.75
2014.10.02 06:11:15.641,0.87328,0.87365,1.00,1.50
2014.10.02 06:11:15.842,0.87322,0.87365,1.00,1.00
2014.10.02 06:11:16.444,0.87322,0.87365,1.12,1.37
2014.10.02 06:11:18.052,0.87323,0.87364,1.00,1.37
2014.10.02 06:11:18.664,0.87323,0.87364,1.00,1.37
2014.10.02 06:11:20.632,0.87323,0.87364,1.50,1.37
2014.10.02 06:11:21.304,0.87322,0.87364,2.62,1.37
2014.10.02 06:11:22.969,0.87321,0.87361,1.87,1.37
2014.10.02 06:11:23.189,0.87318,0.87361,1.37,1.12
2014.10.02 06:11:23.240,0.87318,0.87357,1.37,1.00
2014.10.02 06:11:23.544,0.87318,0.87349,1.00,1.12
2014.10.02 06:11:23.875,0.87309,0.87349,2.10,1.00
2014.10.02 06:11:24.538,0.87308,0.8735,1.50,1.00
2014.10.02 06:11:25.192,0.87308,0.8735,1.87,1.50
2014.10.02 06:11:25.293,0.87307,0.8735,1.37,1.37
2014.10.02 06:11:25.394,0.87308,0.87348,1.87,1.37
2014.10.02 06:11:25.994,0.87308,0.87347,1.37,1.37
2014.10.02 06:11:26.497,0.87308,0.87347,1.37,1.37
2014.10.02 06:11:26.636,0.87307,0.87348,1.37,1.87
2014.10.02 06:11:26.809,0.87317,0.87348,1.00,1.37
2014.10.02 06:11:26.913,0.87317,0.87348,1.12,1.00
2014.10.02 06:11:30.207,0.87312,0.87352,1.00,3.00
2014.10.02 06:11:30.658,0.87308,0.87347,2.62,1.12
2014.10.02 06:11:31.711,0.87308,0.87347,2.25,1.50
2014.10.02 06:11:32.013,0.87303,0.8734,1.00,1.37
2014.10.02 06:11:32.529,0.87302,0.8734,1.00,1.37
2014.10.02 06:11:34.334,0.87302,0.87338,1.00,1.50
2014.10.02 06:11:34.820,0.87302,0.87338,1.00,2.25
2014.10.02 06:11:34.871,0.87298,0.87332,1.50,1.37
2014.10.02 06:11:35.389,0.87303,0.87334,1.00,1.37
2014.10.02 06:11:36.049,0.87298,0.87334,1.00,1.37
2014.10.02 06:11:36.125,0.87298,0.87334,1.00,1.37
2014.10.02 06:11:36.396,0.87302,0.87334,1.00,1.37
2014.10.02 06:11:36.650,0.87303,0.87335,1.00,1.00
2014.10.02 06:11:36.851,0.87308,0.87335,1.00,1.12
2014.10.02 06:11:37.368,0.87303,0.87335,1.12,1.00
2014.10.02 06:11:38.138,0.87303,0.87335,2.62,1.00
2014.10.02 06:11:38.396,0.87303,0.87339,2.62,1.37
2014.10.02 06:11:41.159,0.87304,0.87339,1.50,1.37
2014.10.02 06:11:41.351,0.87303,0.87339,1.00,1.37
2014.10.02 06:11:41.553,0.87301,0.87339,1.87,1.37
2014.10.02 06:11:41.654,0.87298,0.87339,2.62,1.37
2014.10.02 06:11:42.097,0.87302,0.87338,1.00,1.87
2014.10.02 06:11:42.660,0.87299,0.87338,1.87,1.37
2014.10.02 06:11:43.089,0.87303,0.87334,1.00,1.00
2014.10.02 06:11:43.648,0.87301,0.87334,1.50,1.00
2014.10.02 06:11:43.928,0.87299,0.87334,1.87,1.00
2014.10.02 06:11:44.077,0.87303,0.87334,1.00,1.00
2014.10.02 06:11:44.229,0.87303,0.87339,1.00,1.37
2014.10.02 06:11:44.729,0.873,0.87337,1.50,1.37
2014.10.02 06:11:45.672,0.873,0.87335,1.50,1.00
2014.10.02 06:11:46.387,0.87303,0.87335,1.00,1.00
2014.10.02 06:11:46.639,0.87298,0.87335,1.00,1.87
2014.10.02 06:11:46.891,0.87298,0.87333,1.87,1.00
2014.10.02 06:11:47.193,0.87303,0.87334,1.00,1.00
2014.10.02 06:11:47.499,0.87307,0.87334,1.00,1.00
2014.10.02 06:11:49.250,0.87302,0.87334,1.00,1.00
2014.10.02 06:11:49.948,0.87302,0.87336,1.00,1.00
2014.10.02 06:11:52.878,0.87308,0.87336,1.00,1.00
2014.10.02 06:11:53.652,0.87307,0.87336,1.00,1.00
2014.10.02 06:11:53.803,0.87307,0.87342,1.00,1.37
2014.10.02 06:11:54.313,0.87308,0.87342,1.00,1.87
2014.10.02 06:11:55.078,0.87307,0.87342,1.00,1.37
2014.10.02 06:11:55.317,0.87312,0.87342,1.00,1.37
2014.10.02 06:11:55.418,0.87312,0.87344,1.00,1.00
2014.10.02 06:11:55.644,0.87318,0.87346,1.00,1.87
2014.10.02 06:11:55.694,0.87318,0.87346,1.00,1.87
2014.10.02 06:11:55.896,0.87312,0.87346,1.00,1.37
2014.10.02 06:11:56.625,0.87313,0.87349,1.00,1.37
2014.10.02 06:11:57.059,0.87318,0.87349,1.00,1.37
2014.10.02 06:11:57.230,0.87317,0.87349,1.00,1.37
2014.10.02 06:12:01.838,0.87309,0.87338,1.87,1.00
2014.10.02 06:12:02.040,0.87307,0.87338,1.00,1.00
2014.10.02 06:12:02.568,0.87308,0.87338,1.00,1.00
2014.10.02 06:12:02.618,0.87313,0.87338,1.00,1.00
2014.10.02 06:12:02.820,0.87307,0.87338,1.37,1.00
2014.10.02 06:12:03.158,0.87312,0.87347,1.00,1.87
2014.10.02 06:12:03.687,0.87312,0.87347,1.37,1.00
2014.10.02 06:12:04.450,0.87308,0.87347,1.87,1.00
2014.10.02 06:12:05.123,0.87313,0.87347,1.00,1.00
2014.10.02 06:12:05.870,0.87312,0.87347,1.12,1.00
2014.10.02 06:12:06.157,0.87313,0.87347,1.00,1.87
2014.10.02 06:12:06.359,0.87308,0.87347,1.00,3.00
2014.10.02 06:12:06.460,0.87308,0.87347,1.00,3.00
2014.10.02 06:12:06.561,0.87303,0.87346,1.37,2.25
2014.10.02 06:12:07.148,0.87303,0.87337,1.12,1.12
2014.10.02 06:12:10.077,0.87303,0.87338,1.12,1.00
2014.10.02 06:12:12.191,0.87302,0.87338,1.00,1.37
2014.10.02 06:12:16.338,0.87303,0.87338,1.00,1.37
2014.10.02 06:12:16.482,0.87303,0.87338,1.00,1.37
2014.10.02 06:12:17.384,0.87303,0.87338,1.00,1.37
2014.10.02 06:12:17.987,0.87303,0.87338,1.00,1.12
2014.10.02 06:12:19.000,0.87303,0.8734,1.00,1.50
2014.10.02 06:12:19.624,0.87302,0.8734,1.00,1.50
2014.10.02 06:12:20.224,0.87302,0.87337,1.00,1.12
2014.10.02 06:12:20.847,0.87302,0.87337,1.37,1.00
2014.10.02 06:12:22.020,0.87302,0.87337,1.12,1.12
2014.10.02 06:12:23.532,0.87302,0.87338,1.00,1.37
2014.10.02 06:12:24.594,0.87303,0.87338,1.00,1.37
2014.10.02 06:12:24.947,0.87303,0.87338,1.00,1.37
2014.10.02 06:12:25.149,0.87298,0.87337,1.00,1.37
2014.10.02 06:12:26.896,0.87297,0.87335,1.12,1.37
2014.10.02 06:12:27.920,0.87298,0.87335,1.00,1.37
2014.10.02 06:12:31.458,0.87298,0.87334,1.37,1.12
2014.10.02 06:12:31.667,0.87303,0.87334,1.00,1.12
2014.10.02 06:12:31.868,0.87298,0.87336,1.37,1.12
2014.10.02 06:12:32.066,0.87302,0.87336,1.00,1.12
2014.10.02 06:12:32.427,0.87302,0.87336,1.00,1.37
2014.10.02 06:12:32.478,0.87302,0.87336,1.00,1.12
2014.10.02 06:12:34.156,0.87303,0.87336,1.00,1.00
2014.10.02 06:12:34.826,0.87303,0.87337,1.00,1.00
2014.10.02 06:12:34.967,0.87303,0.87337,1.00,1.37
2014.10.02 06:12:35.140,0.87302,0.87337,1.00,1.37
2014.10.02 06:12:35.736,0.87303,0.87337,1.00,1.37
2014.10.02 06:12:38.668,0.87298,0.87337,1.37,1.37
2014.10.02 06:12:38.980,0.87299,0.87337,1.87,1.00
2014.10.02 06:12:39.327,0.87298,0.87337,2.62,1.37
2014.10.02 06:12:39.590,0.87298,0.87338,2.62,1.00
2014.10.02 06:12:39.657,0.87298,0.87338,2.62,1.00
2014.10.02 06:12:39.958,0.873,0.87338,1.87,1.37
2014.10.02 06:12:40.581,0.873,0.87338,1.50,1.37
2014.10.02 06:12:40.910,0.87298,0.87337,1.12,1.12
2014.10.02 06:12:42.406,0.87298,0.87337,2.25,1.37
2014.10.02 06:12:44.056,0.87298,0.87332,2.25,1.00
2014.10.02 06:12:44.374,0.87298,0.87329,1.00,1.00
2014.10.02 06:12:44.923,0.87297,0.87329,1.00,1.00
2014.10.02 06:12:46.046,0.87297,0.87327,1.00,1.00
2014.10.02 06:12:46.840,0.87298,0.87327,1.00,1.00
2014.10.02 06:12:47.498,0.87298,0.87328,1.00,1.00
2014.10.02 06:12:47.999,0.87298,0.87327,1.37,1.00
2014.10.02 06:12:48.328,0.87302,0.87327,1.00,1.00
2014.10.02 06:12:49.169,0.87297,0.87327,1.00,1.00
2014.10.02 06:12:49.527,0.87297,0.87328,1.00,1.37
2014.10.02 06:12:49.860,0.87292,0.87324,1.50,1.00
2014.10.02 06:12:51.317,0.87293,0.87324,1.00,1.00
2014.10.02 06:12:51.630,0.87293,0.87326,1.00,1.00
2014.10.02 06:12:51.680,0.87297,0.87326,1.00,1.00
2014.10.02 06:12:51.781,0.87293,0.87326,1.37,1.00
2014.10.02 06:12:52.199,0.87298,0.87326,1.00,1.00
2014.10.02 06:12:53.162,0.87298,0.87331,1.00,1.37
2014.10.02 06:12:53.750,0.87298,0.87331,1.12,1.00
2014.10.02 06:12:54.825,0.87298,0.87329,1.00,1.00
2014.10.02 06:12:54.926,0.87294,0.87329,1.12,1.37
2014.10.02 06:12:55.655,0.87292,0.87329,1.37,1.37
2014.10.02 06:12:59.194,0.87292,0.87327,1.37,1.00
2014.10.02 06:12:59.331,0.87293,0.8733,1.50,1.37
2014.10.02 06:12:59.899,0.87293,0.8733,1.00,1.37
2014.10.02 06:13:00.826,0.87293,0.8733,1.12,1.00
2014.10.02 06:13:00.877,0.87299,0.87333,1.00,1.12
2014.10.02 06:13:01.179,0.873,0.87332,1.37,1.00
2014.10.02 06:13:01.229,0.873,0.87332,1.37,1.00
2014.10.02 06:13:01.431,0.87298,0.87338,1.37,1.87
2014.10.02 06:13:01.613,0.87298,0.87338,1.12,1.87
2014.10.02 06:13:01.827,0.87297,0.87332,1.37,1.00
2014.10.02 06:13:02.354,0.87297,0.87335,1.00,1.37
2014.10.02 06:13:02.679,0.87295,0.87328,2.62,1.00
2014.10.02 06:13:02.997,0.87295,0.87328,1.00,1.37
2014.10.02 06:13:03.248,0.87292,0.87328,1.87,1.37
2014.10.02 06:13:07.107,0.87292,0.87321,1.12,1.00
2014.10.02 06:13:07.158,0.87288,0.87321,1.12,1.00
2014.10.02 06:13:08.547,0.87288,0.87322,2.62,1.87
2014.10.02 06:13:09.000,0.87289,0.87325,1.87,1.12
2014.10.02 06:13:10.825,0.87288,0.87327,1.37,2.62
2014.10.02 06:13:12.402,0.87293,0.87327,1.00,1.37
2014.10.02 06:13:12.741,0.87297,0.87328,1.12,1.00
2014.10.02 06:13:12.843,0.87297,0.87333,1.37,1.87
2014.10.02 06:13:13.528,0.87298,0.87333,1.37,1.50
2014.10.02 06:13:13.628,0.87298,0.87327,1.37,1.00
2014.10.02 06:13:14.238,0.87298,0.87328,2.25,1.00
2014.10.02 06:13:16.345,0.87298,0.87332,1.00,1.37
2014.10.02 06:13:16.881,0.87297,0.87333,1.12,1.37
2014.10.02 06:13:16.947,0.87297,0.87333,1.37,1.00
2014.10.02 06:13:17.363,0.87298,0.87336,1.50,1.00
2014.10.02 06:13:19.635,0.87298,0.87337,1.50,1.12
2014.10.02 06:13:20.180,0.87301,0.87338,1.37,1.00
2014.10.02 06:13:20.500,0.87301,0.87338,1.00,1.37
2014.10.02 06:13:21.171,0.87301,0.87338,1.37,1.00
2014.10.02 06:13:21.831,0.87302,0.8734,1.12,3.37
2014.10.02 06:13:21.996,0.87302,0.87339,1.37,1.37
2014.10.02 06:13:23.435,0.87303,0.87337,1.37,1.00
2014.10.02 06:13:23.811,0.87307,0.87339,1.00,1.12
2014.10.02 06:13:25.181,0.87302,0.87338,1.37,1.00
2014.10.02 06:13:25.232,0.87302,0.87338,1.37,1.00
2014.10.02 06:13:28.146,0.87302,0.87339,1.37,1.12
2014.10.02 06:13:28.477,0.87307,0.8734,1.00,1.00
2014.10.02 06:13:29.093,0.87307,0.87342,1.00,1.37
2014.10.02 06:13:29.639,0.87308,0.87342,1.00,1.87
2014.10.02 06:13:30.135,0.87303,0.87342,1.87,1.37
2014.10.02 06:13:32.366,0.87303,0.87344,1.37,1.87
2014.10.02 06:13:32.795,0.87303,0.87341,1.37,1.37
2014.10.02 06:13:33.436,0.87301,0.87338,1.12,1.37
2014.10.02 06:13:35.039,0.87301,0.87338,1.12,1.37
2014.10.02 06:13:37.825,0.87303,0.87337,1.00,1.12
2014.10.02 06:13:38.326,0.87303,0.87337,1.37,1.00
2014.10.02 06:13:38.678,0.87299,0.87333,1.37,1.00
2014.10.02 06:13:38.779,0.87298,0.87333,1.37,1.50
2014.10.02 06:13:39.099,0.87298,0.87332,1.87,1.00
2014.10.02 06:13:44.711,0.87298,0.87332,1.87,1.00
2014.10.02 06:13:44.912,0.87298,0.87333,1.12,1.37
2014.10.02 06:13:45.013,0.87297,0.87333,1.87,1.50
2014.10.02 06:13:45.426,0.87298,0.87332,1.12,1.00
2014.10.02 06:13:45.531,0.87298,0.87332,1.00,1.37
2014.10.02 06:13:46.198,0.87297,0.87331,1.50,1.37
2014.10.02 06:13:46.816,0.87298,0.87331,1.00,1.37
2014.10.02 06:13:47.569,0.87298,0.87331,1.00,1.00
2014.10.02 06:13:48.565,0.87298,0.87332,1.00,1.87
2014.10.02 06:13:52.125,0.87297,0.87327,1.00,1.00
2014.10.02 06:13:52.276,0.87293,0.87324,1.00,1.00
2014.10.02 06:13:55.164,0.87293,0.87322,1.00,1.00
2014.10.02 06:13:57.962,0.87293,0.87324,1.12,1.00
2014.10.02 06:13:58.063,0.87303,0.87324,1.00,1.00
2014.10.02 06:13:58.365,0.87307,0.87328,1.00,1.00
2014.10.02 06:13:58.574,0.87308,0.87338,1.00,1.00
2014.10.02 06:14:01.335,0.87307,0.87338,1.00,1.00
2014.10.02 06:14:01.545,0.87307,0.8734,1.00,1.87
2014.10.02 06:14:02.102,0.87308,0.8734,1.00,1.87
2014.10.02 06:14:02.325,0.87302,0.87338,1.87,1.00
2014.10.02 06:14:03.085,0.87307,0.87338,1.00,1.00
2014.10.02 06:14:03.136,0.87308,0.87341,1.37,1.00
2014.10.02 06:14:03.315,0.87307,0.87338,1.87,1.00
2014.10.02 06:14:03.527,0.87307,0.87338,1.50,1.00
2014.10.02 06:14:05.295,0.87308,0.87337,1.00,1.00
2014.10.02 06:14:07.856,0.87307,0.87337,1.00,1.00
2014.10.02 06:14:08.076,0.87304,0.87338,1.12,1.87
2014.10.02 06:14:08.408,0.87304,0.87338,1.37,1.50
2014.10.02 06:14:10.206,0.87306,0.87338,1.00,1.37
2014.10.02 06:14:10.914,0.87311,0.87337,1.00,1.00
2014.10.02 06:14:11.166,0.87311,0.87343,1.12,1.00
2014.10.02 06:14:11.318,0.87311,0.87343,1.37,1.00
2014.10.02 06:14:11.469,0.87311,0.87345,1.37,1.00
2014.10.02 06:14:11.575,0.87311,0.87337,1.37,1.00
2014.10.02 06:14:11.726,0.87311,0.87337,1.12,1.00
2014.10.02 06:14:11.927,0.87311,0.87343,1.00,1.12
2014.10.02 06:14:12.145,0.8731,0.87338,1.00,1.00
2014.10.02 06:14:12.598,0.8731,0.87342,1.00,1.37
2014.10.02 06:14:13.038,0.87303,0.87342,1.37,1.37
2014.10.02 06:14:13.096,0.87303,0.87342,1.12,1.37
2014.10.02 06:14:13.577,0.87301,0.87333,1.37,1.00
2014.10.02 06:14:13.728,0.87301,0.87333,1.12,1.00
2014.10.02 06:14:15.304,0.87298,0.87332,2.62,1.00
2014.10.02 06:14:15.735,0.87298,0.87332,1.87,1.00
2014.10.02 06:14:17.670,0.87299,0.87332,1.00,1.00
2014.10.02 06:14:18.606,0.87299,0.87333,1.00,1.00
2014.10.02 06:14:19.271,0.87299,0.87332,1.00,1.00
2014.10.02 06:14:19.625,0.87299,0.87328,1.37,1.00
2014.10.02 06:14:20.174,0.873,0.87327,1.00,1.00
2014.10.02 06:14:20.675,0.873,0.87328,1.00,1.00
2014.10.02 06:14:20.876,0.87293,0.87326,1.00,1.12
2014.10.02 06:14:21.715,0.87291,0.87322,1.12,1.00
2014.10.02 06:14:22.265,0.87292,0.87323,1.00,1.00
2014.10.02 06:14:24.144,0.87293,0.87324,1.12,1.00
2014.10.02 06:14:24.245,0.87293,0.87327,1.12,1.12
2014.10.02 06:14:24.645,0.87293,0.87331,1.37,1.00
2014.10.02 06:14:24.746,0.87293,0.87331,1.75,1.00
2014.10.02 06:14:25.124,0.87299,0.87327,1.00,1.00
2014.10.02 06:14:25.476,0.87292,0.87328,1.37,1.00
2014.10.02 06:14:26.099,0.87293,0.87327,1.12,1.00
2014.10.02 06:14:27.074,0.87291,0.87322,1.37,1.00
2014.10.02 06:14:27.276,0.87291,0.87322,1.00,1.00
2014.10.02 06:14:27.853,0.87291,0.87323,1.00,1.00
2014.10.02 06:14:28.847,0.87291,0.87322,1.00,1.00
2014.10.02 06:14:29.386,0.87291,0.87323,1.00,1.00
2014.10.02 06:14:29.915,0.87295,0.87323,1.50,1.00
2014.10.02 06:14:30.331,0.87294,0.87322,1.87,1.00
2014.10.02 06:14:30.381,0.87294,0.87328,1.87,1.50
2014.10.02 06:14:30.915,0.87296,0.87328,1.87,1.00
2014.10.02 06:14:31.882,0.87296,0.87328,1.50,1.00
2014.10.02 06:14:32.945,0.87293,0.87328,1.87,1.00
2014.10.02 06:14:33.096,0.87299,0.87327,1.37,1.00
2014.10.02 06:14:33.248,0.87299,0.87333,1.37,1.00
2014.10.02 06:14:33.797,0.87299,0.87332,1.00,1.00
2014.10.02 06:14:34.338,0.87299,0.87333,1.00,1.12
2014.10.02 06:14:34.824,0.87296,0.87333,1.37,1.37
2014.10.02 06:14:34.925,0.87295,0.87327,1.00,1.00
2014.10.02 06:14:35.327,0.87297,0.87332,1.00,1.87
2014.10.02 06:14:35.665,0.87293,0.87326,1.00,1.12
2014.10.02 06:14:35.826,0.87293,0.87326,1.00,1.37
2014.10.02 06:14:36.094,0.87288,0.87322,1.37,1.00
2014.10.02 06:14:36.602,0.87288,0.87322,1.37,1.00
2014.10.02 06:14:38.612,0.87288,0.87322,1.37,1.00
2014.10.02 06:14:38.663,0.87292,0.87324,1.00,1.00
2014.10.02 06:14:39.362,0.87292,0.87328,1.50,1.37
2014.10.02 06:14:39.463,0.87292,0.87328,2.25,1.00
2014.10.02 06:14:39.633,0.87298,0.87332,1.12,1.12
2014.10.02 06:14:41.625,0.87297,0.87333,1.50,1.37
2014.10.02 06:14:43.138,0.87297,0.87327,1.00,1.00
2014.10.02 06:14:43.469,0.87298,0.87332,1.00,1.37
2014.10.02 06:14:43.644,0.87297,0.87333,1.50,1.37
2014.10.02 06:14:43.694,0.87297,0.87327,1.00,1.00
2014.10.02 06:14:44.198,0.87296,0.87327,1.00,1.12
2014.10.02 06:14:44.581,0.87297,0.87331,1.00,1.37
2014.10.02 06:14:44.963,0.87294,0.87332,1.50,1.00
2014.10.02 06:14:45.100,0.87294,0.87332,1.87,1.00
2014.10.02 06:14:45.201,0.87299,0.87336,1.87,1.12
2014.10.02 06:14:45.402,0.87298,0.87336,1.12,1.37
2014.10.02 06:14:45.710,0.87294,0.87332,1.87,1.00
2014.10.02 06:14:48.301,0.87298,0.87332,1.37,1.00
2014.10.02 06:14:49.094,0.87298,0.87333,1.37,1.00
2014.10.02 06:14:50.616,0.87297,0.87332,1.37,1.00
2014.10.02 06:14:51.204,0.87297,0.87333,1.37,1.00
2014.10.02 06:14:51.255,0.87297,0.87333,1.12,1.12
2014.10.02 06:14:51.406,0.87297,0.87338,1.87,3.37
2014.10.02 06:14:51.457,0.87297,0.87338,1.87,2.25
2014.10.02 06:14:53.444,0.87298,0.87338,1.12,1.37
2014.10.02 06:14:54.856,0.87298,0.87337,1.00,2.25
2014.10.02 06:14:55.382,0.87298,0.87332,1.12,1.00
2014.10.02 06:14:57.895,0.87298,0.87333,1.00,1.00
2014.10.02 06:14:58.196,0.87299,0.87332,1.37,1.00
2014.10.02 06:14:58.348,0.87299,0.87338,1.37,1.37
2014.10.02 06:14:58.565,0.87299,0.87332,1.37,1.00
2014.10.02 06:14:58.785,0.87299,0.87337,1.37,1.37
2014.10.02 06:14:58.927,0.87299,0.87337,1.37,1.50
2014.10.02 06:14:59.553,0.87301,0.87337,1.00,1.50
2014.10.02 06:15:02.856,0.87302,0.8734,1.00,3.00
2014.10.02 06:15:02.957,0.87302,0.8734,1.00,1.50
2014.10.02 06:15:03.503,0.87303,0.87344,1.12,1.75
2014.10.02 06:15:03.615,0.87303,0.87344,1.37,1.50
2014.10.02 06:15:04.234,0.87303,0.87344,1.37,1.75
2014.10.02 06:15:04.894,0.87306,0.87344,1.00,1.75
2014.10.02 06:15:05.021,0.87306,0.87344,1.00,1.75
2014.10.02 06:15:05.549,0.87306,0.87337,1.00,1.75
2014.10.02 06:15:06.077,0.87306,0.87337,1.00,1.50
2014.10.02 06:15:06.178,0.873,0.87337,1.12,1.50
2014.10.02 06:15:08.140,0.87302,0.8734,1.00,3.00
2014.10.02 06:15:08.833,0.87298,0.87333,1.37,1.37
2014.10.02 06:15:08.883,0.87298,0.87333,1.00,1.37
2014.10.02 06:15:08.984,0.87298,0.87333,1.00,1.00
2014.10.02 06:15:09.085,0.87298,0.87333,1.00,2.62
2014.10.02 06:15:09.603,0.87294,0.87327,1.12,1.00
2014.10.02 06:15:10.378,0.87294,0.87328,1.12,1.12
2014.10.02 06:15:10.751,0.87294,0.87328,1.00,1.37
2014.10.02 06:15:12.644,0.87292,0.87328,1.87,1.37
2014.10.02 06:15:15.615,0.87293,0.87328,1.00,1.37
2014.10.02 06:15:17.198,0.87292,0.87328,1.87,1.37
2014.10.02 06:15:17.704,0.87293,0.87327,1.00,1.37
2014.10.02 06:15:19.684,0.87292,0.87326,1.12,1.12
2014.10.02 06:15:21.888,0.87293,0.87327,1.00,1.37
2014.10.02 06:15:22.156,0.87292,0.87328,1.12,1.87
2014.10.02 06:15:22.207,0.87292,0.87328,1.37,1.50
2014.10.02 06:15:22.525,0.87298,0.87331,1.12,1.00
2014.10.02 06:15:23.093,0.87294,0.87331,1.87,1.00
2014.10.02 06:15:24.414,0.87297,0.87333,1.12,1.87
2014.10.02 06:15:27.041,0.87295,0.87337,1.37,2.25
2014.10.02 06:15:27.192,0.87293,0.87331,1.00,1.37
2014.10.02 06:15:27.361,0.87293,0.87331,1.37,1.37
2014.10.02 06:15:27.692,0.87297,0.87331,1.37,1.00
2014.10.02 06:15:27.976,0.87297,0.87333,1.87,1.00
2014.10.02 06:15:28.044,0.87297,0.87328,1.37,1.00
2014.10.02 06:15:28.195,0.87297,0.87328,1.00,1.00
2014.10.02 06:15:28.814,0.87298,0.87332,1.00,1.37
2014.10.02 06:15:28.865,0.87298,0.87332,1.00,1.12
2014.10.02 06:15:29.082,0.87297,0.87328,2.62,1.00
2014.10.02 06:15:29.185,0.87297,0.87328,1.00,1.00
2014.10.02 06:15:29.386,0.87298,0.87332,1.00,1.37
2014.10.02 06:15:29.597,0.87296,0.87327,1.37,1.00
2014.10.02 06:15:29.698,0.87296,0.87327,1.00,1.00
2014.10.02 06:15:30.183,0.87298,0.87332,3.00,1.00
2014.10.02 06:15:30.385,0.87305,0.87338,1.00,1.87
2014.10.02 06:15:31.023,0.87305,0.87338,1.00,1.50
2014.10.02 06:15:31.234,0.87307,0.87338,1.00,1.00
2014.10.02 06:15:31.794,0.87307,0.87337,1.00,1.00
2014.10.02 06:15:33.097,0.87307,0.87337,1.37,1.00
2014.10.02 06:15:33.616,0.87307,0.87337,1.00,1.00
2014.10.02 06:15:34.974,0.87307,0.87338,1.00,1.00
2014.10.02 06:15:36.846,0.87307,0.87337,1.00,1.00
2014.10.02 06:15:37.334,0.87305,0.87337,1.00,1.00
2014.10.02 06:15:39.072,0.87311,0.87337,1.00,1.00
2014.10.02 06:15:39.274,0.87311,0.87342,1.00,1.00
2014.10.02 06:15:39.425,0.87311,0.87337,1.00,1.00
2014.10.02 06:15:39.926,0.87311,0.8734,1.00,1.12
2014.10.02 06:15:39.976,0.87311,0.8734,1.00,1.37
2014.10.02 06:15:40.199,0.87308,0.8734,1.00,1.37
2014.10.02 06:15:40.380,0.87308,0.8734,1.00,1.00
2014.10.02 06:15:40.480,0.87308,0.87342,1.37,1.50
2014.10.02 06:15:41.042,0.87308,0.87343,1.00,1.37
2014.10.02 06:15:41.143,0.87308,0.87337,1.00,1.00
2014.10.02 06:15:41.797,0.87308,0.87342,1.50,1.12
2014.10.02 06:15:42.000,0.87308,0.87342,1.87,1.00
2014.10.02 06:15:42.485,0.87312,0.87343,1.00,1.00
2014.10.02 06:15:43.008,0.87312,0.87342,1.00,1.00
2014.10.02 06:15:44.116,0.87312,0.87347,1.00,1.37
2014.10.02 06:15:44.216,0.87312,0.87347,1.00,1.12
2014.10.02 06:15:44.371,0.87319,0.87347,1.00,1.00
2014.10.02 06:15:44.580,0.87319,0.87353,1.00,1.87
2014.10.02 06:15:44.681,0.87319,0.87353,1.12,1.50
2014.10.02 06:15:44.923,0.87322,0.87352,1.00,1.00
2014.10.02 06:15:45.097,0.87322,0.87357,1.00,1.37
2014.10.02 06:15:47.075,0.87322,0.87353,1.00,1.00
2014.10.02 06:15:47.429,0.87322,0.87352,1.37,1.00
2014.10.02 06:15:47.724,0.87322,0.87352,1.00,1.00
2014.10.02 06:15:48.618,0.87322,0.87353,1.00,1.00
2014.10.02 06:15:49.945,0.87329,0.87353,1.00,1.00
2014.10.02 06:15:49.995,0.87329,0.87358,1.00,1.00
2014.10.02 06:15:50.096,0.87329,0.87352,1.00,1.00
2014.10.02 06:15:50.304,0.87329,0.87357,1.00,1.12
2014.10.02 06:15:50.595,0.87323,0.87357,1.00,1.37
2014.10.02 06:15:50.645,0.87319,0.87353,1.87,1.00
2014.10.02 06:15:50.880,0.87323,0.87357,1.00,1.37
2014.10.02 06:15:51.615,0.87319,0.87353,1.87,1.00
2014.10.02 06:15:52.385,0.87319,0.87352,1.87,1.00
2014.10.02 06:15:53.614,0.87323,0.87357,1.37,1.00
2014.10.02 06:15:53.816,0.87321,0.87352,1.37,1.00
2014.10.02 06:15:54.017,0.87319,0.87352,1.87,1.00
2014.10.02 06:15:54.118,0.87322,0.87358,1.12,1.37
2014.10.02 06:15:55.164,0.87319,0.87352,1.12,1.00
2014.10.02 06:15:55.691,0.87322,0.87357,1.00,1.37
2014.10.02 06:15:56.490,0.87323,0.87357,1.00,1.37
2014.10.02 06:15:56.540,0.87323,0.87357,1.37,1.00
2014.10.02 06:15:56.870,0.87326,0.87357,1.00,1.00
2014.10.02 06:15:58.133,0.87328,0.87357,1.00,1.00
2014.10.02 06:15:58.435,0.8733,0.87358,1.00,1.00
2014.10.02 06:15:58.586,0.8733,0.87363,1.00,2.62
2014.10.02 06:15:59.125,0.8733,0.87357,1.00,1.00
2014.10.02 06:15:59.291,0.87323,0.87357,1.37,1.00
2014.10.02 06:15:59.643,0.87323,0.87357,1.12,1.00
2014.10.02 06:16:00.284,0.87323,0.87358,1.37,1.00
2014.10.02 06:16:00.940,0.87323,0.87358,1.37,1.00
2014.10.02 06:16:01.476,0.87325,0.87357,1.00,1.00
2014.10.02 06:16:01.844,0.87328,0.87362,1.00,1.50
2014.10.02 06:16:01.895,0.87328,0.87362,1.00,1.37
2014.10.02 06:16:02.283,0.87326,0.87358,1.00,1.00
2014.10.02 06:16:02.839,0.87326,0.87357,1.00,1.00
2014.10.02 06:16:04.453,0.87323,0.87357,1.87,1.00
2014.10.02 06:16:05.382,0.87322,0.87358,2.62,1.12
2014.10.02 06:16:05.695,0.87323,0.87357,1.50,1.37
2014.10.02 06:16:05.904,0.87323,0.87358,1.37,1.12
2014.10.02 06:16:06.436,0.87323,0.87357,1.87,1.00
2014.10.02 06:16:06.594,0.87327,0.87363,1.00,3.00
2014.10.02 06:16:07.144,0.87327,0.87363,1.00,2.62
2014.10.02 06:16:07.486,0.87325,0.87357,1.00,1.00
2014.10.02 06:16:07.924,0.87327,0.87363,1.00,3.00
2014.10.02 06:16:08.376,0.87325,0.87357,1.00,1.00
2014.10.02 06:16:08.986,0.87325,0.87358,1.50,1.12
2014.10.02 06:16:09.227,0.87323,0.87357,1.50,1.12
2014.10.02 06:16:09.429,0.87323,0.87357,1.87,1.00
2014.10.02 06:16:10.662,0.87325,0.87358,1.12,1.00
2014.10.02 06:16:11.212,0.87326,0.87358,1.50,1.00
2014.10.02 06:16:11.714,0.87323,0.87357,1.00,1.37
2014.10.02 06:16:11.904,0.87322,0.87358,1.87,1.00
2014.10.02 06:16:12.434,0.87324,0.87357,1.87,1.00
2014.10.02 06:16:13.192,0.87325,0.87358,1.87,1.00
2014.10.02 06:16:14.649,0.87323,0.87357,2.62,1.12
2014.10.02 06:16:19.121,0.87323,0.87357,1.87,1.00
2014.10.02 06:16:19.272,0.87323,0.87357,1.87,1.12
2014.10.02 06:16:19.833,0.87324,0.87358,1.00,1.37
2014.10.02 06:16:22.273,0.87322,0.87358,1.37,1.87
2014.10.02 06:16:25.264,0.87322,0.87357,1.12,1.37
2014.10.02 06:16:25.383,0.87322,0.87352,1.12,1.00
2014.10.02 06:16:26.154,0.87322,0.87353,1.12,1.00
2014.10.02 06:16:31.183,0.87323,0.87353,1.00,1.00
2014.10.02 06:16:32.425,0.87323,0.87352,1.00,1.00
2014.10.02 06:16:33.052,0.87323,0.87353,1.12,1.00
2014.10.02 06:16:33.102,0.87323,0.87357,1.87,1.00
2014.10.02 06:16:33.856,0.87323,0.87353,1.00,1.00
2014.10.02 06:16:33.956,0.8732,0.87353,1.37,1.00
2014.10.02 06:16:41.554,0.87321,0.87352,1.12,1.00
2014.10.02 06:16:55.302,0.8732,0.87353,1.37,1.00
2014.10.02 06:16:58.183,0.87319,0.87352,1.37,1.00
2014.10.02 06:17:06.872,0.87317,0.87352,3.37,1.12
2014.10.02 06:17:07.144,0.87317,0.87352,1.00,1.37
2014.10.02 06:17:07.483,0.87317,0.87347,1.00,1.00
2014.10.02 06:17:07.595,0.87313,0.87347,1.37,1.50
2014.10.02 06:17:07.696,0.87313,0.87347,1.12,1.87
2014.10.02 06:17:07.746,0.8731,0.87343,1.87,1.00
2014.10.02 06:17:08.393,0.8731,0.87347,1.87,1.87
2014.10.02 06:17:09.063,0.87313,0.87348,1.37,1.00
2014.10.02 06:17:09.645,0.87314,0.87347,1.12,1.00
2014.10.02 06:17:09.696,0.87321,0.87347,1.00,1.00
2014.10.02 06:17:09.746,0.87321,0.87353,1.00,1.12
2014.10.02 06:17:09.797,0.87323,0.87353,1.00,1.12
2014.10.02 06:17:09.948,0.87321,0.87355,1.87,1.00
2014.10.02 06:17:09.999,0.87321,0.87356,2.25,1.00
2014.10.02 06:17:10.302,0.87333,0.87357,1.00,1.00
2014.10.02 06:17:10.639,0.87333,0.87362,1.00,1.37
2014.10.02 06:17:10.740,0.87333,0.87362,1.00,1.37
2014.10.02 06:17:10.871,0.87333,0.87362,1.00,1.37
2014.10.02 06:17:10.922,0.87326,0.87359,1.00,1.37
2014.10.02 06:17:11.174,0.87326,0.87352,1.00,1.00
2014.10.02 06:17:11.369,0.87326,0.87357,1.00,1.00
2014.10.02 06:17:11.542,0.87319,0.87355,1.00,1.00
2014.10.02 06:17:11.593,0.87319,0.87352,1.00,1.00
2014.10.02 06:17:12.110,0.87317,0.87353,1.50,1.00
2014.10.02 06:17:12.694,0.87317,0.87352,1.87,1.00
2014.10.02 06:17:13.345,0.87318,0.87355,1.12,1.37
2014.10.02 06:17:16.415,0.87318,0.87354,1.37,1.00
2014.10.02 06:17:16.717,0.87323,0.87355,1.37,1.00
2014.10.02 06:17:16.975,0.87333,0.87366,1.50,1.12
2014.10.02 06:17:17.126,0.87333,0.87366,1.37,1.00
2014.10.02 06:17:17.176,0.87335,0.87368,1.37,1.00
2014.10.02 06:17:17.688,0.87335,0.87368,1.37,1.00
2014.10.02 06:17:18.072,0.87337,0.87374,2.62,1.00
2014.10.02 06:17:18.123,0.87337,0.87374,3.00,1.00
2014.10.02 06:17:18.274,0.87339,0.87378,1.37,1.37
2014.10.02 06:17:18.966,0.87339,0.87378,1.37,1.12
2014.10.02 06:17:20.305,0.87338,0.87378,2.62,1.37
2014.10.02 06:17:20.507,0.87338,0.87377,1.50,1.00
2014.10.02 06:17:20.949,0.87342,0.87378,1.37,1.00
2014.10.02 06:17:21.594,0.87342,0.87377,1.37,1.00
2014.10.02 06:17:23.136,0.87342,0.87378,1.87,1.00
2014.10.02 06:17:23.683,0.87342,0.87377,1.87,1.00
2014.10.02 06:17:24.214,0.87344,0.87378,1.00,1.12
2014.10.02 06:17:24.713,0.87344,0.87377,1.00,1.37
2014.10.02 06:17:24.764,0.87338,0.87376,1.37,1.12
2014.10.02 06:17:24.909,0.87337,0.87372,1.37,1.00
2014.10.02 06:17:24.959,0.87337,0.87372,1.37,1.00
2014.10.02 06:17:25.131,0.87337,0.87367,1.37,1.00
2014.10.02 06:17:25.383,0.87337,0.87372,1.37,1.00
2014.10.02 06:17:25.705,0.87337,0.87376,1.37,1.00
2014.10.02 06:17:26.153,0.87337,0.87373,1.12,1.00
2014.10.02 06:17:26.555,0.87337,0.87368,1.12,1.00
2014.10.02 06:17:27.220,0.87335,0.87368,1.37,1.00
2014.10.02 06:17:27.420,0.87335,0.87367,1.12,1.00
2014.10.02 06:17:29.622,0.87335,0.87373,1.12,1.37
2014.10.02 06:17:30.191,0.87334,0.87372,1.37,1.00
2014.10.02 06:17:31.052,0.87334,0.87373,1.37,1.00
2014.10.02 06:17:33.472,0.87334,0.87372,1.87,1.00
2014.10.02 06:17:34.433,0.87334,0.87372,1.87,1.00
2014.10.02 06:17:34.943,0.87338,0.87373,1.50,1.00
2014.10.02 06:17:35.471,0.87337,0.87373,1.12,1.00
2014.10.02 06:17:36.333,0.87336,0.87372,1.87,1.00
2014.10.02 06:17:37.372,0.87336,0.87372,1.37,1.00
2014.10.02 06:17:37.674,0.87341,0.87377,1.37,1.00
2014.10.02 06:17:38.292,0.87343,0.87382,1.37,1.00
2014.10.02 06:17:38.343,0.87348,0.87382,1.37,1.00
2014.10.02 06:17:38.494,0.87351,0.87387,1.00,1.50
2014.10.02 06:17:38.545,0.87354,0.87387,1.00,1.50
2014.10.02 06:17:38.746,0.87357,0.87392,1.50,1.00
2014.10.02 06:17:38.796,0.87359,0.87392,1.50,1.00
2014.10.02 06:17:38.847,0.87362,0.87397,1.00,1.00
2014.10.02 06:17:38.948,0.87364,0.87397,1.00,1.00
2014.10.02 06:17:39.265,0.87364,0.87392,1.00,1.00
2014.10.02 06:17:39.417,0.87364,0.87398,1.00,1.00
2014.10.02 06:17:39.592,0.87366,0.87398,1.00,1.00
2014.10.02 06:17:40.805,0.87366,0.87402,1.00,1.00
2014.10.02 06:17:41.149,0.87366,0.87398,1.37,1.00
2014.10.02 06:17:41.250,0.87366,0.87402,1.37,1.00
2014.10.02 06:17:41.353,0.87366,0.87398,1.37,1.00
2014.10.02 06:17:41.571,0.87366,0.87403,1.37,1.00
2014.10.02 06:17:42.075,0.87366,0.87403,1.50,1.00
2014.10.02 06:17:42.938,0.87366,0.87398,1.50,1.00
2014.10.02 06:17:42.988,0.87366,0.87398,1.37,1.00
2014.10.02 06:17:43.656,0.87366,0.87398,1.50,1.00
2014.10.02 06:17:43.908,0.87366,0.87403,3.00,1.00
2014.10.02 06:17:44.459,0.87367,0.87402,2.25,1.00
2014.10.02 06:17:45.402,0.87369,0.87402,1.12,1.00
2014.10.02 06:17:45.503,0.87369,0.87402,1.37,1.00
2014.10.02 06:17:45.662,0.87369,0.87402,1.00,1.00
2014.10.02 06:17:46.443,0.87369,0.87397,1.00,1.00
2014.10.02 06:17:46.853,0.87369,0.87403,1.00,1.00
2014.10.02 06:17:47.392,0.87366,0.87403,1.87,1.37
2014.10.02 06:17:47.894,0.87366,0.87403,1.87,1.37
2014.10.02 06:17:48.489,0.87366,0.87407,1.37,1.37
2014.10.02 06:17:51.780,0.87367,0.87407,1.00,1.37
2014.10.02 06:17:52.336,0.87365,0.87407,1.37,1.37
2014.10.02 06:17:52.784,0.87365,0.87408,1.37,1.87
2014.10.02 06:17:53.909,0.87365,0.87407,2.25,1.37
2014.10.02 06:17:54.317,0.87369,0.87413,1.75,1.37
2014.10.02 06:18:00.638,0.87369,0.87408,2.25,1.00
2014.10.02 06:18:03.133,0.87379,0.87413,1.37,1.00
2014.10.02 06:18:03.435,0.87379,0.87413,1.37,1.00
2014.10.02 06:18:03.586,0.87379,0.87417,1.82,1.37
2014.10.02 06:18:03.637,0.87379,0.87417,1.57,1.00
2014.10.02 06:18:04.207,0.87379,0.87417,1.37,1.37
2014.10.02 06:18:04.532,0.87377,0.87418,1.87,1.37
2014.10.02 06:18:06.041,0.87377,0.87418,1.87,1.37
2014.10.02 06:18:06.373,0.87377,0.87412,1.37,1.00
2014.10.02 06:18:06.651,0.87376,0.87413,1.00,1.12
2014.10.02 06:18:06.702,0.87374,0.87413,1.12,1.12
2014.10.02 06:18:07.238,0.87375,0.87413,1.00,1.12
2014.10.02 06:18:08.741,0.87375,0.87407,1.00,1.00
2014.10.02 06:18:09.272,0.87375,0.87408,1.00,1.12
2014.10.02 06:18:10.613,0.87375,0.87407,1.00,1.00
2014.10.02 06:18:18.071,0.87374,0.87407,1.00,1.37
2014.10.02 06:18:18.373,0.87375,0.87402,1.00,1.00
2014.10.02 06:18:18.911,0.87375,0.87403,1.00,1.00
2014.10.02 06:18:19.890,0.87374,0.87403,1.00,1.00
2014.10.02 06:18:20.400,0.87374,0.87402,1.00,1.12
2014.10.02 06:18:21.289,0.87375,0.87402,1.00,1.00
2014.10.02 06:18:22.495,0.87374,0.87402,1.00,1.00
2014.10.02 06:18:23.497,0.87375,0.87402,1.00,1.12
2014.10.02 06:18:33.151,0.87366,0.87402,1.72,1.12
2014.10.02 06:18:33.665,0.87366,0.87403,1.35,1.37
2014.10.02 06:18:35.783,0.87366,0.87402,1.72,1.00
2014.10.02 06:18:35.935,0.87369,0.87407,1.87,1.12
2014.10.02 06:18:35.985,0.8737,0.87407,1.87,1.00
2014.10.02 06:18:36.287,0.87375,0.87408,1.87,1.00
2014.10.02 06:18:36.488,0.87376,0.87412,1.37,1.00
2014.10.02 06:18:37.235,0.87376,0.87412,1.37,1.37
2014.10.02 06:18:37.342,0.87376,0.87407,1.37,1.00
2014.10.02 06:18:37.722,0.87373,0.87407,1.37,1.00
2014.10.02 06:18:37.882,0.87373,0.87407,1.00,1.00
2014.10.02 06:18:37.983,0.87373,0.87407,1.00,1.37
2014.10.02 06:18:38.333,0.87373,0.87403,1.00,1.00
2014.10.02 06:18:38.881,0.87369,0.87402,1.12,1.00
2014.10.02 06:18:39.544,0.87369,0.87403,1.12,1.12
2014.10.02 06:18:43.391,0.87369,0.87402,1.12,1.00
2014.10.02 06:18:47.134,0.8737,0.87402,1.00,1.00
2014.10.02 06:18:47.235,0.87368,0.87402,1.00,1.00
2014.10.02 06:18:50.260,0.87371,0.87402,1.37,1.00
2014.10.02 06:18:50.562,0.87371,0.87405,1.37,1.00
2014.10.02 06:18:50.740,0.87371,0.87405,1.00,1.12
2014.10.02 06:18:51.251,0.87368,0.87406,1.12,1.37
2014.10.02 06:18:51.671,0.87368,0.87406,1.37,1.12
2014.10.02 06:18:52.247,0.87368,0.87406,1.37,1.37
2014.10.02 06:18:53.294,0.8737,0.87407,1.37,1.37
2014.10.02 06:18:53.790,0.8737,0.87407,2.62,1.00
2014.10.02 06:18:54.393,0.8737,0.87408,1.37,1.87
2014.10.02 06:18:55.061,0.8737,0.87408,1.37,1.87
2014.10.02 06:18:55.403,0.87371,0.8741,1.37,1.37
2014.10.02 06:18:55.924,0.87371,0.8741,1.37,1.00
2014.10.02 06:18:56.432,0.87371,0.8741,1.37,1.12
2014.10.02 06:18:57.364,0.87371,0.87407,1.37,1.00
2014.10.02 06:18:57.414,0.87371,0.87407,1.37,1.00
2014.10.02 06:18:57.583,0.87371,0.8741,1.37,1.37
2014.10.02 06:18:57.811,0.87371,0.87407,2.62,1.00
2014.10.02 06:18:58.142,0.87373,0.87412,1.00,1.37
2014.10.02 06:18:58.351,0.87373,0.87407,1.00,1.00
2014.10.02 06:18:59.561,0.87373,0.87408,1.00,1.00
2014.10.02 06:19:00.211,0.87373,0.87408,1.37,1.00
2014.10.02 06:19:00.550,0.87373,0.87412,1.37,1.37
2014.10.02 06:19:01.435,0.87373,0.87407,1.37,1.00
2014.10.02 06:19:04.982,0.87373,0.87407,1.50,1.00
2014.10.02 06:19:05.295,0.87373,0.87403,1.00,1.00
2014.10.02 06:19:05.860,0.87373,0.87397,1.00,1.00
2014.10.02 06:19:06.165,0.87373,0.87393,1.00,1.00
2014.10.02 06:19:06.436,0.87372,0.87397,1.00,1.00
2014.10.02 06:19:06.666,0.87372,0.87402,1.00,1.00
2014.10.02 06:19:07.211,0.87365,0.87402,1.50,1.37
2014.10.02 06:19:11.632,0.87369,0.87402,1.50,1.00
2014.10.02 06:19:12.158,0.8737,0.87403,1.50,1.00
2014.10.02 06:19:12.570,0.8737,0.87406,1.50,1.00
2014.10.02 06:19:12.942,0.8737,0.87406,1.50,1.37
2014.10.02 06:19:16.200,0.8737,0.87401,1.50,1.00
2014.10.02 06:19:16.895,0.87369,0.87401,1.50,1.12
2014.10.02 06:19:17.410,0.87369,0.87406,1.50,1.37
2014.10.02 06:19:18.621,0.87369,0.87402,1.50,1.00
2014.10.02 06:19:18.844,0.87369,0.87406,1.50,1.37
2014.10.02 06:19:22.133,0.87369,0.87407,1.87,1.87
2014.10.02 06:19:22.734,0.87369,0.87407,1.50,1.87
2014.10.02 06:19:22.835,0.87369,0.87401,1.50,1.12
2014.10.02 06:19:23.138,0.87366,0.874,1.00,1.50
2014.10.02 06:19:23.240,0.87362,0.87392,1.00,1.00
2014.10.02 06:19:23.441,0.87364,0.87392,1.37,1.00
2014.10.02 06:19:23.693,0.87365,0.87402,1.37,1.12
2014.10.02 06:19:30.000,0.87365,0.87403,1.37,1.00
2014.10.02 06:19:30.721,0.87366,0.87402,1.37,1.00
2014.10.02 06:19:33.159,0.87367,0.87402,1.37,1.00
2014.10.02 06:19:39.962,0.87368,0.87407,1.87,1.87
2014.10.02 06:19:40.373,0.87368,0.87407,1.37,1.00
2014.10.02 06:19:41.019,0.87369,0.87408,1.37,1.12
2014.10.02 06:19:41.610,0.87369,0.87407,1.87,1.00
2014.10.02 06:19:45.370,0.87376,0.87408,1.00,1.12
2014.10.02 06:19:45.909,0.87376,0.87408,1.37,1.00
2014.10.02 06:19:47.672,0.87377,0.87407,1.12,1.00
2014.10.02 06:19:49.653,0.87378,0.87407,1.00,1.00
2014.10.02 06:19:54.701,0.87378,0.87408,1.00,1.00
2014.10.02 06:19:56.132,0.87378,0.87407,1.00,1.00
2014.10.02 06:20:00.318,0.87378,0.87408,1.00,1.00
2014.10.02 06:20:00.831,0.87378,0.87407,1.00,1.00
2014.10.02 06:20:01.629,0.87379,0.87407,1.00,1.00
2014.10.02 06:20:02.621,0.87374,0.87407,1.00,1.00
2014.10.02 06:20:05.040,0.8737,0.87407,1.37,1.00
2014.10.02 06:20:05.091,0.8737,0.87407,1.37,1.00
2014.10.02 06:20:05.393,0.87374,0.8741,2.25,1.00
2014.10.02 06:20:05.494,0.8738,0.87413,1.37,1.00
2014.10.02 06:20:05.595,0.8738,0.87417,1.37,1.37
2014.10.02 06:20:06.141,0.8738,0.87417,1.37,1.00
2014.10.02 06:20:06.670,0.8738,0.87418,1.00,1.37
2014.10.02 06:20:06.926,0.8738,0.87417,1.00,1.37
2014.10.02 06:20:07.103,0.8738,0.87417,1.00,1.12
2014.10.02 06:20:08.296,0.87378,0.87416,1.37,1.00
2014.10.02 06:20:08.819,0.87378,0.87413,1.37,1.00
2014.10.02 06:20:10.803,0.87379,0.87413,1.00,1.12
2014.10.02 06:20:12.191,0.87378,0.87413,1.00,1.12
2014.10.02 06:20:12.952,0.87378,0.87413,1.00,2.62
2014.10.02 06:20:13.003,0.87372,0.8741,1.37,1.00
2014.10.02 06:20:13.053,0.87372,0.8741,1.00,1.50
2014.10.02 06:20:13.706,0.87372,0.8741,1.00,1.37
2014.10.02 06:20:14.121,0.87372,0.8741,1.00,1.37
2014.10.02 06:20:14.231,0.87372,0.87407,1.00,1.00
2014.10.02 06:20:14.941,0.87368,0.87407,1.37,1.12
2014.10.02 06:20:21.018,0.87368,0.87406,1.37,1.00
2014.10.02 06:20:23.871,0.87367,0.87407,2.62,1.87
2014.10.02 06:20:24.523,0.87367,0.87407,1.87,1.87
2014.10.02 06:20:29.660,0.87367,0.87407,1.87,1.87
2014.10.02 06:20:29.983,0.87372,0.8741,1.37,1.37
2014.10.02 06:20:30.285,0.87375,0.8741,1.37,1.00
2014.10.02 06:20:30.702,0.87378,0.87416,1.12,1.37
2014.10.02 06:20:30.802,0.87378,0.87416,1.12,1.00
2014.10.02 06:20:31.392,0.87377,0.87414,1.00,1.37
2014.10.02 06:20:31.744,0.87372,0.87408,1.87,1.12
2014.10.02 06:20:32.521,0.87373,0.87407,1.00,1.12
2014.10.02 06:20:33.791,0.87372,0.87408,1.00,1.37
2014.10.02 06:20:33.942,0.87368,0.87408,1.37,1.37
2014.10.02 06:20:34.342,0.87373,0.87407,1.00,1.37
2014.10.02 06:20:34.811,0.87369,0.87397,1.87,1.00
2014.10.02 06:20:34.912,0.87363,0.87396,1.87,1.00
2014.10.02 06:20:35.114,0.87363,0.87396,1.00,1.37
2014.10.02 06:20:35.415,0.87363,0.87396,1.37,1.00
2014.10.02 06:20:35.781,0.87368,0.87402,1.50,1.37
2014.10.02 06:20:35.991,0.87368,0.87397,1.00,1.00
2014.10.02 06:20:36.542,0.87368,0.87402,1.50,1.37
2014.10.02 06:20:36.782,0.87368,0.87398,1.00,1.00
2014.10.02 06:20:37.473,0.87368,0.87397,1.00,1.00
2014.10.02 06:20:37.642,0.87368,0.87402,1.50,1.37
2014.10.02 06:20:37.902,0.87368,0.87404,1.37,1.50
2014.10.02 06:20:38.465,0.87372,0.87404,1.12,1.00
2014.10.02 06:20:39.172,0.87372,0.87408,1.12,1.87
2014.10.02 06:20:39.656,0.87368,0.87402,1.37,1.00
2014.10.02 06:20:39.841,0.87368,0.87407,1.37,1.37
2014.10.02 06:20:40.280,0.87372,0.87407,1.00,1.87
2014.10.02 06:20:41.602,0.87368,0.87402,1.37,1.00
2014.10.02 06:20:41.930,0.87366,0.87402,1.37,1.00
2014.10.02 06:20:42.832,0.87367,0.87408,1.37,3.37
2014.10.02 06:20:43.022,0.87367,0.87408,1.37,3.37
2014.10.02 06:20:43.413,0.87373,0.87407,1.00,1.37
2014.10.02 06:20:44.072,0.87373,0.87407,1.00,1.37
2014.10.02 06:20:44.790,0.87367,0.87403,3.37,1.00
2014.10.02 06:20:48.292,0.87367,0.87403,3.37,1.00
2014.10.02 06:20:49.024,0.87368,0.87402,1.37,1.00
2014.10.02 06:20:50.041,0.87368,0.87402,1.37,1.00
2014.10.02 06:20:50.243,0.87365,0.87403,1.37,1.37
2014.10.02 06:20:50.725,0.87365,0.87403,1.00,1.37
2014.10.02 06:20:51.280,0.87365,0.87402,1.00,1.37
2014.10.02 06:20:51.435,0.87365,0.87402,1.00,1.37
2014.10.02 06:20:52.122,0.87365,0.87402,1.00,1.37
2014.10.02 06:20:52.173,0.87365,0.87397,1.00,1.00
2014.10.02 06:20:52.476,0.87362,0.87393,2.25,1.00
2014.10.02 06:20:52.602,0.87363,0.87397,1.37,1.00
2014.10.02 06:20:52.954,0.87367,0.87397,1.37,1.00
2014.10.02 06:20:53.055,0.87367,0.87402,1.12,1.12
2014.10.02 06:20:53.560,0.87367,0.874,1.00,1.12
2014.10.02 06:20:53.711,0.87359,0.87397,1.37,1.12
2014.10.02 06:20:53.762,0.87358,0.87397,1.87,1.37
2014.10.02 06:20:53.963,0.87358,0.87398,3.00,1.87
2014.10.02 06:20:54.382,0.87358,0.87398,1.37,1.87
2014.10.02 06:20:55.954,0.87358,0.87397,2.25,1.12
2014.10.02 06:20:56.996,0.87358,0.87397,1.37,1.37
2014.10.02 06:20:58.192,0.87357,0.87397,1.37,1.37
2014.10.02 06:21:16.635,0.87355,0.87395,1.87,1.37
2014.10.02 06:21:17.350,0.87355,0.87395,1.87,1.37
2014.10.02 06:21:19.548,0.87355,0.87395,1.50,1.37
2014.10.02 06:21:19.699,0.87355,0.87395,1.87,1.37
2014.10.02 06:21:21.694,0.87355,0.87394,1.87,1.12
2014.10.02 06:21:23.816,0.87355,0.87396,1.87,1.37
2014.10.02 06:21:25.929,0.87358,0.87396,1.00,1.37
2014.10.02 06:21:26.686,0.87358,0.87396,1.00,1.37
2014.10.02 06:21:29.094,0.87358,0.87396,1.37,1.87
2014.10.02 06:21:29.759,0.87361,0.87396,1.00,1.87
2014.10.02 06:21:29.896,0.87361,0.87396,1.00,1.87
2014.10.02 06:21:30.201,0.87361,0.87396,1.00,1.50
2014.10.02 06:21:31.189,0.87355,0.87396,1.87,1.50
2014.10.02 06:21:31.610,0.87355,0.87396,1.87,1.87
2014.10.02 06:21:32.139,0.87355,0.87396,1.87,1.87
2014.10.02 06:21:32.941,0.87355,0.87396,1.87,1.87
2014.10.02 06:21:33.287,0.87355,0.87389,1.87,1.00
2014.10.02 06:21:34.379,0.87355,0.87396,1.87,1.87
2014.10.02 06:21:35.810,0.87355,0.87389,1.87,1.00
2014.10.02 06:21:37.239,0.87355,0.87396,1.87,1.87
2014.10.02 06:21:37.561,0.87355,0.87396,1.87,1.87
2014.10.02 06:21:37.911,0.87361,0.87393,1.00,1.12
2014.10.02 06:21:38.447,0.87361,0.87394,2.25,1.12
2014.10.02 06:21:39.609,0.87361,0.87393,1.00,1.00
2014.10.02 06:21:40.005,0.87358,0.87393,1.87,1.00
2014.10.02 06:21:40.549,0.87358,0.87392,1.87,1.00
2014.10.02 06:21:40.669,0.87358,0.87398,1.87,1.87
2014.10.02 06:21:40.911,0.8736,0.87397,2.25,1.00
2014.10.02 06:21:41.263,0.87365,0.87403,2.62,1.00
2014.10.02 06:21:42.104,0.87365,0.87398,2.62,1.00
2014.10.02 06:21:42.427,0.87368,0.87398,1.00,1.00
2014.10.02 06:21:42.580,0.87368,0.87403,1.00,1.00
2014.10.02 06:21:43.089,0.87368,0.87403,1.12,1.37
2014.10.02 06:21:43.512,0.87367,0.874,1.87,1.00
2014.10.02 06:21:43.814,0.87366,0.87392,1.00,1.00
2014.10.02 06:21:44.121,0.87366,0.87392,1.37,1.00
2014.10.02 06:21:44.231,0.87366,0.87392,1.00,1.00
2014.10.02 06:21:44.432,0.87362,0.87393,1.00,1.12
2014.10.02 06:21:44.734,0.87353,0.87392,1.00,1.00
2014.10.02 06:21:46.091,0.87353,0.87392,1.12,1.50
2014.10.02 06:21:46.792,0.87353,0.87392,1.37,1.87
2014.10.02 06:21:48.395,0.87351,0.87391,1.37,1.37
2014.10.02 06:21:49.045,0.87351,0.87391,1.37,1.37
2014.10.02 06:21:58.050,0.87352,0.87389,1.37,1.00
2014.10.02 06:21:58.151,0.87353,0.87392,1.12,2.25
2014.10.02 06:22:04.948,0.8735,0.87389,1.37,1.12
2014.10.02 06:22:12.655,0.87352,0.87389,1.12,1.12
2014.10.02 06:22:14.935,0.87353,0.87389,1.00,1.12
2014.10.02 06:22:19.073,0.87353,0.87389,1.00,1.37
2014.10.02 06:22:19.592,0.87353,0.87392,1.37,1.00
2014.10.02 06:22:19.692,0.8736,0.87392,1.12,1.00
2014.10.02 06:22:20.195,0.8736,0.87397,1.12,1.75
2014.10.02 06:22:21.119,0.8736,0.87398,1.75,1.00
2014.10.02 06:22:21.220,0.87372,0.87402,1.00,1.00
2014.10.02 06:22:21.320,0.87372,0.87404,1.50,1.00
2014.10.02 06:22:21.421,0.87378,0.87413,1.00,3.37
2014.10.02 06:22:21.530,0.87382,0.87413,1.00,3.00
2014.10.02 06:22:21.835,0.87377,0.87413,1.00,1.00
2014.10.02 06:22:21.947,0.87383,0.87414,1.00,1.50
2014.10.02 06:22:21.998,0.87383,0.87421,1.00,1.50
2014.10.02 06:22:22.098,0.87388,0.87421,1.00,1.50
2014.10.02 06:22:22.400,0.87378,0.87416,1.00,1.50
2014.10.02 06:22:22.451,0.87381,0.87416,1.00,1.50
2014.10.02 06:22:22.754,0.87381,0.87418,1.00,1.00
2014.10.02 06:22:22.854,0.87387,0.87422,1.00,1.50
2014.10.02 06:22:22.955,0.87387,0.87431,1.00,1.37
2014.10.02 06:22:23.006,0.87387,0.87431,1.00,1.00
2014.10.02 06:22:23.161,0.87393,0.87431,1.00,1.00
2014.10.02 06:22:23.414,0.87399,0.87441,1.00,1.50
2014.10.02 06:22:23.521,0.87399,0.87446,1.00,1.50
2014.10.02 06:22:23.825,0.87399,0.87442,1.00,1.00
2014.10.02 06:22:24.206,0.87395,0.87442,2.25,1.00
2014.10.02 06:22:24.360,0.87398,0.87447,1.00,2.25
2014.10.02 06:22:24.910,0.87395,0.87442,1.00,1.00
2014.10.02 06:22:25.244,0.87395,0.87442,1.75,1.75
2014.10.02 06:22:25.345,0.87395,0.87442,3.00,1.37
2014.10.02 06:22:25.900,0.87395,0.87438,1.75,1.37
2014.10.02 06:22:27.114,0.87395,0.87437,1.37,1.37
2014.10.02 06:22:27.429,0.87394,0.87438,1.37,1.50
2014.10.02 06:22:27.830,0.87394,0.87437,1.00,1.75
2014.10.02 06:22:27.931,0.87394,0.87432,1.37,1.37
2014.10.02 06:22:28.151,0.87394,0.87432,1.00,1.37
2014.10.02 06:22:28.778,0.87394,0.87428,1.00,1.00
2014.10.02 06:22:29.321,0.87394,0.87427,1.00,1.00
2014.10.02 06:22:31.669,0.87385,0.87427,3.75,1.00
2014.10.02 06:22:34.640,0.87385,0.87427,3.75,1.00
2014.10.02 06:22:34.981,0.87385,0.87427,3.37,1.37
2014.10.02 06:22:35.182,0.87382,0.87422,1.37,1.00
2014.10.02 06:22:45.002,0.87378,0.87423,1.75,1.37
2014.10.02 06:22:45.288,0.87378,0.87422,2.25,1.12
2014.10.02 06:22:45.629,0.87383,0.87423,2.25,1.12
2014.10.02 06:22:47.974,0.87384,0.87423,2.25,1.00
2014.10.02 06:22:48.359,0.87387,0.87427,1.87,1.12
2014.10.02 06:22:48.410,0.87384,0.87427,2.25,1.00
2014.10.02 06:22:48.809,0.87384,0.87427,2.25,1.37
2014.10.02 06:22:49.416,0.87389,0.87427,1.50,1.37
2014.10.02 06:22:49.718,0.87383,0.87423,3.37,1.00
2014.10.02 06:22:49.819,0.87385,0.87423,1.50,1.00
2014.10.02 06:22:49.925,0.87387,0.87428,1.00,1.00
2014.10.02 06:22:50.773,0.87387,0.87428,1.50,1.37
2014.10.02 06:22:51.086,0.87385,0.87422,2.25,1.00
2014.10.02 06:22:51.187,0.87385,0.87422,1.87,1.37
2014.10.02 06:22:51.776,0.87385,0.87423,1.87,1.12
2014.10.02 06:22:52.298,0.87383,0.87418,2.62,1.00
2014.10.02 06:22:54.181,0.87383,0.87418,2.62,1.00
2014.10.02 06:22:55.842,0.87383,0.87422,3.37,1.12
2014.10.02 06:22:55.893,0.87383,0.87422,3.75,1.00
2014.10.02 06:22:56.428,0.87386,0.87423,2.25,1.00
2014.10.02 06:22:57.329,0.87388,0.87423,2.25,1.00
2014.10.02 06:22:58.340,0.87388,0.87423,1.87,1.00
2014.10.02 06:23:00.438,0.87386,0.87423,1.12,1.00
2014.10.02 06:23:00.589,0.87383,0.87418,1.87,1.00
2014.10.02 06:23:00.846,0.87382,0.87418,1.50,1.12
2014.10.02 06:23:00.897,0.87382,0.87413,1.50,1.00
2014.10.02 06:23:00.947,0.87378,0.87413,1.12,1.37
2014.10.02 06:23:01.350,0.87373,0.87407,2.62,1.00
2014.10.02 06:23:01.606,0.87373,0.87407,1.00,1.00
2014.10.02 06:23:01.887,0.87372,0.87413,2.25,1.00
2014.10.02 06:23:01.938,0.87372,0.87413,1.37,1.37
2014.10.02 06:23:02.412,0.87373,0.87412,1.00,1.00
2014.10.02 06:23:03.077,0.87372,0.87413,1.12,1.37
2014.10.02 06:23:06.428,0.87372,0.87414,1.50,1.87
2014.10.02 06:23:09.148,0.87372,0.87415,1.37,1.87
2014.10.02 06:23:09.788,0.87378,0.87415,1.00,1.87
2014.10.02 06:23:09.939,0.87378,0.87416,1.12,1.87
2014.10.02 06:23:11.788,0.87373,0.87417,1.50,2.62
2014.10.02 06:23:12.350,0.87378,0.87417,1.37,1.37
2014.10.02 06:23:12.690,0.87378,0.87417,1.12,1.00
2014.10.02 06:23:12.791,0.87378,0.87417,1.37,1.00
2014.10.02 06:23:13.177,0.87378,0.87417,1.37,1.00
2014.10.02 06:23:13.350,0.87383,0.8742,1.00,1.87
2014.10.02 06:23:13.507,0.87383,0.87422,1.00,2.25
2014.10.02 06:23:14.019,0.87382,0.87422,1.00,1.50
2014.10.02 06:23:14.171,0.87382,0.87423,1.87,3.22
2014.10.02 06:23:14.990,0.87383,0.87422,1.37,1.00
2014.10.02 06:23:21.695,0.87388,0.87422,1.00,1.00
2014.10.02 06:23:23.317,0.87393,0.87427,1.00,3.37
2014.10.02 06:23:23.624,0.87393,0.87427,1.00,1.87
2014.10.02 06:23:23.887,0.87388,0.87427,1.12,1.37
2014.10.02 06:23:23.938,0.87389,0.87427,1.37,1.00
2014.10.02 06:23:24.089,0.87392,0.87429,1.12,1.00
2014.10.02 06:23:24.241,0.87392,0.87433,1.37,1.12
2014.10.02 06:23:24.341,0.87398,0.87432,1.00,1.00
2014.10.02 06:23:24.797,0.87393,0.87427,1.37,1.00
2014.10.02 06:23:24.898,0.87393,0.87432,1.37,1.37
2014.10.02 06:23:25.059,0.87393,0.87432,1.50,1.12
2014.10.02 06:23:25.663,0.87396,0.87432,1.00,1.12
2014.10.02 06:23:27.168,0.87396,0.87433,1.37,1.00
2014.10.02 06:23:27.470,0.874,0.87441,1.37,1.12
2014.10.02 06:23:27.571,0.874,0.87442,1.87,1.37
2014.10.02 06:23:27.672,0.87402,0.87448,1.37,3.75
2014.10.02 06:23:27.942,0.87403,0.87447,1.37,1.37
2014.10.02 06:23:28.517,0.87404,0.87447,1.37,1.37
2014.10.02 06:23:30.047,0.87404,0.87443,1.37,1.00
2014.10.02 06:23:30.433,0.87404,0.87443,1.12,1.12
2014.10.02 06:23:30.938,0.87404,0.87443,1.12,1.37
2014.10.02 06:23:31.267,0.87401,0.87443,2.62,1.37
2014.10.02 06:23:33.940,0.87401,0.87443,2.62,1.37
2014.10.02 06:23:34.041,0.87401,0.87443,1.50,1.50
2014.10.02 06:23:34.142,0.87398,0.87433,1.00,1.00
2014.10.02 06:23:34.491,0.87398,0.87427,1.00,1.00
2014.10.02 06:23:34.693,0.87398,0.87433,1.00,1.00
2014.10.02 06:23:35.050,0.87393,0.87433,1.50,1.00
2014.10.02 06:23:35.878,0.87393,0.87432,2.25,1.00
2014.10.02 06:23:35.978,0.87393,0.87432,1.00,1.50
2014.10.02 06:23:36.470,0.87391,0.87431,1.00,1.50
2014.10.02 06:23:37.068,0.87394,0.87433,1.50,1.75
2014.10.02 06:23:37.119,0.87394,0.87436,1.87,1.37
2014.10.02 06:23:37.220,0.87396,0.87436,1.87,1.37
2014.10.02 06:23:37.321,0.87401,0.87437,1.00,1.37
2014.10.02 06:23:37.421,0.87401,0.87437,1.37,1.37
2014.10.02 06:23:39.314,0.87401,0.87437,1.12,1.37
2014.10.02 06:23:43.109,0.874,0.87438,1.00,1.50
2014.10.02 06:23:43.612,0.87396,0.87438,1.37,1.37
2014.10.02 06:23:43.814,0.87396,0.87438,1.37,1.37
2014.10.02 06:23:46.623,0.87398,0.87437,1.37,1.37
2014.10.02 06:23:48.770,0.874,0.87437,1.37,1.12
2014.10.02 06:23:49.072,0.87403,0.87443,1.37,1.12
2014.10.02 06:23:49.173,0.87405,0.87444,1.50,1.12
2014.10.02 06:23:49.457,0.87405,0.87446,1.00,1.00
2014.10.02 06:23:49.638,0.87405,0.87442,1.00,1.00
2014.10.02 06:23:51.767,0.87405,0.87442,1.37,1.37
2014.10.02 06:23:53.386,0.87405,0.87443,1.37,1.37
2014.10.02 06:23:53.688,0.87405,0.87446,1.12,2.62
2014.10.02 06:23:54.275,0.87405,0.87442,1.37,1.00
2014.10.02 06:23:54.706,0.87405,0.87442,1.37,1.12
2014.10.02 06:23:56.608,0.87405,0.87443,1.37,1.37
2014.10.02 06:23:58.500,0.87405,0.87443,1.37,1.37
2014.10.02 06:23:59.157,0.87403,0.87443,1.75,1.87
2014.10.02 06:23:59.806,0.87403,0.87443,1.37,1.87
2014.10.02 06:23:59.907,0.874,0.87442,1.50,1.37
2014.10.02 06:24:00.008,0.874,0.87442,1.37,1.87
2014.10.02 06:24:00.217,0.874,0.87438,2.62,1.00
2014.10.02 06:24:00.318,0.874,0.87438,3.00,1.00
2014.10.02 06:24:00.877,0.874,0.87437,1.50,1.00
2014.10.02 06:24:01.208,0.87396,0.87428,1.37,1.00
2014.10.02 06:24:01.258,0.87396,0.87428,1.00,1.00
2014.10.02 06:24:01.460,0.87396,0.87427,1.37,1.00
2014.10.02 06:24:01.666,0.87396,0.87432,1.75,1.00
2014.10.02 06:24:01.865,0.87397,0.87437,1.50,1.37
2014.10.02 06:24:02.618,0.87397,0.87437,2.25,1.00
2014.10.02 06:24:03.044,0.87397,0.87438,2.62,1.37
2014.10.02 06:24:03.144,0.87398,0.87433,1.00,1.12
2014.10.02 06:24:03.446,0.87398,0.87422,1.00,1.00
2014.10.02 06:24:03.616,0.87398,0.87428,1.00,1.00
2014.10.02 06:24:05.456,0.87395,0.87428,1.00,1.00
2014.10.02 06:24:08.327,0.87395,0.87427,1.00,1.00
2014.10.02 06:24:09.129,0.87396,0.87427,1.00,1.00
2014.10.02 06:24:09.317,0.87398,0.8743,1.00,1.37
2014.10.02 06:24:09.468,0.87398,0.87432,1.37,1.00
2014.10.02 06:24:09.671,0.874,0.87437,1.37,2.62
2014.10.02 06:24:10.024,0.874,0.87432,1.37,1.00
2014.10.02 06:24:10.074,0.874,0.87432,1.00,1.00
2014.10.02 06:24:10.125,0.874,0.87428,1.00,1.00
2014.10.02 06:24:10.326,0.87395,0.87427,1.37,1.00
2014.10.02 06:24:10.830,0.87393,0.87427,1.37,1.00
2014.10.02 06:24:10.941,0.87393,0.87427,1.12,1.00
2014.10.02 06:24:12.069,0.87393,0.87422,1.12,1.00
2014.10.02 06:24:13.266,0.87395,0.87422,1.00,1.00
2014.10.02 06:24:14.849,0.87395,0.87422,1.37,1.00
2014.10.02 06:24:15.170,0.87401,0.87422,1.00,1.00
2014.10.02 06:24:15.371,0.87401,0.87428,1.00,1.00
2014.10.02 06:24:16.060,0.87401,0.87427,1.00,1.00
2014.10.02 06:24:16.404,0.87401,0.87433,1.37,1.00
2014.10.02 06:24:17.050,0.87399,0.87433,1.37,1.00
2014.10.02 06:24:17.709,0.87399,0.87432,1.37,1.00
2014.10.02 06:24:18.218,0.87399,0.87433,1.50,1.00
2014.10.02 06:24:18.369,0.874,0.87437,1.37,1.00
2014.10.02 06:24:19.149,0.87403,0.87441,1.37,1.37
2014.10.02 06:24:20.063,0.87403,0.87441,1.12,1.12
2014.10.02 06:24:20.113,0.87403,0.87432,1.12,1.00
2014.10.02 06:24:20.536,0.87402,0.87428,1.00,1.00
2014.10.02 06:24:23.620,0.87403,0.87437,1.00,1.37
2014.10.02 06:24:23.740,0.87403,0.87437,1.00,1.00
2014.10.02 06:24:24.056,0.87403,0.87442,1.12,1.12
2014.10.02 06:24:24.107,0.87405,0.87442,1.37,1.00
2014.10.02 06:24:24.259,0.87405,0.87446,1.50,1.37
2014.10.02 06:24:24.790,0.87405,0.87446,1.50,1.37
2014.10.02 06:24:26.980,0.87407,0.87446,1.37,1.37
2014.10.02 06:24:28.079,0.87408,0.87443,1.12,1.00
2014.10.02 06:24:28.381,0.87408,0.8744,1.00,1.37
2014.10.02 06:24:29.326,0.87404,0.87437,1.00,1.00
2014.10.02 06:24:30.326,0.87404,0.8744,1.00,1.37
2014.10.02 06:24:30.687,0.87404,0.8744,1.00,1.37
2014.10.02 06:24:31.966,0.874,0.87438,1.37,1.37
2014.10.02 06:24:33.396,0.874,0.87437,1.37,1.37
2014.10.02 06:24:33.447,0.874,0.87433,1.37,1.00
2014.10.02 06:24:34.617,0.874,0.87432,1.37,1.00
2014.10.02 06:24:35.628,0.87399,0.87428,1.00,1.00
2014.10.02 06:24:35.729,0.87395,0.87428,1.00,1.37
2014.10.02 06:24:35.980,0.87395,0.87423,1.00,1.00
2014.10.02 06:24:36.529,0.87395,0.87422,1.00,1.00
2014.10.02 06:24:36.866,0.87395,0.87417,1.00,1.00
2014.10.02 06:24:37.136,0.87392,0.87417,1.00,1.00
2014.10.02 06:24:37.831,0.87392,0.87418,1.00,1.00
2014.10.02 06:24:40.339,0.87392,0.87422,1.00,1.00
2014.10.02 06:24:40.641,0.87392,0.87422,1.87,1.00
2014.10.02 06:24:41.008,0.87392,0.87423,1.87,1.00
2014.10.02 06:24:41.532,0.87392,0.87423,1.00,1.00
2014.10.02 06:24:42.096,0.87392,0.87417,1.12,1.00
2014.10.02 06:24:47.046,0.87392,0.87422,1.00,1.00
2014.10.02 06:24:48.176,0.87392,0.87417,1.00,1.00
2014.10.02 06:24:48.406,0.8739,0.87422,1.37,1.00
2014.10.02 06:24:48.626,0.8739,0.87422,1.00,1.37
2014.10.02 06:24:49.896,0.87385,0.8742,1.12,1.50
2014.10.02 06:24:53.438,0.87385,0.8742,1.37,1.87
2014.10.02 06:24:53.654,0.87385,0.87417,1.37,1.00
2014.10.02 06:24:54.190,0.87385,0.87417,1.00,1.00
2014.10.02 06:24:55.404,0.87383,0.87417,1.12,1.00
2014.10.02 06:24:56.724,0.87383,0.87418,1.12,1.00
2014.10.02 06:24:58.956,0.87383,0.87418,1.37,1.00
2014.10.02 06:24:59.644,0.87383,0.87417,1.87,1.00
2014.10.02 06:25:03.868,0.87385,0.87418,1.12,1.00
2014.10.02 06:25:05.506,0.87385,0.87418,1.37,1.00
2014.10.02 06:25:05.557,0.87388,0.87422,1.12,1.12
2014.10.02 06:25:06.243,0.87388,0.87422,1.00,1.37
2014.10.02 06:25:06.887,0.87388,0.87422,1.12,1.00
2014.10.02 06:25:07.056,0.87387,0.87424,1.37,1.87
2014.10.02 06:25:07.207,0.87387,0.87426,1.12,1.00
2014.10.02 06:25:07.928,0.87388,0.87428,1.37,1.00
2014.10.02 06:25:08.257,0.87388,0.87426,1.50,1.87
2014.10.02 06:25:08.915,0.87388,0.87425,1.00,1.37
2014.10.02 06:25:09.248,0.87388,0.87423,1.00,1.87
2014.10.02 06:25:09.366,0.87385,0.87423,1.12,2.62
2014.10.02 06:25:11.176,0.87385,0.87421,1.12,1.50
2014.10.02 06:25:15.261,0.87382,0.87421,2.62,1.50
2014.10.02 06:25:20.328,0.87383,0.87421,1.37,1.87
2014.10.02 06:25:21.861,0.87385,0.87421,1.37,1.50
2014.10.02 06:25:22.421,0.87385,0.87421,2.25,1.50
2014.10.02 06:25:25.640,0.87386,0.87421,1.37,1.50
2014.10.02 06:25:26.344,0.87386,0.87421,1.50,1.50
2014.10.02 06:25:26.445,0.87386,0.87421,1.37,1.50
2014.10.02 06:25:28.587,0.87386,0.87421,1.12,1.87
2014.10.02 06:25:28.688,0.87386,0.87421,1.00,1.87
2014.10.02 06:25:28.839,0.87384,0.87417,1.12,1.00
2014.10.02 06:25:28.890,0.87384,0.87417,1.37,1.00
2014.10.02 06:25:29.293,0.87384,0.87421,1.37,1.87
2014.10.02 06:25:30.376,0.87384,0.87422,1.12,2.62
2014.10.02 06:25:30.994,0.87384,0.87422,1.12,2.62
2014.10.02 06:25:36.249,0.87384,0.87422,1.37,1.50
2014.10.02 06:25:36.560,0.87386,0.87423,1.37,1.87
2014.10.02 06:25:41.816,0.87388,0.87423,1.00,1.50
2014.10.02 06:25:43.822,0.87388,0.87423,1.00,1.87
2014.10.02 06:25:46.753,0.87392,0.87419,1.00,1.00
2014.10.02 06:25:51.767,0.87389,0.87419,1.00,1.00
2014.10.02 06:25:52.808,0.87389,0.87418,1.00,1.00
2014.10.02 06:25:53.010,0.87393,0.87421,1.00,1.00
2014.10.02 06:25:53.312,0.87397,0.87424,1.00,1.00
2014.10.02 06:25:53.636,0.87399,0.87426,1.00,1.00
2014.10.02 06:25:54.287,0.87396,0.87426,1.00,1.00
2014.10.02 06:25:55.118,0.87406,0.87433,1.00,1.50
2014.10.02 06:25:55.218,0.87403,0.87432,1.12,1.00
2014.10.02 06:25:55.397,0.87402,0.8743,1.50,1.00
2014.10.02 06:25:55.699,0.87401,0.87428,1.00,1.00
2014.10.02 06:25:55.800,0.87399,0.87427,1.00,1.00
2014.10.02 06:26:03.649,0.87397,0.87425,1.00,1.00
2014.10.02 06:26:21.683,0.87393,0.8742,1.50,1.00
2014.10.02 06:26:21.996,0.87393,0.87417,1.00,1.00
2014.10.02 06:26:22.345,0.87384,0.87412,1.87,1.00
2014.10.02 06:26:22.496,0.87384,0.8741,1.00,1.00
2014.10.02 06:26:22.697,0.87388,0.87417,1.12,1.00
2014.10.02 06:26:22.798,0.87392,0.87419,1.00,1.00
2014.10.02 06:26:23.105,0.87389,0.87416,1.00,1.00
2014.10.02 06:26:23.793,0.87391,0.87418,1.00,1.00
2014.10.02 06:26:23.895,0.87389,0.87417,1.00,1.00
2014.10.02 06:26:24.398,0.87387,0.87414,1.00,1.00
2014.10.02 06:26:24.700,0.87385,0.87413,1.00,1.00
2014.10.02 06:26:25.238,0.87386,0.87415,1.00,1.00
2014.10.02 06:26:25.349,0.87384,0.87414,1.00,1.00
2014.10.02 06:26:26.306,0.87385,0.87413,1.00,1.00
2014.10.02 06:26:26.607,0.87386,0.87415,1.00,1.00
2014.10.02 06:26:26.708,0.87385,0.87413,1.00,1.00
2014.10.02 06:26:26.947,0.87386,0.87415,1.00,1.00
2014.10.02 06:26:27.110,0.87384,0.87414,1.00,1.00
2014.10.02 06:26:27.346,0.87386,0.87415,1.00,1.00
2014.10.02 06:26:27.850,0.87385,0.87415,1.00,1.00
2014.10.02 06:26:28.376,0.87386,0.87414,1.00,1.00
2014.10.02 06:26:29.328,0.87387,0.87416,1.00,1.00
2014.10.02 06:26:29.537,0.87386,0.87414,1.00,1.00
2014.10.02 06:26:29.638,0.87388,0.87418,1.00,1.00
2014.10.02 06:26:29.865,0.87387,0.87416,1.50,1.00
2014.10.02 06:26:30.066,0.87388,0.87418,1.00,1.00
2014.10.02 06:26:30.167,0.87387,0.87416,1.50,1.00
2014.10.02 06:26:31.008,0.87388,0.87416,1.12,1.00
2014.10.02 06:26:31.679,0.87388,0.87415,1.00,1.00
2014.10.02 06:26:32.076,0.87388,0.87417,1.00,1.00
2014.10.02 06:26:32.877,0.87387,0.87417,1.50,1.00
2014.10.02 06:26:33.486,0.87388,0.87416,1.00,1.00
2014.10.02 06:26:34.033,0.87387,0.87415,1.00,1.00
2014.10.02 06:26:34.393,0.87387,0.87417,1.00,1.00
2014.10.02 06:26:34.595,0.87387,0.87414,1.00,1.00
2014.10.02 06:26:34.746,0.87388,0.87417,1.00,1.50
2014.10.02 06:26:35.249,0.87388,0.87415,1.00,1.00
2014.10.02 06:26:35.568,0.87385,0.87415,1.12,1.00
2014.10.02 06:26:35.669,0.87388,0.87416,1.00,1.00
2014.10.02 06:26:36.195,0.87387,0.87414,1.00,1.00
2014.10.02 06:26:36.358,0.87388,0.87416,1.00,1.00
2014.10.02 06:26:36.458,0.87385,0.87415,1.00,1.00
2014.10.02 06:26:36.757,0.87388,0.87416,1.00,1.00
2014.10.02 06:26:36.958,0.87385,0.87415,1.00,1.00
2014.10.02 06:26:37.058,0.87388,0.87415,1.00,1.00
2014.10.02 06:26:37.159,0.87385,0.87415,1.00,1.00
2014.10.02 06:26:37.500,0.87388,0.87416,1.00,1.00
2014.10.02 06:26:37.601,0.87386,0.87415,1.00,1.00
2014.10.02 06:26:38.076,0.87387,0.87417,1.00,1.00
2014.10.02 06:26:38.278,0.87386,0.87415,1.00,1.00
2014.10.02 06:26:38.491,0.87387,0.87417,1.00,1.00
2014.10.02 06:26:38.686,0.87387,0.87415,1.00,1.00
2014.10.02 06:26:39.219,0.87388,0.87416,1.00,1.00
2014.10.02 06:26:40.575,0.87387,0.87415,1.00,1.00
2014.10.02 06:26:41.278,0.87388,0.87417,1.00,1.00
2014.10.02 06:26:41.425,0.87389,0.87419,1.00,1.00
2014.10.02 06:26:41.479,0.87388,0.87416,1.00,1.00
2014.10.02 06:26:42.326,0.87388,0.87415,1.00,1.00
2014.10.02 06:26:42.527,0.87386,0.87414,1.00,1.00
2014.10.02 06:26:42.829,0.87383,0.87413,1.50,1.00
2014.10.02 06:26:43.338,0.87384,0.87413,1.00,1.00
2014.10.02 06:26:43.441,0.87387,0.87414,1.00,1.00
2014.10.02 06:26:43.543,0.87384,0.87414,1.00,1.00
2014.10.02 06:26:43.850,0.87386,0.87415,1.00,2.25
2014.10.02 06:26:44.105,0.87384,0.87414,1.00,1.00
2014.10.02 06:26:44.205,0.87383,0.87412,1.00,1.00
2014.10.02 06:26:44.707,0.87384,0.87414,1.00,1.00
2014.10.02 06:26:45.015,0.87383,0.87411,1.00,1.00
2014.10.02 06:26:45.356,0.87385,0.87413,1.00,1.00
2014.10.02 06:26:45.557,0.87386,0.87415,1.00,1.00
2014.10.02 06:26:45.658,0.87387,0.87417,1.00,1.00
2014.10.02 06:26:45.814,0.87386,0.87414,1.12,1.00
2014.10.02 06:26:46.116,0.87389,0.87417,1.00,1.00
2014.10.02 06:26:46.418,0.87393,0.8742,1.00,1.00
2014.10.02 06:26:46.619,0.87391,0.87419,1.12,1.00
2014.10.02 06:26:46.818,0.8739,0.87417,1.12,1.00
2014.10.02 06:26:46.868,0.87391,0.87419,1.00,1.00
2014.10.02 06:26:47.123,0.87389,0.87419,1.12,1.00
2014.10.02 06:26:47.467,0.87391,0.8742,1.00,1.00
2014.10.02 06:26:48.013,0.8739,0.87418,1.00,1.00
2014.10.02 06:26:48.181,0.87391,0.8742,1.00,1.00
2014.10.02 06:26:48.433,0.87391,0.87418,1.00,1.00
2014.10.02 06:26:48.735,0.8739,0.8742,1.00,1.00
2014.10.02 06:26:48.936,0.87392,0.8742,1.00,1.00
2014.10.02 06:26:49.333,0.87391,0.87418,1.00,1.00
2014.10.02 06:26:49.383,0.87388,0.87418,1.37,1.00
2014.10.02 06:26:49.440,0.87391,0.87418,1.00,1.00
2014.10.02 06:26:49.942,0.87393,0.8742,1.00,1.00
2014.10.02 06:26:50.324,0.87391,0.87418,1.00,1.00
2014.10.02 06:26:50.841,0.8739,0.87419,1.00,1.00
2014.10.02 06:26:52.184,0.87388,0.87416,1.37,1.00
2014.10.02 06:26:52.385,0.87387,0.87417,1.12,1.00
2014.10.02 06:26:52.486,0.8739,0.87417,1.00,1.00
2014.10.02 06:26:52.785,0.87391,0.87419,1.00,1.00
2014.10.02 06:26:53.561,0.87389,0.87418,1.12,1.00
2014.10.02 06:26:53.662,0.87391,0.8742,1.00,1.00
2014.10.02 06:26:54.007,0.8739,0.87418,1.00,1.00
2014.10.02 06:26:54.063,0.87391,0.87421,1.00,1.00
2014.10.02 06:26:54.365,0.87391,0.87418,1.00,1.00
2014.10.02 06:26:54.903,0.8739,0.87418,1.00,1.00
2014.10.02 06:26:56.076,0.87391,0.87421,1.00,1.00
2014.10.02 06:26:56.177,0.8739,0.87419,1.00,1.00
2014.10.02 06:26:56.700,0.87392,0.8742,1.00,1.00
2014.10.02 06:26:57.002,0.87388,0.87418,1.12,1.00
2014.10.02 06:26:57.081,0.87392,0.8742,1.00,1.00
2014.10.02 06:26:57.414,0.87389,0.87417,1.87,1.00
2014.10.02 06:26:57.515,0.87394,0.87424,1.00,1.12
2014.10.02 06:26:57.716,0.87396,0.87424,1.00,1.00
2014.10.02 06:26:57.919,0.87395,0.87426,1.00,1.00
2014.10.02 06:26:58.404,0.87393,0.87423,1.00,1.00
2014.10.02 06:26:58.741,0.87394,0.87421,1.00,1.00
2014.10.02 06:26:59.237,0.87392,0.87419,1.12,1.00
2014.10.02 06:26:59.750,0.87392,0.8742,1.00,1.00
2014.10.02 06:27:00.099,0.87388,0.87416,1.00,1.00
2014.10.02 06:27:00.501,0.87386,0.87415,1.00,1.00
2014.10.02 06:27:01.010,0.87385,0.87413,1.50,1.00
2014.10.02 06:27:01.545,0.87387,0.87414,1.00,1.00
2014.10.02 06:27:01.646,0.87384,0.87414,1.00,1.00
2014.10.02 06:27:01.834,0.87386,0.87416,1.00,1.00
2014.10.02 06:27:02.145,0.87385,0.87412,1.00,1.00
2014.10.02 06:27:02.246,0.87385,0.87415,1.00,1.00
2014.10.02 06:27:02.744,0.87384,0.87412,1.12,1.00
2014.10.02 06:27:03.314,0.87386,0.87414,1.00,1.00
2014.10.02 06:27:03.448,0.87384,0.87414,1.00,1.00
2014.10.02 06:27:03.516,0.87387,0.87414,1.00,1.00
2014.10.02 06:27:04.018,0.87386,0.87414,1.00,1.00
2014.10.02 06:27:04.320,0.87384,0.87411,1.00,1.00
2014.10.02 06:27:04.370,0.87384,0.87414,1.00,1.00
2014.10.02 06:27:04.571,0.87384,0.87411,1.00,1.00
2014.10.02 06:27:04.672,0.87385,0.87413,1.00,1.00
2014.10.02 06:27:04.874,0.87384,0.87411,1.00,1.00
2014.10.02 06:27:05.075,0.87385,0.87413,1.00,1.00
2014.10.02 06:27:05.579,0.87384,0.87412,1.00,1.00
2014.10.02 06:27:05.957,0.87386,0.87414,1.00,1.00
2014.10.02 06:27:06.341,0.87384,0.87412,1.00,1.00
2014.10.02 06:27:06.652,0.87386,0.87414,1.00,1.00
2014.10.02 06:27:07.055,0.87385,0.87412,1.00,1.00
2014.10.02 06:27:07.357,0.87385,0.87415,1.00,1.00
2014.10.02 06:27:07.658,0.87385,0.87412,1.00,1.00
2014.10.02 06:27:07.754,0.87386,0.87414,1.00,1.00
2014.10.02 06:27:08.511,0.87384,0.87413,1.00,1.00
2014.10.02 06:27:08.704,0.87387,0.87415,1.00,1.00
2014.10.02 06:27:09.045,0.87386,0.87413,1.00,1.00
2014.10.02 06:27:09.096,0.87386,0.87416,1.00,1.00
2014.10.02 06:27:09.197,0.87386,0.87413,1.00,1.00
2014.10.02 06:27:09.369,0.87387,0.87415,1.00,1.00
2014.10.02 06:27:09.470,0.87385,0.87414,1.00,1.00
2014.10.02 06:27:09.814,0.87387,0.87415,1.00,1.00
2014.10.02 06:27:09.915,0.87385,0.87414,1.00,1.00
2014.10.02 06:27:10.084,0.87387,0.87415,1.00,1.00
2014.10.02 06:27:10.386,0.87386,0.87413,1.00,1.00
2014.10.02 06:27:10.486,0.87384,0.87412,1.00,1.00
2014.10.02 06:27:10.676,0.87386,0.87413,1.00,1.00
2014.10.02 06:27:10.776,0.87384,0.87412,1.00,1.00
2014.10.02 06:27:10.978,0.87386,0.87414,1.00,1.00
2014.10.02 06:27:11.179,0.87383,0.87415,1.12,1.00
2014.10.02 06:27:11.280,0.87385,0.87412,1.00,1.00
2014.10.02 06:27:12.187,0.87385,0.87414,1.00,1.00
2014.10.02 06:27:12.288,0.87385,0.87412,1.00,1.00
2014.10.02 06:27:12.489,0.87386,0.87415,1.00,1.00
2014.10.02 06:27:12.590,0.87384,0.87414,1.00,1.00
2014.10.02 06:27:12.899,0.87386,0.87415,1.00,1.00
2014.10.02 06:27:13.099,0.87384,0.87414,1.00,1.00
2014.10.02 06:27:13.200,0.87387,0.87414,1.00,1.00
2014.10.02 06:27:14.028,0.87385,0.87413,1.00,1.00
2014.10.02 06:27:14.344,0.87386,0.87415,1.00,1.00
2014.10.02 06:27:14.445,0.87384,0.87414,1.00,1.00
2014.10.02 06:27:14.740,0.87387,0.87414,1.00,1.00
2014.10.02 06:27:16.108,0.87388,0.87416,1.00,1.00
2014.10.02 06:27:16.206,0.87386,0.87414,1.00,1.00
2014.10.02 06:27:16.909,0.87385,0.87415,1.00,1.00
2014.10.02 06:27:17.721,0.87388,0.87416,1.00,1.00
2014.10.02 06:27:17.822,0.87386,0.87415,1.00,1.00
2014.10.02 06:27:17.922,0.87384,0.87414,1.00,1.00
2014.10.02 06:27:18.463,0.87385,0.87413,1.00,1.00
2014.10.02 06:27:18.564,0.87386,0.87415,1.00,1.00
2014.10.02 06:27:18.665,0.87385,0.87413,1.00,1.00
2014.10.02 06:27:19.045,0.87387,0.87414,1.00,1.00
2014.10.02 06:27:19.246,0.87385,0.87413,1.00,1.00
2014.10.02 06:27:19.755,0.87388,0.87416,1.00,1.00
2014.10.02 06:27:19.855,0.87385,0.87415,1.00,1.00
2014.10.02 06:27:19.958,0.87384,0.87412,1.00,1.00
2014.10.02 06:27:20.059,0.87386,0.87415,1.00,1.00
2014.10.02 06:27:20.233,0.87385,0.87413,1.00,1.00
2014.10.02 06:27:20.772,0.87386,0.87415,1.00,1.00
2014.10.02 06:27:20.926,0.87385,0.87413,1.00,1.00
2014.10.02 06:27:21.228,0.87388,0.87413,1.00,1.00
2014.10.02 06:27:21.529,0.87388,0.87416,1.00,1.00
2014.10.02 06:27:21.863,0.87388,0.87413,1.00,1.00
2014.10.02 06:27:21.931,0.87388,0.87415,1.00,1.00
2014.10.02 06:27:22.346,0.87388,0.87413,1.00,1.00
2014.10.02 06:27:22.699,0.87386,0.87413,1.00,1.00
2014.10.02 06:27:23.177,0.87387,0.87415,1.00,1.00
2014.10.02 06:27:23.749,0.87386,0.87413,1.00,1.00
2014.10.02 06:27:23.850,0.87389,0.87417,1.00,1.00
2014.10.02 06:27:24.448,0.87389,0.87419,1.50,1.00
2014.10.02 06:27:24.549,0.87389,0.87416,1.50,1.00
2014.10.02 06:27:24.750,0.87389,0.87419,1.50,1.00
2014.10.02 06:27:24.951,0.87389,0.87416,1.50,1.00
2014.10.02 06:27:25.151,0.8739,0.87418,1.00,1.00
2014.10.02 06:27:25.252,0.87389,0.87416,1.00,1.00
2014.10.02 06:27:25.453,0.87389,0.87419,1.00,1.00
2014.10.02 06:27:25.654,0.87389,0.87416,1.00,1.00
2014.10.02 06:27:25.955,0.8739,0.87418,1.00,1.00
2014.10.02 06:27:26.058,0.87386,0.87413,1.37,1.00
2014.10.02 06:27:26.159,0.87384,0.87412,1.37,1.00
2014.10.02 06:27:26.469,0.87385,0.87415,1.00,1.00
2014.10.02 06:27:26.761,0.87385,0.87412,1.00,1.00
2014.10.02 06:27:26.862,0.87385,0.87415,1.00,1.00
2014.10.02 06:27:27.476,0.87386,0.87414,1.00,1.00
2014.10.02 06:27:27.784,0.87384,0.87413,1.12,1.00
2014.10.02 06:27:27.886,0.87386,0.87415,1.00,1.00
2014.10.02 06:27:27.987,0.87384,0.87414,1.12,1.00
2014.10.02 06:27:28.168,0.87387,0.87414,1.00,1.00
2014.10.02 06:27:28.292,0.87385,0.87413,1.00,1.00
2014.10.02 06:27:28.470,0.87387,0.87415,1.00,1.00
2014.10.02 06:27:28.777,0.87386,0.87413,1.00,1.00
2014.10.02 06:27:28.905,0.87386,0.87416,1.00,1.00
2014.10.02 06:27:29.007,0.87385,0.87414,1.00,1.00
2014.10.02 06:27:29.680,0.87386,0.87416,1.00,1.00
2014.10.02 06:27:29.825,0.87386,0.87413,1.00,1.00
2014.10.02 06:27:30.010,0.87386,0.87416,1.00,1.00
2014.10.02 06:27:30.078,0.87386,0.87413,1.00,1.00
2014.10.02 06:27:30.379,0.87386,0.87416,1.00,1.00
2014.10.02 06:27:30.480,0.87386,0.87413,1.00,1.00
2014.10.02 06:27:31.504,0.87385,0.87414,1.00,1.00
2014.10.02 06:27:32.507,0.87386,0.87413,1.00,1.00
2014.10.02 06:27:33.091,0.87387,0.87415,1.00,1.00
2014.10.02 06:27:33.195,0.87385,0.87414,1.12,1.00
2014.10.02 06:27:33.393,0.87387,0.87415,1.00,1.00
2014.10.02 06:27:33.602,0.87385,0.87414,1.00,1.00
2014.10.02 06:27:34.096,0.87387,0.87415,1.00,1.00
2014.10.02 06:27:34.473,0.87386,0.87413,1.00,1.00
2014.10.02 06:27:34.801,0.87387,0.87415,1.00,1.00
2014.10.02 06:27:34.902,0.87386,0.87413,1.00,1.00
2014.10.02 06:27:35.102,0.87387,0.87415,1.00,1.00
2014.10.02 06:27:35.241,0.87386,0.87413,1.00,1.00
2014.10.02 06:27:38.853,0.87387,0.87413,1.00,1.00
2014.10.02 06:27:40.283,0.87386,0.87413,1.12,1.00
2014.10.02 06:27:40.333,0.87386,0.87415,1.00,1.00
2014.10.02 06:27:40.434,0.87384,0.87412,1.87,1.00
2014.10.02 06:27:41.266,0.87386,0.87413,1.00,1.00
2014.10.02 06:27:41.429,0.87383,0.87413,2.62,1.00
2014.10.02 06:27:41.562,0.87386,0.87413,1.12,1.00
2014.10.02 06:27:42.036,0.87385,0.87415,1.12,1.00
2014.10.02 06:27:42.138,0.87388,0.87416,1.00,1.00
2014.10.02 06:27:42.239,0.87386,0.87415,1.00,1.00
2014.10.02 06:27:42.441,0.87385,0.87413,1.12,1.00
2014.10.02 06:27:42.551,0.87387,0.87417,1.00,1.00
2014.10.02 06:27:42.652,0.87387,0.87414,1.00,1.00
2014.10.02 06:27:43.386,0.87388,0.87416,1.00,1.00
2014.10.02 06:27:43.487,0.8739,0.87418,1.00,1.00
2014.10.02 06:27:43.587,0.87388,0.87417,1.00,1.00
2014.10.02 06:27:43.745,0.87389,0.87419,1.00,1.00
2014.10.02 06:27:43.796,0.87389,0.87416,1.00,1.00
2014.10.02 06:27:44.203,0.87391,0.87418,1.00,1.00
2014.10.02 06:27:44.257,0.87388,0.87418,1.00,1.00
2014.10.02 06:27:44.561,0.87392,0.87421,1.00,1.00
2014.10.02 06:27:44.863,0.87394,0.87418,1.00,1.00
2014.10.02 06:27:44.964,0.87389,0.87417,1.00,1.50
2014.10.02 06:27:45.406,0.87392,0.87417,1.00,1.00
2014.10.02 06:27:45.507,0.87392,0.8742,1.00,1.00
2014.10.02 06:27:55.601,0.87392,0.87419,1.00,1.00
2014.10.02 06:27:55.922,0.8739,0.87419,1.12,1.00
2014.10.02 06:27:56.343,0.8739,0.87417,1.00,1.00
2014.10.02 06:27:56.494,0.87388,0.87417,1.00,1.50
2014.10.02 06:27:56.595,0.87386,0.87416,1.50,1.00
2014.10.02 06:27:56.896,0.87386,0.87412,1.50,1.00
2014.10.02 06:27:57.683,0.87386,0.87413,1.50,1.00
2014.10.02 06:27:57.733,0.87383,0.87413,1.00,1.50
2014.10.02 06:27:58.653,0.87383,0.87412,1.00,1.00
2014.10.02 06:27:59.893,0.87385,0.87412,1.00,1.00
2014.10.02 06:28:00.667,0.87385,0.8741,1.00,1.00
2014.10.02 06:28:00.909,0.87383,0.8741,1.00,1.00
2014.10.02 06:28:09.754,0.87381,0.87409,1.00,1.00
2014.10.02 06:28:09.873,0.87381,0.87407,1.00,1.00
2014.10.02 06:28:10.554,0.8738,0.87407,1.00,1.50
2014.10.02 06:28:40.624,0.8738,0.87408,1.12,1.50
2014.10.02 06:28:40.937,0.87384,0.87408,1.00,1.00
2014.10.02 06:28:41.413,0.87384,0.87412,1.00,1.00
2014.10.02 06:28:41.835,0.87387,0.87412,1.00,1.00
2014.10.02 06:28:43.674,0.87387,0.87413,1.00,1.00
2014.10.02 06:28:44.234,0.87387,0.87412,1.00,1.00
2014.10.02 06:28:44.919,0.87387,0.87413,1.00,1.00
2014.10.02 06:28:46.583,0.87385,0.87413,1.00,1.50
2014.10.02 06:28:49.064,0.87385,0.87412,1.00,1.00
2014.10.02 06:28:55.551,0.87385,0.87413,1.00,1.00
2014.10.02 06:28:57.862,0.87385,0.87412,1.00,1.00
2014.10.02 06:28:58.402,0.87384,0.87411,1.00,1.00
2014.10.02 06:28:59.776,0.87385,0.87413,1.00,1.00
2014.10.02 06:28:59.877,0.87387,0.87414,1.00,1.00
2014.10.02 06:29:05.517,0.87388,0.87416,1.00,1.00
2014.10.02 06:29:06.123,0.87388,0.87412,1.00,1.00
2014.10.02 06:29:06.332,0.87388,0.87416,1.00,2.25
2014.10.02 06:29:07.102,0.87388,0.87412,1.00,1.00
2014.10.02 06:29:14.652,0.87389,0.87412,1.00,1.00
2014.10.02 06:29:14.952,0.87392,0.87417,1.00,1.00
2014.10.02 06:29:15.521,0.87393,0.87418,1.00,1.00
2014.10.02 06:29:16.128,0.87394,0.87417,1.00,1.00
2014.10.02 06:29:17.551,0.87394,0.87418,1.00,1.00
2014.10.02 06:29:18.229,0.87395,0.87418,1.00,1.00
2014.10.02 06:29:18.330,0.87397,0.87422,1.00,1.00
2014.10.02 06:29:18.642,0.87399,0.87422,1.00,1.00
2014.10.02 06:29:18.972,0.87403,0.87423,1.00,1.00
2014.10.02 06:29:21.731,0.87403,0.87427,1.00,1.00
2014.10.02 06:29:24.139,0.87401,0.87427,1.00,1.00
2014.10.02 06:29:24.472,0.87399,0.87426,1.50,1.00
2014.10.02 06:29:24.862,0.87399,0.87423,1.50,1.00
2014.10.02 06:29:24.963,0.87396,0.87423,1.00,1.00
2014.10.02 06:29:29.982,0.87396,0.87422,1.00,1.00
2014.10.02 06:29:30.868,0.87396,0.87423,1.00,1.50
2014.10.02 06:29:31.083,0.87396,0.87418,1.00,1.00
2014.10.02 06:29:31.588,0.8739,0.87418,1.50,1.50
2014.10.02 06:29:32.102,0.8739,0.87417,1.50,1.00
2014.10.02 06:29:35.160,0.8739,0.87418,1.00,3.00
2014.10.02 06:29:37.902,0.8739,0.87417,1.00,1.00
2014.10.02 06:29:38.392,0.8739,0.87413,1.00,1.00
2014.10.02 06:29:38.442,0.87386,0.87413,1.00,1.00
2014.10.02 06:29:41.863,0.87386,0.87412,1.00,1.00
2014.10.02 06:29:47.581,0.87386,0.87413,1.00,1.00
2014.10.02 06:29:49.381,0.87386,0.87412,1.00,1.00
2014.10.02 06:29:49.591,0.87386,0.87414,1.00,1.50
2014.10.02 06:29:50.294,0.87386,0.87415,1.00,1.50
2014.10.02 06:29:54.855,0.87386,0.87412,1.00,1.00
2014.10.02 06:29:55.158,0.87389,0.87412,1.00,1.00
2014.10.02 06:29:55.409,0.8739,0.87417,1.00,1.50
2014.10.02 06:29:55.561,0.87392,0.87417,1.00,1.00
2014.10.02 06:29:56.221,0.87392,0.87418,1.00,1.00
2014.10.02 06:29:56.897,0.87392,0.87417,1.00,1.00
2014.10.02 06:29:57.860,0.87392,0.87418,1.00,1.00
2014.10.02 06:30:00.781,0.87392,0.87417,1.00,1.00
2014.10.02 06:30:01.380,0.87392,0.87418,1.00,1.00
2014.10.02 06:30:03.643,0.87392,0.87417,1.00,1.00
2014.10.02 06:30:04.184,0.87389,0.87417,1.00,1.00
2014.10.02 06:30:04.400,0.87387,0.87418,1.00,1.00
2014.10.02 06:30:04.631,0.87387,0.87416,1.00,1.50
2014.10.02 06:30:04.902,0.87383,0.87413,1.00,1.12
2014.10.02 06:30:05.103,0.87383,0.87407,1.00,1.00
2014.10.02 06:30:05.333,0.87383,0.87412,1.00,1.00
2014.10.02 06:30:05.384,0.87381,0.87411,2.25,1.00
2014.10.02 06:30:05.636,0.87381,0.87407,1.00,1.00
2014.10.02 06:30:05.686,0.87378,0.87407,1.00,1.00
2014.10.02 06:30:05.737,0.87378,0.8741,1.00,2.25
2014.10.02 06:30:05.888,0.87378,0.8741,1.00,2.62
2014.10.02 06:30:05.991,0.87376,0.87408,1.00,1.12
2014.10.02 06:30:16.623,0.87376,0.87407,1.00,1.00
2014.10.02 06:30:25.582,0.87376,0.87406,1.00,1.00
2014.10.02 06:31:00.412,0.87376,0.87406,1.37,1.00
2014.10.02 06:31:00.463,0.8738,0.87407,1.00,1.00
2014.10.02 06:31:00.830,0.87382,0.87409,1.00,1.00
2014.10.02 06:31:01.109,0.87382,0.87412,1.00,1.00
2014.10.02 06:31:01.722,0.87384,0.87412,1.00,1.00
2014.10.02 06:31:03.961,0.87381,0.87412,1.00,1.87
2014.10.02 06:31:04.191,0.87381,0.87407,1.00,1.00
2014.10.02 06:31:04.781,0.87381,0.87408,1.00,1.00
2014.10.02 06:31:05.265,0.87381,0.87403,1.00,1.00
2014.10.02 06:31:05.590,0.87381,0.87408,1.00,1.00
2014.10.02 06:31:05.812,0.87381,0.87402,1.00,1.00
2014.10.02 06:31:06.837,0.8738,0.87402,1.00,1.00
2014.10.02 06:31:07.353,0.8738,0.87408,1.00,1.12
2014.10.02 06:31:08.451,0.8738,0.87402,1.00,1.00
2014.10.02 06:31:08.673,0.8738,0.87407,1.00,1.00
2014.10.02 06:31:10.322,0.8738,0.87408,1.00,1.00
2014.10.02 06:31:11.002,0.87377,0.87408,1.00,1.12
2014.10.02 06:31:13.102,0.87376,0.87407,1.00,1.00
2014.10.02 06:31:15.286,0.87377,0.87402,1.00,1.00
2014.10.02 06:31:15.493,0.87373,0.87402,1.00,1.50
2014.10.02 06:31:15.694,0.87372,0.87399,1.00,1.00
2014.10.02 06:31:16.047,0.87366,0.87398,1.87,1.00
2014.10.02 06:31:16.528,0.87366,0.87395,1.87,1.00
2014.10.02 06:31:17.152,0.87366,0.87392,1.00,1.00
2014.10.02 06:31:17.203,0.87361,0.87392,1.50,1.00
2014.10.02 06:31:17.891,0.87361,0.87391,1.50,1.50
2014.10.02 06:31:19.612,0.87359,0.87391,1.00,2.25
2014.10.02 06:31:19.722,0.87365,0.87391,1.00,1.50
2014.10.02 06:31:19.772,0.87365,0.87393,1.50,1.00
2014.10.02 06:31:20.303,0.87365,0.87392,1.00,1.00
2014.10.02 06:31:20.861,0.87365,0.87393,1.00,1.00
2014.10.02 06:31:21.321,0.87365,0.8739,1.00,1.50
2014.10.02 06:31:21.842,0.87365,0.87389,1.00,1.50
2014.10.02 06:31:22.176,0.8736,0.8739,1.00,2.25
2014.10.02 06:31:24.464,0.87362,0.87392,1.00,3.00
2014.10.02 06:31:26.781,0.8736,0.8739,1.00,1.00
2014.10.02 06:31:27.920,0.8736,0.8739,1.00,2.62
2014.10.02 06:31:28.222,0.87354,0.87383,1.00,1.50
2014.10.02 06:31:28.273,0.87354,0.87385,1.00,2.25
2014.10.02 06:31:35.270,0.87354,0.87384,1.00,1.50
2014.10.02 06:31:38.384,0.87354,0.87385,1.00,1.00
2014.10.02 06:31:38.904,0.87355,0.87384,1.00,1.00
2014.10.02 06:31:40.836,0.87352,0.87384,1.12,1.00
2014.10.02 06:31:41.340,0.87352,0.87382,1.12,1.00
2014.10.02 06:31:41.890,0.87351,0.87378,1.87,1.00
2014.10.02 06:31:42.577,0.87353,0.87378,1.00,1.00
2014.10.02 06:31:42.990,0.87353,0.87383,1.00,1.00
2014.10.02 06:31:43.566,0.87353,0.87382,1.00,1.00
2014.10.02 06:31:44.679,0.87353,0.87383,1.50,2.25
2014.10.02 06:31:45.126,0.87353,0.87377,1.00,1.00
2014.10.02 06:31:45.303,0.87353,0.87383,1.00,3.00
2014.10.02 06:31:48.081,0.87353,0.87382,1.00,1.00
2014.10.02 06:31:48.232,0.87355,0.87382,1.00,1.00
2014.10.02 06:31:48.763,0.87355,0.87381,1.00,1.00
2014.10.02 06:31:49.305,0.87355,0.87377,1.00,1.00
2014.10.02 06:31:49.355,0.87351,0.87377,1.00,1.00
2014.10.02 06:31:49.406,0.87351,0.87381,1.00,1.00
2014.10.02 06:31:49.456,0.87354,0.87382,1.00,1.00
2014.10.02 06:31:49.708,0.87352,0.87382,1.00,3.00
2014.10.02 06:31:49.759,0.8735,0.87382,1.00,3.00
2014.10.02 06:31:50.262,0.87349,0.87382,1.00,1.50
2014.10.02 06:31:50.614,0.87349,0.87377,1.00,1.00
2014.10.02 06:31:50.665,0.87345,0.87377,1.00,1.00
2014.10.02 06:31:51.168,0.87345,0.87376,1.00,1.87
2014.10.02 06:31:51.275,0.87345,0.87372,1.00,1.00
2014.10.02 06:31:51.577,0.87338,0.87372,1.12,1.00
2014.10.02 06:31:52.146,0.87338,0.87373,1.00,1.50
2014.10.02 06:31:52.923,0.87338,0.87372,1.00,1.00
2014.10.02 06:31:53.281,0.87338,0.87372,1.37,1.00
2014.10.02 06:31:53.583,0.87342,0.87377,1.00,1.87
2014.10.02 06:31:53.684,0.87342,0.87377,1.37,3.00
2014.10.02 06:31:53.986,0.87345,0.87379,1.12,1.50
2014.10.02 06:31:54.776,0.87345,0.87379,1.37,1.50
2014.10.02 06:31:56.282,0.87346,0.87379,1.00,1.50
2014.10.02 06:31:56.333,0.87346,0.87373,1.00,1.00
2014.10.02 06:31:56.484,0.87339,0.87373,1.37,1.00
2014.10.02 06:31:56.535,0.87339,0.87371,1.00,2.25
2014.10.02 06:31:56.736,0.87339,0.87373,1.37,1.00
2014.10.02 06:31:56.837,0.87339,0.87373,1.37,1.00
2014.10.02 06:31:57.320,0.87345,0.87374,1.00,1.00
2014.10.02 06:31:57.623,0.87349,0.87372,1.00,1.00
2014.10.02 06:31:57.673,0.87349,0.87377,1.00,2.25
2014.10.02 06:31:58.680,0.87348,0.87377,1.50,1.50
2014.10.02 06:31:59.320,0.87348,0.87376,1.00,1.00
2014.10.02 06:31:59.371,0.87348,0.87373,1.00,1.50
2014.10.02 06:31:59.472,0.87348,0.87375,1.00,1.00
2014.10.02 06:31:59.901,0.87343,0.87375,1.00,1.00
2014.10.02 06:32:02.839,0.87349,0.87375,1.00,1.50
2014.10.02 06:32:02.890,0.87349,0.87379,1.00,1.50
2014.10.02 06:32:03.041,0.87351,0.8738,1.00,1.50
2014.10.02 06:32:03.391,0.87354,0.87384,1.50,1.00
2014.10.02 06:32:03.542,0.87355,0.87386,1.00,2.25
2014.10.02 06:32:04.529,0.87355,0.87385,1.00,1.50
2014.10.02 06:32:04.630,0.87354,0.87382,1.12,1.00
2014.10.02 06:32:04.932,0.87355,0.87385,1.00,1.00
2014.10.02 06:32:05.083,0.87356,0.87388,1.00,1.37
2014.10.02 06:32:05.677,0.87356,0.87388,1.00,1.00
2014.10.02 06:32:07.549,0.87356,0.87387,1.00,1.00
2014.10.02 06:32:08.180,0.87356,0.87388,1.00,1.00
2014.10.02 06:32:14.091,0.87359,0.87388,1.00,1.00
2014.10.02 06:32:15.157,0.87359,0.87387,1.00,1.00
2014.10.02 06:32:18.090,0.87357,0.87386,1.00,1.00
2014.10.02 06:32:18.140,0.87357,0.87383,1.00,1.00
2014.10.02 06:32:19.099,0.87357,0.87386,1.00,1.00
2014.10.02 06:32:24.224,0.87355,0.87385,1.00,1.00
2014.10.02 06:32:25.020,0.87357,0.87387,1.00,3.00
2014.10.02 06:32:30.099,0.87357,0.87383,1.00,1.00
2014.10.02 06:32:30.571,0.87356,0.87387,1.12,1.00
2014.10.02 06:32:30.621,0.87358,0.87387,1.00,1.00
2014.10.02 06:32:31.529,0.87358,0.87388,1.00,1.50
2014.10.02 06:32:33.069,0.87358,0.87382,1.00,1.00
2014.10.02 06:32:33.530,0.87354,0.87382,1.00,1.00
2014.10.02 06:32:41.318,0.87354,0.87383,1.00,1.00
2014.10.02 06:32:42.984,0.87352,0.87383,1.12,1.00
2014.10.02 06:32:43.510,0.87352,0.87382,1.00,1.00
2014.10.02 06:32:45.609,0.87352,0.87384,1.50,1.00
2014.10.02 06:32:46.129,0.87353,0.87384,1.00,1.00
2014.10.02 06:32:47.339,0.87353,0.87384,1.12,1.60
2014.10.02 06:32:47.657,0.87352,0.87377,1.00,1.00
2014.10.02 06:32:48.768,0.8735,0.87377,1.00,1.00
2014.10.02 06:32:49.350,0.8735,0.87382,1.00,1.50
2014.10.02 06:32:51.777,0.8735,0.87381,1.50,1.50
2014.10.02 06:32:52.653,0.87353,0.87381,1.00,1.50
2014.10.02 06:32:54.409,0.87353,0.87382,1.00,2.25
2014.10.02 06:32:56.005,0.87351,0.87381,1.00,1.00
2014.10.02 06:32:56.608,0.87353,0.87381,1.00,1.00
2014.10.02 06:33:08.613,0.87358,0.87381,1.00,1.00
2014.10.02 06:33:08.664,0.87358,0.8739,1.50,1.00
2014.10.02 06:33:08.714,0.87362,0.8739,1.37,1.00
2014.10.02 06:33:08.966,0.87368,0.87396,1.00,1.35
2014.10.02 06:33:09.190,0.87368,0.87398,2.25,1.00
2014.10.02 06:33:09.370,0.87373,0.87398,1.00,1.00
2014.10.02 06:33:09.638,0.87368,0.87398,2.25,1.00
2014.10.02 06:33:13.879,0.87368,0.87397,1.00,1.00
2014.10.02 06:33:15.652,0.87367,0.87394,1.00,1.00
2014.10.02 06:33:15.954,0.87363,0.87392,1.50,1.00
2014.10.02 06:33:16.004,0.87363,0.87389,1.00,1.00
2014.10.02 06:33:16.599,0.87356,0.87388,1.00,1.50
2014.10.02 06:33:18.109,0.87356,0.87387,1.00,1.00
2014.10.02 06:33:22.182,0.87356,0.87388,1.00,1.50
2014.10.02 06:33:22.333,0.87356,0.87383,1.00,1.00
2014.10.02 06:33:22.836,0.87355,0.87382,1.00,1.00
2014.10.02 06:33:23.074,0.87355,0.87385,1.87,1.00
2014.10.02 06:33:23.174,0.87356,0.87388,1.37,1.50
2014.10.02 06:33:23.748,0.87356,0.87387,1.00,1.00
2014.10.02 06:33:24.379,0.87356,0.87388,1.00,1.00
2014.10.02 06:33:25.521,0.87355,0.87386,1.50,1.00
2014.10.02 06:33:31.638,0.87354,0.87384,1.50,1.00
2014.10.02 06:33:33.088,0.87354,0.87382,1.50,1.00
2014.10.02 06:33:33.441,0.87349,0.87381,1.00,1.37
2014.10.02 06:33:33.491,0.87347,0.87377,1.00,1.00
2014.10.02 06:33:34.029,0.87346,0.87376,1.00,1.00
2014.10.02 06:33:34.080,0.87344,0.87375,1.00,1.00
2014.10.02 06:33:34.640,0.87348,0.87375,1.00,1.00
2014.10.02 06:33:34.690,0.87348,0.87379,1.00,1.00
2014.10.02 06:33:34.956,0.8735,0.8738,1.00,1.00
2014.10.02 06:33:35.700,0.87352,0.87382,1.00,1.00
2014.10.02 06:33:36.089,0.8735,0.87381,1.00,1.00
2014.10.02 06:33:36.190,0.8735,0.87379,1.00,1.00
2014.10.02 06:33:36.407,0.87347,0.87379,1.12,1.00
2014.10.02 06:33:42.262,0.87347,0.87379,1.37,1.00
2014.10.02 06:33:42.312,0.87352,0.87381,1.00,1.00
2014.10.02 06:33:42.715,0.87355,0.87383,1.00,1.00
2014.10.02 06:33:42.866,0.87355,0.87387,1.50,1.87
2014.10.02 06:33:44.134,0.87356,0.87387,1.00,1.00
2014.10.02 06:33:46.521,0.87356,0.87387,1.00,1.87
2014.10.02 06:33:47.053,0.87355,0.87387,1.50,1.50
2014.10.02 06:33:50.733,0.87356,0.87387,1.00,1.50
2014.10.02 06:33:50.820,0.87358,0.87387,1.00,1.50
2014.10.02 06:33:51.565,0.87356,0.87382,1.00,1.00
2014.10.02 06:33:52.597,0.87354,0.87382,1.00,1.00
2014.10.02 06:33:53.689,0.87354,0.87383,1.12,1.00
2014.10.02 06:33:53.900,0.87357,0.87386,1.00,1.00
2014.10.02 06:33:54.001,0.87355,0.87385,1.00,1.00
2014.10.02 06:33:54.052,0.87357,0.87385,1.00,1.00
2014.10.02 06:33:55.787,0.87355,0.87385,1.00,1.00
2014.10.02 06:33:56.209,0.87353,0.87382,1.00,1.00
2014.10.02 06:33:57.003,0.8735,0.87382,1.00,1.00
2014.10.02 06:33:58.167,0.8735,0.87377,1.00,1.00
2014.10.02 06:33:58.801,0.87348,0.87377,1.00,1.00
2014.10.02 06:33:58.852,0.87348,0.87379,1.00,1.12
2014.10.02 06:33:59.248,0.87348,0.87377,1.00,1.00
2014.10.02 06:33:59.399,0.87348,0.87379,1.00,1.00
2014.10.02 06:33:59.972,0.87347,0.87379,1.00,1.00
2014.10.02 06:34:01.708,0.87347,0.87379,1.00,1.37
2014.10.02 06:34:04.190,0.87347,0.87379,1.00,1.12
2014.10.02 06:34:04.341,0.87345,0.87377,1.12,1.00
2014.10.02 06:34:04.643,0.87345,0.87372,1.00,1.00
2014.10.02 06:34:07.432,0.87345,0.87373,1.00,1.00
2014.10.02 06:34:08.090,0.87345,0.87372,1.00,1.00
2014.10.02 06:34:10.156,0.87344,0.87372,1.00,1.00
2014.10.02 06:34:10.458,0.87347,0.87372,1.00,1.00
2014.10.02 06:34:10.578,0.87347,0.87377,1.00,1.12
2014.10.02 06:34:10.797,0.87347,0.87372,1.00,1.00
2014.10.02 06:34:11.627,0.87345,0.87372,1.00,1.00
2014.10.02 06:34:11.878,0.87341,0.87372,1.00,1.00
2014.10.02 06:34:12.157,0.87341,0.87368,1.00,1.00
2014.10.02 06:34:12.328,0.87341,0.87372,1.00,1.00
2014.10.02 06:34:12.846,0.87341,0.87372,1.37,1.00
2014.10.02 06:34:17.347,0.87342,0.87369,1.00,1.00
2014.10.02 06:34:17.398,0.87333,0.87362,1.00,1.00
2014.10.02 06:34:17.657,0.87332,0.87366,3.00,1.12
2014.10.02 06:34:17.708,0.87332,0.87368,4.12,1.00
2014.10.02 06:34:18.082,0.87332,0.87368,3.37,1.00
2014.10.02 06:34:18.133,0.87335,0.87368,1.00,1.00
2014.10.02 06:34:18.499,0.87335,0.87368,1.87,1.00
2014.10.02 06:34:19.481,0.87335,0.87368,1.50,1.00
2014.10.02 06:34:21.197,0.87336,0.87368,1.00,1.00
2014.10.02 06:34:21.727,0.87336,0.87367,1.00,1.00
2014.10.02 06:34:22.417,0.87336,0.87367,1.37,1.00
2014.10.02 06:34:24.128,0.87336,0.87367,1.37,1.00
2014.10.02 06:34:24.678,0.87337,0.87368,1.37,1.00
2014.10.02 06:34:25.613,0.87339,0.87368,1.37,1.00
2014.10.02 06:34:25.764,0.87339,0.87372,1.37,1.00
2014.10.02 06:34:26.327,0.87342,0.87373,1.00,1.00
2014.10.02 06:34:29.377,0.87342,0.87372,1.00,1.00
2014.10.02 06:34:31.018,0.87344,0.87372,1.00,1.00
2014.10.02 06:34:31.136,0.87344,0.87376,1.00,1.00
2014.10.02 06:34:31.404,0.87344,0.87372,1.00,1.00
2014.10.02 06:34:31.940,0.87344,0.87373,1.00,1.00
2014.10.02 06:34:32.568,0.87344,0.87372,1.00,1.00
2014.10.02 06:34:32.999,0.87348,0.87372,1.12,1.00
2014.10.02 06:34:33.150,0.87348,0.87378,1.37,1.00
2014.10.02 06:34:33.301,0.87353,0.87377,1.00,1.00
2014.10.02 06:34:33.603,0.87353,0.87382,1.00,1.50
2014.10.02 06:34:33.777,0.87353,0.87377,1.00,1.00
2014.10.02 06:34:33.979,0.87346,0.87377,1.00,1.00
2014.10.02 06:34:35.097,0.87346,0.87378,1.00,1.50
2014.10.02 06:34:35.650,0.87346,0.87377,1.00,1.00
2014.10.02 06:34:35.864,0.87344,0.87377,1.00,1.00
2014.10.02 06:34:36.115,0.87344,0.87379,1.50,1.12
2014.10.02 06:34:36.216,0.87344,0.87377,1.50,1.12
2014.10.02 06:34:36.520,0.87345,0.87375,1.00,1.00
2014.10.02 06:34:37.070,0.87348,0.87378,1.00,1.00
2014.10.02 06:34:37.272,0.87349,0.87381,1.00,1.00
2014.10.02 06:34:41.467,0.87349,0.87381,1.87,1.00
2014.10.02 06:34:44.447,0.87353,0.87381,1.00,1.00
2014.10.02 06:34:44.777,0.87348,0.87378,1.00,1.00
2014.10.02 06:34:50.583,0.87349,0.87381,1.00,1.00
2014.10.02 06:34:50.684,0.87352,0.87382,1.00,1.00
2014.10.02 06:34:51.418,0.87353,0.87382,1.00,1.00
2014.10.02 06:34:52.808,0.87352,0.87382,2.62,1.00
2014.10.02 06:34:53.716,0.87355,0.87385,1.00,1.00
2014.10.02 06:34:58.737,0.87353,0.87384,1.00,1.00
2014.10.02 06:34:59.016,0.87353,0.87382,1.00,1.00
2014.10.02 06:35:00.121,0.87353,0.8738,1.00,1.00
2014.10.02 06:35:00.247,0.87348,0.8738,1.50,1.00
2014.10.02 06:35:00.348,0.87348,0.87377,1.50,1.00
2014.10.02 06:35:00.902,0.87348,0.87376,1.00,1.00
2014.10.02 06:35:02.700,0.87345,0.87376,1.87,1.00
2014.10.02 06:35:05.021,0.87347,0.87377,1.00,1.50
2014.10.02 06:35:07.530,0.87343,0.87375,1.87,1.00
2014.10.02 06:35:09.090,0.87343,0.87373,1.50,1.00
2014.10.02 06:35:10.367,0.87344,0.87373,1.00,1.00
2014.10.02 06:35:11.617,0.87344,0.87372,1.00,1.00
2014.10.02 06:35:12.221,0.87344,0.87373,1.00,1.00
2014.10.02 06:35:14.911,0.87344,0.87372,1.00,1.00
2014.10.02 06:35:15.786,0.87343,0.87372,1.00,1.00
2014.10.02 06:35:15.887,0.87343,0.87375,1.50,1.00
2014.10.02 06:35:16.323,0.87346,0.87376,1.00,1.00
2014.10.02 06:35:18.543,0.87348,0.87376,1.00,1.00
2014.10.02 06:35:21.616,0.87346,0.87376,1.50,1.00
2014.10.02 06:35:26.927,0.87346,0.87374,1.00,1.00
2014.10.02 06:35:27.409,0.87346,0.87372,1.50,1.00
2014.10.02 06:35:29.061,0.87346,0.87372,1.87,1.00
2014.10.02 06:35:29.162,0.8735,0.87376,1.00,1.00
2014.10.02 06:35:29.364,0.8735,0.87382,1.87,1.00
2014.10.02 06:35:29.565,0.8735,0.87379,1.00,1.00
2014.10.02 06:35:30.214,0.87351,0.87379,1.00,1.00
2014.10.02 06:35:30.388,0.87351,0.87381,1.50,1.00
2014.10.02 06:35:30.489,0.87353,0.87385,1.00,1.00
2014.10.02 06:35:31.158,0.87353,0.87382,1.00,1.00
2014.10.02 06:35:31.679,0.87353,0.87381,1.00,1.00
2014.10.02 06:35:32.253,0.87351,0.87381,1.87,1.00
2014.10.02 06:35:32.554,0.87352,0.87379,1.00,1.00
2014.10.02 06:35:33.203,0.87352,0.87377,1.00,1.00
2014.10.02 06:35:33.607,0.87348,0.87377,2.62,1.00
2014.10.02 06:35:34.109,0.87348,0.87377,1.00,1.50
2014.10.02 06:35:38.469,0.87348,0.87375,1.00,1.00
2014.10.02 06:35:38.870,0.87347,0.87377,1.00,1.00
2014.10.02 06:35:41.653,0.87348,0.87377,1.00,1.00
2014.10.02 06:35:50.563,0.8735,0.87377,1.00,1.00
2014.10.02 06:35:53.625,0.87348,0.87377,1.00,1.50
2014.10.02 06:35:55.712,0.87349,0.87377,1.00,1.00
2014.10.02 06:35:55.813,0.87351,0.87377,1.00,1.00
2014.10.02 06:35:56.077,0.87351,0.87382,1.00,1.50
2014.10.02 06:35:56.376,0.87353,0.87382,1.00,1.00
2014.10.02 06:35:56.980,0.87353,0.87383,1.00,1.50
2014.10.02 06:35:57.946,0.87353,0.87382,1.00,1.00
2014.10.02 06:36:02.445,0.87352,0.87382,1.00,1.00
2014.10.02 06:36:03.886,0.87352,0.87383,1.00,1.50
2014.10.02 06:36:05.417,0.87353,0.87383,1.00,1.50
2014.10.02 06:36:08.067,0.87353,0.87382,1.00,1.00
2014.10.02 06:36:08.391,0.87353,0.8738,1.00,1.00
2014.10.02 06:36:08.897,0.87352,0.87381,1.00,1.00
2014.10.02 06:36:09.485,0.87354,0.87383,1.00,1.00
2014.10.02 06:36:09.808,0.87356,0.87385,1.00,1.50
2014.10.02 06:36:16.192,0.87354,0.87384,1.50,1.00
2014.10.02 06:36:17.074,0.87354,0.87384,1.00,1.37
2014.10.02 06:36:17.610,0.87353,0.87382,1.00,1.00
2014.10.02 06:36:18.926,0.87352,0.87382,1.00,1.00
2014.10.02 06:36:22.272,0.87351,0.87381,1.00,1.00
2014.10.02 06:36:22.373,0.87351,0.87377,1.00,1.00
2014.10.02 06:36:22.892,0.8735,0.87377,1.00,1.00
2014.10.02 06:36:23.655,0.87349,0.87377,1.00,1.00
2014.10.02 06:36:24.211,0.87349,0.87378,1.00,1.00
2014.10.02 06:36:24.735,0.8735,0.87378,1.00,1.00
2014.10.02 06:36:25.117,0.87352,0.87377,1.00,1.00
2014.10.02 06:36:26.516,0.8735,0.87377,1.00,1.00
2014.10.02 06:36:26.617,0.87348,0.87376,1.00,1.00
2014.10.02 06:36:26.886,0.87348,0.87372,1.00,1.00
2014.10.02 06:36:27.416,0.87349,0.87372,1.00,1.00
2014.10.02 06:36:27.618,0.87345,0.87372,1.50,1.00
2014.10.02 06:36:27.719,0.87347,0.87377,1.00,1.00
2014.10.02 06:36:29.779,0.87346,0.87374,1.00,1.00
2014.10.02 06:36:30.081,0.87343,0.87367,1.12,1.00
2014.10.02 06:36:30.395,0.87343,0.87372,1.12,1.00
2014.10.02 06:36:33.507,0.87343,0.87372,1.00,1.37
2014.10.02 06:36:33.608,0.87338,0.87367,1.00,1.00
2014.10.02 06:36:33.910,0.87337,0.87365,1.00,1.00
2014.10.02 06:36:34.132,0.87333,0.87365,1.50,1.12
2014.10.02 06:36:34.406,0.87333,0.87363,1.00,1.00
2014.10.02 06:36:34.608,0.87331,0.87362,1.00,1.00
2014.10.02 06:36:35.895,0.87331,0.87358,1.00,1.00
2014.10.02 06:36:38.860,0.87328,0.87352,1.00,1.00
2014.10.02 06:36:39.012,0.87325,0.87352,1.00,1.50
2014.10.02 06:36:39.213,0.87327,0.87353,1.00,1.00
2014.10.02 06:36:39.465,0.87328,0.87359,1.00,1.00
2014.10.02 06:36:39.666,0.87328,0.87357,1.00,1.00
2014.10.02 06:36:40.122,0.87329,0.87359,1.00,1.00
2014.10.02 06:36:40.346,0.87332,0.87362,1.00,1.50
2014.10.02 06:36:41.335,0.87334,0.87362,1.00,1.00
2014.10.02 06:36:41.763,0.87331,0.87361,1.00,2.25
2014.10.02 06:36:42.464,0.87333,0.87361,1.00,1.00
2014.10.02 06:36:43.049,0.87333,0.87362,1.00,1.00
2014.10.02 06:36:45.794,0.87333,0.8736,1.00,1.00
2014.10.02 06:36:46.147,0.87336,0.8736,1.00,1.00
2014.10.02 06:36:46.683,0.87337,0.87365,1.00,1.00
2014.10.02 06:36:47.756,0.87341,0.87365,1.00,1.00
2014.10.02 06:36:48.201,0.87334,0.87364,1.37,1.00
2014.10.02 06:36:48.302,0.87334,0.87363,1.00,1.00
2014.10.02 06:36:48.403,0.87334,0.87357,1.00,1.00
2014.10.02 06:36:49.600,0.87331,0.87357,1.00,1.00
2014.10.02 06:36:52.115,0.87331,0.87358,1.12,1.00
2014.10.02 06:36:52.873,0.87331,0.87358,1.37,1.00
2014.10.02 06:36:53.105,0.87334,0.87361,1.00,1.00
2014.10.02 06:36:53.501,0.87332,0.87361,1.12,1.00
2014.10.02 06:36:54.096,0.8733,0.87357,1.37,1.00
2014.10.02 06:36:54.600,0.87333,0.87357,1.00,1.00
2014.10.02 06:36:58.385,0.87333,0.87358,1.00,1.00
2014.10.02 06:36:59.603,0.87333,0.87357,1.00,1.00
2014.10.02 06:37:00.145,0.87332,0.87357,1.00,1.00
2014.10.02 06:37:00.543,0.87332,0.87353,1.00,1.00
2014.10.02 06:37:01.106,0.87332,0.87352,1.00,1.00
2014.10.02 06:37:10.551,0.8733,0.87352,1.00,1.00
2014.10.02 06:37:10.652,0.87325,0.87352,1.37,1.50
2014.10.02 06:37:10.703,0.87323,0.87352,2.10,1.50
2014.10.02 06:37:10.854,0.87324,0.87347,1.00,1.00
2014.10.02 06:37:10.954,0.87322,0.87347,1.00,1.00
2014.10.02 06:37:11.486,0.87319,0.87347,1.00,1.00
2014.10.02 06:37:11.816,0.87319,0.87343,1.00,1.00
2014.10.02 06:37:11.866,0.87316,0.87343,1.12,1.00
2014.10.02 06:37:12.291,0.87313,0.87343,1.87,1.00
2014.10.02 06:37:12.492,0.87311,0.87342,1.00,2.25
2014.10.02 06:37:12.714,0.87315,0.87342,1.00,1.00
2014.10.02 06:37:12.815,0.87315,0.87346,1.00,1.00
2014.10.02 06:37:13.022,0.87317,0.87347,1.00,1.50
2014.10.02 06:37:16.045,0.87319,0.87347,1.00,1.00
2014.10.02 06:37:16.347,0.87321,0.87347,1.37,1.00
2014.10.02 06:37:16.604,0.87321,0.87347,1.00,1.00
2014.10.02 06:37:16.888,0.87319,0.87347,1.87,1.00
2014.10.02 06:37:20.169,0.87319,0.87348,1.00,1.00
2014.10.02 06:37:22.366,0.87319,0.87347,1.00,1.00
2014.10.02 06:37:22.710,0.87317,0.87347,1.00,1.50
2014.10.02 06:37:22.808,0.87317,0.87343,1.00,1.00
2014.10.02 06:37:23.369,0.87317,0.87347,1.00,1.50
2014.10.02 06:37:27.868,0.87317,0.87343,1.12,1.00
2014.10.02 06:37:27.969,0.87314,0.87343,1.37,1.00
2014.10.02 06:37:28.482,0.87316,0.87342,1.00,1.00
2014.10.02 06:37:28.653,0.87316,0.87346,1.00,1.00
2014.10.02 06:37:28.856,0.87316,0.87343,1.00,1.00
2014.10.02 06:37:29.075,0.87316,0.87346,1.00,1.00
2014.10.02 06:37:30.065,0.87316,0.87343,1.00,1.00
2014.10.02 06:37:30.165,0.87314,0.87343,1.00,1.00
2014.10.02 06:37:30.568,0.87312,0.87343,1.00,1.50
2014.10.02 06:37:30.769,0.87312,0.8734,1.00,1.00
2014.10.02 06:37:30.920,0.8731,0.8734,1.00,3.00
2014.10.02 06:37:31.572,0.8731,0.87339,1.00,1.00
2014.10.02 06:37:31.975,0.87309,0.87339,1.37,1.00
2014.10.02 06:37:32.374,0.8731,0.87341,1.12,1.00
2014.10.02 06:37:36.715,0.87311,0.87342,1.00,1.00
2014.10.02 06:37:41.595,0.87316,0.87342,1.00,1.00
2014.10.02 06:37:42.061,0.87316,0.87346,1.00,2.25
2014.10.02 06:37:42.442,0.87316,0.87344,1.00,1.00
2014.10.02 06:37:42.663,0.87312,0.87344,1.12,1.00
2014.10.02 06:37:44.829,0.8731,0.8734,1.00,1.00
2014.10.02 06:37:45.154,0.87308,0.87337,1.00,1.00
2014.10.02 06:37:45.371,0.87308,0.8734,1.37,1.00
2014.10.02 06:37:46.098,0.87311,0.87341,1.00,1.50
2014.10.02 06:37:50.440,0.87308,0.87342,1.87,1.50
2014.10.02 06:37:52.787,0.87315,0.87342,1.00,1.50
2014.10.02 06:37:53.275,0.87315,0.87348,1.87,1.50
2014.10.02 06:37:53.405,0.87315,0.87348,1.87,3.00
2014.10.02 06:37:53.840,0.87315,0.87342,1.87,1.00
2014.10.02 06:37:54.071,0.87315,0.87347,1.87,1.00
2014.10.02 06:37:54.681,0.87315,0.87348,1.87,1.00
2014.10.02 06:37:56.614,0.87315,0.87347,1.87,1.00
2014.10.02 06:37:57.125,0.87317,0.87348,1.12,1.00
2014.10.02 06:37:58.805,0.87317,0.87347,1.12,1.00
2014.10.02 06:37:59.906,0.87317,0.87348,1.12,1.00
2014.10.02 06:38:02.145,0.87317,0.87349,1.87,1.00
2014.10.02 06:38:05.084,0.87316,0.87347,2.62,1.00
2014.10.02 06:38:05.902,0.87316,0.87348,1.37,1.00
2014.10.02 06:38:09.123,0.87316,0.87348,1.12,1.00
2014.10.02 06:38:10.573,0.87317,0.87348,1.00,1.00
2014.10.02 06:38:11.126,0.87317,0.87347,1.00,1.00
2014.10.02 06:38:11.724,0.87317,0.87348,1.00,1.00
2014.10.02 06:38:12.887,0.87317,0.87347,1.00,1.00
2014.10.02 06:38:15.076,0.87318,0.87347,1.00,1.00
2014.10.02 06:38:15.591,0.87324,0.87347,1.00,1.00
2014.10.02 06:38:15.792,0.87322,0.87347,1.12,1.00
2014.10.02 06:38:15.994,0.87318,0.87347,1.87,1.00
2014.10.02 06:38:16.095,0.87318,0.87347,1.00,1.00
2014.10.02 06:38:16.391,0.87314,0.87347,1.87,1.00
2014.10.02 06:38:16.442,0.87314,0.87342,1.87,1.00
2014.10.02 06:38:18.518,0.87313,0.87342,1.00,1.00
2014.10.02 06:38:19.336,0.87313,0.87342,1.37,1.00
2014.10.02 06:38:19.832,0.87314,0.87346,1.12,1.00
2014.10.02 06:38:20.228,0.87314,0.87343,1.12,1.00
2014.10.02 06:38:20.383,0.87314,0.87345,1.12,1.00
2014.10.02 06:38:21.089,0.87312,0.87346,1.87,1.50
2014.10.02 06:38:21.623,0.87313,0.87345,1.37,1.00
2014.10.02 06:38:21.800,0.87317,0.87348,1.00,1.50
2014.10.02 06:38:22.343,0.87317,0.87342,1.00,1.00
2014.10.02 06:38:22.444,0.87312,0.87342,1.87,1.00
2014.10.02 06:38:22.596,0.87312,0.87346,1.87,1.50
2014.10.02 06:38:23.304,0.87312,0.87344,1.37,1.00
2014.10.02 06:38:23.793,0.87312,0.87344,1.00,1.35
2014.10.02 06:38:23.844,0.87312,0.8734,1.00,1.00
2014.10.02 06:38:23.894,0.87307,0.87338,2.62,1.00
2014.10.02 06:38:23.945,0.8731,0.87338,1.00,1.00
2014.10.02 06:38:24.046,0.87307,0.87337,1.00,1.00
2014.10.02 06:38:24.556,0.87307,0.87336,1.00,1.50
2014.10.02 06:38:25.064,0.87307,0.87335,1.00,1.00
2014.10.02 06:38:25.313,0.87304,0.87335,1.00,1.00
2014.10.02 06:38:26.055,0.87305,0.87336,1.12,1.00
2014.10.02 06:38:27.347,0.87306,0.87336,1.50,1.00
2014.10.02 06:38:28.024,0.87306,0.87333,1.00,1.00
2014.10.02 06:38:28.175,0.87302,0.87331,1.00,1.00
2014.10.02 06:38:28.477,0.87304,0.87331,1.00,1.00
2014.10.02 06:38:28.835,0.87307,0.87331,1.00,1.00
2014.10.02 06:38:29.406,0.87307,0.87336,1.00,1.12
2014.10.02 06:38:30.727,0.87307,0.87337,1.00,1.00
2014.10.02 06:38:32.049,0.87309,0.87337,1.00,1.00
2014.10.02 06:38:32.150,0.87309,0.8734,1.50,1.00
2014.10.02 06:38:34.155,0.87309,0.87337,1.00,1.00
2014.10.02 06:38:34.358,0.87306,0.87337,1.00,1.00
2014.10.02 06:38:34.787,0.8731,0.87337,1.00,1.00
2014.10.02 06:38:35.413,0.87306,0.87336,1.00,1.00
2014.10.02 06:38:35.956,0.87305,0.87336,1.00,1.00
2014.10.02 06:38:36.488,0.87306,0.87336,1.00,1.00
2014.10.02 06:38:36.589,0.87309,0.87337,1.00,1.00
2014.10.02 06:38:36.689,0.87311,0.87342,1.00,1.50
2014.10.02 06:38:37.064,0.87314,0.87342,1.00,1.00
2014.10.02 06:38:37.115,0.87314,0.87346,1.00,1.37
2014.10.02 06:38:37.215,0.87315,0.87347,1.00,2.25
2014.10.02 06:38:39.534,0.87317,0.87347,1.00,3.00
2014.10.02 06:38:39.918,0.87317,0.87343,1.00,1.00
2014.10.02 06:38:41.813,0.87317,0.87347,1.00,2.25
2014.10.02 06:38:44.645,0.87317,0.87346,1.00,1.50
2014.10.02 06:38:45.165,0.87317,0.87347,1.00,1.50
2014.10.02 06:38:46.763,0.87317,0.87349,2.62,1.00
2014.10.02 06:38:47.296,0.87323,0.87349,1.00,1.00
2014.10.02 06:38:47.346,0.87324,0.87351,1.00,1.87
2014.10.02 06:38:47.548,0.87323,0.87353,1.50,1.00
2014.10.02 06:38:48.064,0.87324,0.87353,1.00,1.00
2014.10.02 06:38:48.516,0.87326,0.87352,1.00,1.00
2014.10.02 06:38:48.667,0.87326,0.87357,1.00,2.25
2014.10.02 06:38:50.373,0.87325,0.87357,1.00,1.00
2014.10.02 06:38:50.574,0.87324,0.87355,1.00,1.87
2014.10.02 06:38:50.876,0.87326,0.87357,1.00,1.50
2014.10.02 06:38:53.331,0.87326,0.87356,1.00,1.00
2014.10.02 06:38:53.664,0.87322,0.87353,1.50,1.00
2014.10.02 06:38:53.866,0.87324,0.87353,1.00,1.00
2014.10.02 06:38:53.967,0.87325,0.87357,1.00,1.87
2014.10.02 06:38:54.903,0.87328,0.87357,1.00,1.50
2014.10.02 06:38:56.993,0.87327,0.87357,1.00,1.12
2014.10.02 06:38:57.874,0.87325,0.87357,1.00,1.87
2014.10.02 06:38:58.351,0.87323,0.87357,1.12,1.87
2014.10.02 06:38:58.401,0.87323,0.87357,1.00,1.87
2014.10.02 06:38:58.502,0.87323,0.87355,1.50,1.12
2014.10.02 06:38:58.603,0.87323,0.87357,1.50,1.12
2014.10.02 06:39:00.612,0.87323,0.87358,1.37,3.37
2014.10.02 06:39:00.893,0.87323,0.87356,1.87,1.50
2014.10.02 06:39:01.712,0.87326,0.87356,1.00,1.00
2014.10.02 06:39:02.065,0.87327,0.8736,1.00,1.50
2014.10.02 06:39:02.216,0.87331,0.8736,1.00,1.00
2014.10.02 06:39:02.619,0.87331,0.87363,1.00,1.00
2014.10.02 06:39:02.820,0.87332,0.87366,1.00,1.00
2014.10.02 06:39:04.065,0.87332,0.87366,1.00,1.37
2014.10.02 06:39:04.115,0.87327,0.87353,1.00,1.00
2014.10.02 06:39:04.267,0.87322,0.87353,1.00,1.00
2014.10.02 06:39:04.317,0.87324,0.87354,1.00,1.12
2014.10.02 06:39:04.624,0.87326,0.87354,1.12,1.00
2014.10.02 06:39:05.113,0.87326,0.87358,1.00,1.00
2014.10.02 06:39:05.667,0.87326,0.87357,1.00,1.00
2014.10.02 06:39:05.834,0.87328,0.8736,1.00,1.00
2014.10.02 06:39:06.053,0.87326,0.87358,1.00,1.00
2014.10.02 06:39:06.515,0.87329,0.87358,1.00,1.00
2014.10.02 06:39:07.153,0.87329,0.87362,1.00,2.25
2014.10.02 06:39:08.912,0.87329,0.87357,1.12,1.00
2014.10.02 06:39:09.063,0.87327,0.87357,1.00,1.00
2014.10.02 06:39:09.132,0.87327,0.87359,1.00,1.50
2014.10.02 06:39:09.955,0.87327,0.87358,1.00,2.25
2014.10.02 06:39:10.463,0.87328,0.87358,1.00,1.00
2014.10.02 06:39:10.715,0.87328,0.87361,1.00,2.25
2014.10.02 06:39:11.903,0.87327,0.87358,1.50,1.00
2014.10.02 06:39:12.223,0.87331,0.87362,1.12,1.00
2014.10.02 06:39:12.528,0.87334,0.87363,1.00,1.00
2014.10.02 06:39:12.829,0.87337,0.87369,1.00,1.00
2014.10.02 06:39:12.880,0.87339,0.87371,1.00,1.50
2014.10.02 06:39:14.404,0.87341,0.87372,1.00,1.00
2014.10.02 06:39:14.901,0.87342,0.87374,1.00,1.00
2014.10.02 06:39:15.123,0.87342,0.87376,1.87,1.00
2014.10.02 06:39:16.609,0.87342,0.87376,1.87,1.00
2014.10.02 06:39:16.810,0.87347,0.87379,1.00,1.00
2014.10.02 06:39:26.207,0.87349,0.87381,1.00,1.37
2014.10.02 06:39:26.793,0.87349,0.87381,1.00,1.00
2014.10.02 06:39:28.222,0.87352,0.87382,1.00,1.00
2014.10.02 06:39:28.532,0.87357,0.87387,1.00,1.00
2014.10.02 06:39:28.761,0.87358,0.87389,1.00,1.00
2014.10.02 06:39:32.230,0.87359,0.87391,1.00,1.00
2014.10.02 06:39:40.422,0.87359,0.87388,1.50,1.00
2014.10.02 06:39:40.743,0.87361,0.87388,1.00,1.00
2014.10.02 06:39:41.252,0.87361,0.87392,1.00,1.00
2014.10.02 06:39:42.402,0.87361,0.87387,1.00,1.00
2014.10.02 06:39:43.593,0.8736,0.87388,1.50,1.00
2014.10.02 06:39:44.202,0.87357,0.87387,1.00,1.00
2014.10.02 06:39:50.656,0.87355,0.87387,1.50,1.50
2014.10.02 06:39:54.524,0.87359,0.87387,1.00,1.00
2014.10.02 06:39:54.832,0.87361,0.87388,1.50,1.00
2014.10.02 06:39:55.341,0.8736,0.87388,1.00,1.00
2014.10.02 06:39:55.971,0.87363,0.87388,1.00,1.00
2014.10.02 06:39:58.631,0.87363,0.87392,1.00,1.00
2014.10.02 06:39:59.040,0.87363,0.8739,1.00,1.00
2014.10.02 06:39:59.343,0.87362,0.87386,1.00,1.00
2014.10.02 06:39:59.394,0.87354,0.87384,2.25,1.50
2014.10.02 06:39:59.444,0.87354,0.87377,1.00,1.00
2014.10.02 06:39:59.645,0.87354,0.8738,1.00,1.00
2014.10.02 06:40:00.177,0.8735,0.8738,1.00,1.00
2014.10.02 06:40:01.359,0.8735,0.87382,1.50,1.50
2014.10.02 06:40:01.410,0.87355,0.87382,1.00,1.50
2014.10.02 06:40:01.511,0.87357,0.87387,1.00,1.00
2014.10.02 06:40:01.612,0.87357,0.87382,1.00,1.00
2014.10.02 06:40:01.662,0.87355,0.87382,1.00,1.00
2014.10.02 06:40:01.713,0.87355,0.87387,1.00,2.25
2014.10.02 06:40:01.823,0.87355,0.87382,1.00,1.00
2014.10.02 06:40:02.370,0.87355,0.87383,1.00,1.00
2014.10.02 06:40:02.672,0.87357,0.87382,1.00,1.00
2014.10.02 06:40:02.723,0.87353,0.87382,1.00,1.00
2014.10.02 06:40:02.926,0.87353,0.87378,1.00,1.00
2014.10.02 06:40:03.480,0.87353,0.87379,1.00,1.00
2014.10.02 06:40:04.112,0.87348,0.87379,1.00,1.00
2014.10.02 06:40:05.344,0.87348,0.87377,1.00,1.00
2014.10.02 06:40:06.224,0.87348,0.87379,1.00,1.00
2014.10.02 06:40:09.613,0.87347,0.87379,1.50,1.00
2014.10.02 06:40:09.714,0.87347,0.87377,1.00,1.00
2014.10.02 06:40:10.273,0.87345,0.87377,1.00,1.50
2014.10.02 06:40:11.443,0.87345,0.87373,1.00,1.00
2014.10.02 06:40:11.613,0.87345,0.87377,1.00,1.00
2014.10.02 06:40:16.542,0.87342,0.87376,1.00,1.00
2014.10.02 06:40:16.593,0.87342,0.87372,1.00,1.00
2014.10.02 06:40:17.136,0.87341,0.87367,1.00,1.00
2014.10.02 06:40:17.443,0.87341,0.87372,1.00,1.50
2014.10.02 06:40:17.752,0.87339,0.87372,1.00,1.50
2014.10.02 06:40:19.562,0.87339,0.87367,1.00,1.00
2014.10.02 06:40:20.352,0.87339,0.87368,1.00,1.00
2014.10.02 06:40:21.019,0.87338,0.87367,1.50,1.00
2014.10.02 06:40:21.328,0.87345,0.87367,1.00,1.00
2014.10.02 06:40:21.479,0.87345,0.87373,1.00,2.25
2014.10.02 06:40:21.580,0.87345,0.87368,1.00,1.00
2014.10.02 06:40:21.982,0.87338,0.87367,1.50,1.00
2014.10.02 06:40:22.133,0.87338,0.8737,1.00,1.50
2014.10.02 06:40:22.234,0.87339,0.87372,1.50,1.50
2014.10.02 06:40:22.486,0.87346,0.87372,1.00,1.00
2014.10.02 06:40:22.999,0.87346,0.87373,1.00,1.00
2014.10.02 06:40:23.253,0.87337,0.87373,2.10,1.00
2014.10.02 06:40:24.293,0.87337,0.87367,1.35,1.00
2014.10.02 06:40:25.562,0.87341,0.87367,1.00,1.00
2014.10.02 06:40:25.612,0.87341,0.87372,1.00,1.00
2014.10.02 06:40:26.162,0.87341,0.87373,1.00,1.00
2014.10.02 06:40:26.882,0.87344,0.87373,1.00,1.00
2014.10.02 06:40:27.847,0.87344,0.87368,1.00,1.00
2014.10.02 06:40:27.898,0.87338,0.87368,1.50,1.00
2014.10.02 06:40:28.527,0.87338,0.87367,1.00,1.00
2014.10.02 06:40:29.355,0.87338,0.87368,1.00,1.00
2014.10.02 06:40:29.793,0.87335,0.87368,1.00,1.00
2014.10.02 06:40:29.944,0.87334,0.87366,1.00,1.50
2014.10.02 06:40:30.251,0.87334,0.87363,1.00,1.00
2014.10.02 06:40:30.302,0.87328,0.87363,2.85,1.00
2014.10.02 06:40:30.403,0.87328,0.87363,1.00,1.00
2014.10.02 06:40:33.280,0.87327,0.87363,1.50,1.50
2014.10.02 06:40:36.831,0.87328,0.87362,1.00,1.00
2014.10.02 06:40:37.384,0.87327,0.87363,1.00,1.50
2014.10.02 06:40:39.581,0.87328,0.87362,1.00,1.00
2014.10.02 06:40:42.445,0.87327,0.87363,1.00,1.50
2014.10.02 06:40:43.332,0.87327,0.87358,1.00,1.50
2014.10.02 06:40:49.371,0.87325,0.87357,2.10,1.00
2014.10.02 06:40:50.141,0.87327,0.87359,1.00,1.50
2014.10.02 06:40:50.772,0.87328,0.87359,1.00,1.50
2014.10.02 06:40:51.429,0.87328,0.8736,1.00,1.50
2014.10.02 06:40:51.582,0.87329,0.87363,1.50,1.50
2014.10.02 06:40:53.333,0.87329,0.87362,1.50,1.00
2014.10.02 06:40:53.883,0.87328,0.87362,1.50,1.00
2014.10.02 06:40:54.135,0.87333,0.87366,1.00,1.00
2014.10.02 06:40:54.728,0.87333,0.87367,1.00,1.50
2014.10.02 06:40:57.521,0.87335,0.87367,1.50,1.00
2014.10.02 06:40:58.076,0.87342,0.87369,1.00,1.00
2014.10.02 06:40:58.328,0.87342,0.87378,1.00,2.25
2014.10.02 06:40:58.844,0.87341,0.87377,1.50,1.00
2014.10.02 06:40:59.349,0.87342,0.87378,1.00,1.50
2014.10.02 06:41:00.009,0.87341,0.87378,1.50,2.25
2014.10.02 06:41:00.494,0.87344,0.87377,1.50,1.00
2014.10.02 06:41:00.620,0.87344,0.87379,1.50,1.00
2014.10.02 06:41:01.634,0.87347,0.87382,1.50,1.50
2014.10.02 06:41:02.594,0.87346,0.87382,1.50,1.50
2014.10.02 06:41:02.960,0.87346,0.8738,1.00,1.00
2014.10.02 06:41:03.614,0.87348,0.87382,1.00,1.00
2014.10.02 06:41:04.143,0.87353,0.87382,1.00,1.00
2014.10.02 06:41:04.351,0.87348,0.87382,3.00,1.50
2014.10.02 06:41:04.405,0.87351,0.87382,1.00,1.00
2014.10.02 06:41:04.932,0.87354,0.87383,1.00,1.00
2014.10.02 06:41:05.033,0.87354,0.87386,1.00,1.00
2014.10.02 06:41:06.142,0.87356,0.87387,1.00,1.50
2014.10.02 06:41:06.464,0.87354,0.87386,1.50,1.00
2014.10.02 06:41:06.565,0.87352,0.87386,2.25,1.00
2014.10.02 06:41:06.666,0.87352,0.87383,1.50,1.00
2014.10.02 06:41:06.825,0.87352,0.87385,1.50,1.00
2014.10.02 06:41:07.373,0.87353,0.87385,1.00,1.00
2014.10.02 06:41:07.729,0.87353,0.87383,1.00,1.00
2014.10.02 06:41:08.263,0.87353,0.87382,1.00,1.00
2014.10.02 06:41:08.313,0.87348,0.87382,2.25,1.50
2014.10.02 06:41:10.624,0.87349,0.87382,1.00,1.50
2014.10.02 06:41:11.338,0.87352,0.87382,1.00,1.00
2014.10.02 06:41:11.539,0.87353,0.87384,1.00,1.00
2014.10.02 06:41:12.362,0.87352,0.87384,2.25,1.00
2014.10.02 06:41:12.613,0.87352,0.87382,1.50,1.00
2014.10.02 06:41:13.261,0.87352,0.87383,1.00,1.00
2014.10.02 06:41:13.790,0.87351,0.87382,1.00,1.00
2014.10.02 06:41:15.575,0.8735,0.87382,1.00,1.50
2014.10.02 06:41:18.683,0.87352,0.87382,1.00,1.00
2014.10.02 06:41:19.108,0.87353,0.87384,1.00,1.00
2014.10.02 06:41:19.633,0.87353,0.87385,1.00,1.00
2014.10.02 06:41:19.866,0.87351,0.87382,2.25,1.00
2014.10.02 06:41:20.218,0.87349,0.87381,1.50,1.50
2014.10.02 06:41:21.662,0.87349,0.87377,1.50,1.00
2014.10.02 06:41:21.883,0.87349,0.87381,1.50,1.50
2014.10.02 06:41:22.226,0.8735,0.87383,1.00,1.50
2014.10.02 06:41:22.786,0.8735,0.87382,1.00,1.00
2014.10.02 06:41:23.314,0.8735,0.87383,1.00,1.00
2014.10.02 06:41:23.837,0.87351,0.87383,1.50,1.00
2014.10.02 06:41:24.537,0.87351,0.87381,1.00,1.00
2014.10.02 06:41:25.095,0.87351,0.87379,1.00,1.00
2014.10.02 06:41:25.571,0.87348,0.87379,1.50,1.00
2014.10.02 06:41:28.211,0.87347,0.87379,1.00,1.50
2014.10.02 06:41:28.362,0.87346,0.87377,1.00,1.00
2014.10.02 06:41:29.640,0.87345,0.87377,1.00,1.00
2014.10.02 06:41:30.452,0.87343,0.87377,2.85,1.00
2014.10.02 06:41:30.782,0.87343,0.87373,2.10,1.00
2014.10.02 06:41:35.502,0.87343,0.87373,1.50,1.00
2014.10.02 06:41:35.653,0.8734,0.87372,1.00,1.00
2014.10.02 06:41:35.857,0.8734,0.87367,1.00,1.00
2014.10.02 06:41:35.963,0.8734,0.8737,1.00,1.00
2014.10.02 06:41:36.920,0.8734,0.87371,1.00,1.00
2014.10.02 06:41:37.779,0.87341,0.87373,1.00,1.50
2014.10.02 06:41:37.830,0.87344,0.87373,1.00,1.50
2014.10.02 06:41:37.981,0.87344,0.87375,1.00,1.00
2014.10.02 06:41:38.082,0.87344,0.87373,1.00,1.00
2014.10.02 06:41:38.182,0.87344,0.87375,2.25,1.00
2014.10.02 06:41:38.484,0.87347,0.87377,1.50,1.00
2014.10.02 06:41:39.390,0.87347,0.87378,1.50,1.00
2014.10.02 06:41:39.591,0.87348,0.8738,1.00,1.00
2014.10.02 06:41:39.700,0.87347,0.87377,1.50,1.00
2014.10.02 06:41:40.530,0.87348,0.87377,1.00,1.00
2014.10.02 06:41:48.833,0.87348,0.87378,1.00,1.00
2014.10.02 06:41:49.577,0.87349,0.87378,1.00,1.00
2014.10.02 06:41:50.101,0.87349,0.87377,1.00,1.00
2014.10.02 06:41:52.099,0.87348,0.87377,1.00,1.00
2014.10.02 06:41:54.112,0.87348,0.87378,1.00,1.00
2014.10.02 06:41:54.812,0.87348,0.87377,1.00,1.00
2014.10.02 06:41:55.473,0.87349,0.87377,1.00,1.00
2014.10.02 06:41:56.536,0.87349,0.87378,1.00,1.00
2014.10.02 06:41:57.525,0.87349,0.87377,1.00,1.00
2014.10.02 06:41:58.130,0.8735,0.87377,1.00,1.00
2014.10.02 06:41:59.368,0.8735,0.87377,1.37,1.00
2014.10.02 06:41:59.419,0.8735,0.87381,1.87,2.25
2014.10.02 06:42:00.116,0.87354,0.87382,1.00,1.00
2014.10.02 06:42:00.660,0.87356,0.87382,1.00,1.00
2014.10.02 06:42:02.860,0.87357,0.87382,1.00,1.00
2014.10.02 06:42:04.561,0.87357,0.87385,1.00,2.25
2014.10.02 06:42:05.830,0.87356,0.87385,1.00,1.00
2014.10.02 06:42:07.370,0.87356,0.87381,1.00,1.50
2014.10.02 06:42:08.038,0.87355,0.8738,1.00,1.50
2014.10.02 06:42:08.189,0.87349,0.87377,1.00,1.00
2014.10.02 06:42:09.114,0.87349,0.8738,1.00,1.50
2014.10.02 06:42:09.334,0.87348,0.87377,1.00,1.00
2014.10.02 06:42:09.435,0.87345,0.87375,1.50,1.50
2014.10.02 06:42:09.944,0.87346,0.87376,1.00,1.00
2014.10.02 06:42:10.045,0.87349,0.87376,1.00,1.00
2014.10.02 06:42:10.501,0.8735,0.87382,1.00,2.25
2014.10.02 06:42:11.601,0.8735,0.87377,1.00,1.00
2014.10.02 06:42:11.863,0.8735,0.87382,1.00,2.25
2014.10.02 06:42:12.480,0.87352,0.87382,1.00,2.25
2014.10.02 06:42:15.581,0.87352,0.87377,1.00,1.00
2014.10.02 06:42:15.800,0.87352,0.87381,1.00,1.50
2014.10.02 06:42:16.349,0.87353,0.87382,1.00,1.00
2014.10.02 06:42:16.450,0.87357,0.87382,1.00,1.00
2014.10.02 06:42:16.910,0.87357,0.87387,1.00,1.00
2014.10.02 06:42:17.266,0.87359,0.87387,1.00,1.00
2014.10.02 06:42:17.818,0.87358,0.87387,1.50,1.00
2014.10.02 06:42:18.191,0.87358,0.87385,1.00,1.50
2014.10.02 06:42:18.241,0.87354,0.87383,1.50,1.00
2014.10.02 06:42:18.342,0.87354,0.87378,1.00,1.00
2014.10.02 06:42:18.813,0.87348,0.87378,1.87,1.00
2014.10.02 06:42:18.914,0.87348,0.8738,1.87,1.50
2014.10.02 06:42:18.964,0.87348,0.87381,1.87,1.00
2014.10.02 06:42:19.282,0.87348,0.87377,2.62,1.00
2014.10.02 06:42:20.171,0.87348,0.87374,1.00,1.50
2014.10.02 06:42:20.322,0.87345,0.87374,1.37,1.50
2014.10.02 06:42:20.423,0.87347,0.87378,1.00,2.25
2014.10.02 06:42:21.232,0.87347,0.87377,1.00,1.50
2014.10.02 06:42:21.282,0.87347,0.87377,1.87,1.50
2014.10.02 06:42:21.433,0.87351,0.87379,1.00,1.50
2014.10.02 06:42:21.856,0.87346,0.87378,1.35,2.25
2014.10.02 06:42:22.441,0.87346,0.87377,1.12,1.00
2014.10.02 06:42:23.682,0.87346,0.87378,1.12,2.25
2014.10.02 06:42:26.051,0.87346,0.87377,1.12,1.00
2014.10.02 06:42:27.041,0.87346,0.87378,1.12,1.00
2014.10.02 06:42:31.661,0.87346,0.87377,1.50,1.00
2014.10.02 06:42:31.880,0.87346,0.87379,1.50,1.50
2014.10.02 06:42:34.772,0.87346,0.8738,1.00,1.87
2014.10.02 06:42:35.191,0.87347,0.87381,1.37,1.00
2014.10.02 06:42:35.765,0.87347,0.8738,1.37,1.50
2014.10.02 06:42:38.631,0.87346,0.87382,1.87,4.12
2014.10.02 06:42:39.150,0.87346,0.8738,1.50,1.50
2014.10.02 06:42:40.630,0.87346,0.8738,1.37,1.50
2014.10.02 06:42:40.731,0.87348,0.87382,1.12,1.87
2014.10.02 06:42:42.195,0.87348,0.87382,1.37,1.00
2014.10.02 06:42:45.387,0.87351,0.87382,1.00,1.00
2014.10.02 06:42:47.831,0.87351,0.87385,1.00,1.37
2014.10.02 06:42:48.159,0.87351,0.87382,1.00,1.00
2014.10.02 06:42:51.472,0.87346,0.87376,1.87,1.00
2014.10.02 06:42:51.949,0.87348,0.87376,1.37,1.00
2014.10.02 06:42:52.079,0.87349,0.87383,1.37,1.00
2014.10.02 06:42:56.299,0.8735,0.87382,1.12,1.00
2014.10.02 06:42:56.742,0.87348,0.87379,1.00,1.00
2014.10.02 06:42:57.270,0.87349,0.87378,1.00,1.00
2014.10.02 06:42:57.623,0.87351,0.87379,1.00,1.00
2014.10.02 06:42:57.723,0.87351,0.87383,1.00,1.00
2014.10.02 06:42:58.060,0.87353,0.87385,1.00,1.50
2014.10.02 06:42:58.648,0.87351,0.87385,2.25,1.50
2014.10.02 06:42:59.599,0.87351,0.87382,3.00,1.00
2014.10.02 06:43:00.249,0.87351,0.87385,3.37,1.00
2014.10.02 06:43:00.778,0.87351,0.87385,3.37,1.00
2014.10.02 06:43:03.397,0.87351,0.87385,3.37,1.00
2014.10.02 06:43:03.447,0.87353,0.87387,1.12,1.12
2014.10.02 06:43:03.934,0.87353,0.87386,1.00,1.37
2014.10.02 06:43:04.495,0.87353,0.87386,1.00,1.12
2014.10.02 06:43:05.156,0.87353,0.87386,1.37,1.00
2014.10.02 06:43:05.816,0.87353,0.87387,1.37,1.50
2014.10.02 06:43:07.012,0.87353,0.87387,1.00,1.87
2014.10.02 06:43:10.599,0.87353,0.87382,1.00,1.00
2014.10.02 06:43:17.610,0.87352,0.87382,1.00,1.00
2014.10.02 06:43:17.912,0.87352,0.87378,1.00,1.00
2014.10.02 06:43:18.457,0.87352,0.87377,1.00,1.00
2014.10.02 06:43:21.710,0.87354,0.87377,1.00,1.00
2014.10.02 06:43:21.862,0.87354,0.87383,1.00,1.00
2014.10.02 06:43:22.220,0.87357,0.87383,1.00,1.00
2014.10.02 06:43:22.842,0.87357,0.87382,1.00,1.00
2014.10.02 06:43:23.185,0.87359,0.87383,1.00,1.00
2014.10.02 06:43:23.539,0.87361,0.87387,1.00,1.00
2014.10.02 06:43:24.149,0.8736,0.87387,1.00,1.00
2014.10.02 06:43:24.200,0.87358,0.87387,1.00,1.00
2014.10.02 06:43:24.709,0.87358,0.87388,1.00,1.50
2014.10.02 06:43:24.858,0.87358,0.87386,1.00,1.00
2014.10.02 06:43:25.192,0.87356,0.87386,1.00,1.00
2014.10.02 06:43:27.168,0.87356,0.87387,1.00,1.00
2014.10.02 06:43:27.746,0.87356,0.87388,1.00,1.50
2014.10.02 06:43:27.921,0.87358,0.87387,1.00,1.00
2014.10.02 06:43:28.525,0.87359,0.87387,1.00,1.00
2014.10.02 06:43:30.798,0.8736,0.87387,1.00,1.00
2014.10.02 06:43:30.849,0.8736,0.87393,1.00,2.62
2014.10.02 06:43:31.180,0.87361,0.87393,1.37,1.00
2014.10.02 06:43:31.891,0.87363,0.87393,1.12,1.00
2014.10.02 06:43:31.942,0.87363,0.87397,1.87,1.87
2014.10.02 06:43:32.702,0.87363,0.87397,1.87,1.50
2014.10.02 06:43:33.234,0.87363,0.87397,1.50,1.87
2014.10.02 06:43:33.795,0.87363,0.87397,1.50,1.12
2014.10.02 06:43:36.563,0.87365,0.87397,1.00,1.12
2014.10.02 06:43:36.889,0.87369,0.87397,1.00,1.00
2014.10.02 06:43:36.940,0.87369,0.874,1.00,1.00
2014.10.02 06:43:37.444,0.87371,0.874,1.00,1.00
2014.10.02 06:43:37.984,0.87369,0.874,1.00,1.00
2014.10.02 06:43:38.263,0.87371,0.874,1.00,1.00
2014.10.02 06:43:38.314,0.87371,0.87402,1.00,1.50
2014.10.02 06:43:38.365,0.87373,0.87402,1.50,1.00
2014.10.02 06:43:38.465,0.87371,0.87402,1.00,1.00
2014.10.02 06:43:39.159,0.87373,0.87407,1.00,2.62
2014.10.02 06:43:39.407,0.87373,0.87407,1.00,2.25
2014.10.02 06:43:39.909,0.87373,0.87407,1.00,2.62
2014.10.02 06:43:40.460,0.87372,0.87404,1.87,1.00
2014.10.02 06:43:40.779,0.8737,0.87402,1.00,1.00
2014.10.02 06:43:41.069,0.8737,0.87397,1.00,1.00
2014.10.02 06:43:41.316,0.87372,0.87403,1.00,1.87
2014.10.02 06:43:42.023,0.87372,0.87402,1.00,1.00
2014.10.02 06:43:45.401,0.87375,0.87402,1.00,1.00
2014.10.02 06:43:45.905,0.87376,0.87402,1.12,1.00
2014.10.02 06:43:46.598,0.87378,0.87402,1.00,1.00
2014.10.02 06:43:47.986,0.87379,0.87402,1.00,1.00
2014.10.02 06:43:48.137,0.87379,0.87407,1.00,1.00
2014.10.02 06:43:49.330,0.87379,0.87408,1.00,1.00
2014.10.02 06:43:54.895,0.87379,0.87407,1.00,1.00
2014.10.02 06:43:54.995,0.87377,0.87407,1.00,1.50
2014.10.02 06:43:55.046,0.87377,0.87402,1.00,1.00
2014.10.02 06:43:55.382,0.87377,0.87407,1.00,1.50
2014.10.02 06:43:56.262,0.87376,0.87407,1.00,1.50
2014.10.02 06:43:56.313,0.87374,0.87406,1.00,1.00
2014.10.02 06:43:56.615,0.87374,0.87402,1.00,1.00
2014.10.02 06:43:58.558,0.87374,0.87403,1.00,1.00
2014.10.02 06:44:00.337,0.87374,0.87408,1.00,1.87
2014.10.02 06:44:00.538,0.87374,0.87403,1.00,1.00
2014.10.02 06:44:01.118,0.87374,0.87402,1.00,1.00
2014.10.02 06:44:02.317,0.87374,0.87403,1.00,1.00
2014.10.02 06:44:02.651,0.87376,0.87402,1.00,1.00
2014.10.02 06:44:03.488,0.87376,0.87403,1.50,1.00
2014.10.02 06:44:03.589,0.87377,0.87407,1.00,1.00
2014.10.02 06:44:06.649,0.87377,0.87402,1.00,1.00
2014.10.02 06:44:07.216,0.87377,0.87403,1.00,1.00
2014.10.02 06:44:07.560,0.87376,0.87407,1.00,1.87
2014.10.02 06:44:07.666,0.87378,0.87407,1.00,1.50
2014.10.02 06:44:07.968,0.87385,0.87402,1.00,1.00
2014.10.02 06:44:08.069,0.87378,0.87402,1.00,1.00
2014.10.02 06:44:08.169,0.87376,0.87402,1.87,1.00
2014.10.02 06:44:08.849,0.87376,0.87407,1.12,2.25
2014.10.02 06:44:09.499,0.87377,0.87406,1.00,1.00
2014.10.02 06:44:09.650,0.87377,0.87402,1.00,1.00
2014.10.02 06:44:10.041,0.87372,0.87402,1.12,1.00
2014.10.02 06:44:10.758,0.87372,0.87403,1.00,1.00
2014.10.02 06:44:12.808,0.87372,0.87402,1.00,1.00
2014.10.02 06:44:14.350,0.87372,0.87403,1.00,1.00
2014.10.02 06:44:17.098,0.87372,0.87402,1.00,1.00
2014.10.02 06:44:19.848,0.87372,0.87403,1.00,1.00
2014.10.02 06:44:20.450,0.87372,0.87398,1.00,1.00
2014.10.02 06:44:20.551,0.87369,0.87398,1.50,1.00
2014.10.02 06:44:21.081,0.87369,0.87397,1.50,1.00
2014.10.02 06:44:21.408,0.87369,0.87402,1.00,1.00
2014.10.02 06:44:21.608,0.87369,0.87397,1.00,1.00
2014.10.02 06:44:22.599,0.87369,0.87398,1.00,1.00
2014.10.02 06:44:23.368,0.87369,0.87397,1.00,1.00
2014.10.02 06:44:24.811,0.87369,0.87403,1.50,1.50
2014.10.02 06:44:25.127,0.87369,0.87397,1.50,1.00
2014.10.02 06:44:26.367,0.87369,0.87403,1.50,1.50
2014.10.02 06:44:26.568,0.87368,0.87397,1.12,1.00
2014.10.02 06:44:26.870,0.87368,0.87392,1.00,1.00
2014.10.02 06:44:27.578,0.87368,0.87393,1.00,1.00
2014.10.02 06:44:28.344,0.87367,0.87393,1.00,1.00
2014.10.02 06:44:28.853,0.87366,0.87393,1.00,1.00
2014.10.02 06:44:37.447,0.87366,0.87392,1.00,1.00
2014.10.02 06:44:41.998,0.87364,0.87392,1.00,1.00
2014.10.02 06:44:45.147,0.87364,0.87393,1.00,1.00
2014.10.02 06:44:48.339,0.87364,0.87392,1.12,1.00
2014.10.02 06:44:49.435,0.87364,0.87392,1.37,1.00
2014.10.02 06:44:56.347,0.87371,0.87392,1.00,1.00
2014.10.02 06:44:56.835,0.87371,0.87397,1.00,1.00
2014.10.02 06:44:57.138,0.87371,0.87393,1.00,1.00
2014.10.02 06:44:57.358,0.87371,0.87397,1.00,1.00
2014.10.02 06:44:59.337,0.87371,0.87393,1.50,1.00
2014.10.02 06:44:59.588,0.87371,0.87398,1.50,1.00
2014.10.02 06:44:59.893,0.87369,0.87398,1.50,1.00
2014.10.02 06:45:00.430,0.87369,0.87397,1.50,1.00
2014.10.02 06:45:04.379,0.87366,0.87397,1.00,1.50
2014.10.02 06:45:04.530,0.87367,0.87393,1.00,1.00
2014.10.02 06:45:04.832,0.87366,0.87387,1.37,1.00
2014.10.02 06:45:04.883,0.87369,0.87397,1.00,1.00
2014.10.02 06:45:05.039,0.8737,0.87402,1.00,1.50
2014.10.02 06:45:05.551,0.87371,0.87402,1.12,1.00
2014.10.02 06:45:05.601,0.87373,0.87402,1.00,1.00
2014.10.02 06:45:05.929,0.87377,0.87402,1.00,1.00
2014.10.02 06:45:06.180,0.87377,0.87407,1.50,1.00
2014.10.02 06:45:07.021,0.87379,0.87407,1.00,1.00
2014.10.02 06:45:07.808,0.87379,0.87408,1.00,1.00
2014.10.02 06:45:08.330,0.87381,0.87408,1.00,1.00
2014.10.02 06:45:09.138,0.87381,0.87412,1.00,1.00
2014.10.02 06:45:09.381,0.87381,0.87407,1.00,1.00
2014.10.02 06:45:10.320,0.87387,0.87407,1.00,1.00
2014.10.02 06:45:10.371,0.87387,0.87412,1.00,1.00
2014.10.02 06:45:10.511,0.8739,0.87412,1.00,1.00
2014.10.02 06:45:10.562,0.87393,0.87417,1.00,1.00
2014.10.02 06:45:10.915,0.87393,0.87422,1.00,1.00
2014.10.02 06:45:11.600,0.87393,0.87422,1.00,1.37
2014.10.02 06:45:11.651,0.87388,0.8742,1.00,1.87
2014.10.02 06:45:11.802,0.87387,0.87418,1.00,1.37
2014.10.02 06:45:12.251,0.87387,0.87413,1.00,1.00
2014.10.02 06:45:12.352,0.87377,0.87407,1.87,1.50
2014.10.02 06:45:12.654,0.8738,0.87407,1.50,1.00
2014.10.02 06:45:12.905,0.87383,0.87412,1.50,1.00
2014.10.02 06:45:13.057,0.87386,0.87412,1.00,1.00
2014.10.02 06:45:13.308,0.87386,0.87418,1.12,1.50
2014.10.02 06:45:13.477,0.87388,0.87418,1.00,1.00
2014.10.02 06:45:13.672,0.87386,0.87417,1.00,1.00
2014.10.02 06:45:14.350,0.87388,0.87417,1.00,1.00
2014.10.02 06:45:14.858,0.87389,0.87418,1.00,1.00
2014.10.02 06:45:15.070,0.87389,0.87422,1.37,1.50
2014.10.02 06:45:20.456,0.87392,0.87422,1.00,1.00
2014.10.02 06:45:22.305,0.87389,0.87422,1.50,1.12
2014.10.02 06:45:23.631,0.87389,0.87422,1.50,1.37
2014.10.02 06:45:23.682,0.87391,0.87421,1.00,1.12
2014.10.02 06:45:24.335,0.87391,0.87417,1.00,1.00
2014.10.02 06:45:27.635,0.87391,0.87422,1.12,1.00
2014.10.02 06:45:30.796,0.87391,0.87418,1.12,1.00
2014.10.02 06:45:33.558,0.87391,0.87417,1.12,1.00
2014.10.02 06:45:35.615,0.8739,0.87417,1.00,1.00
2014.10.02 06:45:37.140,0.87393,0.87417,1.00,1.00
2014.10.02 06:45:37.479,0.87398,0.87417,1.00,1.00
2014.10.02 06:45:37.658,0.87398,0.87422,1.00,1.00
2014.10.02 06:45:38.418,0.87397,0.87427,1.50,1.00
2014.10.02 06:45:38.469,0.87401,0.87427,1.00,1.00
2014.10.02 06:45:44.487,0.87401,0.87428,1.00,1.00
2014.10.02 06:45:45.899,0.87401,0.87432,1.00,1.00
2014.10.02 06:45:46.101,0.87401,0.87427,1.12,1.00
2014.10.02 06:45:53.578,0.87401,0.87428,1.50,1.00
2014.10.02 06:45:54.007,0.87399,0.87427,1.00,1.00
2014.10.02 06:45:54.368,0.87398,0.87422,1.00,1.00
2014.10.02 06:45:54.777,0.87393,0.87422,1.87,1.00
2014.10.02 06:45:55.600,0.87393,0.87422,1.00,1.00
2014.10.02 06:45:56.327,0.87393,0.87423,1.00,1.00
2014.10.02 06:46:03.178,0.87393,0.8742,1.00,1.00
2014.10.02 06:46:03.228,0.87389,0.8742,1.00,1.00
2014.10.02 06:46:03.953,0.87389,0.87421,1.00,1.00
2014.10.02 06:46:04.136,0.87389,0.87418,1.00,1.00
2014.10.02 06:46:04.957,0.87387,0.87417,1.00,1.00
2014.10.02 06:46:05.159,0.87385,0.87412,1.00,1.00
2014.10.02 06:46:05.676,0.87384,0.87413,1.00,1.00
2014.10.02 06:46:05.777,0.8738,0.87413,1.00,1.00
2014.10.02 06:46:06.337,0.8738,0.87412,1.00,1.00
2014.10.02 06:46:06.873,0.8738,0.87413,1.00,1.12
2014.10.02 06:46:10.408,0.8738,0.87412,1.00,1.00
2014.10.02 06:46:11.396,0.8738,0.87413,1.00,1.12
2014.10.02 06:46:12.387,0.8738,0.87412,1.00,1.00
2014.10.02 06:46:12.849,0.8738,0.87408,1.00,1.00
2014.10.02 06:46:13.151,0.87376,0.87408,1.00,1.37
2014.10.02 06:46:13.642,0.87375,0.87403,1.00,1.00
2014.10.02 06:46:13.967,0.87373,0.87403,1.00,1.00
2014.10.02 06:46:14.489,0.87372,0.87403,1.00,1.87
2014.10.02 06:46:14.847,0.8737,0.87401,1.00,1.00
2014.10.02 06:46:15.689,0.8737,0.87397,1.12,1.00
2014.10.02 06:46:16.166,0.87371,0.87403,1.00,1.00
2014.10.02 06:46:16.740,0.87369,0.87402,1.37,1.00
2014.10.02 06:46:17.403,0.87369,0.87401,1.37,1.00
2014.10.02 06:46:18.580,0.87369,0.87401,1.00,1.00
2014.10.02 06:46:19.381,0.87369,0.87401,1.00,1.37
2014.10.02 06:46:19.482,0.87364,0.87398,3.00,1.37
2014.10.02 06:46:19.583,0.87364,0.87395,1.00,1.00
2014.10.02 06:46:19.884,0.87367,0.87397,1.12,1.00
2014.10.02 06:46:20.199,0.87369,0.87398,1.00,1.00
2014.10.02 06:46:20.551,0.87369,0.87401,2.25,1.50
2014.10.02 06:46:20.602,0.87369,0.87401,2.62,1.50
2014.10.02 06:46:21.296,0.87371,0.87402,2.62,1.00
2014.10.02 06:46:21.820,0.8737,0.87401,1.00,1.00
2014.10.02 06:46:24.658,0.8737,0.87401,1.37,1.00
2014.10.02 06:46:24.782,0.87371,0.87403,1.12,1.50
2014.10.02 06:46:25.326,0.87371,0.87402,1.12,1.00
2014.10.02 06:46:25.986,0.87371,0.87403,1.12,1.00
2014.10.02 06:46:28.100,0.87369,0.87401,1.12,1.00
2014.10.02 06:46:28.547,0.87369,0.87397,1.00,1.00
2014.10.02 06:46:29.106,0.87369,0.874,1.00,1.00
2014.10.02 06:46:29.618,0.87369,0.874,1.37,1.00
2014.10.02 06:46:30.278,0.87369,0.87401,1.37,1.00
2014.10.02 06:46:31.909,0.87371,0.87403,1.00,2.25
2014.10.02 06:46:34.512,0.87372,0.87405,1.00,1.87
2014.10.02 06:46:35.230,0.87372,0.87405,1.00,1.50
2014.10.02 06:46:36.041,0.87374,0.87406,1.00,1.00
2014.10.02 06:46:38.446,0.87374,0.87407,1.00,1.50
2014.10.02 06:46:41.468,0.87373,0.87405,1.00,1.00
2014.10.02 06:46:42.106,0.87373,0.87403,1.00,1.00
2014.10.02 06:46:42.636,0.87371,0.87403,1.00,1.50
2014.10.02 06:46:43.536,0.87371,0.87402,1.00,1.00
2014.10.02 06:46:44.119,0.87373,0.87402,1.50,1.00
2014.10.02 06:46:44.270,0.87367,0.87399,1.00,1.00
2014.10.02 06:46:44.371,0.87364,0.87398,4.50,1.00
2014.10.02 06:46:44.908,0.87369,0.87401,1.12,1.00
2014.10.02 06:46:45.470,0.87365,0.87397,1.00,1.00
2014.10.02 06:46:47.382,0.87363,0.87395,1.00,1.00
2014.10.02 06:46:58.936,0.87363,0.87393,1.00,1.00
2014.10.02 06:47:02.352,0.87367,0.87398,1.00,1.37
2014.10.02 06:47:02.453,0.87367,0.87398,1.12,1.00
2014.10.02 06:47:02.554,0.87369,0.87397,1.00,1.00
2014.10.02 06:47:05.322,0.87369,0.87398,1.12,1.00
2014.10.02 06:47:05.843,0.87368,0.87397,1.37,1.00
2014.10.02 06:47:06.145,0.8737,0.87393,1.00,1.00
2014.10.02 06:47:06.346,0.87362,0.87392,1.50,1.50
2014.10.02 06:47:06.737,0.8736,0.87392,3.00,1.50
2014.10.02 06:47:06.788,0.8736,0.8739,2.25,1.00
2014.10.02 06:47:12.156,0.87364,0.8739,1.50,1.00
2014.10.02 06:47:14.945,0.87363,0.8739,1.50,1.00
2014.10.02 06:47:15.137,0.87359,0.8739,1.87,1.00
2014.10.02 06:47:16.148,0.87365,0.8739,1.50,1.00
2014.10.02 06:47:16.926,0.87367,0.87392,1.50,1.00
2014.10.02 06:47:24.728,0.87369,0.87392,1.50,1.00
2014.10.02 06:47:24.828,0.87369,0.87395,1.50,1.00
2014.10.02 06:47:25.030,0.87372,0.87401,1.50,1.00
2014.10.02 06:47:25.131,0.87372,0.87398,1.50,1.00
2014.10.02 06:47:25.438,0.87376,0.87402,1.50,1.50
2014.10.02 06:47:33.277,0.87373,0.87402,1.50,1.00
2014.10.02 06:47:33.428,0.87372,0.87398,2.25,1.00
2014.10.02 06:47:35.363,0.87374,0.87398,1.00,1.00
2014.10.02 06:47:37.343,0.87374,0.87397,1.00,1.00
2014.10.02 06:47:38.334,0.87372,0.87397,1.50,1.00
2014.10.02 06:47:38.446,0.87374,0.87397,1.50,1.00
2014.10.02 06:47:38.919,0.87378,0.87403,1.50,1.00
2014.10.02 06:47:39.427,0.87377,0.87402,1.50,1.00
2014.10.02 06:47:39.478,0.8738,0.87402,1.50,1.00
2014.10.02 06:47:39.915,0.87377,0.87403,1.50,1.00
2014.10.02 06:47:40.434,0.87377,0.87402,1.50,1.00
2014.10.02 06:47:40.687,0.87379,0.87402,1.50,1.00
2014.10.02 06:47:41.076,0.87379,0.87397,1.50,1.00
2014.10.02 06:47:41.227,0.8737,0.87397,1.50,1.00
2014.10.02 06:47:41.429,0.87366,0.87393,1.00,1.00
2014.10.02 06:47:41.831,0.87366,0.87391,1.00,1.00
2014.10.02 06:47:41.882,0.87359,0.87391,2.25,1.00
2014.10.02 06:47:43.395,0.8736,0.87391,1.00,1.12
2014.10.02 06:47:43.929,0.87361,0.87392,1.50,1.00
2014.10.02 06:47:43.980,0.87365,0.87392,1.50,1.00
2014.10.02 06:47:44.556,0.87366,0.87392,1.50,1.00
2014.10.02 06:47:44.858,0.87361,0.87388,1.50,1.00
2014.10.02 06:47:45.385,0.8736,0.87387,2.25,1.00
2014.10.02 06:47:45.908,0.8736,0.87388,1.50,1.00
2014.10.02 06:47:46.459,0.87361,0.87387,1.50,1.00
2014.10.02 06:47:46.560,0.87356,0.87386,1.50,1.00
2014.10.02 06:47:46.610,0.87356,0.87382,1.50,1.00
2014.10.02 06:47:46.725,0.87354,0.87382,3.00,1.00
2014.10.02 06:47:47.227,0.87354,0.87383,1.50,1.00
2014.10.02 06:47:47.858,0.87354,0.87382,2.25,1.00
2014.10.02 06:47:48.936,0.87355,0.87382,1.50,1.00
2014.10.02 06:47:49.161,0.8736,0.87382,1.50,1.00
2014.10.02 06:47:49.775,0.8736,0.87387,1.50,1.00
2014.10.02 06:47:50.907,0.87357,0.87382,1.50,1.00
2014.10.02 06:47:51.455,0.87356,0.87382,1.50,1.50
2014.10.02 06:47:51.796,0.87353,0.87377,1.50,1.00
2014.10.02 06:47:51.897,0.87351,0.87378,1.50,1.00
2014.10.02 06:47:52.482,0.87351,0.87377,1.50,1.00
2014.10.02 06:47:54.513,0.87353,0.87377,1.50,1.00
2014.10.02 06:47:55.122,0.87354,0.87377,1.50,1.00
2014.10.02 06:47:56.694,0.87354,0.87378,1.50,1.00
2014.10.02 06:47:57.268,0.87354,0.87377,1.50,1.00
2014.10.02 06:48:00.604,0.87353,0.87377,1.50,1.00
2014.10.02 06:48:01.218,0.87352,0.87377,1.50,1.00
2014.10.02 06:48:03.628,0.87352,0.87378,1.50,1.00
2014.10.02 06:48:04.364,0.87352,0.87377,1.50,1.00
2014.10.02 06:48:05.227,0.87353,0.87377,1.50,1.00
2014.10.02 06:48:07.147,0.87353,0.87378,1.50,1.00
2014.10.02 06:48:07.394,0.8735,0.87378,1.50,1.00
2014.10.02 06:48:07.637,0.87352,0.87377,1.50,1.00
2014.10.02 06:48:07.964,0.87354,0.87378,1.50,1.00
2014.10.02 06:48:10.556,0.87354,0.87381,1.50,1.00
2014.10.02 06:48:11.774,0.87349,0.87381,2.62,1.00
2014.10.02 06:48:12.426,0.87349,0.87377,2.62,1.00
2014.10.02 06:48:12.665,0.87347,0.87377,1.50,1.12
2014.10.02 06:48:12.967,0.87345,0.87376,1.00,1.00
2014.10.02 06:48:13.118,0.87347,0.8738,1.50,1.00
2014.10.02 06:48:13.319,0.87346,0.87377,2.25,1.00
2014.10.02 06:48:13.674,0.87343,0.87373,1.87,1.00
2014.10.02 06:48:13.775,0.87342,0.87373,1.50,1.50
2014.10.02 06:48:14.316,0.87342,0.87372,1.00,1.00
2014.10.02 06:48:14.926,0.87343,0.87373,1.50,1.00
2014.10.02 06:48:15.066,0.87343,0.87376,1.50,1.00
2014.10.02 06:48:18.608,0.87343,0.87376,1.87,1.00
2014.10.02 06:48:20.304,0.87343,0.87376,1.87,1.00
2014.10.02 06:48:20.506,0.87343,0.87376,1.87,1.00
2014.10.02 06:48:21.841,0.87343,0.87376,1.50,1.00
2014.10.02 06:48:22.571,0.87344,0.87376,1.50,1.00
2014.10.02 06:48:24.071,0.87344,0.87377,2.25,1.00
2014.10.02 06:48:24.664,0.87344,0.87378,2.62,1.50
2014.10.02 06:48:25.068,0.87344,0.87376,1.50,1.00
2014.10.02 06:48:26.862,0.87345,0.87376,1.50,1.00
2014.10.02 06:48:28.387,0.87346,0.87376,1.50,1.00
2014.10.02 06:48:29.124,0.87347,0.87376,1.50,1.00
2014.10.02 06:48:29.704,0.87347,0.87372,1.50,1.00
2014.10.02 06:48:30.585,0.87347,0.87373,1.50,1.00
2014.10.02 06:48:31.153,0.87345,0.87373,2.62,1.00
2014.10.02 06:48:31.835,0.87345,0.87372,1.00,1.00
2014.10.02 06:48:32.145,0.87345,0.87376,2.25,1.00
2014.10.02 06:48:32.474,0.87345,0.87377,2.62,1.50
2014.10.02 06:48:34.600,0.87345,0.87377,1.87,1.00
2014.10.02 06:48:35.394,0.87347,0.87377,1.50,1.00
2014.10.02 06:48:35.918,0.87344,0.87377,1.37,1.00
2014.10.02 06:48:36.247,0.87348,0.87377,1.00,1.00
2014.10.02 06:48:37.095,0.87348,0.87378,1.00,1.00
2014.10.02 06:48:37.146,0.87345,0.87378,1.37,1.00
2014.10.02 06:48:37.674,0.87348,0.87379,1.00,1.87
2014.10.02 06:48:38.614,0.87345,0.87378,1.00,1.37
2014.10.02 06:48:39.768,0.87345,0.87378,1.00,1.00
2014.10.02 06:48:39.923,0.87344,0.87376,1.50,1.00
2014.10.02 06:48:40.074,0.87339,0.87372,1.00,1.12
2014.10.02 06:48:40.275,0.87338,0.8737,1.12,1.00
2014.10.02 06:48:40.577,0.87337,0.87367,1.00,1.12
2014.10.02 06:48:40.628,0.87334,0.87366,1.00,1.50
2014.10.02 06:48:40.729,0.87333,0.87364,1.12,1.00
2014.10.02 06:48:41.244,0.87333,0.87364,1.87,1.00
2014.10.02 06:48:41.589,0.87333,0.87362,1.12,1.00
2014.10.02 06:48:41.976,0.87333,0.87357,1.00,1.00
2014.10.02 06:48:42.178,0.87333,0.87362,1.00,1.00
2014.10.02 06:48:42.380,0.87332,0.87358,1.00,1.00
2014.10.02 06:48:42.481,0.87329,0.87358,1.00,1.00
2014.10.02 06:48:43.000,0.87328,0.87357,1.00,1.00
2014.10.02 06:48:43.914,0.87326,0.87357,1.12,1.00
2014.10.02 06:48:44.064,0.87328,0.87357,1.00,1.00
2014.10.02 06:48:44.165,0.87328,0.8736,1.87,1.00
2014.10.02 06:48:44.376,0.87331,0.8736,1.00,1.00
2014.10.02 06:48:44.696,0.87333,0.87362,1.00,1.00
2014.10.02 06:48:44.936,0.87333,0.87366,1.00,1.00
2014.10.02 06:48:45.206,0.87333,0.87366,1.37,1.00
2014.10.02 06:48:45.678,0.87338,0.87366,1.00,1.00
2014.10.02 06:48:45.779,0.87338,0.87368,1.00,1.00
2014.10.02 06:48:46.306,0.87338,0.87367,1.50,1.00
2014.10.02 06:48:46.584,0.87338,0.87371,2.25,1.00
2014.10.02 06:48:47.103,0.87338,0.87372,1.00,1.00
2014.10.02 06:48:47.328,0.87338,0.87367,1.00,1.00
2014.10.02 06:48:48.844,0.87338,0.87368,1.00,1.00
2014.10.02 06:48:50.164,0.87338,0.87367,1.00,1.00
2014.10.02 06:48:50.959,0.87334,0.87362,1.35,1.00
2014.10.02 06:48:52.053,0.87335,0.87362,1.00,1.00
2014.10.02 06:48:53.137,0.87335,0.87363,1.00,1.00
2014.10.02 06:48:54.363,0.87334,0.87363,1.35,1.00
2014.10.02 06:48:54.665,0.87334,0.87358,1.00,1.00
2014.10.02 06:48:54.817,0.8733,0.87357,1.00,1.50
2014.10.02 06:48:55.334,0.8733,0.87353,1.00,1.00
2014.10.02 06:48:55.434,0.87327,0.87353,1.12,1.00
2014.10.02 06:48:56.789,0.87328,0.87353,1.00,1.00
2014.10.02 06:48:57.247,0.87328,0.87347,1.00,1.00
2014.10.02 06:48:57.577,0.87324,0.87348,1.00,1.00
2014.10.02 06:48:58.187,0.87324,0.87347,1.00,1.00
2014.10.02 06:49:00.093,0.8732,0.87337,1.50,1.00
2014.10.02 06:49:00.144,0.87318,0.87337,1.00,1.00
2014.10.02 06:49:00.395,0.87319,0.87342,1.00,1.00
2014.10.02 06:49:00.496,0.87321,0.87342,1.00,1.00
2014.10.02 06:49:00.647,0.87321,0.87348,1.00,1.00
2014.10.02 06:49:00.848,0.87321,0.87352,1.00,1.00
2014.10.02 06:49:01.290,0.87324,0.87353,1.00,1.00
2014.10.02 06:49:02.045,0.87324,0.87352,1.00,1.00
2014.10.02 06:49:02.814,0.87325,0.87352,1.00,1.00
2014.10.02 06:49:03.366,0.87324,0.87356,1.50,1.50
2014.10.02 06:49:03.467,0.87326,0.87356,1.50,1.50
2014.10.02 06:49:04.105,0.87324,0.87356,1.00,1.00
2014.10.02 06:49:04.354,0.87324,0.87352,1.00,1.00
2014.10.02 06:49:04.862,0.87325,0.87352,1.00,1.00
2014.10.02 06:49:05.613,0.87326,0.87352,1.50,1.00
2014.10.02 06:49:05.959,0.87329,0.87353,1.00,1.00
2014.10.02 06:49:06.010,0.87329,0.87357,1.00,1.00
2014.10.02 06:49:06.166,0.87332,0.87357,1.12,1.00
2014.10.02 06:49:06.373,0.87334,0.87362,1.00,1.00
2014.10.02 06:49:06.642,0.87338,0.87362,1.00,1.00
2014.10.02 06:49:08.093,0.87338,0.87373,1.00,1.00
2014.10.02 06:49:08.315,0.87338,0.87368,1.00,1.00
2014.10.02 06:49:08.594,0.87336,0.87367,1.00,1.00
2014.10.02 06:49:08.695,0.87338,0.87367,1.87,1.00
2014.10.02 06:49:08.915,0.87336,0.87373,2.62,1.87
2014.10.02 06:49:10.675,0.87339,0.87375,1.87,1.12
2014.10.02 06:49:10.776,0.87339,0.87376,1.87,1.87
2014.10.02 06:49:11.855,0.87339,0.87372,2.62,1.00
2014.10.02 06:49:12.427,0.87339,0.87367,2.62,1.00
2014.10.02 06:49:13.285,0.87339,0.87372,1.37,1.00
2014.10.02 06:49:13.877,0.87338,0.87373,2.62,1.00
2014.10.02 06:49:14.053,0.87343,0.87376,1.00,1.37
2014.10.02 06:49:14.205,0.87343,0.87377,1.00,1.50
2014.10.02 06:49:14.603,0.87343,0.87372,1.00,1.00
2014.10.02 06:49:15.085,0.87343,0.87377,1.00,1.12
2014.10.02 06:49:15.236,0.87343,0.87377,2.62,1.00
2014.10.02 06:49:15.538,0.87347,0.87372,1.00,1.00
2014.10.02 06:49:15.639,0.87352,0.87378,1.00,1.00
2014.10.02 06:49:15.690,0.87354,0.87378,1.00,1.00
2014.10.02 06:49:15.790,0.87352,0.87378,1.00,1.00
2014.10.02 06:49:15.891,0.87354,0.87377,1.50,1.00
2014.10.02 06:49:15.992,0.87352,0.87377,1.00,1.00
2014.10.02 06:49:16.590,0.87352,0.87378,1.00,1.00
2014.10.02 06:49:17.094,0.87351,0.87377,1.00,1.00
2014.10.02 06:49:17.578,0.87351,0.87382,1.00,1.00
2014.10.02 06:49:18.784,0.87351,0.87372,1.00,1.00
2014.10.02 06:49:18.834,0.87345,0.87372,1.50,1.00
2014.10.02 06:49:19.145,0.87346,0.87374,1.00,1.00
2014.10.02 06:49:19.196,0.87348,0.87374,1.00,1.00
2014.10.02 06:49:19.347,0.87348,0.87378,1.50,1.00
2014.10.02 06:49:19.599,0.87351,0.87383,1.12,1.00
2014.10.02 06:49:20.145,0.87351,0.87382,1.12,1.00
2014.10.02 06:49:20.673,0.87351,0.87383,1.00,1.00
2014.10.02 06:49:21.314,0.87351,0.87382,1.00,1.00
2014.10.02 06:49:21.886,0.87351,0.87377,1.00,1.00
2014.10.02 06:49:22.188,0.87355,0.87378,1.12,1.00
2014.10.02 06:49:22.347,0.87355,0.87382,1.12,1.00
2014.10.02 06:49:22.465,0.87357,0.87382,1.00,1.00
2014.10.02 06:49:25.657,0.87357,0.87387,1.00,1.00
2014.10.02 06:49:26.145,0.87361,0.87387,1.00,1.00
2014.10.02 06:49:26.793,0.87361,0.87388,1.00,1.00
2014.10.02 06:49:26.844,0.87361,0.87392,1.00,1.00
2014.10.02 06:49:27.587,0.87361,0.87393,1.00,1.50
2014.10.02 06:49:27.803,0.87361,0.87387,1.00,1.00
2014.10.02 06:49:28.353,0.87361,0.87388,1.00,1.00
2014.10.02 06:49:29.343,0.87361,0.87387,1.00,1.00
2014.10.02 06:49:31.664,0.87363,0.87387,1.00,1.00
2014.10.02 06:49:33.125,0.87363,0.87388,1.00,1.00
2014.10.02 06:49:33.680,0.8736,0.87388,1.00,1.00
2014.10.02 06:49:33.908,0.87357,0.87387,1.00,1.00
2014.10.02 06:49:35.064,0.87357,0.87388,1.00,1.00
2014.10.02 06:49:44.098,0.87357,0.87387,1.00,1.00
2014.10.02 06:49:44.149,0.87362,0.87387,1.00,1.00
2014.10.02 06:49:44.214,0.87358,0.87387,1.00,1.00
2014.10.02 06:49:44.315,0.87361,0.87387,1.00,1.00
2014.10.02 06:49:44.516,0.87358,0.87387,1.00,1.00
2014.10.02 06:49:45.105,0.87358,0.87388,1.00,1.00
2014.10.02 06:49:45.156,0.87356,0.87388,1.50,1.37
2014.10.02 06:49:45.256,0.87356,0.87385,1.00,1.37
2014.10.02 06:49:45.631,0.87351,0.87377,1.00,1.00
2014.10.02 06:49:46.612,0.87351,0.87378,1.00,1.00
2014.10.02 06:49:48.838,0.87355,0.87378,1.00,1.00
2014.10.02 06:49:49.140,0.87359,0.87378,1.00,1.00
2014.10.02 06:49:49.190,0.87359,0.87387,1.12,1.00
2014.10.02 06:49:49.344,0.87364,0.87387,1.00,1.00
2014.10.02 06:49:49.799,0.87368,0.87387,1.00,1.00
2014.10.02 06:49:49.850,0.87368,0.87392,1.00,1.00
2014.10.02 06:49:50.163,0.87368,0.87397,1.00,1.00
2014.10.02 06:49:50.694,0.87368,0.87398,1.00,1.00
2014.10.02 06:49:54.094,0.87368,0.87392,1.00,1.00
2014.10.02 06:49:54.565,0.87366,0.87392,1.00,1.00
2014.10.02 06:49:54.862,0.87366,0.87387,1.00,1.00
2014.10.02 06:49:55.699,0.87367,0.87387,1.00,1.00
2014.10.02 06:49:57.062,0.87367,0.87392,1.00,1.00
2014.10.02 06:49:57.282,0.87367,0.87387,1.00,1.00
2014.10.02 06:49:57.695,0.87364,0.87387,1.00,1.00
2014.10.02 06:49:57.796,0.87362,0.87387,1.00,1.00
2014.10.02 06:49:58.362,0.87362,0.87388,1.00,1.00
2014.10.02 06:49:58.564,0.87363,0.87387,1.37,1.00
2014.10.02 06:49:58.715,0.87366,0.87392,1.00,1.00
2014.10.02 06:49:59.373,0.87366,0.87393,1.00,1.00
2014.10.02 06:50:01.605,0.87367,0.87392,1.00,1.00
2014.10.02 06:50:01.807,0.87367,0.87397,1.00,1.00
2014.10.02 06:50:02.380,0.87367,0.87398,1.00,1.00
2014.10.02 06:50:03.117,0.87366,0.87397,1.87,1.00
2014.10.02 06:50:06.633,0.87366,0.87393,1.87,1.00
2014.10.02 06:50:07.178,0.87366,0.87393,1.50,1.00
2014.10.02 06:50:07.844,0.87366,0.87392,1.50,1.00
2014.10.02 06:50:15.323,0.87366,0.87397,1.00,1.00
2014.10.02 06:50:19.594,0.87363,0.87392,1.00,1.00
2014.10.02 06:50:19.896,0.8736,0.87382,1.00,1.00
2014.10.02 06:50:20.076,0.8736,0.87387,1.00,1.00
2014.10.02 06:50:20.605,0.8736,0.87388,1.00,1.00
2014.10.02 06:50:21.405,0.87363,0.87387,1.50,1.00
2014.10.02 06:50:21.608,0.87364,0.87398,1.00,1.87
2014.10.02 06:50:21.659,0.87367,0.87398,1.00,1.12
2014.10.02 06:50:22.188,0.87366,0.87398,1.00,1.00
2014.10.02 06:50:23.595,0.87366,0.87397,1.00,1.00
2014.10.02 06:50:25.335,0.87366,0.87392,1.00,1.00
2014.10.02 06:50:25.637,0.87366,0.87387,1.00,1.00
2014.10.02 06:50:26.232,0.87359,0.87387,1.00,1.00
2014.10.02 06:50:29.183,0.87359,0.87382,1.00,1.00
2014.10.02 06:50:34.573,0.87359,0.87388,1.00,1.00
2014.10.02 06:50:34.903,0.87359,0.87382,1.00,1.00
2014.10.02 06:50:35.621,0.87364,0.87382,1.00,1.00
2014.10.02 06:50:35.822,0.87366,0.87388,1.00,1.00
2014.10.02 06:50:36.153,0.87366,0.87393,1.50,1.00
2014.10.02 06:50:40.203,0.87367,0.87393,1.00,1.00
2014.10.02 06:50:40.769,0.87367,0.87392,1.00,1.00
2014.10.02 06:50:41.100,0.87367,0.87388,1.00,1.00
2014.10.02 06:50:41.201,0.87364,0.87388,1.00,1.00
2014.10.02 06:50:41.535,0.87362,0.87387,1.00,1.00
2014.10.02 06:50:41.890,0.87362,0.87393,1.00,1.00
2014.10.02 06:50:41.941,0.87364,0.87393,1.00,1.00
2014.10.02 06:50:42.524,0.87367,0.87392,1.00,1.00
2014.10.02 06:50:43.127,0.87367,0.87393,1.00,1.00
2014.10.02 06:50:43.625,0.87369,0.87392,1.00,1.00
2014.10.02 06:50:44.604,0.87364,0.87388,1.50,1.00
2014.10.02 06:50:45.058,0.87364,0.87392,1.00,1.00
2014.10.02 06:50:45.592,0.87369,0.87392,1.00,1.00
2014.10.02 06:50:48.232,0.87367,0.87392,1.00,1.00
2014.10.02 06:50:48.390,0.87366,0.87387,1.00,1.00
2014.10.02 06:50:48.591,0.87366,0.87393,1.00,1.00
2014.10.02 06:50:54.172,0.87365,0.87393,1.50,1.00
2014.10.02 06:50:54.722,0.87365,0.87392,1.50,1.00
2014.10.02 06:50:54.773,0.87366,0.87392,1.87,1.00
2014.10.02 06:50:55.081,0.8737,0.87392,1.50,1.00
2014.10.02 06:50:55.615,0.87369,0.87392,1.00,1.00
2014.10.02 06:50:58.591,0.87368,0.87392,1.00,1.00
2014.10.02 06:50:59.344,0.87368,0.87388,1.00,1.00
2014.10.02 06:51:00.116,0.87367,0.87388,1.00,1.00
2014.10.02 06:51:00.619,0.87367,0.87387,1.00,1.00
2014.10.02 06:51:03.082,0.87365,0.87387,1.50,1.00
2014.10.02 06:51:04.842,0.87365,0.87388,1.50,1.00
2014.10.02 06:51:06.142,0.87366,0.87388,1.00,1.00
2014.10.02 06:51:08.793,0.87365,0.87388,1.37,1.00
2014.10.02 06:51:09.146,0.87366,0.87392,2.62,1.00
2014.10.02 06:51:09.465,0.87367,0.87388,1.50,1.00
2014.10.02 06:51:09.692,0.8737,0.87393,1.00,1.00
2014.10.02 06:51:09.795,0.8737,0.87388,1.00,1.00
2014.10.02 06:51:10.323,0.87369,0.87387,1.00,1.00
2014.10.02 06:51:10.625,0.87369,0.87383,1.00,1.00
2014.10.02 06:51:10.676,0.87359,0.87383,2.62,1.00
2014.10.02 06:51:11.364,0.8736,0.87388,1.00,1.00
2014.10.02 06:51:11.574,0.87362,0.87388,1.00,1.00
2014.10.02 06:51:12.461,0.8736,0.87388,1.00,1.00
2014.10.02 06:51:12.993,0.87362,0.87388,1.00,1.00
2014.10.02 06:51:15.955,0.87362,0.87387,1.00,1.00
2014.10.02 06:51:16.523,0.87362,0.87387,1.37,1.00
2014.10.02 06:51:17.032,0.87362,0.87388,1.00,1.00
2014.10.02 06:51:17.082,0.87362,0.87393,1.00,1.00
2014.10.02 06:51:17.183,0.87364,0.87393,1.50,1.00
2014.10.02 06:51:17.896,0.87365,0.87392,1.00,1.00
2014.10.02 06:51:18.199,0.87363,0.87387,1.87,1.00
2014.10.02 06:51:18.377,0.87364,0.87392,1.87,1.00
2014.10.02 06:51:19.964,0.87366,0.87392,1.00,1.00
2014.10.02 06:51:22.530,0.87363,0.87392,2.62,1.00
2014.10.02 06:51:22.581,0.87363,0.87382,1.50,1.00
2014.10.02 06:51:22.883,0.8736,0.87383,1.50,1.00
2014.10.02 06:51:23.403,0.87359,0.87383,1.00,1.00
2014.10.02 06:51:23.946,0.87358,0.87383,1.50,1.00
2014.10.02 06:51:24.097,0.87358,0.87378,1.00,1.00
2014.10.02 06:51:24.321,0.87356,0.87378,1.00,1.00
2014.10.02 06:51:24.863,0.87356,0.87383,1.00,1.00
2014.10.02 06:51:25.546,0.87354,0.87383,1.00,1.00
2014.10.02 06:51:26.097,0.87354,0.87382,1.00,1.00
2014.10.02 06:51:26.841,0.87354,0.87383,1.00,1.00
2014.10.02 06:51:27.393,0.87354,0.87382,1.00,1.00
2014.10.02 06:51:27.955,0.87354,0.87383,2.62,1.00
2014.10.02 06:51:29.042,0.87354,0.87382,2.25,1.00
2014.10.02 06:51:29.352,0.87358,0.87382,1.00,1.00
2014.10.02 06:51:29.905,0.87358,0.87383,1.00,1.00
2014.10.02 06:51:30.452,0.87355,0.87383,1.00,1.00
2014.10.02 06:51:32.575,0.87357,0.87383,1.00,1.00
2014.10.02 06:51:42.032,0.87357,0.87382,1.00,1.00
2014.10.02 06:51:44.174,0.87357,0.87382,1.37,1.00
2014.10.02 06:51:44.562,0.87361,0.87382,1.00,1.00
2014.10.02 06:51:44.782,0.87361,0.87388,1.00,1.00
2014.10.02 06:51:44.884,0.87362,0.87393,1.00,3.00
2014.10.02 06:51:45.237,0.87365,0.87393,1.00,1.00
2014.10.02 06:51:45.562,0.87367,0.87397,1.00,1.00
2014.10.02 06:51:46.083,0.87368,0.87397,1.00,1.00
2014.10.02 06:51:46.593,0.87368,0.87398,1.00,1.00
2014.10.02 06:51:47.816,0.87371,0.87398,1.00,1.00
2014.10.02 06:51:49.409,0.87371,0.87397,1.00,1.00
2014.10.02 06:51:49.460,0.87369,0.87397,1.00,1.00
2014.10.02 06:51:50.231,0.87369,0.87398,1.00,1.00
2014.10.02 06:51:51.703,0.87371,0.87398,1.00,1.00
2014.10.02 06:51:52.241,0.87371,0.87397,1.00,1.00
2014.10.02 06:51:52.581,0.87373,0.87397,1.00,1.00
2014.10.02 06:51:52.631,0.87373,0.87402,1.00,1.00
2014.10.02 06:51:53.141,0.87374,0.87402,1.00,1.00
2014.10.02 06:51:53.393,0.87374,0.87397,1.00,1.00
2014.10.02 06:51:53.443,0.8737,0.87397,2.25,1.00
2014.10.02 06:51:53.957,0.87373,0.87398,1.12,1.00
2014.10.02 06:51:54.134,0.87375,0.87403,1.00,1.00
2014.10.02 06:51:54.572,0.87375,0.87407,1.00,1.87
2014.10.02 06:51:54.946,0.87375,0.87403,1.00,1.00
2014.10.02 06:51:55.421,0.87377,0.87403,1.00,1.00
2014.10.02 06:51:55.942,0.87377,0.87402,1.00,1.00
2014.10.02 06:51:56.502,0.87377,0.87403,1.00,1.00
2014.10.02 06:51:58.061,0.87375,0.87403,1.00,1.00
2014.10.02 06:51:59.954,0.87372,0.87403,1.50,1.00
2014.10.02 06:52:00.155,0.87372,0.87397,1.00,1.00
2014.10.02 06:52:01.032,0.8737,0.87397,1.00,1.00
2014.10.02 06:52:01.183,0.87373,0.87397,2.25,1.00
2014.10.02 06:52:01.397,0.87375,0.87402,1.00,1.00
2014.10.02 06:52:01.613,0.87378,0.87403,1.00,1.00
2014.10.02 06:52:02.552,0.87378,0.87407,1.00,1.00
2014.10.02 06:52:03.561,0.87377,0.87407,1.00,1.00
2014.10.02 06:52:04.372,0.87375,0.87407,1.87,1.50
2014.10.02 06:52:04.534,0.87375,0.87403,1.87,1.00
2014.10.02 06:52:06.621,0.87375,0.87402,1.50,1.00
2014.10.02 06:52:07.161,0.87375,0.87403,1.50,1.00
2014.10.02 06:52:10.911,0.87375,0.87397,1.00,1.00
2014.10.02 06:52:11.571,0.87375,0.87402,1.00,1.00
2014.10.02 06:52:13.441,0.87373,0.87402,1.00,1.37
2014.10.02 06:52:13.542,0.87369,0.87399,1.00,1.00
2014.10.02 06:52:13.793,0.87366,0.87398,1.00,1.50
2014.10.02 06:52:13.944,0.87366,0.87395,1.00,1.00
2014.10.02 06:52:14.251,0.87366,0.87397,1.00,1.00
2014.10.02 06:52:14.781,0.87366,0.87398,1.00,1.00
2014.10.02 06:52:15.221,0.87364,0.87398,1.00,1.00
2014.10.02 06:52:15.411,0.87366,0.87399,1.12,1.00
2014.10.02 06:52:15.753,0.87368,0.87399,1.00,1.00
2014.10.02 06:52:16.430,0.87368,0.87402,1.00,1.00
2014.10.02 06:52:22.572,0.87368,0.87398,1.00,1.00
2014.10.02 06:52:31.396,0.87369,0.87398,1.00,1.00
2014.10.02 06:52:31.972,0.8737,0.87398,1.00,1.00
2014.10.02 06:52:32.031,0.8737,0.87402,1.00,1.00
2014.10.02 06:52:32.360,0.8737,0.87397,1.00,1.00
2014.10.02 06:52:32.690,0.87373,0.87397,1.00,1.00
2014.10.02 06:52:35.341,0.87373,0.87398,1.00,1.00
2014.10.02 06:52:35.799,0.87371,0.87398,1.00,1.00
2014.10.02 06:52:35.902,0.87368,0.87398,1.00,1.00
2014.10.02 06:52:36.003,0.87366,0.87398,1.50,1.00
2014.10.02 06:52:36.103,0.87366,0.87392,1.50,1.00
2014.10.02 06:52:36.305,0.87363,0.87392,1.00,1.00
2014.10.02 06:52:36.652,0.87363,0.87395,1.00,1.00
2014.10.02 06:52:36.872,0.87363,0.87392,1.00,1.00
2014.10.02 06:52:37.862,0.87363,0.87395,1.00,1.00
2014.10.02 06:52:38.872,0.87363,0.87393,1.00,1.00
2014.10.02 06:52:39.404,0.87363,0.87392,1.00,1.00
2014.10.02 06:52:41.640,0.87362,0.87392,1.50,1.00
2014.10.02 06:52:42.590,0.87362,0.87393,1.50,1.00
2014.10.02 06:52:53.830,0.87362,0.87392,1.00,1.00
2014.10.02 06:52:54.183,0.87361,0.87387,1.00,1.00
2014.10.02 06:52:54.476,0.87354,0.87387,1.37,1.00
2014.10.02 06:52:54.800,0.87354,0.87382,1.37,1.00
2014.10.02 06:52:55.317,0.87354,0.87383,1.37,1.00
2014.10.02 06:52:55.920,0.87354,0.87382,1.37,1.00
2014.10.02 06:52:58.691,0.8736,0.87382,1.00,1.00
2014.10.02 06:52:58.893,0.87365,0.87388,1.35,1.00
2014.10.02 06:52:58.994,0.87367,0.87393,1.00,1.00
2014.10.02 06:52:59.094,0.87367,0.87397,2.25,1.00
2014.10.02 06:52:59.271,0.87369,0.87397,1.50,1.00
2014.10.02 06:52:59.793,0.87369,0.87398,1.00,1.00
2014.10.02 06:53:00.100,0.87369,0.87392,1.00,1.00
2014.10.02 06:53:00.301,0.87369,0.87397,1.00,1.00
2014.10.02 06:53:00.642,0.87372,0.87397,1.00,1.00
2014.10.02 06:53:00.743,0.87374,0.87403,1.00,1.00
2014.10.02 06:53:00.894,0.87375,0.87397,1.00,1.00
2014.10.02 06:53:00.945,0.87372,0.87397,1.50,1.00
2014.10.02 06:53:01.096,0.87373,0.87403,1.00,1.12
2014.10.02 06:53:01.146,0.87375,0.87403,1.50,1.12
2014.10.02 06:53:01.448,0.87378,0.87407,1.12,1.00
2014.10.02 06:53:01.871,0.87378,0.87403,1.00,1.00
2014.10.02 06:53:02.470,0.87375,0.87403,1.00,1.00
2014.10.02 06:53:07.341,0.87375,0.87402,1.00,1.00
2014.10.02 06:53:07.547,0.87371,0.87402,1.00,1.00
2014.10.02 06:53:08.113,0.87371,0.87403,1.00,1.00
2014.10.02 06:53:08.552,0.87371,0.87397,1.00,1.00
2014.10.02 06:53:09.730,0.8737,0.87397,1.12,1.00
2014.10.02 06:53:10.913,0.87369,0.87398,1.87,1.00
2014.10.02 06:53:11.441,0.87369,0.87398,1.50,1.00
2014.10.02 06:53:12.833,0.87369,0.87398,1.37,1.00
2014.10.02 06:53:12.984,0.87372,0.87403,1.37,1.00
2014.10.02 06:53:13.510,0.87375,0.87402,1.00,1.00
2014.10.02 06:53:14.083,0.87375,0.87403,1.50,1.00
2014.10.02 06:53:15.610,0.87375,0.87402,1.50,1.00
2014.10.02 06:53:16.412,0.87375,0.87408,1.50,1.00
2014.10.02 06:53:18.395,0.87375,0.87407,1.12,1.00
2014.10.02 06:53:18.911,0.87374,0.87408,1.00,1.87
2014.10.02 06:53:19.155,0.87374,0.87402,1.00,1.00
2014.10.02 06:53:19.440,0.87371,0.87402,1.50,1.00
2014.10.02 06:53:19.793,0.87371,0.87398,1.00,1.00
2014.10.02 06:53:20.561,0.87371,0.87402,1.00,1.00
2014.10.02 06:53:21.902,0.87371,0.87403,1.00,1.50
2014.10.02 06:53:23.530,0.87371,0.87402,1.00,1.00
2014.10.02 06:53:28.706,0.87371,0.87403,1.00,1.50
2014.10.02 06:53:31.950,0.87372,0.87403,1.00,1.50
2014.10.02 06:53:32.000,0.87375,0.87402,1.12,1.00
2014.10.02 06:53:32.252,0.87377,0.87407,1.12,1.00
2014.10.02 06:53:33.668,0.87377,0.87409,1.12,1.00
2014.10.02 06:53:37.311,0.87377,0.87407,1.12,1.00
2014.10.02 06:53:37.946,0.87375,0.87407,1.37,1.00
2014.10.02 06:53:38.454,0.87375,0.87408,1.37,1.00
2014.10.02 06:53:39.731,0.87375,0.87408,1.00,1.00
2014.10.02 06:53:40.201,0.87375,0.87406,1.00,1.00
2014.10.02 06:53:40.503,0.87381,0.87409,1.00,1.00
2014.10.02 06:53:40.654,0.87381,0.87411,1.00,1.00
2014.10.02 06:53:41.060,0.87381,0.87409,1.00,1.00
2014.10.02 06:53:41.595,0.87381,0.87408,1.00,1.00
2014.10.02 06:53:41.646,0.87374,0.87408,1.50,1.00
2014.10.02 06:53:42.657,0.87374,0.87408,1.87,1.00
2014.10.02 06:53:43.228,0.87377,0.87409,1.00,1.00
2014.10.02 06:53:51.635,0.87377,0.87409,1.37,1.00
2014.10.02 06:53:51.950,0.87386,0.87412,1.12,1.00
2014.10.02 06:53:52.151,0.87386,0.87416,1.12,1.00
2014.10.02 06:53:52.353,0.87388,0.87417,1.00,1.00
2014.10.02 06:53:52.403,0.87389,0.87422,1.00,1.50
2014.10.02 06:53:52.705,0.87387,0.87418,1.00,1.00
2014.10.02 06:53:52.907,0.87384,0.87417,1.00,1.00
2014.10.02 06:53:53.373,0.87386,0.87417,1.00,1.00
2014.10.02 06:53:53.584,0.87389,0.87421,1.12,1.00
2014.10.02 06:53:53.920,0.87391,0.87423,1.00,1.50
2014.10.02 06:53:54.498,0.87392,0.87423,1.00,1.50
2014.10.02 06:53:55.108,0.87395,0.87423,1.50,1.50
2014.10.02 06:53:56.201,0.87395,0.87422,1.50,1.00
2014.10.02 06:53:56.673,0.87393,0.87422,1.50,1.00
2014.10.02 06:53:57.430,0.87393,0.87423,1.50,1.00
2014.10.02 06:53:57.853,0.87394,0.87425,1.50,1.00
2014.10.02 06:53:58.180,0.87396,0.87425,1.50,1.00
2014.10.02 06:53:58.738,0.87396,0.87423,1.50,1.00
2014.10.02 06:53:59.643,0.87397,0.87423,1.50,1.00
2014.10.02 06:54:00.235,0.87398,0.87423,1.50,1.00
2014.10.02 06:54:00.286,0.87394,0.87423,2.25,1.00
2014.10.02 06:54:00.387,0.87397,0.87422,1.50,1.00
2014.10.02 06:54:02.579,0.87397,0.87423,1.50,1.00
2014.10.02 06:54:02.730,0.87395,0.87423,2.25,1.00
2014.10.02 06:54:02.789,0.87397,0.87423,1.50,1.00
2014.10.02 06:54:03.899,0.87397,0.87422,1.50,1.00
2014.10.02 06:54:04.675,0.87401,0.87422,1.50,1.00
2014.10.02 06:54:05.000,0.87403,0.87423,1.50,1.00
2014.10.02 06:54:05.336,0.87403,0.87433,1.50,1.50
2014.10.02 06:54:05.550,0.87402,0.87428,1.50,1.00
2014.10.02 06:54:09.399,0.87402,0.87433,1.50,1.00
2014.10.02 06:54:14.910,0.874,0.87433,1.50,2.62
2014.10.02 06:54:15.011,0.87398,0.87428,2.25,1.00
2014.10.02 06:54:15.217,0.87396,0.87428,1.00,1.87
2014.10.02 06:54:16.618,0.87394,0.87428,2.62,1.87
2014.10.02 06:54:17.319,0.87402,0.87428,1.87,1.00
2014.10.02 06:54:17.621,0.87404,0.87427,1.50,1.00
2014.10.02 06:54:17.672,0.87406,0.87433,1.50,1.00
2014.10.02 06:54:17.773,0.87409,0.87433,1.50,1.00
2014.10.02 06:54:18.292,0.87409,0.87432,1.50,1.00
2014.10.02 06:54:18.871,0.87408,0.87432,1.50,1.00
2014.10.02 06:54:19.667,0.87405,0.87437,1.87,1.00
2014.10.02 06:54:20.109,0.87407,0.87437,1.50,1.00
2014.10.02 06:54:21.812,0.87407,0.87436,1.50,1.00
2014.10.02 06:54:22.170,0.87407,0.87432,1.50,1.00
2014.10.02 06:54:23.820,0.87407,0.87436,1.50,1.00
2014.10.02 06:54:24.448,0.87408,0.87436,1.50,1.00
2014.10.02 06:54:26.168,0.87408,0.87438,1.50,1.00
2014.10.02 06:54:31.849,0.87408,0.87432,1.50,1.00
2014.10.02 06:54:32.179,0.87408,0.87438,1.50,1.00
2014.10.02 06:54:33.608,0.87408,0.87433,1.50,1.00
2014.10.02 06:54:35.348,0.87405,0.87433,1.87,1.00
2014.10.02 06:54:37.338,0.87403,0.87433,3.00,1.00
2014.10.02 06:54:37.489,0.87403,0.87432,2.62,1.00
2014.10.02 06:54:37.592,0.87403,0.87428,2.62,1.00
2014.10.02 06:54:38.343,0.87403,0.87427,2.62,1.00
2014.10.02 06:54:40.320,0.87403,0.87433,2.62,1.00
2014.10.02 06:54:41.328,0.87403,0.87422,2.62,1.00
2014.10.02 06:54:41.378,0.87403,0.87422,1.50,1.00
2014.10.02 06:54:41.429,0.87397,0.87422,1.37,1.00
2014.10.02 06:54:41.630,0.87402,0.87422,1.50,1.00
2014.10.02 06:54:41.681,0.87402,0.87427,1.87,1.00
2014.10.02 06:54:42.131,0.87402,0.87428,1.87,1.00
2014.10.02 06:54:42.387,0.87402,0.87428,1.87,1.00
2014.10.02 06:54:43.429,0.874,0.87428,1.00,1.00
2014.10.02 06:54:43.904,0.874,0.87428,2.62,1.00
2014.10.02 06:54:45.048,0.87401,0.87432,1.87,1.50
2014.10.02 06:54:45.158,0.87402,0.87432,1.87,1.50
2014.10.02 06:54:45.408,0.87402,0.87436,2.62,1.00
2014.10.02 06:54:45.459,0.87402,0.87436,2.62,1.12
2014.10.02 06:54:46.729,0.87401,0.87434,1.87,1.00
2014.10.02 06:54:47.273,0.87401,0.87432,1.87,1.00
2014.10.02 06:54:48.878,0.87402,0.87432,1.50,1.00
2014.10.02 06:54:49.584,0.87402,0.87432,1.87,1.00
2014.10.02 06:54:50.329,0.87402,0.87434,1.87,1.00
2014.10.02 06:54:51.319,0.87402,0.87432,2.62,1.00
2014.10.02 06:54:51.881,0.87402,0.87427,1.00,1.00
2014.10.02 06:54:52.132,0.87402,0.87432,1.00,1.00
2014.10.02 06:54:52.887,0.87402,0.87433,2.25,1.50
2014.10.02 06:54:55.629,0.87407,0.87433,1.50,1.00
2014.10.02 06:54:55.680,0.87407,0.87436,1.50,1.12
2014.10.02 06:54:55.831,0.87406,0.87438,1.00,1.87
2014.10.02 06:54:55.882,0.87406,0.87436,1.00,1.00
2014.10.02 06:54:56.377,0.87406,0.87432,1.00,1.00
2014.10.02 06:54:56.767,0.87402,0.87432,2.25,1.00
2014.10.02 06:54:58.578,0.87402,0.87436,2.25,1.37
2014.10.02 06:54:59.085,0.87402,0.87434,1.50,1.00
2014.10.02 06:54:59.186,0.87401,0.8743,1.50,1.00
2014.10.02 06:54:59.237,0.87398,0.8743,3.00,1.00
2014.10.02 06:54:59.921,0.874,0.8743,1.50,1.00
2014.10.02 06:54:59.971,0.874,0.87433,1.50,1.87
2014.10.02 06:55:02.341,0.874,0.87433,1.00,1.37
2014.10.02 06:55:02.392,0.87398,0.87431,1.00,1.12
2014.10.02 06:55:05.348,0.87397,0.87431,1.12,1.12
2014.10.02 06:55:06.322,0.87397,0.87431,1.00,1.37
2014.10.02 06:55:08.319,0.87398,0.87431,1.00,1.87
2014.10.02 06:55:09.668,0.87398,0.87431,1.12,1.50
2014.10.02 06:55:09.718,0.87398,0.87428,1.12,1.00
2014.10.02 06:55:10.379,0.87399,0.87428,1.50,1.00
2014.10.02 06:55:12.309,0.87397,0.87428,2.62,1.00
2014.10.02 06:55:12.715,0.87399,0.87428,1.87,1.00
2014.10.02 06:55:15.662,0.87399,0.87427,1.87,1.00
2014.10.02 06:55:16.840,0.87399,0.87422,1.87,1.00
2014.10.02 06:55:17.667,0.87401,0.87422,1.50,1.00
2014.10.02 06:55:19.899,0.87402,0.87422,1.50,1.00
2014.10.02 06:55:20.154,0.87402,0.87428,1.50,1.00
2014.10.02 06:55:20.890,0.87405,0.87428,1.50,1.00
2014.10.02 06:55:21.422,0.87405,0.87427,2.25,1.00
2014.10.02 06:55:21.573,0.87407,0.87433,1.50,1.00
2014.10.02 06:55:22.249,0.8741,0.87433,1.50,1.00
2014.10.02 06:55:22.891,0.87411,0.87432,1.50,1.00
2014.10.02 06:55:23.610,0.87411,0.87433,1.50,1.00
2014.10.02 06:55:24.225,0.87413,0.87433,1.50,1.00
2014.10.02 06:55:24.411,0.87411,0.87433,1.50,1.00
2014.10.02 06:55:24.959,0.8741,0.87433,1.50,1.00
2014.10.02 06:55:25.590,0.8741,0.87432,1.50,1.00
2014.10.02 06:55:26.253,0.87409,0.87432,1.50,1.00
2014.10.02 06:55:30.371,0.87411,0.87427,1.50,1.00
2014.10.02 06:55:30.623,0.8741,0.87437,1.50,1.50
2014.10.02 06:55:30.725,0.87408,0.87437,1.87,1.50
2014.10.02 06:55:30.826,0.87408,0.87432,1.87,1.00
2014.10.02 06:55:31.168,0.87412,0.87432,1.50,1.00
2014.10.02 06:55:31.269,0.8741,0.87432,1.50,1.00
2014.10.02 06:55:32.619,0.8741,0.87428,1.50,1.00
2014.10.02 06:55:33.118,0.8741,0.87433,1.50,1.00
2014.10.02 06:55:33.441,0.87407,0.87432,2.62,1.00
2014.10.02 06:55:36.420,0.87407,0.87433,1.87,1.00
2014.10.02 06:55:37.388,0.87409,0.87433,1.50,1.00
2014.10.02 06:55:37.896,0.87407,0.87432,1.87,1.00
2014.10.02 06:55:39.639,0.87408,0.87433,1.50,1.00
2014.10.02 06:55:39.840,0.8741,0.87437,1.50,1.00
2014.10.02 06:55:58.859,0.8741,0.87432,1.50,1.00
2014.10.02 06:56:01.623,0.8741,0.87438,1.50,1.50
2014.10.02 06:56:01.724,0.87412,0.87438,1.50,1.00
2014.10.02 06:56:02.258,0.87412,0.87437,1.50,1.00
2014.10.02 06:56:02.818,0.87412,0.87441,1.50,1.00
2014.10.02 06:56:04.888,0.87414,0.87441,1.50,1.00
2014.10.02 06:56:05.548,0.87416,0.87443,1.50,1.87
2014.10.02 06:56:07.858,0.87413,0.87443,2.25,1.87
2014.10.02 06:56:08.019,0.87412,0.87437,1.50,1.00
2014.10.02 06:56:08.527,0.87411,0.87438,2.25,1.00
2014.10.02 06:56:08.959,0.87413,0.87438,1.50,1.00
2014.10.02 06:56:09.069,0.87411,0.87438,1.00,1.00
2014.10.02 06:56:09.619,0.8741,0.87438,1.50,1.00
2014.10.02 06:56:09.730,0.87412,0.87438,1.50,1.00
2014.10.02 06:56:10.233,0.87413,0.87438,1.00,1.00
2014.10.02 06:56:11.488,0.87411,0.87438,1.50,1.00
2014.10.02 06:56:12.279,0.8741,0.87438,1.12,1.00
2014.10.02 06:56:12.380,0.8741,0.87442,1.12,1.00
2014.10.02 06:56:12.549,0.87412,0.87442,1.00,1.00
2014.10.02 06:56:12.852,0.87414,0.87443,1.00,1.00
2014.10.02 06:56:13.170,0.87416,0.87442,1.00,1.00
2014.10.02 06:56:13.859,0.87416,0.87443,1.00,1.00
2014.10.02 06:56:23.103,0.87416,0.87442,3.00,1.00
2014.10.02 06:56:25.610,0.87416,0.87443,1.00,1.00
2014.10.02 06:56:27.086,0.87416,0.87443,1.00,1.37
2014.10.02 06:56:27.136,0.87412,0.87441,2.25,1.00
2014.10.02 06:56:27.187,0.87412,0.87433,2.25,1.00
2014.10.02 06:56:27.238,0.87408,0.87433,1.50,1.00
2014.10.02 06:56:27.490,0.87409,0.87438,1.00,1.00
2014.10.02 06:56:27.751,0.87411,0.87438,1.00,1.00
2014.10.02 06:56:28.153,0.8741,0.87433,1.00,1.00
2014.10.02 06:56:28.512,0.8741,0.87437,1.00,1.00
2014.10.02 06:56:28.802,0.8741,0.87432,1.00,1.00
2014.10.02 06:56:29.003,0.87407,0.87432,1.00,1.00
2014.10.02 06:56:30.038,0.87406,0.87432,1.00,1.00
2014.10.02 06:56:30.962,0.87405,0.87432,1.00,1.00
2014.10.02 06:56:31.636,0.87405,0.87433,1.00,1.00
2014.10.02 06:56:31.737,0.87408,0.87433,1.00,1.00
2014.10.02 06:56:31.788,0.87409,0.87438,1.00,1.00
2014.10.02 06:56:31.903,0.87409,0.87441,1.00,1.50
2014.10.02 06:56:32.210,0.87408,0.87437,1.50,1.00
2014.10.02 06:56:32.527,0.87407,0.87433,1.00,1.00
2014.10.02 06:56:32.658,0.87407,0.87437,1.00,1.00
2014.10.02 06:56:32.916,0.87407,0.87433,1.00,1.00
2014.10.02 06:56:33.219,0.87404,0.87433,1.87,1.00
2014.10.02 06:56:35.524,0.87404,0.87432,1.00,1.00
2014.10.02 06:56:36.106,0.87403,0.87433,1.00,1.00
2014.10.02 06:56:36.206,0.87405,0.87427,1.00,1.00
2014.10.02 06:56:36.508,0.87405,0.87438,1.12,1.00
2014.10.02 06:56:36.609,0.87405,0.87432,1.12,1.00
2014.10.02 06:56:38.098,0.87408,0.87432,1.00,1.00
2014.10.02 06:56:38.149,0.87409,0.87438,1.00,1.00
2014.10.02 06:56:38.305,0.87409,0.87433,1.00,1.00
2014.10.02 06:56:38.367,0.87409,0.87437,1.00,1.00
2014.10.02 06:56:40.013,0.87408,0.87437,2.62,1.00
2014.10.02 06:56:43.533,0.8741,0.87437,1.00,1.00
2014.10.02 06:56:45.652,0.8741,0.87438,1.00,1.00
2014.10.02 06:56:56.165,0.87409,0.87438,1.00,1.00
2014.10.02 06:57:00.125,0.87408,0.87438,1.00,1.00
2014.10.02 06:57:01.953,0.87408,0.87438,1.37,1.00
2014.10.02 06:57:02.527,0.8741,0.87437,1.87,1.00
2014.10.02 06:57:02.577,0.8741,0.87442,1.87,1.00
2014.10.02 06:57:02.823,0.8741,0.87437,1.87,1.00
2014.10.02 06:57:03.347,0.87412,0.87437,1.00,1.00
2014.10.02 06:57:03.884,0.8741,0.87437,1.00,1.00
2014.10.02 06:57:04.107,0.8741,0.87442,1.00,1.00
2014.10.02 06:57:09.698,0.87411,0.87442,1.00,1.00
2014.10.02 06:57:10.950,0.87411,0.87442,1.37,1.00
2014.10.02 06:57:11.051,0.87414,0.87442,1.00,1.00
2014.10.02 06:57:12.478,0.87413,0.87442,1.00,1.00
2014.10.02 06:57:15.447,0.87412,0.87442,1.87,1.00
2014.10.02 06:57:16.099,0.87412,0.87443,1.87,1.00
2014.10.02 06:57:16.351,0.87415,0.87448,1.12,1.00
2014.10.02 06:57:16.401,0.87415,0.87448,1.37,1.00
2014.10.02 06:57:16.552,0.87419,0.87451,1.12,1.00
2014.10.02 06:57:16.603,0.87419,0.87451,1.37,1.00
2014.10.02 06:57:17.005,0.87423,0.87452,1.00,1.00
2014.10.02 06:57:17.497,0.87423,0.87452,1.37,1.00
2014.10.02 06:57:22.920,0.87425,0.87453,1.50,1.00
2014.10.02 06:57:28.003,0.87427,0.87453,1.50,1.00
2014.10.02 06:57:37.006,0.87428,0.87453,1.00,1.00
2014.10.02 06:57:38.868,0.87428,0.87458,1.00,1.00
2014.10.02 06:57:39.556,0.87428,0.87453,1.00,1.00
2014.10.02 06:57:39.657,0.87425,0.87453,1.50,1.00
2014.10.02 06:57:40.272,0.87425,0.87452,1.50,1.00
2014.10.02 06:57:40.375,0.87425,0.87457,1.50,2.62
2014.10.02 06:57:40.426,0.87426,0.87454,1.00,1.00
2014.10.02 06:57:40.857,0.8743,0.87457,1.00,1.00
2014.10.02 06:57:41.536,0.8743,0.87458,1.00,1.00
2014.10.02 06:57:42.105,0.87433,0.87458,1.00,1.00
2014.10.02 06:57:42.637,0.87433,0.87457,1.00,1.00
2014.10.02 06:57:45.036,0.87432,0.87457,1.00,1.00
2014.10.02 06:57:45.606,0.87432,0.87458,1.00,1.00
2014.10.02 06:57:46.466,0.87427,0.87458,1.00,1.00
2014.10.02 06:57:46.995,0.87427,0.87457,1.00,1.00
2014.10.02 06:57:47.149,0.87427,0.87453,1.00,1.00
2014.10.02 06:57:47.566,0.87425,0.87452,1.35,1.00
2014.10.02 06:57:50.536,0.87426,0.87452,1.00,1.00
2014.10.02 06:57:51.107,0.87426,0.87448,1.00,1.00
2014.10.02 06:57:52.956,0.87425,0.87448,1.35,1.00
2014.10.02 06:57:53.856,0.87425,0.87447,1.35,1.00
2014.10.02 06:57:54.947,0.87426,0.87447,1.00,1.00
2014.10.02 06:57:55.533,0.87418,0.87447,1.87,1.00
2014.10.02 06:57:56.039,0.87418,0.87448,1.00,1.00
2014.10.02 06:57:56.089,0.87418,0.87443,1.00,1.00
2014.10.02 06:57:56.412,0.87418,0.87447,1.00,1.00
2014.10.02 06:57:56.916,0.87415,0.87447,1.00,1.00
2014.10.02 06:57:59.667,0.87415,0.87446,1.00,1.00
2014.10.02 06:58:00.229,0.8742,0.87447,1.00,1.00
2014.10.02 06:58:00.987,0.87421,0.87447,1.00,1.00
2014.10.02 06:58:01.801,0.87421,0.87448,1.00,1.00
2014.10.02 06:58:02.442,0.87421,0.87447,1.00,1.00
2014.10.02 06:58:03.516,0.8742,0.87447,1.00,1.00
2014.10.02 06:58:03.645,0.8742,0.87451,1.00,1.00
2014.10.02 06:58:04.636,0.8742,0.87447,1.00,1.00
2014.10.02 06:58:05.606,0.87419,0.87447,1.50,1.00
2014.10.02 06:58:06.836,0.87419,0.87448,1.50,1.00
2014.10.02 06:58:11.018,0.87419,0.87447,1.00,1.00
2014.10.02 06:58:13.548,0.87419,0.87448,1.00,1.00
2014.10.02 06:58:13.648,0.87417,0.87447,1.00,1.00
2014.10.02 06:58:13.912,0.87416,0.87443,1.00,1.00
2014.10.02 06:58:14.113,0.87412,0.87444,1.00,1.00
2014.10.02 06:58:14.321,0.87412,0.87442,1.00,1.00
2014.10.02 06:58:14.952,0.87413,0.87442,1.00,1.00
2014.10.02 06:58:15.103,0.87413,0.87445,1.00,1.00
2014.10.02 06:58:15.617,0.87413,0.87445,1.37,1.00
2014.10.02 06:58:15.781,0.87418,0.87448,1.37,1.50
2014.10.02 06:58:16.284,0.87418,0.87447,1.50,1.00
2014.10.02 06:58:16.535,0.87416,0.87448,1.50,1.00
2014.10.02 06:58:16.586,0.87422,0.87448,1.00,1.00
2014.10.02 06:58:16.636,0.87422,0.87451,1.00,1.00
2014.10.02 06:58:16.743,0.87427,0.87451,1.00,1.00
2014.10.02 06:58:16.948,0.87428,0.87453,1.00,1.00
2014.10.02 06:58:17.049,0.87428,0.87455,1.00,1.00
2014.10.02 06:58:17.250,0.8743,0.87455,1.00,1.00
2014.10.02 06:58:17.458,0.87427,0.87455,1.00,1.00
2014.10.02 06:58:17.756,0.87429,0.87462,1.00,1.50
2014.10.02 06:58:17.857,0.87429,0.87457,1.00,1.00
2014.10.02 06:58:18.306,0.87429,0.87462,1.00,1.50
2014.10.02 06:58:19.007,0.8743,0.87462,1.00,2.25
2014.10.02 06:58:20.587,0.8743,0.87457,1.00,1.00
2014.10.02 06:58:20.866,0.87427,0.87457,1.37,1.00
2014.10.02 06:58:21.018,0.87426,0.87457,1.87,1.00
2014.10.02 06:58:21.169,0.87426,0.87452,1.87,1.00
2014.10.02 06:58:21.406,0.87426,0.87457,1.00,1.00
2014.10.02 06:58:23.866,0.87427,0.87457,1.00,1.00
2014.10.02 06:58:24.478,0.87427,0.87458,1.50,1.00
2014.10.02 06:58:26.972,0.87428,0.87458,1.00,1.00
2014.10.02 06:58:28.815,0.87425,0.87458,1.50,1.00
2014.10.02 06:58:30.356,0.87432,0.87458,1.37,1.00
2014.10.02 06:58:30.456,0.87441,0.87468,1.00,1.00
2014.10.02 06:58:30.557,0.87445,0.87468,1.12,1.00
2014.10.02 06:58:30.608,0.87445,0.87473,1.12,1.00
2014.10.02 06:58:31.209,0.87446,0.87473,1.00,1.00
2014.10.02 06:58:32.116,0.87442,0.87473,1.37,1.00
2014.10.02 06:58:32.650,0.87442,0.87472,1.00,1.12
2014.10.02 06:58:33.572,0.87438,0.87473,1.12,1.37
2014.10.02 06:58:33.787,0.87438,0.87457,1.12,1.00
2014.10.02 06:58:34.141,0.87438,0.87468,1.50,1.00
2014.10.02 06:58:34.671,0.87438,0.87467,1.50,1.00
2014.10.02 06:58:37.087,0.87438,0.87463,1.87,1.00
2014.10.02 06:58:37.637,0.87438,0.87467,1.87,1.00
2014.10.02 06:58:39.525,0.87439,0.87467,1.00,1.00
2014.10.02 06:58:40.081,0.87453,0.87472,1.00,1.00
2014.10.02 06:58:40.382,0.87456,0.87472,1.00,1.00
2014.10.02 06:58:40.433,0.87458,0.87482,1.00,1.00
2014.10.02 06:58:41.015,0.87459,0.87482,1.00,1.00
2014.10.02 06:58:41.781,0.87458,0.87482,1.00,1.00
2014.10.02 06:58:42.166,0.8746,0.87482,1.00,1.00
2014.10.02 06:58:42.916,0.8746,0.87487,1.00,1.00
2014.10.02 06:58:47.315,0.87462,0.87487,1.00,1.00
2014.10.02 06:58:49.295,0.87458,0.87487,1.87,1.00
2014.10.02 06:58:49.346,0.87458,0.87482,1.12,1.00
2014.10.02 06:58:49.860,0.87458,0.87483,1.00,1.00
2014.10.02 06:58:50.834,0.87457,0.87483,1.00,1.00
2014.10.02 06:58:53.305,0.87457,0.87482,1.50,1.00
2014.10.02 06:58:53.915,0.87458,0.87482,1.00,1.00
2014.10.02 06:58:56.826,0.87458,0.87483,1.00,1.00
2014.10.02 06:58:59.903,0.87459,0.87483,1.00,1.00
2014.10.02 06:59:01.358,0.87459,0.87482,1.00,1.00
2014.10.02 06:59:02.314,0.87458,0.87482,1.00,1.00
2014.10.02 06:59:02.616,0.87449,0.87472,1.12,1.00
2014.10.02 06:59:04.855,0.87449,0.87477,1.00,1.00
2014.10.02 06:59:05.601,0.87449,0.87476,1.00,1.00
2014.10.02 06:59:06.116,0.87449,0.87472,1.00,1.00
2014.10.02 06:59:09.174,0.87449,0.87476,1.00,1.00
2014.10.02 06:59:09.384,0.8745,0.87478,1.00,1.00
2014.10.02 06:59:09.975,0.87452,0.87478,1.00,1.00
2014.10.02 06:59:10.277,0.8745,0.87478,1.00,1.00
2014.10.02 06:59:10.979,0.87451,0.87478,1.00,1.00
2014.10.02 06:59:14.733,0.87454,0.87478,1.00,1.00
2014.10.02 06:59:14.833,0.87451,0.87478,1.12,1.00
2014.10.02 06:59:15.035,0.87454,0.87478,1.00,1.00
2014.10.02 06:59:15.085,0.87454,0.87482,1.00,1.00
2014.10.02 06:59:15.899,0.87454,0.87482,1.37,1.00
2014.10.02 06:59:17.150,0.87457,0.87482,1.00,1.00
2014.10.02 06:59:18.095,0.87457,0.87477,1.00,1.00
2014.10.02 06:59:18.146,0.87449,0.87474,1.50,1.00
2014.10.02 06:59:18.197,0.87445,0.87473,1.00,1.00
2014.10.02 06:59:18.348,0.87437,0.87467,2.62,1.00
2014.10.02 06:59:18.803,0.87436,0.87463,1.87,1.00
2014.10.02 06:59:21.896,0.87437,0.87463,2.62,1.00
2014.10.02 06:59:21.947,0.87439,0.87468,1.37,1.00
2014.10.02 06:59:21.998,0.87442,0.87468,1.00,1.00
2014.10.02 06:59:22.554,0.87442,0.87467,1.00,1.00
2014.10.02 06:59:23.504,0.8744,0.87467,1.00,1.00
2014.10.02 06:59:24.135,0.87442,0.87467,1.00,1.00
2014.10.02 06:59:24.310,0.8744,0.87467,2.62,1.00
2014.10.02 06:59:24.910,0.8744,0.87468,2.25,1.00
2014.10.02 06:59:25.716,0.8744,0.87468,2.62,1.00
2014.10.02 06:59:26.394,0.8744,0.87468,2.25,1.00
2014.10.02 06:59:28.874,0.87438,0.87468,1.12,1.00
2014.10.02 06:59:29.384,0.87437,0.87468,1.87,1.00
2014.10.02 06:59:30.026,0.87437,0.87468,1.87,1.00
2014.10.02 06:59:30.130,0.87437,0.87468,1.87,1.00
2014.10.02 06:59:30.686,0.87437,0.87467,1.87,1.00
2014.10.02 06:59:31.345,0.87437,0.87468,1.87,1.00
2014.10.02 06:59:32.240,0.87437,0.87468,1.12,1.00
2014.10.02 06:59:32.441,0.87437,0.87468,1.37,1.00
2014.10.02 06:59:32.767,0.87439,0.87462,1.12,1.00
2014.10.02 06:59:32.818,0.87439,0.87467,1.12,1.00
2014.10.02 06:59:33.026,0.87441,0.87468,1.87,1.00
2014.10.02 06:59:33.127,0.87448,0.87475,2.47,1.00
2014.10.02 06:59:33.228,0.87452,0.87477,1.50,1.00
2014.10.02 06:59:33.379,0.8745,0.87477,2.25,1.00
2014.10.02 06:59:33.945,0.8745,0.87478,1.00,1.00
2014.10.02 06:59:34.696,0.87449,0.87478,1.87,1.00
2014.10.02 06:59:34.797,0.87449,0.87482,1.50,1.00
2014.10.02 06:59:35.306,0.8745,0.87482,1.50,1.00
2014.10.02 06:59:35.965,0.87449,0.87482,1.50,1.00
2014.10.02 06:59:36.245,0.87452,0.87482,1.00,1.00
2014.10.02 06:59:36.636,0.87454,0.87482,1.00,1.00
2014.10.02 06:59:36.940,0.87452,0.87482,2.25,1.00
2014.10.02 06:59:37.154,0.87453,0.87482,1.37,1.00
2014.10.02 06:59:37.456,0.87456,0.87482,2.62,1.00
2014.10.02 06:59:38.987,0.87456,0.87482,1.00,1.00
2014.10.02 06:59:39.317,0.87452,0.87478,1.50,1.00
2014.10.02 06:59:41.550,0.87451,0.87478,1.35,1.00
2014.10.02 06:59:42.067,0.87451,0.87477,1.35,1.00
2014.10.02 06:59:42.657,0.87451,0.87478,1.35,1.00
2014.10.02 06:59:44.164,0.87451,0.87478,1.72,1.00
2014.10.02 06:59:44.862,0.87452,0.87478,1.37,1.00
2014.10.02 06:59:47.094,0.87454,0.87482,1.12,1.00
2014.10.02 06:59:48.124,0.87452,0.87477,1.87,1.00
2014.10.02 06:59:48.175,0.87452,0.87477,1.50,1.00
2014.10.02 06:59:48.634,0.87452,0.87481,1.00,1.00
2014.10.02 06:59:51.333,0.87452,0.87484,1.00,1.50
2014.10.02 06:59:51.937,0.87453,0.87484,1.00,1.87
2014.10.02 06:59:52.471,0.87452,0.87484,1.00,1.87
2014.10.02 06:59:52.595,0.8745,0.87482,1.50,1.00
2014.10.02 06:59:53.354,0.87451,0.87482,1.50,1.50
2014.10.02 06:59:54.940,0.87452,0.87482,1.00,1.50
2014.10.02 06:59:55.604,0.87448,0.87479,1.50,1.12
2014.10.02 06:59:55.984,0.87444,0.87478,1.50,1.12
2014.10.02 06:59:56.154,0.87447,0.87477,1.50,1.00
2014.10.02 06:59:56.215,0.87444,0.87477,1.50,1.00
2014.10.02 06:59:56.408,0.87444,0.87474,1.50,1.00
2014.10.02 06:59:56.458,0.87442,0.87474,1.12,1.00
2014.10.02 06:59:56.914,0.8744,0.87471,2.25,1.00
2014.10.02 06:59:59.295,0.87439,0.87471,1.00,1.00
2014.10.02 06:59:59.605,0.87428,0.87461,1.00,1.00
2014.10.02 06:59:59.857,0.87428,0.87458,1.00,1.00
